   2   1   1 E -4.0951906173824E+04 DE 2.8E-09( 16)
  0.153430010406E+02  0.000000000000E+00  0.000000000000E+00
  0.000000000000E+00  0.153430010406E+02  0.000000000000E+00
  0.000000000000E+00  0.000000000000E+00  0.500000000000E+03
    1
  0.100000000000E+01  0.000000000000E+00  0.000000000000E+00
  0.000000000000E+00  0.100000000000E+01  0.000000000000E+00
  0.000000000000E+00  0.000000000000E+00  0.100000000000E+01
  0.000000000000E+00  0.000000000000E+00  0.000000000000E+00
  225
    8      2.106960698580      2.354603807806      4.182928332814
    8     -2.238743896376     -1.469289101883      4.170595546149
    8      1.642242082442     -1.509689670821      4.176864141425
    8     -1.723500288906      2.331856221074      4.169483116599
    8      1.765650566892      6.130622670115      4.181410255524
    8     -1.649993257948     -5.118689644219      4.126475161454
    8      2.153318016174     -5.292930157740      4.166986055734
    8     -1.933934140872      6.091236008669      4.217350783376
    8      5.923692809761      2.315743377286      4.195717215229
    8     -6.063500786301     -1.545359710267      4.201714327415
    8      5.482251639561     -1.432251236394      4.173190895419
    8     -5.560666075771      1.977793854077      4.226310065211
    8      4.524058295782      7.553274669478      4.396618717089
    8     -5.424471434674     -4.905478410073      4.085416676381
    8      6.034966792565     -4.880382207991      4.064063153191
    8     -5.658282321279      5.428346467904      4.187531900839
  258      0.039511269312      1.939459685810      3.213321772694
  258     -0.095169716545     -1.901668055883      3.221051486227
  258     -0.088377374451      5.766758539191      3.169919556500
  258      0.078347100150     -5.694065651358      3.196126410720
  258      3.866897954945      1.956776527065      3.229435447680
  258     -3.974369183083     -1.918203284605      3.249903927177
  258      3.766891547219     -1.914566418599      3.206837968112
  258     -3.791582123291      1.912022071000      3.217021175338
  258      3.587117720892      5.876919929382      3.131687371691
  258     -3.753602136391     -5.626642804724      3.202769722704
  258      3.919619953198     -5.762869437511      3.261807885305
  258     -3.759252001959      5.757350796825      3.160192758222
  258     -7.619698886253      1.941568554195      3.244385930717
  258      7.554226790550     -1.938592232927      3.233002029969
  258     -7.435015428044      5.848997582479      3.212575851118
  258     -7.625991140019     -5.680040836525      3.215768150512
    8      1.905188766612      1.900775494786      1.685676843304
    8     -1.862008529341     -1.933539672723      1.679096842895
    8      1.942482231088     -1.935422668372      1.685805507936
    8     -1.928294937831      1.876099761402      1.678925429454
    8      1.865631931314      5.744260028915      1.686572889550
    8     -1.911735562095     -5.762312788662      1.676379852673
    8      1.857063295049     -5.777815450104      1.677717982170
    8     -1.920780437593      5.723278969915      1.684067356443
    8      5.745291782810      1.934303616562      1.701967510009
    8     -5.751392318315     -1.928916528934      1.700884123412
    8      5.728170584434     -1.948060921247      1.695712952575
    8     -5.773032908638      1.920675434969      1.694657554467
    8      5.751400158210      5.778204295548      2.055933248147
    8     -5.725585616897     -5.766352707442      1.704082861087
    8      5.756019894409     -5.836827152079      1.740596882060
    8     -5.714388542510      5.800904719036      1.717702447656
    8     -0.008404066254     -0.001766477528      2.103363491700
    8     -0.008757173381      3.817105365376      2.065871505540
    8      0.032773499899     -3.822285939922      2.056346299753
    8     -0.039076631463     -7.671725641203      2.095927662238
    8      3.816508102531      0.009474645109      2.099785975699
    8     -3.868152074124     -0.015365991256      2.094673846971
    8      3.812347798065      3.864121087676      2.094844588317
    8     -3.791647186868     -3.795547334400      1.989958861628
    8      3.839877964363     -3.852539697791      2.046827604475
    8     -3.812192115841      3.814117249518      2.067510377967
    8      3.748754636878      7.669128350436      1.909773080347
    8     -3.807913346794     -7.645389342683      2.149236076150
    8      7.628485777519     -0.002444442765      2.119490428994
    8     -7.617327848692      3.870153083767      2.122761266627
    8     -7.654364384573     -3.808467414675      1.955150664798
    8     -7.615880753632      7.667984329709      1.963108658584
  258      1.915158677288     -0.011365128927      0.539840918569
  258     -1.926143193249     -0.020070160258      0.533676056862
  258      1.910127050478      3.813734971337      0.514228082201
  258     -1.911557692668     -3.822826914068      0.513185929034
  258      1.930069276620     -3.838768346427      0.535043686617
  258     -1.917405994339      3.799848281541      0.505004423012
  258      1.901308755854     -7.645109215789      0.478468277160
  258     -1.918988320201     -7.650207078984      0.524572060517
  258      5.746681318849      0.002166161134      0.548462734444
  258     -5.765791946241     -0.007997750406      0.549728890183
  258      5.757697162571      3.867624828492      0.619635403572
  258     -5.756767552674     -3.827453093364      0.524205115474
  258      5.752841801431     -3.853063743576      0.540446100593
  258     -5.747104166894      3.829696227658      0.534450538209
  258      5.761572434168      7.653877408768      0.574533657555
  258     -5.749839869095     -7.633386161453      0.513195747170
    8      0.000577558828     -0.000928941820     -0.697585531578
    8     -0.000778477607      3.820908974322     -0.710499678488
    8      0.008873929328     -3.833703078884     -0.720329092502
    8     -0.017691526357     -7.668890463968     -0.717187936133
    8      3.840237793653      0.006150305098     -0.692241554867
    8     -3.849679924591      0.000547402959     -0.694948381692
    8      3.847059316311      3.842556260096     -0.673680258294
    8     -3.835071025085     -3.832969512295     -0.736403327647
    8      3.843326432949     -3.840441460011     -0.715663346177
    8     -3.838479444744      3.827690714166     -0.703693940574
    8      3.839336842672      7.658338177510     -0.750219305487
    8     -3.824626058291     -7.669208755336     -0.697445576761
    8      7.662848359083      0.007707559100     -0.685261000876
    8     -7.677400906067      3.842207941542     -0.662943506427
    8      7.662863071176     -3.841092328303     -0.737627632963
    8      7.671159485700      7.664027933764     -0.734860355268
    8      1.922862062979      1.922699908587     -0.909359821796
    8     -1.922665071685     -1.913791991571     -0.913282412393
    8      1.921842267708     -1.913072909961     -0.908155154986
    8     -1.921465525438      1.914033675843     -0.915438186685
    8      1.913113510006      5.743121925472     -0.911012452783
    8     -1.916814181334     -5.753116191749     -0.914927088747
    8      1.921510551136     -5.761457652038     -0.917722706676
    8     -1.919313592146      5.739780952423     -0.908791858205
    8      5.754513221173      1.932820491794     -0.882003670591
    8     -5.763367983763     -1.912808136433     -0.899091797898
    8      5.751908148746     -1.914188230297     -0.897676337263
    8     -5.760092526969      1.928730842228     -0.900262537916
    8      5.757654126655      5.742258777689     -0.760312081535
    8     -5.753919090869     -5.753259050374     -0.906397501927
    8      5.754357862953     -5.769723445731     -0.869265425015
    8     -5.751945662264      5.743040883713     -0.894892196619
  258      0.002627279887      1.908640627862     -2.145392279081
  258      0.005072010953     -1.917729138110     -2.138779052679
  258     -0.004363203805      5.750468248578     -2.147385854579
  258     -0.000814609755     -5.745131123032     -2.150779356606
  258      3.848095040248      1.919766719603     -2.125794092594
  258     -3.841965654563     -1.917646773440     -2.139460604440
  258      3.839599415755     -1.919726741417     -2.135066911019
  258     -3.844247906464      1.910838125381     -2.140527642205
  258      3.839923673559      5.753915598001     -2.120756429852
  258     -3.834890156161     -5.744268726812     -2.146125923321
  258      3.847133040971     -5.758644665577     -2.136775351263
  258     -3.835159069808      5.752400038194     -2.138411854888
  258      7.661879000372      1.920260849372     -2.121651586621
  258      7.665280635557     -1.921108535090     -2.134963905693
  258     -7.670098246290      5.755736789048     -2.117487727628
  258      7.664146583285     -5.754258923867     -2.134205214185
    8      1.916232816275      1.918145926263     -3.586218492735
    8     -1.917718419911     -1.917972868067     -3.588003694331
    8      1.915987337754     -1.917845492271     -3.585942101502
    8     -1.917101008983      1.917410500850     -3.589531388662
    8      1.920045508340      5.753116499200     -3.581884721050
    8     -1.917636945456     -5.753131451879     -3.590912045098
    8      1.915140399199     -5.754118018629     -3.592026738931
    8     -1.918935532646      5.753263015287     -3.585808696448
    8      5.753514483873      1.921336727164     -3.578358898383
    8     -5.753139643526     -1.918023661490     -3.584758543796
    8      5.752471840220     -1.918430894724     -3.585528237385
    8     -5.753689082277      1.918740076238     -3.583019815956
    8      5.754602903634      5.753588458245     -3.532934267865
    8     -5.751417970835     -5.754450692593     -3.589222663222
    8      5.753545056675     -5.757434085697     -3.580703332174
    8     -5.758127524730      5.753324319601     -3.574178538186
    8      0.000000000000      0.000000000000     -3.390356274875
    8      0.000000000000      3.835750260159     -3.390356274875
    8      0.000000000000     -3.835750260159     -3.390356274875
    8      0.000000000000      7.671500520300     -3.390356274875
    8      3.835750260161      0.000000000000     -3.390356274875
    8     -3.835750260161      0.000000000000     -3.390356274875
    8      3.835750260161      3.835750260159     -3.390356274875
    8     -3.835750260161     -3.835750260159     -3.390356274875
    8      3.835750260161     -3.835750260159     -3.390356274875
    8     -3.835750260161      3.835750260159     -3.390356274875
    8      3.835750260161      7.671500520300     -3.390356274875
    8     -3.835750260161      7.671500520300     -3.390356274875
    8      7.671500520300      0.000000000000     -3.390356274875
    8      7.671500520300      3.835750260159     -3.390356274875
    8      7.671500520300     -3.835750260159     -3.390356274875
    8      7.671500520300      7.671500520300     -3.390356274875
  258      1.917875130081      0.000000000000     -4.746498784825
  258     -1.917875130081      0.000000000000     -4.746498784825
  258      1.917875130081      3.835750260159     -4.746498784825
  258     -1.917875130081     -3.835750260159     -4.746498784825
  258      1.917875130081     -3.835750260159     -4.746498784825
  258     -1.917875130081      3.835750260159     -4.746498784825
  258      1.917875130081      7.671500520300     -4.746498784825
  258     -1.917875130081      7.671500520300     -4.746498784825
  258      5.753625390240      0.000000000000     -4.746498784825
  258     -5.753625390240      0.000000000000     -4.746498784825
  258      5.753625390240      3.835750260159     -4.746498784825
  258     -5.753625390240     -3.835750260159     -4.746498784825
  258      5.753625390240     -3.835750260159     -4.746498784825
  258     -5.753625390240      3.835750260159     -4.746498784825
  258      5.753625390240      7.671500520300     -4.746498784825
  258     -5.753625390240      7.671500520300     -4.746498784825
    8      0.000000000000      0.000000000000     -6.100000000000
    8      0.000000000000      3.835750260159     -6.100000000000
    8      0.000000000000     -3.835750260159     -6.100000000000
    8      0.000000000000      7.671500520300     -6.100000000000
    8      3.835750260161      0.000000000000     -6.100000000000
    8     -3.835750260161      0.000000000000     -6.100000000000
    8      3.835750260161      3.835750260159     -6.100000000000
    8     -3.835750260161     -3.835750260159     -6.100000000000
    8      3.835750260161     -3.835750260159     -6.100000000000
    8     -3.835750260161      3.835750260159     -6.100000000000
    8      3.835750260161      7.671500520300     -6.100000000000
    8     -3.835750260161      7.671500520300     -6.100000000000
    8      7.671500520300      0.000000000000     -6.100000000000
    8      7.671500520300      3.835750260159     -6.100000000000
    8      7.671500520300     -3.835750260159     -6.100000000000
    8      7.671500520300      7.671500520300     -6.100000000000
   14     -7.178010648795      7.471739885162      6.173996282783
    8      7.242018919485     -7.148852999411      7.306986563595
    8     -7.765868899852      5.925431065201      5.966407254218
    8     -5.632661669777      7.525711419938      6.710751706328
    6      7.002868882156     -5.728360867611      7.340550086089
    6     -4.465368276531      7.604877224599      5.923699579171
    6     -7.592293977966      4.930387024160      7.004639489430
    6      8.281216219375     -4.917794462773      7.219063898321
    6     -3.559080174690     -6.611452905615      6.379584282726
    6     -7.292521900276      3.578395113671      6.400140746927
    1      8.059481824166     -3.852935279156      7.343356787460
    1     -2.612060221148     -6.635325795781      5.826048458888
    1     -7.155319495893      2.834684020019      7.193894227904
    1     -6.333482271968     -5.210302471259      7.981333364381
    1     -6.592613826406     -5.033835912334      6.235252806850
    1      6.493853274580     -5.535769777172      8.292711100036
    1      6.315729356317     -5.461752688839      6.523249904893
    1      7.218764819115      3.238023854743      5.771848135007
    1     -6.381355435394      3.608172724259      5.802459897413
    1     -6.777521126759      5.254446234848      7.665471568552
    1      6.832416286375      4.913052448103      7.605236196532
    1     -3.935744777689      6.644441414447      5.963570992744
    1     -4.763624693696      7.766560523134      4.863911788440
    1     -3.333885629830     -6.705758732353      7.442691750605
    1     -4.033507578206     -5.639955591972      6.219010537404
    8     -7.351000261785     -7.270938399556      4.688744609883
    6      4.461377145613      7.277656160328      5.791727256171
    6      4.404996122023      5.770122750914      6.050564617934
    1      3.438331986921      5.336427448616      5.766875657023
    1      3.567219241302      7.758381112098      6.217620080182
    1      5.341913800390      7.700177954785      6.281182686925
    1      5.215802835263      5.248771277270      5.522484433287
    1      4.540952384444      5.556721134719      7.112578975932
    0    0
