   2   1   1 E -4.0951916171920E+04 DE 9.3E-08( 13)
  0.153430010406E+02  0.000000000000E+00  0.000000000000E+00
  0.000000000000E+00  0.153430010406E+02  0.000000000000E+00
  0.000000000000E+00  0.000000000000E+00  0.500000000000E+03
    1
  0.100000000000E+01  0.000000000000E+00  0.000000000000E+00
  0.000000000000E+00  0.100000000000E+01  0.000000000000E+00
  0.000000000000E+00  0.000000000000E+00  0.100000000000E+01
  0.000000000000E+00  0.000000000000E+00  0.000000000000E+00
  225
    8      2.102974046196      2.377961167593      4.194191464806
    8     -2.233069887939     -1.453157282374      4.177886004874
    8      1.650546141896     -1.494259245944      4.187551506407
    8     -1.724995981362      2.345973977687      4.180988497761
    8      1.773297258043      6.160281686464      4.185284801698
    8     -1.641982213948     -5.048894293560      4.104449972059
    8      2.153685069586     -5.271814400474      4.170544510028
    8     -1.925789979361      6.098981484500      4.219218774357
    8      5.910774029713      2.324576571668      4.202054372352
    8     -6.059217227404     -1.539083787081      4.215814998135
    8      5.491471687747     -1.411289336699      4.181902640658
    8     -5.559250242202      1.934789487640      4.232539651533
    8      4.564572668934      7.552685451002      4.374249569803
    8     -5.416575843221     -4.834088432418      4.043867550685
    8      6.023060698495     -4.828007317172      4.030824384488
    8     -5.654744401989      5.406258052872      4.178943395199
  258      0.035964780763      1.942277954110      3.219445840199
  258     -0.085916438040     -1.900540615750      3.225566485298
  258     -0.079708191189      5.771719073807      3.172614772985
  258      0.078955115423     -5.682689378058      3.195049888593
  258      3.860804752770      1.960214415563      3.236292551054
  258     -3.965691990432     -1.920274989694      3.254132194528
  258      3.776720164471     -1.911864651394      3.214509804980
  258     -3.790868173501      1.907254659758      3.219017744584
  258      3.587121030139      5.879945186597      3.122893720973
  258     -3.751483352783     -5.610020084986      3.191090145310
  258      3.913815952656     -5.754169206466      3.254781686130
  258     -3.755434379835      5.760066115246      3.155228155962
  258     -7.624308491816      1.939625492451      3.246551506153
  258      7.562892308339     -1.938360479002      3.242151730899
  258     -7.437693660606      5.862291289523      3.210735949131
  258     -7.633902541920     -5.660860859434      3.186431420994
    8      1.903532892041      1.899688467761      1.698866890824
    8     -1.859180814273     -1.934915784358      1.689526153798
    8      1.943193842195     -1.934849060417      1.697731276783
    8     -1.926342646145      1.875605519399      1.691009712268
    8      1.857826076444      5.744318497799      1.687665847864
    8     -1.909053926119     -5.763030267648      1.681165487015
    8      1.859894314056     -5.777459841134      1.686412382793
    8     -1.918239629588      5.722932492940      1.690688601161
    8      5.747031331177      1.931875644641      1.712949901454
    8     -5.748401524990     -1.928105486709      1.710901372354
    8      5.728612362220     -1.947377364667      1.706618807404
    8     -5.773469318803      1.923748909957      1.704290153768
    8      5.753084121288      5.776788606760      2.061217209356
    8     -5.727353250289     -5.767035551618      1.702216243454
    8      5.754424120218     -5.833791289172      1.737557201969
    8     -5.712784266054      5.808737575492      1.718279695434
    8     -0.008395636255     -0.000502581696      2.100213045058
    8     -0.006411198592      3.819199265824      2.061904589715
    8      0.040837701526     -3.818436717842      2.044145942742
    8     -0.038037925194     -7.666409609631      2.088591761666
    8      3.815633763384      0.011123201357      2.099593035032
    8     -3.864963127654     -0.016570548132      2.088253012756
    8      3.809751848918      3.866693117887      2.088166870643
    8     -3.783097364441     -3.789651883342      1.970097630644
    8      3.838555636663     -3.848355969759      2.035967401936
    8     -3.811735221250      3.815697098808      2.062518846672
    8      3.744883804615      7.676361858369      1.897621813964
    8     -3.806219826349     -7.638862050150      2.137647852482
    8      7.630440874765     -0.000847066767      2.118409919737
    8     -7.615112056008      3.875705412543      2.123512132117
    8     -7.650196699204     -3.799006031150      1.936111909070
    8     -7.622640005931      7.672320830891      1.943974492699
  258      1.915964738242     -0.010780112012      0.544252782008
  258     -1.924650214434     -0.020408290741      0.536678741932
  258      1.909064815761      3.813292407026      0.514617287362
  258     -1.906677322279     -3.821342848605      0.510987224647
  258      1.932300753381     -3.836125191479      0.534608867725
  258     -1.915923864727      3.801125637788      0.507108319938
  258      1.898016668299     -7.642059446604      0.476139943670
  258     -1.917817764556     -7.648588304712      0.523836863329
  258      5.747310955196      0.003097869852      0.552852968800
  258     -5.764935288868     -0.006301160111      0.552366369167
  258      5.759736026739      3.867179231845      0.619390699388
  258     -5.752422314896     -3.823215817629      0.517423382428
  258      5.751676695943     -3.847390766337      0.535306337029
  258     -5.745007900462      3.832638449163      0.535385131283
  258      5.761984410084      7.655447548764      0.568671811560
  258     -5.747590051644     -7.631905912385      0.508511918213
    8      0.000459077848     -0.000946585549     -0.698144304263
    8     -0.001411812445      3.820008626986     -0.712324743305
    8      0.010517824834     -3.831903816906     -0.723957536266
    8     -0.019280383708     -7.667581743963     -0.721069850402
    8      3.840368320552      0.006843279550     -0.692100832477
    8     -3.849709505372      0.001462194553     -0.696520550617
    8      3.848819585578      3.841971455070     -0.675957461804
    8     -3.833284124375     -3.830494599729     -0.741925032967
    8      3.843993184335     -3.837664092125     -0.720240794620
    8     -3.838428811856      3.827768199867     -0.705643465695
    8      3.840037793910      7.658407182955     -0.754469098172
    8     -3.823930653149     -7.668498621977     -0.702233554058
    8      7.662770981528      0.008144399788     -0.685821978543
    8     -7.677428265984      3.842052601008     -0.664989622291
    8      7.663050449662     -3.838009986944     -0.744027484233
    8      7.670106327447      7.665067005023     -0.742041309134
    8      1.923114021727      1.921544068440     -0.905709035487
    8     -1.921411718835     -1.912212432334     -0.911766865944
    8      1.922189794217     -1.911551812881     -0.905537851796
    8     -1.920852364426      1.912569796982     -0.911931358479
    8      1.912998702694      5.741680054964     -0.911544048401
    8     -1.915066377733     -5.751004256316     -0.915712187815
    8      1.922370465713     -5.758076347051     -0.918615989280
    8     -1.918614088188      5.739288539415     -0.906398229019
    8      5.755600353619      1.934492593685     -0.877699706848
    8     -5.762085673589     -1.909892296016     -0.897786285267
    8      5.751700993097     -1.912282192117     -0.895337489504
    8     -5.759372884316      1.928643501710     -0.896410720693
    8      5.758247439318      5.740706559052     -0.763195965146
    8     -5.751996101509     -5.748840441774     -0.910750444408
    8      5.754926231142     -5.767970713009     -0.874222430533
    8     -5.750769560455      5.742722496077     -0.894940067625
  258      0.002244873356      1.907754786518     -2.144810469566
  258      0.005273232401     -1.917014829672     -2.138887968320
  258     -0.004891866901      5.750223448612     -2.148023036264
  258     -0.000994739065     -5.744137265651     -2.152622506778
  258      3.848440093394      1.919907314690     -2.124958845748
  258     -3.841627515395     -1.916489337149     -2.140426839145
  258      3.838990854205     -1.918367899179     -2.135379988857
  258     -3.844395836507      1.910535114519     -2.139888533543
  258      3.840407019894      5.753068734935     -2.122519528373
  258     -3.834167817801     -5.743779206602     -2.148724868300
  258      3.847531654308     -5.758227013965     -2.139442381027
  258     -3.834973893186      5.752601219163     -2.139135908484
  258      7.661994025987      1.920458871471     -2.121035891872
  258      7.664997109793     -1.919845121762     -2.135811981916
  258     -7.670199162214      5.755459439098     -2.119956458251
  258      7.664245248871     -5.753637388520     -2.138370063532
    8      1.916662869225      1.917999895492     -3.590998371244
    8     -1.916906173846     -1.917615693910     -3.594000836688
    8      1.916340443256     -1.917490223040     -3.591582685841
    8     -1.916608043251      1.917309701766     -3.594500492268
    8      1.920084746954      5.752890177868     -3.589090486320
    8     -1.916782889861     -5.752988945690     -3.597523806728
    8      1.915360297072     -5.753912551452     -3.598932352359
    8     -1.918484043634      5.753178784932     -3.591141420788
    8      5.754000064007      1.921366688368     -3.582882165223
    8     -5.752866651391     -1.917618136900     -3.590903087752
    8      5.752483511405     -1.917839558838     -3.591228256948
    8     -5.753380911157      1.918650173122     -3.587667901218
    8      5.755054843412      5.753370198268     -3.540710052518
    8     -5.750755564438     -5.754497329148     -3.597051796030
    8      5.753589694645     -5.757002139847     -3.588765160334
    8     -5.757478189760      5.753222792110     -3.580590727536
    8      0.000000000000      0.000000000000     -3.390356274875
    8      0.000000000000      3.835750260159     -3.390356274875
    8      0.000000000000     -3.835750260159     -3.390356274875
    8      0.000000000000      7.671500520300     -3.390356274875
    8      3.835750260161      0.000000000000     -3.390356274875
    8     -3.835750260161      0.000000000000     -3.390356274875
    8      3.835750260161      3.835750260159     -3.390356274875
    8     -3.835750260161     -3.835750260159     -3.390356274875
    8      3.835750260161     -3.835750260159     -3.390356274875
    8     -3.835750260161      3.835750260159     -3.390356274875
    8      3.835750260161      7.671500520300     -3.390356274875
    8     -3.835750260161      7.671500520300     -3.390356274875
    8      7.671500520300      0.000000000000     -3.390356274875
    8      7.671500520300      3.835750260159     -3.390356274875
    8      7.671500520300     -3.835750260159     -3.390356274875
    8      7.671500520300      7.671500520300     -3.390356274875
  258      1.917875130081      0.000000000000     -4.746498784825
  258     -1.917875130081      0.000000000000     -4.746498784825
  258      1.917875130081      3.835750260159     -4.746498784825
  258     -1.917875130081     -3.835750260159     -4.746498784825
  258      1.917875130081     -3.835750260159     -4.746498784825
  258     -1.917875130081      3.835750260159     -4.746498784825
  258      1.917875130081      7.671500520300     -4.746498784825
  258     -1.917875130081      7.671500520300     -4.746498784825
  258      5.753625390240      0.000000000000     -4.746498784825
  258     -5.753625390240      0.000000000000     -4.746498784825
  258      5.753625390240      3.835750260159     -4.746498784825
  258     -5.753625390240     -3.835750260159     -4.746498784825
  258      5.753625390240     -3.835750260159     -4.746498784825
  258     -5.753625390240      3.835750260159     -4.746498784825
  258      5.753625390240      7.671500520300     -4.746498784825
  258     -5.753625390240      7.671500520300     -4.746498784825
    8      0.000000000000      0.000000000000     -6.100000000000
    8      0.000000000000      3.835750260159     -6.100000000000
    8      0.000000000000     -3.835750260159     -6.100000000000
    8      0.000000000000      7.671500520300     -6.100000000000
    8      3.835750260161      0.000000000000     -6.100000000000
    8     -3.835750260161      0.000000000000     -6.100000000000
    8      3.835750260161      3.835750260159     -6.100000000000
    8     -3.835750260161     -3.835750260159     -6.100000000000
    8      3.835750260161     -3.835750260159     -6.100000000000
    8     -3.835750260161      3.835750260159     -6.100000000000
    8      3.835750260161      7.671500520300     -6.100000000000
    8     -3.835750260161      7.671500520300     -6.100000000000
    8      7.671500520300      0.000000000000     -6.100000000000
    8      7.671500520300      3.835750260159     -6.100000000000
    8      7.671500520300     -3.835750260159     -6.100000000000
    8      7.671500520300      7.671500520300     -6.100000000000
   14     -7.141655492544      7.398817165586      6.106923696883
    8      7.325015728157     -7.114410747114      7.206237844297
    8     -7.744773763282      5.851249793127      6.013265337469
    8     -5.579655245136      7.475396536541      6.602270399810
    6      7.025962038864     -5.708095779303      7.067168775102
    6     -4.448851505495      7.546927819380      5.764275914022
    6     -7.433514769242      4.850956660887      7.009739323368
    6      8.264197337160     -4.858466878935      6.845309328262
    6     -3.510917868964     -6.686780353191      6.188808324724
    6     -7.236420646286      3.510953025312      6.342225388506
    1      7.984578966679     -3.799556316931      6.765300082043
    1     -2.585096467062     -6.729031998388      5.604781218279
    1     -7.007452403917      2.740721697410      7.086039341308
    1     -6.360748573584     -4.968176075222      7.664363438654
    1     -6.554535873565     -5.111346672393      5.916376461240
    1      6.510117708845     -5.424204541317      7.990349409249
    1      6.332106970134     -5.571735439263      6.227687834281
    1      7.190517760467      3.202010819894      5.819546047223
    1     -6.403500325617      3.549918534811      5.637612614672
    1     -6.522496048037      5.158577649128      7.545434587503
    1      7.081753617365      4.835048016157      7.734967972858
    1     -3.922118723825      6.585345937716      5.779495572450
    1     -4.790064138533      7.719224723801      4.718710746111
    1     -3.244431718193     -6.787365758684      7.240819931419
    1     -3.978679647280     -5.706714288834      6.055227697047
    8     -7.335808358930     -7.476304446374      4.576247329608
    6      4.565536810969      7.180015864457      5.750539173588
    6      4.514249639401      5.655099784760      5.931992221652
    1      3.514900155650      5.242817674715      5.726858622503
    1      3.700009005525      7.631903100025      6.260875964195
    1      5.473549104186      7.571718223804      6.210114140777
    1      5.262043771293      5.141002508968      5.307095754502
    1      4.751847793328      5.382087627109      6.961587745180
    0    0
