   2   1   1 E -4.0951915852090E+04 DE 1.8E-08( 14)
  0.153430010406E+02  0.000000000000E+00  0.000000000000E+00
  0.000000000000E+00  0.153430010406E+02  0.000000000000E+00
  0.000000000000E+00  0.000000000000E+00  0.500000000000E+03
    1
  0.100000000000E+01  0.000000000000E+00  0.000000000000E+00
  0.000000000000E+00  0.100000000000E+01  0.000000000000E+00
  0.000000000000E+00  0.000000000000E+00  0.100000000000E+01
  0.000000000000E+00  0.000000000000E+00  0.000000000000E+00
  225
    8      2.102965666536      2.373636002741      4.192643866896
    8     -2.231814438609     -1.456449201729      4.176691275417
    8      1.650499106450     -1.496410157946      4.185788954374
    8     -1.725249363729      2.344161688030      4.178712716385
    8      1.773259522763      6.154363288380      4.184192448834
    8     -1.645112050404     -5.062198645327      4.106844214089
    8      2.152399576227     -5.275442313702      4.169385117130
    8     -1.926702740519      6.097621522960      4.218708611089
    8      5.912851758308      2.324210383685      4.200660094263
    8     -6.057879008209     -1.538799028497      4.212773299909
    8      5.491187725452     -1.414410335697      4.180216011491
    8     -5.559387201426      1.945566776517      4.230793841596
    8      4.562481853897      7.548245223438      4.375882276962
    8     -5.420941217642     -4.842674981846      4.044639985833
    8      6.023226262330     -4.836152118308      4.033703174770
    8     -5.654765598372      5.409737795090      4.179118565575
  258      0.036593502808      1.942538772729      3.217699290581
  258     -0.086735395727     -1.899822597434      3.224278817761
  258     -0.080520476158      5.771132078708      3.171487252306
  258      0.078226782145     -5.684079224691      3.194494424487
  258      3.861657935025      1.960284649226      3.234449106105
  258     -3.966003235348     -1.918751330819      3.252460702319
  258      3.775338395529     -1.911352288714      3.212624094879
  258     -3.790564142303      1.908866775761      3.217576704385
  258      3.588368511206      5.878763770389      3.122744251921
  258     -3.753154585865     -5.611519526620      3.191462268055
  258      3.914501909690     -5.754072750036      3.254059137307
  258     -3.755976859300      5.759498543400      3.155505993752
  258     -7.623179332146      1.940774556245      3.245573381157
  258      7.562112798680     -1.936936961519      3.239419878496
  258     -7.436941532549      5.861225693782      3.209518007006
  258     -7.632354286431     -5.661123418262      3.187654094858
    8      1.903658997501      1.900539730296      1.696089316616
    8     -1.859319987198     -1.934219541587      1.687181715745
    8      1.943321760573     -1.934416637033      1.695261423859
    8     -1.926482860432      1.876421721944      1.688165941651
    8      1.859789249353      5.744934179967      1.686598825576
    8     -1.909405724122     -5.762244281232      1.679597639357
    8      1.859074066875     -5.777206550333      1.684017122359
    8     -1.918170740144      5.723596456518      1.689170220420
    8      5.746545387199      1.932749319277      1.710411931455
    8     -5.748298666375     -1.927479265288      1.707985114395
    8      5.729018526188     -1.946519815328      1.703929945427
    8     -5.772786155017      1.923500233350      1.702017312730
    8      5.752815233730      5.777512764842      2.058591149774
    8     -5.726629293546     -5.765279121493      1.700110349752
    8      5.754338301936     -5.832887045505      1.735931096878
    8     -5.712587020130      5.807396400229      1.716958067406
    8     -0.008252157794      0.000211205193      2.099686131775
    8     -0.006354233379      3.819767419319      2.061591136805
    8      0.039210992118     -3.818473028312      2.046128707919
    8     -0.038046732489     -7.666676925102      2.088743608716
    8      3.815708474584      0.011736829347      2.098809119439
    8     -3.864851521907     -0.015500194713      2.088351916569
    8      3.810038149776      3.867006509233      2.088098113078
    8     -3.784500478442     -3.789820918466      1.973053104054
    8      3.838738782467     -3.847788381086      2.036529134520
    8     -3.811269048499      3.815874647483      2.062327425263
    8      3.745771651166      7.675700953754      1.898103722466
    8     -3.807039158499     -7.639011114693      2.138276913876
    8      7.630324266283     -0.000153140594      2.117544969497
    8     -7.615212122269      3.875696053821      2.122094122949
    8     -7.650976051394     -3.798546770384      1.937311480588
    8     -7.621383509000      7.672955488124      1.944341635637
  258      1.915763585335     -0.010314925452      0.542732930463
  258     -1.924734788992     -0.019708296084      0.535285866356
  258      1.909320497912      3.814151389946      0.513719899522
  258     -1.907526264560     -3.821522740389      0.510752621861
  258      1.931852357883     -3.836336605271      0.533902727722
  258     -1.915965066911      3.801630058712      0.505980670432
  258      1.898649078227     -7.642156679600      0.475509208659
  258     -1.917996919489     -7.648222987185      0.523041249339
  258      5.747309054785      0.003655873165      0.551226356056
  258     -5.764771438493     -0.005880686158      0.550820728417
  258      5.759599542712      3.867970149133      0.618281155964
  258     -5.753072252559     -3.823566209835      0.517146637692
  258      5.751995742785     -3.847835409391      0.534702880389
  258     -5.744991495806      3.832858806494      0.534261782320
  258      5.762263366624      7.655901033450      0.568019036156
  258     -5.748000545260     -7.631457765603      0.507999996221
    8      0.000329525511     -0.000591964631     -0.698598757979
    8     -0.001308507296      3.820708451734     -0.712559122223
    8      0.010084450450     -3.832077158747     -0.723600188457
    8     -0.019262000149     -7.667495684566     -0.720977152020
    8      3.840237659496      0.007092365811     -0.692693798750
    8     -3.849644932752      0.001728419334     -0.696953844280
    8      3.848755579744      3.842447503513     -0.676432214138
    8     -3.833575571638     -3.830734004100     -0.741506815512
    8      3.843783948170     -3.837801035052     -0.720170691717
    8     -3.838404835926      3.828221618929     -0.705948504001
    8      3.840216403793      7.658751669426     -0.754577744622
    8     -3.824148958354     -7.668336942522     -0.702074815122
    8      7.662918258871      0.008560956985     -0.686492597338
    8     -7.677370538054      3.842450567314     -0.665620081842
    8      7.663119679577     -3.838052241759     -0.744135548040
    8      7.670292053831      7.665252009336     -0.741887102539
    8      1.923025233909      1.922054770458     -0.907012144857
    8     -1.921593956430     -1.912289573713     -0.912670704154
    8      1.922004040688     -1.911565311143     -0.906617944884
    8     -1.920821841361      1.913167967813     -0.913272506548
    8      1.913087289456      5.742252808779     -0.912126449293
    8     -1.915290408899     -5.751140124005     -0.916236243612
    8      1.922276855368     -5.758211182968     -0.919353798013
    8     -1.918648521028      5.739866624214     -0.907336645151
    8      5.755511283618      1.934667115838     -0.879191637484
    8     -5.762092377546     -1.909946806394     -0.899036546138
    8      5.751764593319     -1.912172939611     -0.896650959534
    8     -5.759285954887      1.929083006638     -0.897720156107
    8      5.758357631246      5.741354020796     -0.763953766528
    8     -5.752211086755     -5.749236310462     -0.911236465533
    8      5.754966893825     -5.767846777466     -0.874752976826
    8     -5.750782159378      5.743130613513     -0.895478066095
  258      0.002345734211      1.908116650185     -2.145297474989
  258      0.005192446235     -1.917065345213     -2.139184696992
  258     -0.004811435179      5.750520054839     -2.148214215410
  258     -0.001004622964     -5.744168747810     -2.152616603870
  258      3.848490440883      1.920111995714     -2.125552879604
  258     -3.841677465275     -1.916570435062     -2.140704186821
  258      3.839134263152     -1.918493887227     -2.135714944503
  258     -3.844321615184      1.910805504223     -2.140449827491
  258      3.840613470542      5.753384630447     -2.122772863102
  258     -3.834300020116     -5.743731198581     -2.148691131622
  258      3.847610643227     -5.758079362636     -2.139560276438
  258     -3.835016191720      5.752822850841     -2.139309656247
  258      7.662053553476      1.920712341674     -2.121609925696
  258      7.665128245724     -1.919858237761     -2.136261028530
  258     -7.670054899145      5.755691522548     -2.120061113310
  258      7.664307402997     -5.753546909770     -2.138452861692
    8      1.916621014566      1.918056363834     -3.591071127934
    8     -1.917081930969     -1.917668303300     -3.593793567214
    8      1.916231668543     -1.917543276773     -3.591452927498
    8     -1.916707858673      1.917329765042     -3.594546289574
    8      1.920106930690      5.752943998414     -3.588657429591
    8     -1.916984378529     -5.752983691543     -3.597078212726
    8      1.915286280897     -5.753923651992     -3.598528742441
    8     -1.918600956433      5.753215637391     -3.590995050001
    8      5.753941472002      1.921401199230     -3.583034961853
    8     -5.752938465914     -1.917652351200     -3.590803965916
    8      5.752434660991     -1.917904543538     -3.591190266483
    8     -5.753455692917      1.918684802724     -3.587761090455
    8      5.755057946215      5.753411620085     -3.540237724809
    8     -5.750885365635     -5.754467905764     -3.596505634736
    8      5.753588643201     -5.757044005013     -3.588257686233
    8     -5.757581668791      5.753262408878     -3.580248438428
    8      0.000000000000      0.000000000000     -3.390356274875
    8      0.000000000000      3.835750260159     -3.390356274875
    8      0.000000000000     -3.835750260159     -3.390356274875
    8      0.000000000000      7.671500520300     -3.390356274875
    8      3.835750260161      0.000000000000     -3.390356274875
    8     -3.835750260161      0.000000000000     -3.390356274875
    8      3.835750260161      3.835750260159     -3.390356274875
    8     -3.835750260161     -3.835750260159     -3.390356274875
    8      3.835750260161     -3.835750260159     -3.390356274875
    8     -3.835750260161      3.835750260159     -3.390356274875
    8      3.835750260161      7.671500520300     -3.390356274875
    8     -3.835750260161      7.671500520300     -3.390356274875
    8      7.671500520300      0.000000000000     -3.390356274875
    8      7.671500520300      3.835750260159     -3.390356274875
    8      7.671500520300     -3.835750260159     -3.390356274875
    8      7.671500520300      7.671500520300     -3.390356274875
  258      1.917875130081      0.000000000000     -4.746498784825
  258     -1.917875130081      0.000000000000     -4.746498784825
  258      1.917875130081      3.835750260159     -4.746498784825
  258     -1.917875130081     -3.835750260159     -4.746498784825
  258      1.917875130081     -3.835750260159     -4.746498784825
  258     -1.917875130081      3.835750260159     -4.746498784825
  258      1.917875130081      7.671500520300     -4.746498784825
  258     -1.917875130081      7.671500520300     -4.746498784825
  258      5.753625390240      0.000000000000     -4.746498784825
  258     -5.753625390240      0.000000000000     -4.746498784825
  258      5.753625390240      3.835750260159     -4.746498784825
  258     -5.753625390240     -3.835750260159     -4.746498784825
  258      5.753625390240     -3.835750260159     -4.746498784825
  258     -5.753625390240      3.835750260159     -4.746498784825
  258      5.753625390240      7.671500520300     -4.746498784825
  258     -5.753625390240      7.671500520300     -4.746498784825
    8      0.000000000000      0.000000000000     -6.100000000000
    8      0.000000000000      3.835750260159     -6.100000000000
    8      0.000000000000     -3.835750260159     -6.100000000000
    8      0.000000000000      7.671500520300     -6.100000000000
    8      3.835750260161      0.000000000000     -6.100000000000
    8     -3.835750260161      0.000000000000     -6.100000000000
    8      3.835750260161      3.835750260159     -6.100000000000
    8     -3.835750260161     -3.835750260159     -6.100000000000
    8      3.835750260161     -3.835750260159     -6.100000000000
    8     -3.835750260161      3.835750260159     -6.100000000000
    8      3.835750260161      7.671500520300     -6.100000000000
    8     -3.835750260161      7.671500520300     -6.100000000000
    8      7.671500520300      0.000000000000     -6.100000000000
    8      7.671500520300      3.835750260159     -6.100000000000
    8      7.671500520300     -3.835750260159     -6.100000000000
    8      7.671500520300      7.671500520300     -6.100000000000
   14     -7.142906131017      7.389088466757      6.108172698082
    8      7.321650523202     -7.129907976198      7.207889856172
    8     -7.749027113423      5.843225982117      6.003566295644
    8     -5.579789498512      7.462856739797      6.600221363796
    6      7.032815967313     -5.719380575577      7.079494742861
    6     -4.450207760159      7.543140352220      5.760949594238
    6     -7.444873622997      4.839493492291      6.999865905956
    6      8.276525548589     -4.875058071142      6.855248408606
    6     -3.517341825067     -6.690362488998      6.192174201481
    6     -7.235066240230      3.501004887324      6.327958945770
    1      8.006984738753     -3.815268543617      6.813526290088
    1     -2.592546207364     -6.726770395837      5.606004751016
    1     -7.007392695129      2.728612506724      7.071420770816
    1     -6.333536209563     -5.016440082826      7.652994444877
    1     -6.563332857374     -5.099374024101      5.911054505641
    1      6.525132722350     -5.441561866519      8.008279093283
    1      6.333795529840     -5.570370021437      6.245882144519
    1      7.197147808064      3.189102796694      5.796865547218
    1     -6.398823796414      3.545517217308      5.627893197569
    1     -6.543479944981      5.149593338508      7.549055625452
    1      7.061636417846      4.818512611614      7.713379013919
    1     -3.919614929145      6.583256588064      5.769839709310
    1     -4.794276593911      7.721161233783      4.716525704391
    1     -3.249448089734     -6.794001789669      7.244876153874
    1     -3.990208411267     -5.711653100621      6.062242310649
    8     -7.346464781387     -7.473040253835      4.583737273392
    6      4.558017456790      7.184670260426      5.754703079915
    6      4.504175137715      5.660734902121      5.940085309925
    1      3.510853301626      5.247584142502      5.714178077552
    1      3.688862694389      7.639473604261      6.255364381482
    1      5.461942618975      7.583481930576      6.215973425600
    1      5.263960499411      5.147461509034      5.333645745242
    1      4.719518603594      5.391004317769      6.973634449766
    0    0
