   2   1   1 E -4.0951895968049E+04 DE-1.6E-06(  8)
  0.153430010406E+02  0.000000000000E+00  0.000000000000E+00
  0.000000000000E+00  0.153430010406E+02  0.000000000000E+00
  0.000000000000E+00  0.000000000000E+00  0.500000000000E+03
    1
  0.100000000000E+01  0.000000000000E+00  0.000000000000E+00
  0.000000000000E+00  0.100000000000E+01  0.000000000000E+00
  0.000000000000E+00  0.000000000000E+00  0.100000000000E+01
  0.000000000000E+00  0.000000000000E+00  0.000000000000E+00
  225
    8      2.109963614189      2.348822772099      4.293332864019
    8     -2.241387992211     -1.469709332781      4.281141269333
    8      1.639667837808     -1.510877554006      4.288441822895
    8     -1.720472041480      2.327636837837      4.280756143675
    8      1.764035542134      6.121827705190      4.292801802399
    8     -1.644135250491     -5.121266285671      4.234169357267
    8      2.156334309191     -5.295166567434      4.276460803487
    8     -1.933661099329      6.091265458724      4.322422279378
    8      5.925790305441      2.310008653267      4.301404865525
    8     -6.066371299835     -1.543719511380      4.309034163956
    8      5.480029591488     -1.432888272820      4.282620887314
    8     -5.559439479940      1.976059584080      4.334629884656
    8      4.501415152752      7.551588189458      4.526892824342
    8     -5.413810815253     -4.910345271771      4.194349817668
    8      6.039413228687     -4.884151453862      4.173625641331
    8     -5.656661975146      5.440990125168      4.292549477691
  258      0.041314583933      1.938286804345      3.318111354780
  258     -0.095898683081     -1.900376919013      3.325625657575
  258     -0.088093583277      5.766020190355      3.271245809047
  258      0.082054350216     -5.691571478455      3.296172354499
  258      3.867568792782      1.953605102673      3.331096656809
  258     -3.974973600115     -1.915527749112      3.352372483506
  258      3.765379829490     -1.913046848195      3.310053105929
  258     -3.789418175350      1.911062627034      3.320238215883
  258      3.581164373953      5.876487568895      3.236933413555
  258     -3.746079663518     -5.623213759634      3.298537561111
  258      3.919528006695     -5.761756694935      3.363869622781
  258     -3.754672720583      5.758743599259      3.256656214535
  258     -7.618578559345      1.939571788814      3.343143849631
  258      7.552868993665     -1.935523285124      3.333747074125
  258     -7.430548461823      5.859803480367      3.309971790139
  258     -7.622747647118     -5.678931607819      3.314662954676
    8      1.905588202007      1.901239729080      1.768117713804
    8     -1.861384092768     -1.930302248409      1.761080854021
    8      1.942639455759     -1.933163714961      1.768741862483
    8     -1.927720886095      1.876695429467      1.761599570834
    8      1.865894424685      5.744180426392      1.770620174030
    8     -1.909405553948     -5.758587393693      1.755401004898
    8      1.857644623826     -5.774965781458      1.758938071245
    8     -1.919324507479      5.723616464197      1.764871983680
    8      5.745195182810      1.935990520673      1.782588545627
    8     -5.751156509296     -1.925636539848      1.781458282972
    8      5.727670437910     -1.945254497590      1.777221315029
    8     -5.772792850521      1.921557782086      1.775168277660
    8      5.752318631850      5.783250533265      2.141190894025
    8     -5.722732037371     -5.762511723626      1.781264242846
    8      5.755940847345     -5.834382167887      1.821469557226
    8     -5.712898585927      5.803438070910      1.797097602091
    8     -0.007032035581     -0.001506348576      2.194189820619
    8     -0.008364894195      3.816021775894      2.155380673393
    8      0.033498393278     -3.820456893232      2.145169364073
    8     -0.036928886055     -7.671347716990      2.183780078536
    8      3.817001945306      0.009337063986      2.187991867872
    8     -3.866820355116     -0.014270414852      2.183727970170
    8      3.812252696845      3.863807093362      2.184021191622
    8     -3.789990908105     -3.792813253833      2.075820925843
    8      3.839601153376     -3.852104532955      2.135604358209
    8     -3.810846029510      3.814418872200      2.154796466052
    8      3.747509447087      7.669275293338      1.998805168752
    8     -3.802484557797     -7.644164389515      2.233083445271
    8      7.629021508010     -0.001559251460      2.205655063057
    8     -7.616022118012      3.874402821239      2.210786007635
    8     -7.654241267773     -3.807237905217      2.041062255362
    8     -7.612749815373      7.670891735731      2.047897552930
  258      1.915947933375     -0.010301815931      0.607324274492
  258     -1.925120905373     -0.018759207959      0.601167092519
  258      1.910577837947      3.813801082465      0.581314675286
  258     -1.910532506387     -3.820239355406      0.578834891273
  258      1.930294239991     -3.836991031635      0.601965075923
  258     -1.916471006324      3.799872387172      0.571139556263
  258      1.901956891016     -7.644169789393      0.545138856493
  258     -1.916695601087     -7.648635263493      0.589364015393
  258      5.746992495642      0.003491077398      0.614094872428
  258     -5.765182005548     -0.006631621313      0.615541541967
  258      5.758148880791      3.869206353086      0.686127735256
  258     -5.755914041168     -3.825020149999      0.588637625948
  258      5.752930737310     -3.851265470677      0.606260824623
  258     -5.746249832264      3.830657099988      0.599066243031
  258      5.761511475149      7.655953777853      0.639803803565
  258     -5.747222406670     -7.630853925954      0.575546761001
    8      0.001161740949      0.000024740028     -0.650086065396
    8     -0.000369450142      3.820967771101     -0.663594494287
    8      0.009255656215     -3.831989007184     -0.674060452609
    8     -0.016493873686     -7.668117802205     -0.670740440932
    8      3.840416702096      0.007172681314     -0.645541827663
    8     -3.849026825416      0.001666726744     -0.648279801262
    8      3.846647883511      3.843350672882     -0.626799528985
    8     -3.834448632715     -3.830975820999     -0.691941207745
    8      3.843076745041     -3.839289721789     -0.669421449454
    8     -3.837870700249      3.828027610695     -0.658003249345
    8      3.838646016416      7.658919647361     -0.705175366004
    8     -3.823292339540     -7.667906295413     -0.652580995192
    8      7.663046236441      0.008775653048     -0.639350877439
    8     -7.676583353021      3.843491794775     -0.616878527152
    8      7.663035929016     -3.839757035596     -0.693462445065
    8      7.672015113419      7.665370911955     -0.691040490310
    8      1.923518671715      1.923313824856     -0.867858223541
    8     -1.921668530684     -1.912368025230     -0.871674764412
    8      1.922523611755     -1.911947576014     -0.866510995713
    8     -1.920822031552      1.914517096885     -0.873892073217
    8      1.913264893930      5.743673424502     -0.869494570718
    8     -1.915630268658     -5.751815043383     -0.875274647016
    8      1.921803466521     -5.761084846346     -0.876594690079
    8     -1.918259665666      5.740245589807     -0.868839827443
    8      5.754853172452      1.933412700137     -0.841944433922
    8     -5.762887397728     -1.911434901141     -0.858490623744
    8      5.752130690785     -1.913071556694     -0.857152561834
    8     -5.759887488374      1.929559130147     -0.859893827172
    8      5.757968642583      5.743765849793     -0.715878161478
    8     -5.752794970942     -5.752196366562     -0.867457006433
    8      5.754260637704     -5.768755032324     -0.828778360763
    8     -5.750653058789      5.744382287532     -0.855699669441
  258      0.002574902705      1.908730793649     -2.123993281498
  258      0.005076256162     -1.917256831175     -2.117357277920
  258     -0.004383262541      5.750526770582     -2.126502594848
  258     -0.000743215971     -5.744756961844     -2.130017186506
  258      3.847815606469      1.919968659592     -2.104615629444
  258     -3.841887350251     -1.917096661716     -2.118506109788
  258      3.839316683909     -1.919311365251     -2.113903595552
  258     -3.844236560071      1.911038953878     -2.119496860664
  258      3.839229212748      5.754218735500     -2.099140199453
  258     -3.834575481696     -5.743602724582     -2.126153686223
  258      3.846560177915     -5.758430055124     -2.116032234876
  258     -3.834828274652      5.752646300324     -2.118201681807
  258      7.661776061096      1.920405385345     -2.100755426917
  258      7.665055381771     -1.920829183946     -2.114335617232
  258     -7.669863247896      5.756359967643     -2.096577756152
  258      7.664075568000     -5.753968880068     -2.114172780264
    8      1.916185065487      1.918248764428     -3.578236471977
    8     -1.917080405335     -1.917692253791     -3.580140910864
    8      1.916150683480     -1.917668384241     -3.577864191850
    8     -1.916616672090      1.917552162114     -3.581539030791
    8      1.920107620289      5.753174794652     -3.574065557240
    8     -1.917013411129     -5.752851539915     -3.583561925891
    8      1.915303660331     -5.753984613020     -3.584422732828
    8     -1.918378841254      5.753343628235     -3.578162962634
    8      5.753728097775      1.921627129507     -3.570516872370
    8     -5.752650054611     -1.917751225342     -3.577156262509
    8      5.752580981438     -1.918120989595     -3.577816048681
    8     -5.752959474665      1.918855423332     -3.575217579232
    8      5.754774761069      5.753796812645     -3.523597449595
    8     -5.750980111812     -5.754305227911     -3.582213976647
    8      5.753541008872     -5.757118896433     -3.572921533903
    8     -5.757471393910      5.753474754464     -3.566741117662
    8      0.000000000000      0.000000000000     -3.390356274875
    8      0.000000000000      3.835750260159     -3.390356274875
    8      0.000000000000     -3.835750260159     -3.390356274875
    8      0.000000000000      7.671500520300     -3.390356274875
    8      3.835750260161      0.000000000000     -3.390356274875
    8     -3.835750260161      0.000000000000     -3.390356274875
    8      3.835750260161      3.835750260159     -3.390356274875
    8     -3.835750260161     -3.835750260159     -3.390356274875
    8      3.835750260161     -3.835750260159     -3.390356274875
    8     -3.835750260161      3.835750260159     -3.390356274875
    8      3.835750260161      7.671500520300     -3.390356274875
    8     -3.835750260161      7.671500520300     -3.390356274875
    8      7.671500520300      0.000000000000     -3.390356274875
    8      7.671500520300      3.835750260159     -3.390356274875
    8      7.671500520300     -3.835750260159     -3.390356274875
    8      7.671500520300      7.671500520300     -3.390356274875
  258      1.917875130081      0.000000000000     -4.746498784825
  258     -1.917875130081      0.000000000000     -4.746498784825
  258      1.917875130081      3.835750260159     -4.746498784825
  258     -1.917875130081     -3.835750260159     -4.746498784825
  258      1.917875130081     -3.835750260159     -4.746498784825
  258     -1.917875130081      3.835750260159     -4.746498784825
  258      1.917875130081      7.671500520300     -4.746498784825
  258     -1.917875130081      7.671500520300     -4.746498784825
  258      5.753625390240      0.000000000000     -4.746498784825
  258     -5.753625390240      0.000000000000     -4.746498784825
  258      5.753625390240      3.835750260159     -4.746498784825
  258     -5.753625390240     -3.835750260159     -4.746498784825
  258      5.753625390240     -3.835750260159     -4.746498784825
  258     -5.753625390240      3.835750260159     -4.746498784825
  258      5.753625390240      7.671500520300     -4.746498784825
  258     -5.753625390240      7.671500520300     -4.746498784825
    8      0.000000000000      0.000000000000     -6.100000000000
    8      0.000000000000      3.835750260159     -6.100000000000
    8      0.000000000000     -3.835750260159     -6.100000000000
    8      0.000000000000      7.671500520300     -6.100000000000
    8      3.835750260161      0.000000000000     -6.100000000000
    8     -3.835750260161      0.000000000000     -6.100000000000
    8      3.835750260161      3.835750260159     -6.100000000000
    8     -3.835750260161     -3.835750260159     -6.100000000000
    8      3.835750260161     -3.835750260159     -6.100000000000
    8     -3.835750260161      3.835750260159     -6.100000000000
    8      3.835750260161      7.671500520300     -6.100000000000
    8     -3.835750260161      7.671500520300     -6.100000000000
    8      7.671500520300      0.000000000000     -6.100000000000
    8      7.671500520300      3.835750260159     -6.100000000000
    8      7.671500520300     -3.835750260159     -6.100000000000
    8      7.671500520300      7.671500520300     -6.100000000000
   14     -7.179173809458      7.351428044410      6.221221275174
    8      7.291149854780     -7.191559805599      7.350434607016
    8     -7.795970681830      5.806857867294      6.119678726759
    8     -5.621186673084      7.396182569444      6.740236064879
    6      7.100834212394     -5.762683218814      7.355829379075
    6     -4.453377470998      7.540830774337      5.959738165378
    6     -7.607610523032      4.862642823830      7.200738770503
    6      8.409532007225     -4.989133361968      7.278180846031
    6     -3.600147481912     -6.649111927290      6.459519934656
    6     -7.287236198731      3.492108553481      6.644497482121
    1      8.210335538402     -3.915116824973      7.378519223544
    1     -2.650083160861     -6.614822295041      5.908884543006
    1     -7.121421058934      2.784093596500      7.465493717385
    1     -6.246085339326     -5.294313416505      8.072929122020
    1     -6.432736650888     -5.142229508166      6.315037519890
    1      6.564306023987     -5.535528011739      8.285325890059
    1      6.455503243066     -5.489967605307      6.507035955610
    1      7.219817519386      3.114310995716      6.042827681152
    1     -6.385460793494      3.523472118110      6.028298579731
    1     -6.790539158849      5.216245265772      7.846989059162
    1      6.812327766753      4.854341790531      7.797730898734
    1     -3.882212454815      6.601831871853      5.976392608776
    1     -4.745718968094      7.727525755837      4.899402319503
    1     -3.375304138032     -6.770714712367      7.522290625632
    1     -4.124370495745     -5.698087703996      6.321577225326
    8     -7.365707867585     -7.490964880070      4.694936899906
    6      4.453350188780      7.296232445938      5.931498864780
    6      4.390023579101      5.792087932984      6.230376093513
    1      3.415068552993      5.359271217874      5.964045947051
    1      3.571804391308      7.793561301858      6.370728059563
    1      5.351576271709      7.711682447316      6.395198466792
    1      5.196909249210      5.254439237399      5.709474257480
    1      4.538102636880      5.609783465168      7.298983049081
    0    0
