   2   1   1 E -4.0951912859599E+04 DE 3.5E-08( 16)
  0.153430010406E+02  0.000000000000E+00  0.000000000000E+00
  0.000000000000E+00  0.153430010406E+02  0.000000000000E+00
  0.000000000000E+00  0.000000000000E+00  0.500000000000E+03
    1
  0.100000000000E+01  0.000000000000E+00  0.000000000000E+00
  0.000000000000E+00  0.100000000000E+01  0.000000000000E+00
  0.000000000000E+00  0.000000000000E+00  0.100000000000E+01
  0.000000000000E+00  0.000000000000E+00  0.000000000000E+00
  225
    8      2.104407179724      2.360041370884      4.197894737030
    8     -2.237219129254     -1.464027290489      4.185667352058
    8      1.643138240337     -1.504320030197      4.192523026930
    8     -1.725868302126      2.336677613564      4.185538035516
    8      1.763426169289      6.139745623784      4.193099237667
    8     -1.651987699547     -5.106692554356      4.137394852478
    8      2.149257057958     -5.286031352076      4.179342550328
    8     -1.936426127452      6.099607354233      4.231462460387
    8      5.918432304785      2.319227683032      4.208869382624
    8     -6.062089910202     -1.539076147407      4.215798391174
    8      5.483152642408     -1.424858383045      4.187355604359
    8     -5.563135053485      1.975550762674      4.242030112110
    8      4.525643626947      7.560244051303      4.393447382390
    8     -5.425983297564     -4.881471304492      4.090660447288
    8      6.022973842461     -4.857117086622      4.067606602281
    8     -5.663810362609      5.441714455896      4.204203186093
  258      0.037224818026      1.942427624514      3.225489066783
  258     -0.094463767864     -1.898451126165      3.233282262168
  258     -0.089675467225      5.771439725189      3.180910036053
  258      0.075667824326     -5.688975667699      3.206696061117
  258      3.863590256103      1.959559638584      3.240701847904
  258     -3.973246640850     -1.914505434078      3.261382197649
  258      3.767103365042     -1.910466127785      3.218537610956
  258     -3.793026943382      1.914020995023      3.229456697324
  258      3.584217064333      5.880761117324      3.137611541345
  258     -3.756775132932     -5.617129336948      3.213152490762
  258      3.915587443834     -5.753641258978      3.267880647135
  258     -3.761240448534      5.764937229315      3.172943372206
  258     -7.622413232358      1.943252982757      3.256283523989
  258      7.554830736573     -1.933657016897      3.243682292029
  258     -7.440197701414      5.861412955754      3.225803648011
  258     -7.631957982327     -5.661970119945      3.219609988360
    8      1.903099438262      1.903093178549      1.696186236204
    8     -1.862396376672     -1.931048705084      1.689561660665
    8      1.941237650098     -1.932585576395      1.695976622908
    8     -1.929639660345      1.878963449296      1.690056664028
    8      1.861986627106      5.746798071597      1.693380468646
    8     -1.913215311903     -5.759232331321      1.686381879443
    8      1.854996714626     -5.774823519266      1.686222565609
    8     -1.922879062921      5.726554373968      1.695028757022
    8      5.743822388138      1.936815540639      1.712477421080
    8     -5.751514645013     -1.924559207575      1.709792440135
    8      5.726999635965     -1.943685858704      1.704432122009
    8     -5.774325329554      1.924689120328      1.705972436508
    8      5.750331022777      5.782441729939      2.065565050046
    8     -5.726956539699     -5.759920959214      1.711150594108
    8      5.751890260953     -5.829946184386      1.745394492096
    8     -5.716860304315      5.807926575620      1.729686814073
    8     -0.009895109730      0.001604714560      2.111362352112
    8     -0.010322289350      3.820634798147      2.073928961536
    8      0.032151176833     -3.818860401641      2.063430962670
    8     -0.041023865026     -7.667435731506      2.102637843507
    8      3.814532874081      0.013474212008      2.107916642040
    8     -3.868591360478     -0.011814337531      2.102379442098
    8      3.810050136745      3.867239503934      2.101473877818
    8     -3.791257080545     -3.790272278849      1.995938048751
    8      3.837105047896     -3.846988091592      2.051440047234
    8     -3.814366397526      3.819202765461      2.077747628225
    8      3.745574377120      7.674835410271      1.912621029561
    8     -3.810504169829     -7.639224953774      2.157499164098
    8      7.627546757765      0.002068074717      2.127211745657
    8     -7.618514909399      3.878757135624      2.134674776340
    8     -7.655602111343     -3.797845159481      1.957096985025
    8     -7.618948396182      7.674653735699      1.972069254541
  258      1.913948601811     -0.008898918610      0.546788700226
  258     -1.927000037410     -0.017555791596      0.540756900029
  258      1.908490981189      3.816089837910      0.520156505930
  258     -1.911892415342     -3.820392780437      0.519593078515
  258      1.928907562479     -3.836067330990      0.540666105509
  258     -1.918684561265      3.802815092910      0.512415979341
  258      1.899044882316     -7.641956981706      0.482978491583
  258     -1.920472941766     -7.646862136398      0.531203104084
  258      5.745696270547      0.005244341390      0.555152397022
  258     -5.766590698218     -0.004575691928      0.556401643065
  258      5.756875227789      3.870896950339      0.626023796192
  258     -5.757106208064     -3.823070911029      0.528797208354
  258      5.751278248210     -3.848484260663      0.544188080691
  258     -5.748066673840      3.834047605105      0.542354342311
  258      5.760063402086      7.658282470931      0.579459431217
  258     -5.750940835123     -7.628231150696      0.519938013401
    8     -0.000532175133      0.000851487554     -0.693364836831
    8     -0.002062337726      3.822594465346     -0.706484492089
    8      0.008061788332     -3.831875873673     -0.716604841837
    8     -0.019480630553     -7.666885414923     -0.713678008895
    8      3.839308139706      0.008246193707     -0.688208958719
    8     -3.850609425975      0.002881792603     -0.690834722256
    8      3.846834128421      3.844489910870     -0.670309280515
    8     -3.835559002139     -3.830685283886     -0.733013293245
    8      3.842147173358     -3.837897139845     -0.713052054940
    8     -3.839800050339      3.830083557749     -0.698818812042
    8      3.838864120953      7.660435876348     -0.747909788221
    8     -3.825874483791     -7.666712827791     -0.693123919024
    8      7.662116966966      0.010152837386     -0.681385179079
    8     -7.678239437242      3.844836987856     -0.658443090008
    8      7.662088656728     -3.837966674101     -0.735802155363
    8      7.669993237159      7.666991845001     -0.731222454417
    8      1.921918313296      1.924004065197     -0.905110439257
    8     -1.923199607644     -1.911939212721     -0.909241307368
    8      1.920860784394     -1.911221766697     -0.904210889721
    8     -1.922331187709      1.915486419767     -0.910826040518
    8      1.912129948044      5.744518104060     -0.907836246968
    8     -1.917450015559     -5.751171798090     -0.911067627079
    8      1.920596630805     -5.759122751577     -0.914903810283
    8     -1.920277432808      5.741668398588     -0.904040550344
    8      5.754170825011      1.935258785226     -0.877478536559
    8     -5.763595343430     -1.910063785235     -0.895803296459
    8      5.751048113898     -1.911675876850     -0.894438010623
    8     -5.760716620146      1.931107748083     -0.895259474316
    8      5.757018085723      5.744165004776     -0.756645862221
    8     -5.754420784587     -5.750094186112     -0.903453527086
    8      5.753740139504     -5.767144263313     -0.867362426374
    8     -5.752623057143      5.745427444775     -0.889412590914
  258      0.002001442669      1.909338396835     -2.143469655127
  258      0.004558389189     -1.916841003494     -2.137002357732
  258     -0.005106868299      5.751409666504     -2.145662936968
  258     -0.001487927567     -5.744122066661     -2.149306949348
  258      3.847826219738      1.920785815849     -2.123999393099
  258     -3.842391855366     -1.916501723402     -2.137873150673
  258      3.839019146979     -1.918632354472     -2.133605355555
  258     -3.844880872286      1.911801751398     -2.138420442793
  258      3.839782530247      5.754783238749     -2.119497179183
  258     -3.835362384428     -5.743075546693     -2.144504684863
  258      3.846829164281     -5.757484915243     -2.135907419823
  258     -3.835829247124      5.753677719085     -2.136167531395
  258      7.661445544380      1.921450020738     -2.119662865500
  258      7.664838771198     -1.919814902430     -2.133754169594
  258     -7.670634155593      5.756988753366     -2.115624739484
  258      7.663718496618     -5.752803758941     -2.133338277233
    8      1.916164508322      1.918459954759     -3.587520837511
    8     -1.917800333660     -1.917570971348     -3.589446577133
    8      1.915751372043     -1.917448098283     -3.587398688476
    8     -1.917314901493      1.917703623983     -3.590751374774
    8      1.919971259882      5.753366695497     -3.583673363452
    8     -1.917823654706     -5.752800207105     -3.592226497186
    8      1.914935697261     -5.753795808981     -3.593689289251
    8     -1.919285880713      5.753563831775     -3.586909474541
    8      5.753503892957      1.921759209953     -3.579573963567
    8     -5.753277915913     -1.917530615277     -3.586402849328
    8      5.752244157860     -1.917905082576     -3.587156036351
    8     -5.753887946657      1.919103857770     -3.584121676582
    8      5.754666381829      5.753921381390     -3.534392867113
    8     -5.751515217001     -5.754053929138     -3.590778539278
    8      5.753410422260     -5.756900229593     -3.582530717715
    8     -5.758268171365      5.753722911338     -3.575216463815
    8      0.000000000000      0.000000000000     -3.390356274875
    8      0.000000000000      3.835750260159     -3.390356274875
    8      0.000000000000     -3.835750260159     -3.390356274875
    8      0.000000000000      7.671500520300     -3.390356274875
    8      3.835750260161      0.000000000000     -3.390356274875
    8     -3.835750260161      0.000000000000     -3.390356274875
    8      3.835750260161      3.835750260159     -3.390356274875
    8     -3.835750260161     -3.835750260159     -3.390356274875
    8      3.835750260161     -3.835750260159     -3.390356274875
    8     -3.835750260161      3.835750260159     -3.390356274875
    8      3.835750260161      7.671500520300     -3.390356274875
    8     -3.835750260161      7.671500520300     -3.390356274875
    8      7.671500520300      0.000000000000     -3.390356274875
    8      7.671500520300      3.835750260159     -3.390356274875
    8      7.671500520300     -3.835750260159     -3.390356274875
    8      7.671500520300      7.671500520300     -3.390356274875
  258      1.917875130081      0.000000000000     -4.746498784825
  258     -1.917875130081      0.000000000000     -4.746498784825
  258      1.917875130081      3.835750260159     -4.746498784825
  258     -1.917875130081     -3.835750260159     -4.746498784825
  258      1.917875130081     -3.835750260159     -4.746498784825
  258     -1.917875130081      3.835750260159     -4.746498784825
  258      1.917875130081      7.671500520300     -4.746498784825
  258     -1.917875130081      7.671500520300     -4.746498784825
  258      5.753625390240      0.000000000000     -4.746498784825
  258     -5.753625390240      0.000000000000     -4.746498784825
  258      5.753625390240      3.835750260159     -4.746498784825
  258     -5.753625390240     -3.835750260159     -4.746498784825
  258      5.753625390240     -3.835750260159     -4.746498784825
  258     -5.753625390240      3.835750260159     -4.746498784825
  258      5.753625390240      7.671500520300     -4.746498784825
  258     -5.753625390240      7.671500520300     -4.746498784825
    8      0.000000000000      0.000000000000     -6.100000000000
    8      0.000000000000      3.835750260159     -6.100000000000
    8      0.000000000000     -3.835750260159     -6.100000000000
    8      0.000000000000      7.671500520300     -6.100000000000
    8      3.835750260161      0.000000000000     -6.100000000000
    8     -3.835750260161      0.000000000000     -6.100000000000
    8      3.835750260161      3.835750260159     -6.100000000000
    8     -3.835750260161     -3.835750260159     -6.100000000000
    8      3.835750260161     -3.835750260159     -6.100000000000
    8     -3.835750260161      3.835750260159     -6.100000000000
    8      3.835750260161      7.671500520300     -6.100000000000
    8     -3.835750260161      7.671500520300     -6.100000000000
    8      7.671500520300      0.000000000000     -6.100000000000
    8      7.671500520300      3.835750260159     -6.100000000000
    8      7.671500520300     -3.835750260159     -6.100000000000
    8      7.671500520300      7.671500520300     -6.100000000000
   14     -7.158246187210      7.430450248092      6.128366754026
    8      7.262203972878     -7.111621639228      7.215399684041
    8     -7.782264544910      5.894047413726      5.981611597805
    8     -5.618718551947      7.480129824823      6.692895987257
    6      7.003745855336     -5.691082409453      7.175306622121
    6     -4.435326626539      7.579082142584      5.929232525461
    6     -7.561517339828      4.906665900893      7.011871701919
    6      8.267216821282     -4.852174830996      7.076399861425
    6     -3.556191396525     -6.628201848394      6.411585739209
    6     -7.255577759997      3.571186205147      6.379926286495
    1      8.013918029936     -3.787931765616      7.160503817276
    1     -2.585063955196     -6.655800571515      5.899077248943
    1     -7.093347406179      2.813205027825      7.154481173516
    1     -6.370002376057     -5.102490818853      7.873181004358
    1     -6.566412035251     -4.988966999389      6.117253956267
    1      6.455240857154     -5.464837464138      8.096493738259
    1      6.344480692222     -5.475533639461      6.321502651286
    1      7.241840937854      3.237096844671      5.765988395475
    1     -6.357513239885      3.626475582467      5.762257396946
    1     -6.729814188433      5.239802444444      7.647251476064
    1      6.876334472504      4.872282942283      7.633022410834
    1     -3.891638241332      6.626557588891      5.980086095265
    1     -4.707342767153      7.743686228906      4.862110505764
    1     -3.374979941364     -6.711698669543      7.485636575103
    1     -4.030062474681     -5.659171486363      6.218281312858
    8     -7.281459299990     -7.439590647828      4.596746635710
    6      4.476965532950      7.271929846296      5.787430281106
    6      4.413923006103      5.761338294526      6.042529807429
    1      3.433358478739      5.339568802813      5.781313985489
    1      3.594861139741      7.757884536199      6.235301166849
    1      5.372339004500      7.689737612936      6.248862124927
    1      5.206700458377      5.233891586120      5.490586563789
    1      4.574287799132      5.539220691793      7.099800239223
    0    0
