   2   1   1 E -4.0951915594596E+04 DE-3.8E-08( 12)
  0.153430010406E+02  0.000000000000E+00  0.000000000000E+00
  0.000000000000E+00  0.153430010406E+02  0.000000000000E+00
  0.000000000000E+00  0.000000000000E+00  0.500000000000E+03
    1
  0.100000000000E+01  0.000000000000E+00  0.000000000000E+00
  0.000000000000E+00  0.100000000000E+01  0.000000000000E+00
  0.000000000000E+00  0.000000000000E+00  0.100000000000E+01
  0.000000000000E+00  0.000000000000E+00  0.000000000000E+00
  225
    8      2.103043977828      2.368192328381      4.190647389009
    8     -2.232670829000     -1.459723173423      4.176168361558
    8      1.648499646171     -1.499322657747      4.184416052161
    8     -1.725834832731      2.341415810612      4.176739339589
    8      1.770594979000      6.147635571107      4.183579375329
    8     -1.649119384909     -5.080358480387      4.113827336142
    8      2.150375467094     -5.280024821962      4.169447717520
    8     -1.929941207116      6.097263204672      4.219203898842
    8      5.914312412019      2.322186345583      4.198927251443
    8     -6.058335582524     -1.538465236889      4.209948389494
    8      5.488919068901     -1.418011897348      4.178940977943
    8     -5.560573808890      1.957421690946      4.229922048833
    8      4.553202008577      7.547673585816      4.381571367829
    8     -5.425010518764     -4.857579086928      4.054905548714
    8      6.023500571409     -4.847164911028      4.043648243338
    8     -5.656688458266      5.418304036885      4.181952723043
  258      0.036739115550      1.942443237540      3.216259884671
  258     -0.089188623027     -1.899328547654      3.223719033863
  258     -0.083488207047      5.770503909023      3.170984492420
  258      0.076692795137     -5.686476058159      3.195305637089
  258      3.862187788114      1.959824114811      3.232439234243
  258     -3.968088444528     -1.917146680728      3.251798342953
  258      3.772604822597     -1.910964490150      3.210998271798
  258     -3.791244625799      1.910699001533      3.217165007770
  258      3.588078432432      5.877897813499      3.124433106050
  258     -3.755625917055     -5.614474881639      3.195250537488
  258      3.914809546936     -5.754316712957      3.255182804271
  258     -3.757871283844      5.760131967952      3.157411654201
  258     -7.622877557991      1.941491312264      3.244948270299
  258      7.559808477150     -1.935513195081      3.237108306282
  258     -7.437620147668      5.859806444422      3.209905984519
  258     -7.631702362267     -5.662844543510      3.194576123411
    8      1.903341409110      1.901338846993      1.692834802318
    8     -1.860335564954     -1.933454887352      1.684991321262
    8      1.942693361048     -1.934018303448      1.692488778958
    8     -1.927509713943      1.877229885175      1.685306551090
    8      1.861152715389      5.745385397606      1.686132008437
    8     -1.910904828844     -5.761606951465      1.679074812281
    8      1.857446204672     -5.776774457315      1.681855887695
    8     -1.919492083328      5.724348759158      1.687994738097
    8      5.745420152407      1.933800539084      1.707590364810
    8     -5.749216743735     -1.926762983328      1.705383169630
    8      5.728574688914     -1.945664627017      1.701018750359
    8     -5.772980337246      1.923451999199      1.699809891747
    8      5.751911144458      5.778501628604      2.057064540782
    8     -5.726730313060     -5.763637579380      1.700460544469
    8      5.753640394023     -5.832331228383      1.736029855489
    8     -5.713595168996      5.806413546102      1.717181649147
    8     -0.008842577936      0.000736078239      2.100158720204
    8     -0.007522319284      3.820045092673      2.062323399736
    8      0.036430811090     -3.818955046832      2.049470645254
    8     -0.039048956204     -7.667310166926      2.090320544458
    8      3.815185977241      0.012342258572      2.098473185042
    8     -3.865902667145     -0.014218113092      2.089667586995
    8      3.809990818485      3.866937452549      2.089224311255
    8     -3.787148574544     -3.790508766813      1.978401771322
    8      3.838382281180     -3.847484103972      2.038555049996
    8     -3.811961557266      3.816508222865      2.063758831099
    8      3.746030827017      7.674691744829      1.900209857438
    8     -3.808709134356     -7.639547187941      2.141343557053
    8      7.629396042765      0.000514096761      2.117268866683
    8     -7.616307134578      3.875825402305      2.121909172461
    8     -7.652550721700     -3.798568804769      1.941104171663
    8     -7.620472779934      7.673058615389      1.948888091327
  258      1.915049050598     -0.009915874643      0.541432081859
  258     -1.925498950372     -0.019020592054      0.534417309181
  258      1.909083778313      3.814839158609      0.513320006026
  258     -1.909203498919     -3.821648374504      0.511479503990
  258      1.930804129513     -3.836593704960      0.533806482041
  258     -1.916797802691      3.801977629426      0.505418870332
  258      1.898888203242     -7.642384028537      0.475686191369
  258     -1.918932556810     -7.647997779940      0.523228825117
  258      5.746778616183      0.004120818717      0.549825724899
  258     -5.765269685653     -0.005536681534      0.549883096962
  258      5.758729419763      3.868799441419      0.617922735302
  258     -5.754529411247     -3.823935353216      0.518599463377
  258      5.751908814466     -3.848499156146      0.535410976295
  258     -5.745852066426      3.833019151221      0.533966487282
  258      5.761801579404      7.656298514673      0.569062906958
  258     -5.749183445515     -7.630834945933      0.509205367874
    8     -0.000075828134     -0.000221274320     -0.698638842224
    8     -0.001550937323      3.821400841352     -0.712284449847
    8      0.009256461319     -3.832321141815     -0.722705917255
    8     -0.019442565250     -7.667453051421     -0.720139348669
    8      3.839847619537      0.007334752533     -0.693011770859
    8     -3.849971672998      0.001975554645     -0.696770902319
    8      3.848170494380      3.843027201709     -0.676302247157
    8     -3.834332382322     -3.831070921548     -0.740156578568
    8      3.843237081770     -3.838079543020     -0.719411244150
    8     -3.838827363078      3.828754201796     -0.705527661224
    8      3.839900485217      7.659137773163     -0.753890069917
    8     -3.824810578794     -7.668038151965     -0.700830663163
    8      7.662708521189      0.008983042563     -0.686703344879
    8     -7.677651726544      3.843044788829     -0.665435712797
    8      7.662848598047     -3.838277510135     -0.743079675163
    8      7.670181815336      7.665549063335     -0.740261274599
    8      1.922586014234      1.922655148850     -0.908151515987
    8     -1.922206457992     -1.912415526159     -0.913122703705
    8      1.921531232369     -1.911635315735     -0.907448105094
    8     -1.921275983060      1.913885402055     -0.914297798808
    8      1.912815173179      5.742934219629     -0.912196277477
    8     -1.916077833491     -5.751423017485     -0.915968111987
    8      1.921735159881     -5.758663526124     -0.919400733718
    8     -1.919163285760      5.740458124926     -0.907894699884
    8      5.755028095458      1.934779799857     -0.880519316610
    8     -5.762547279947     -1.910180342450     -0.899677730549
    8      5.751573188362     -1.912158743159     -0.897604950712
    8     -5.759666541591      1.929631142993     -0.898774540485
    8      5.757993316199      5.742160223242     -0.763612230730
    8     -5.753005781958     -5.749835677929     -0.910302758482
    8      5.754618358690     -5.767852722786     -0.873977297572
    8     -5.751340190981      5.743689394740     -0.895270512069
  258      0.002250981757      1.908525302536     -2.145586675360
  258      0.004944867239     -1.917111902536     -2.139257253186
  258     -0.004901851392      5.750810588096     -2.148127847677
  258     -0.001193542946     -5.744267600528     -2.152208300312
  258      3.848312364338      1.920315679631     -2.125980796656
  258     -3.841935871305     -1.916674626195     -2.140590961282
  258      3.839149543477     -1.918664424139     -2.135831790150
  258     -3.844473156095      1.911112628202     -2.140736763100
  258      3.840487138765      5.753777238622     -2.122565264895
  258     -3.834707740106     -5.743668501493     -2.148036020686
  258      3.847445292709     -5.757958262124     -2.139112803262
  258     -3.835301172649      5.753055404625     -2.139111261945
  258      7.661891876759      1.920958413114     -2.121954574282
  258      7.665095260253     -1.919933261132     -2.136310840419
  258     -7.670187283698      5.756014189647     -2.119555648528
  258      7.664143413268     -5.753441254892     -2.137624920822
    8      1.916467769499      1.918156524920     -3.590470292115
    8     -1.917384479005     -1.917704215385     -3.592845542775
    8      1.916041325163     -1.917577599910     -3.590627020857
    8     -1.916939357988      1.917405293556     -3.593879342203
    8      1.920055107724      5.753044669588     -3.587424954925
    8     -1.917332726867     -5.752976949393     -3.595853171606
    8      1.915143270030     -5.753928069484     -3.597327213184
    8     -1.918859141928      5.753294472063     -3.590145249780
    8      5.753787773516      1.921473241098     -3.582514506651
    8     -5.753083569868     -1.917669970703     -3.589890014483
    8      5.752360561409     -1.917966318616     -3.590406743148
    8     -5.753638072795      1.918776779976     -3.587170933154
    8      5.754939324564      5.753516616433     -3.538847273320
    8     -5.751134220058     -5.754391852508     -3.595013561487
    8      5.753537119831     -5.757065084882     -3.586801659242
    8     -5.757841560101      5.753359476372     -3.579096217434
    8      0.000000000000      0.000000000000     -3.390356274875
    8      0.000000000000      3.835750260159     -3.390356274875
    8      0.000000000000     -3.835750260159     -3.390356274875
    8      0.000000000000      7.671500520300     -3.390356274875
    8      3.835750260161      0.000000000000     -3.390356274875
    8     -3.835750260161      0.000000000000     -3.390356274875
    8      3.835750260161      3.835750260159     -3.390356274875
    8     -3.835750260161     -3.835750260159     -3.390356274875
    8      3.835750260161     -3.835750260159     -3.390356274875
    8     -3.835750260161      3.835750260159     -3.390356274875
    8      3.835750260161      7.671500520300     -3.390356274875
    8     -3.835750260161      7.671500520300     -3.390356274875
    8      7.671500520300      0.000000000000     -3.390356274875
    8      7.671500520300      3.835750260159     -3.390356274875
    8      7.671500520300     -3.835750260159     -3.390356274875
    8      7.671500520300      7.671500520300     -3.390356274875
  258      1.917875130081      0.000000000000     -4.746498784825
  258     -1.917875130081      0.000000000000     -4.746498784825
  258      1.917875130081      3.835750260159     -4.746498784825
  258     -1.917875130081     -3.835750260159     -4.746498784825
  258      1.917875130081     -3.835750260159     -4.746498784825
  258     -1.917875130081      3.835750260159     -4.746498784825
  258      1.917875130081      7.671500520300     -4.746498784825
  258     -1.917875130081      7.671500520300     -4.746498784825
  258      5.753625390240      0.000000000000     -4.746498784825
  258     -5.753625390240      0.000000000000     -4.746498784825
  258      5.753625390240      3.835750260159     -4.746498784825
  258     -5.753625390240     -3.835750260159     -4.746498784825
  258      5.753625390240     -3.835750260159     -4.746498784825
  258     -5.753625390240      3.835750260159     -4.746498784825
  258      5.753625390240      7.671500520300     -4.746498784825
  258     -5.753625390240      7.671500520300     -4.746498784825
    8      0.000000000000      0.000000000000     -6.100000000000
    8      0.000000000000      3.835750260159     -6.100000000000
    8      0.000000000000     -3.835750260159     -6.100000000000
    8      0.000000000000      7.671500520300     -6.100000000000
    8      3.835750260161      0.000000000000     -6.100000000000
    8     -3.835750260161      0.000000000000     -6.100000000000
    8      3.835750260161      3.835750260159     -6.100000000000
    8     -3.835750260161     -3.835750260159     -6.100000000000
    8      3.835750260161     -3.835750260159     -6.100000000000
    8     -3.835750260161      3.835750260159     -6.100000000000
    8      3.835750260161      7.671500520300     -6.100000000000
    8     -3.835750260161      7.671500520300     -6.100000000000
    8      7.671500520300      0.000000000000     -6.100000000000
    8      7.671500520300      3.835750260159     -6.100000000000
    8      7.671500520300     -3.835750260159     -6.100000000000
    8      7.671500520300      7.671500520300     -6.100000000000
   14     -7.144933041587      7.396882640840      6.104011979879
    8      7.317825243293     -7.114326555715      7.195456651940
    8     -7.762372611651      5.852443994644      6.010847983210
    8     -5.580881800327      7.470979936695      6.593655465686
    6      7.040943968313     -5.698376241552      7.068072518345
    6     -4.449311110954      7.554415551287      5.754417949072
    6     -7.484476385647      4.868136106471      7.032005242681
    6      8.292040828501     -4.858472338880      6.875404182013
    6     -3.513601199900     -6.681994250424      6.192757570437
    6     -7.245889114255      3.520403878597      6.392447109507
    1      8.027662006282     -3.792584357899      6.843096742988
    1     -2.582063925083     -6.725499731422      5.614464004753
    1     -7.052573267035      2.760246191430      7.154924091826
    1     -6.333327139143     -5.015127748050      7.687740408478
    1     -6.536145981554     -5.080061007667      5.935745512786
    1      6.515816562535     -5.417341945893      7.986341991130
    1      6.360191447372     -5.543100341723      6.218165261122
    1      7.212593571257      3.198004333197      5.828874838485
    1     -6.382274807783      3.556180867350      5.730761940789
    1     -6.606214520373      5.194979411388      7.605376746944
    1      6.999192753734      4.852208234768      7.714743185225
    1     -3.920990202824      6.591907241285      5.756214786682
    1     -4.793146201968      7.739731138977      4.710334302099
    1     -3.257214841898     -6.784137636000      7.248980433273
    1     -3.979466828799     -5.699804612849      6.052734149465
    8     -7.349326850472     -7.476625672137      4.577002718132
    6      4.542925704959      7.205046318625      5.765811321552
    6      4.494144147757      5.684146228128      5.968970103870
    1      3.497744326586      5.269975919135      5.752381792050
    1      3.668969976683      7.664874532338      6.254243904316
    1      5.443568442429      7.616203982968      6.223261177722
    1      5.252872114643      5.168659497890      5.358141928416
    1      4.716836055391      5.424917645032      7.007003623861
    0    0
