   2   1   1 E -4.0951914821417E+04 DE 1.1E-09( 10)
  0.153430010406E+02  0.000000000000E+00  0.000000000000E+00
  0.000000000000E+00  0.153430010406E+02  0.000000000000E+00
  0.000000000000E+00  0.000000000000E+00  0.500000000000E+03
    1
  0.100000000000E+01  0.000000000000E+00  0.000000000000E+00
  0.000000000000E+00  0.100000000000E+01  0.000000000000E+00
  0.000000000000E+00  0.000000000000E+00  0.100000000000E+01
  0.000000000000E+00  0.000000000000E+00  0.000000000000E+00
  225
    8      2.103657409052      2.362366598639      4.194232988659
    8     -2.235413747420     -1.462814560532      4.181774777429
    8      1.644912471173     -1.502782426406      4.189172094633
    8     -1.726345782841      2.338359053416      4.181461400308
    8      1.765276745636      6.143199988061      4.188909677374
    8     -1.651971181963     -5.099926269939      4.128973000317
    8      2.149166777876     -5.285830666675      4.175020060154
    8     -1.934953109474      6.099695634716      4.226280871748
    8      5.915794671974      2.319516008964      4.203387755527
    8     -6.060536645840     -1.538260764669      4.212940252794
    8      5.485003927731     -1.422352263217      4.183995283372
    8     -5.562865609934      1.970527186767      4.236599281046
    8      4.535305401665      7.559682725108      4.388675071453
    8     -5.428155071735     -4.876428189001      4.079722094860
    8      6.022247891947     -4.857700970431      4.061000574610
    8     -5.661527300525      5.436580176841      4.195459115467
  258      0.036768199339      1.942545717887      3.221025723413
  258     -0.092872415966     -1.898737028634      3.229113251643
  258     -0.088051115250      5.771479188455      3.176337369936
  258      0.075347058394     -5.688862034810      3.201721576704
  258      3.862676791265      1.959514216523      3.236216370491
  258     -3.971607405092     -1.915187450467      3.257176701924
  258      3.768722997699     -1.910576865651      3.215149072633
  258     -3.792792717729      1.913201237445      3.223951097995
  258      3.585797038543      5.880772149118      3.132160903109
  258     -3.757411736407     -5.617012956773      3.206449082722
  258      3.915036279535     -5.755423380633      3.262306520396
  258     -3.760725053889      5.764162091861      3.166522746356
  258     -7.623074633296      1.942487965890      3.250747596910
  258      7.556339797430     -1.933932687355      3.240509959116
  258     -7.440287098511      5.861875977240      3.218453352316
  258     -7.632213746749     -5.664649577575      3.210911277425
    8      1.902884161844      1.902591818343      1.693882470924
    8     -1.861889685468     -1.931988958868      1.687113094606
    8      1.941581436506     -1.933277903159      1.693892509799
    8     -1.929217542483      1.878562721823      1.687303402346
    8      1.861659443050      5.746585570283      1.689866946552
    8     -1.912828811730     -5.760085423274      1.682968559939
    8      1.855487038868     -5.775838964877      1.683654332290
    8     -1.922053338953      5.726063314569      1.691593020784
    8      5.743937166749      1.935716769130      1.709467884261
    8     -5.750930076104     -1.925383957426      1.707330259666
    8      5.727410452621     -1.944495536984      1.702379221086
    8     -5.774031437862      1.924307088543      1.702680994756
    8      5.750518588232      5.781406461046      2.060916535055
    8     -5.727201068036     -5.761420544804      1.706748567747
    8      5.752263418575     -5.831418245697      1.741256048468
    8     -5.715948531792      5.807557604594      1.723992312732
    8     -0.009819502846      0.001454907370      2.106426887196
    8     -0.009589349828      3.820714413133      2.068890971161
    8      0.033205774361     -3.819231384921      2.058060762425
    8     -0.040767271922     -7.667287507208      2.097218638681
    8      3.814382890510      0.013246599618      2.103537224336
    8     -3.867899198858     -0.012375298030      2.096993431301
    8      3.809929702428      3.867368938568      2.096256037003
    8     -3.790424868105     -3.790560328905      1.989581820539
    8      3.837488138687     -3.847753921946      2.046433995555
    8     -3.813872772049      3.818660029278      2.071964691056
    8      3.745514164076      7.674851032892      1.906942677631
    8     -3.810388801327     -7.639163010039      2.150822233669
    8      7.627887483505      0.001600327993      2.122535216922
    8     -7.618230516448      3.877831754713      2.128663355943
    8     -7.654804656842     -3.798505926788      1.951233800907
    8     -7.619774354655      7.674065687446      1.961901195687
  258      1.914076094538     -0.009215910164      0.544052936410
  258     -1.926716884783     -0.017943875678      0.537706586661
  258      1.908533151617      3.815872403554      0.516899117809
  258     -1.911301340868     -3.821034774729      0.516156002987
  258      1.929354647055     -3.836548417288      0.537555759159
  258     -1.918274753095      3.802734979481      0.509122373640
  258      1.898800481425     -7.642150959125      0.479531180536
  258     -1.920260112868     -7.647171127393      0.527568194933
  258      5.745880580823      0.004878101555      0.552392684829
  258     -5.766317118458     -0.004822198756      0.553242355540
  258      5.757316095874      3.870395721499      0.622064414206
  258     -5.756483961552     -3.823670756248      0.524710957919
  258      5.751418394611     -3.848934175695      0.540489734015
  258     -5.747534095591      3.833916158808      0.538424198845
  258      5.760593456699      7.657450519876      0.574819633344
  258     -5.750715536397     -7.629164683829      0.515331026417
    8     -0.000567642121      0.000495670034     -0.695746961981
    8     -0.002039162004      3.822336820474     -0.709074722591
    8      0.008291256364     -3.832182062169     -0.719143158995
    8     -0.019709906950     -7.667085212043     -0.716432812953
    8      3.839332679756      0.007890822571     -0.690454271729
    8     -3.850561132269      0.002597864597     -0.693449702968
    8      3.847206669818      3.844081436893     -0.673142046160
    8     -3.835333302405     -3.830962964437     -0.735846846958
    8      3.842418232872     -3.838151127185     -0.715728483956
    8     -3.839638496990      3.829767278122     -0.701755117387
    8      3.839119025877      7.659947552856     -0.750528460000
    8     -3.825707918838     -7.667144241348     -0.696295244929
    8      7.662199539613      0.009751723538     -0.683852088421
    8     -7.678182060464      3.844307212773     -0.661733890722
    8      7.662257818206     -3.838245408014     -0.738764641211
    8      7.669894763441      7.666436947353     -0.734996052006
    8      1.921978988571      1.923583203588     -0.906776126572
    8     -1.923032962301     -1.912176039186     -0.911063945386
    8      1.920955164149     -1.911464959985     -0.905816900568
    8     -1.922116321981      1.915016674290     -0.912624611171
    8      1.912258018048      5.744056982411     -0.909882763321
    8     -1.917177700837     -5.751354769319     -0.913203165136
    8      1.920825330106     -5.759059493293     -0.916999378854
    8     -1.920044807813      5.741387910540     -0.905917088112
    8      5.754310586003      1.935122148226     -0.879223327036
    8     -5.763358518410     -1.910178632179     -0.897645786843
    8      5.751151607586     -1.911935364403     -0.896018379619
    8     -5.760469361021      1.930666224224     -0.897105086970
    8      5.757268924022      5.743570159203     -0.759926532443
    8     -5.754126744645     -5.750152481481     -0.906266913382
    8      5.753951494732     -5.767590614152     -0.870201792034
    8     -5.752292439131      5.744911316297     -0.892067455968
  258      0.002017746110      1.909110023991     -2.144503815385
  258      0.004608378995     -1.916979512238     -2.138033375490
  258     -0.005113914818      5.751257274904     -2.146761747157
  258     -0.001487162206     -5.744223797868     -2.150520167018
  258      3.847954183707      1.920668894694     -2.125037121152
  258     -3.842327790951     -1.916596547517     -2.139053264477
  258      3.839037571706     -1.918717338016     -2.134627513534
  258     -3.844820396676      1.911617865181     -2.139535860971
  258      3.840036646379      5.754453385386     -2.120893015092
  258     -3.835251706420     -5.743333021242     -2.145901202589
  258      3.847015314633     -5.757709939552     -2.137258684920
  258     -3.835747053723      5.753521379083     -2.137443570676
  258      7.661538443559      1.921347660361     -2.120820983220
  258      7.664891184151     -1.919897579005     -2.134900539514
  258     -7.670537861861      5.756672911591     -2.117329724815
  258      7.663804074181     -5.753113271712     -2.135051889546
    8      1.916244448812      1.918356137493     -3.588811596064
    8     -1.917723404444     -1.917636912718     -3.590839307591
    8      1.915816304709     -1.917520595974     -3.588746923527
    8     -1.917245307600      1.917599389242     -3.592095667729
    8      1.919963729712      5.753254983191     -3.585155363921
    8     -1.917738078707     -5.752874919052     -3.593632971168
    8      1.914960642479     -5.753861209761     -3.595115855047
    8     -1.919209923752      5.753476952217     -3.588245466627
    8      5.753577736661      1.921658889155     -3.580894528704
    8     -5.753265673418     -1.917594223126     -3.587834900938
    8      5.752258769921     -1.917952148058     -3.588515659708
    8     -5.753864849869      1.918992317105     -3.585459811430
    8      5.754738540066      5.753777349489     -3.536180533580
    8     -5.751445488432     -5.754188929746     -3.592377730183
    8      5.753434175154     -5.756989483118     -3.584174242410
    8     -5.758179997847      5.753603078203     -3.576781897487
    8      0.000000000000      0.000000000000     -3.390356274875
    8      0.000000000000      3.835750260159     -3.390356274875
    8      0.000000000000     -3.835750260159     -3.390356274875
    8      0.000000000000      7.671500520300     -3.390356274875
    8      3.835750260161      0.000000000000     -3.390356274875
    8     -3.835750260161      0.000000000000     -3.390356274875
    8      3.835750260161      3.835750260159     -3.390356274875
    8     -3.835750260161     -3.835750260159     -3.390356274875
    8      3.835750260161     -3.835750260159     -3.390356274875
    8     -3.835750260161      3.835750260159     -3.390356274875
    8      3.835750260161      7.671500520300     -3.390356274875
    8     -3.835750260161      7.671500520300     -3.390356274875
    8      7.671500520300      0.000000000000     -3.390356274875
    8      7.671500520300      3.835750260159     -3.390356274875
    8      7.671500520300     -3.835750260159     -3.390356274875
    8      7.671500520300      7.671500520300     -3.390356274875
  258      1.917875130081      0.000000000000     -4.746498784825
  258     -1.917875130081      0.000000000000     -4.746498784825
  258      1.917875130081      3.835750260159     -4.746498784825
  258     -1.917875130081     -3.835750260159     -4.746498784825
  258      1.917875130081     -3.835750260159     -4.746498784825
  258     -1.917875130081      3.835750260159     -4.746498784825
  258      1.917875130081      7.671500520300     -4.746498784825
  258     -1.917875130081      7.671500520300     -4.746498784825
  258      5.753625390240      0.000000000000     -4.746498784825
  258     -5.753625390240      0.000000000000     -4.746498784825
  258      5.753625390240      3.835750260159     -4.746498784825
  258     -5.753625390240     -3.835750260159     -4.746498784825
  258      5.753625390240     -3.835750260159     -4.746498784825
  258     -5.753625390240      3.835750260159     -4.746498784825
  258      5.753625390240      7.671500520300     -4.746498784825
  258     -5.753625390240      7.671500520300     -4.746498784825
    8      0.000000000000      0.000000000000     -6.100000000000
    8      0.000000000000      3.835750260159     -6.100000000000
    8      0.000000000000     -3.835750260159     -6.100000000000
    8      0.000000000000      7.671500520300     -6.100000000000
    8      3.835750260161      0.000000000000     -6.100000000000
    8     -3.835750260161      0.000000000000     -6.100000000000
    8      3.835750260161      3.835750260159     -6.100000000000
    8     -3.835750260161     -3.835750260159     -6.100000000000
    8      3.835750260161     -3.835750260159     -6.100000000000
    8     -3.835750260161      3.835750260159     -6.100000000000
    8      3.835750260161      7.671500520300     -6.100000000000
    8     -3.835750260161      7.671500520300     -6.100000000000
    8      7.671500520300      0.000000000000     -6.100000000000
    8      7.671500520300      3.835750260159     -6.100000000000
    8      7.671500520300     -3.835750260159     -6.100000000000
    8      7.671500520300      7.671500520300     -6.100000000000
   14     -7.139677871634      7.386767236858      6.105004876961
    8      7.312372076306     -7.132238601756      7.195759594162
    8     -7.771662161312      5.846798944025      5.998169434217
    8     -5.586949053083      7.441251783029      6.627282118454
    6      7.068383463411     -5.710863330871      7.115675523205
    6     -4.430810857247      7.510586532820      5.819265894201
    6     -7.506863958185      4.866128217372      7.028528798814
    6      8.340120813343     -4.896454588480      6.929719417108
    6     -3.518359337521     -6.700616509295      6.248818352440
    6     -7.229727963779      3.523867276487      6.398243411050
    1      8.104609844486     -3.823373717576      6.944176951583
    1     -2.575459376426     -6.739807473345      5.687619766533
    1     -7.032164220460      2.772005673273      7.169777393205
    1     -6.280503536633     -5.101526472138      7.728390237858
    1     -6.516555194916     -5.105006933748      5.969519336640
    1      6.560485387419     -5.443774845296      8.050225219830
    1      6.380623446684     -5.518710685570      6.277020279297
    1      7.238572100523      3.185626517310      5.827833941598
    1     -6.358723230077      3.571988566388      5.741856944471
    1     -6.645873909829      5.202501883658      7.624380926739
    1      6.958149221717      4.838262589093      7.690333093690
    1     -3.897391746832      6.551823454319      5.865123857216
    1     -4.743038608424      7.660325212789      4.760547525779
    1     -3.282462855606     -6.778311559364      7.311369011685
    1     -3.994041894792     -5.729131279035      6.077185251200
    8     -7.301309937943     -7.484482620221      4.573288571497
    6      4.516949788756      7.243339899502      5.779649591089
    6      4.471196738296      5.725382165808      6.002585370683
    1      3.486506066103      5.302314185503      5.757143221646
    1      3.637339644956      7.709888922599      6.254199823810
    1      5.415794376815      7.659941659088      6.237438321431
    1      5.253041967656      5.213632682162      5.418089222583
    1      4.661723854567      5.479734282893      7.051465075113
    0    0
