   2   1   1 E -4.0951915613893E+04 DE 8.8E-08( 13)
  0.153430010406E+02  0.000000000000E+00  0.000000000000E+00
  0.000000000000E+00  0.153430010406E+02  0.000000000000E+00
  0.000000000000E+00  0.000000000000E+00  0.500000000000E+03
    1
  0.100000000000E+01  0.000000000000E+00  0.000000000000E+00
  0.000000000000E+00  0.100000000000E+01  0.000000000000E+00
  0.000000000000E+00  0.000000000000E+00  0.100000000000E+01
  0.000000000000E+00  0.000000000000E+00  0.000000000000E+00
  225
    8      2.103058140275      2.370906988018      4.191732763536
    8     -2.231949792583     -1.458169578551      4.176420380233
    8      1.649760948056     -1.497847248441      4.185124018353
    8     -1.725442025302      2.342761838363      4.177670720193
    8      1.772552390330      6.150466052928      4.183945967454
    8     -1.647075018742     -5.070988796979      4.109954405525
    8      2.151481012056     -5.277682964705      4.169468396363
    8     -1.927931186514      6.096972415795      4.218892406280
    8      5.913763738397      2.323246127564      4.199790506159
    8     -6.057842424541     -1.538667078059      4.211386754199
    8      5.490324727246     -1.416204287041      4.179577733898
    8     -5.559716114906      1.951281564835      4.230129159157
    8      4.558901501192      7.545800406285      4.379062864237
    8     -5.423001508275     -4.849662098093      4.048625777099
    8      6.023653725364     -4.841770979006      4.038282586450
    8     -5.655344467325      5.412686153332      4.179901858898
  258      0.036785855109      1.942439846998      3.216972338795
  258     -0.087737369134     -1.899603392086      3.224005931962
  258     -0.081618710368      5.770562250164      3.171259305712
  258      0.077587726374     -5.685270776686      3.194898752716
  258      3.862034591787      1.960006727690      3.233466655483
  258     -3.966798608311     -1.918002328891      3.252092624855
  258      3.774169309758     -1.911195928144      3.211866312568
  258     -3.790693638135      1.909650427193      3.217202299640
  258      3.588576933771      5.877803502972      3.123434394981
  258     -3.754331883317     -5.613002215488      3.193060161441
  258      3.914780320838     -5.754270466553      3.254692652209
  258     -3.756679992348      5.759324675966      3.156242060389
  258     -7.622830826520      1.941072321432      3.245151343776
  258      7.561173033022     -1.936267536736      3.238285203640
  258     -7.436940213281      5.860059797749      3.209311546773
  258     -7.631744262548     -5.662051898030      3.190638216393
    8      1.903600212527      1.900860497700      1.694520225180
    8     -1.859686139420     -1.933919378260      1.686126386034
    8      1.943142906194     -1.934283666721      1.693976746885
    8     -1.926829393968      1.876735002201      1.686722669938
    8      1.860687367677      5.745036987384      1.686400351427
    8     -1.909993536501     -5.762008363706      1.679318072764
    8      1.858404233711     -5.777102347670      1.683053737842
    8     -1.918557606488      5.723829497135      1.688572435960
    8      5.746103676776      1.933144949879      1.708978159860
    8     -5.748594783649     -1.927216603262      1.706693272131
    8      5.728948854988     -1.946167343144      1.702560517995
    8     -5.772695798337      1.923318075946      1.700837503078
    8      5.752499461046      5.777751430318      2.057650492870
    8     -5.726545115381     -5.764542497817      1.700076389155
    8      5.754164498454     -5.832716698964      1.735959888637
    8     -5.712839853033      5.806594114939      1.716775854103
    8     -0.008406951807      0.000417987452      2.099873216167
    8     -0.006720972854      3.819814815492      2.061880357802
    8      0.037974565867     -3.818749738127      2.047794335594
    8     -0.038336261366     -7.667095823886      2.089520120711
    8      3.815564731951      0.011949055414      2.098635457268
    8     -3.865171112040     -0.014966764958      2.088906330272
    8      3.810102062623      3.866867763417      2.088501886469
    8     -3.785676108239     -3.790224657618      1.975595585732
    8      3.838704861996     -3.847680578646      2.037540914672
    8     -3.811369062104      3.815947151263      2.062811131519
    8      3.746103187818      7.674995354360      1.899253657257
    8     -3.807739333049     -7.639407380179      2.139588175483
    8      7.630008252099      0.000079146687      2.117352245218
    8     -7.615570078706      3.875489167815      2.121713090688
    8     -7.651615247695     -3.798645540477      1.939073333868
    8     -7.620810281149      7.672877427841      1.946115587257
  258      1.915504233450     -0.010174662117      0.542093964035
  258     -1.924992318834     -0.019428226288      0.534821415859
  258      1.909313357450      3.814430255551      0.513492079155
  258     -1.908246387305     -3.821673444160      0.511086277099
  258      1.931440772166     -3.836532677616      0.533885223514
  258     -1.916227284147      3.801728883920      0.505646129519
  258      1.898886778868     -7.642361859603      0.475629807303
  258     -1.918324987401     -7.648192890971      0.523081650722
  258      5.747147222174      0.003824611500      0.550513060395
  258     -5.764890575894     -0.005779641107      0.550288150823
  258      5.759297896845      3.868260971331      0.617985481836
  258     -5.753680621614     -3.823843592128      0.517750162205
  258      5.752057224995     -3.848234604618      0.535013179093
  258     -5.745252827953      3.832812469680      0.533968538921
  258      5.762182850541      7.655967804451      0.568400590965
  258     -5.748466343943     -7.631301047657      0.508414239362
    8      0.000186705691     -0.000463831881     -0.698633513178
    8     -0.001350972207      3.821004469943     -0.712448519996
    8      0.009738299914     -3.832252335105     -0.723144138995
    8     -0.019280874112     -7.667528003685     -0.720576058040
    8      3.840098654176      0.007153904052     -0.692861623595
    8     -3.849727048413      0.001790141709     -0.696916613431
    8      3.848549134369      3.842654296796     -0.676427587862
    8     -3.833879020365     -3.830956975066     -0.740884621213
    8      3.843584136822     -3.837989534379     -0.719792608107
    8     -3.838517123181      3.828406449905     -0.705830389048
    8      3.840152127070      7.658872663859     -0.754244578084
    8     -3.824392485521     -7.668274772779     -0.701548993146
    8      7.662889450808      0.008706709587     -0.686643447373
    8     -7.677432451826      3.842638982759     -0.665654275788
    8      7.663057417701     -3.838212424979     -0.743682951156
    8      7.670303714550      7.665307846785     -0.741233261454
    8      1.922873196568      1.922297979482     -0.907598813806
    8     -1.921823886169     -1.912403546380     -0.912914425076
    8      1.921828961795     -1.911646186656     -0.907025199157
    8     -1.920952387142      1.913461702924     -0.913824854925
    8      1.913029338486      5.742521673874     -0.912175845531
    8     -1.915591258073     -5.751325940540     -0.916141604814
    8      1.922097200966     -5.758462552329     -0.919376600962
    8     -1.918806993719      5.740106810583     -0.907648291385
    8      5.755339129837      1.934666933856     -0.879903320284
    8     -5.762239461059     -1.910105351394     -0.899399601007
    8      5.751730089477     -1.912213854920     -0.897137679165
    8     -5.759381844746      1.929275660290     -0.898307436822
    8      5.758264222490      5.741665624352     -0.763916395657
    8     -5.752518246809     -5.749585092639     -0.910891734473
    8      5.754868281033     -5.767898349084     -0.874439668008
    8     -5.750960086353      5.743314766400     -0.895489805666
  258      0.002339389423      1.908290823102     -2.145458656503
  258      0.005103196721     -1.917117805204     -2.139224536792
  258     -0.004816507066      5.750636518828     -2.148183118077
  258     -0.001060111326     -5.744242069691     -2.152421818558
  258      3.848443532545      1.920184185707     -2.125788032210
  258     -3.841766984229     -1.916651286460     -2.140675970796
  258      3.839176203780     -1.918603815465     -2.135775785199
  258     -3.844348153987      1.910924834575     -2.140629980713
  258      3.840606604222      5.753535032476     -2.122708717992
  258     -3.834459081604     -5.743737384636     -2.148412452842
  258      3.847575705014     -5.758047218782     -2.139359115860
  258     -3.835109823844      5.752900247191     -2.139253625112
  258      7.662019134058      1.920803981098     -2.121820609189
  258      7.665149850073     -1.919919927887     -2.136315872225
  258     -7.670067980411      5.755800103786     -2.119887379127
  258      7.664267135115     -5.753533236841     -2.138119056366
    8      1.916561864606      1.918089825084     -3.590840926432
    8     -1.917213111494     -1.917701311453     -3.593388586322
    8      1.916152658799     -1.917575605400     -3.591102978925
    8     -1.916799905421      1.917349357732     -3.594288940500
    8      1.920093866754      5.752977141101     -3.588111002421
    8     -1.917134579189     -5.752992364685     -3.596533983424
    8      1.915230710367     -5.753937354031     -3.597991450253
    8     -1.918702874117      5.753239029832     -3.590640986124
    8      5.753880753927      1.921419171957     -3.582852446122
    8     -5.752995471761     -1.917675858496     -3.590427751728
    8      5.752408062771     -1.917948521780     -3.590870291643
    8     -5.753525581237      1.918710853902     -3.587545891995
    8      5.755017581749      5.753441275707     -3.539637274543
    8     -5.750990866839     -5.754448517843     -3.595850299389
    8      5.753575299003     -5.757069686734     -3.587612971146
    8     -5.757685904791      5.753289264758     -3.579763917299
    8      0.000000000000      0.000000000000     -3.390356274875
    8      0.000000000000      3.835750260159     -3.390356274875
    8      0.000000000000     -3.835750260159     -3.390356274875
    8      0.000000000000      7.671500520300     -3.390356274875
    8      3.835750260161      0.000000000000     -3.390356274875
    8     -3.835750260161      0.000000000000     -3.390356274875
    8      3.835750260161      3.835750260159     -3.390356274875
    8     -3.835750260161     -3.835750260159     -3.390356274875
    8      3.835750260161     -3.835750260159     -3.390356274875
    8     -3.835750260161      3.835750260159     -3.390356274875
    8      3.835750260161      7.671500520300     -3.390356274875
    8     -3.835750260161      7.671500520300     -3.390356274875
    8      7.671500520300      0.000000000000     -3.390356274875
    8      7.671500520300      3.835750260159     -3.390356274875
    8      7.671500520300     -3.835750260159     -3.390356274875
    8      7.671500520300      7.671500520300     -3.390356274875
  258      1.917875130081      0.000000000000     -4.746498784825
  258     -1.917875130081      0.000000000000     -4.746498784825
  258      1.917875130081      3.835750260159     -4.746498784825
  258     -1.917875130081     -3.835750260159     -4.746498784825
  258      1.917875130081     -3.835750260159     -4.746498784825
  258     -1.917875130081      3.835750260159     -4.746498784825
  258      1.917875130081      7.671500520300     -4.746498784825
  258     -1.917875130081      7.671500520300     -4.746498784825
  258      5.753625390240      0.000000000000     -4.746498784825
  258     -5.753625390240      0.000000000000     -4.746498784825
  258      5.753625390240      3.835750260159     -4.746498784825
  258     -5.753625390240     -3.835750260159     -4.746498784825
  258      5.753625390240     -3.835750260159     -4.746498784825
  258     -5.753625390240      3.835750260159     -4.746498784825
  258      5.753625390240      7.671500520300     -4.746498784825
  258     -5.753625390240      7.671500520300     -4.746498784825
    8      0.000000000000      0.000000000000     -6.100000000000
    8      0.000000000000      3.835750260159     -6.100000000000
    8      0.000000000000     -3.835750260159     -6.100000000000
    8      0.000000000000      7.671500520300     -6.100000000000
    8      3.835750260161      0.000000000000     -6.100000000000
    8     -3.835750260161      0.000000000000     -6.100000000000
    8      3.835750260161      3.835750260159     -6.100000000000
    8     -3.835750260161     -3.835750260159     -6.100000000000
    8      3.835750260161     -3.835750260159     -6.100000000000
    8     -3.835750260161      3.835750260159     -6.100000000000
    8      3.835750260161      7.671500520300     -6.100000000000
    8     -3.835750260161      7.671500520300     -6.100000000000
    8      7.671500520300      0.000000000000     -6.100000000000
    8      7.671500520300      3.835750260159     -6.100000000000
    8      7.671500520300     -3.835750260159     -6.100000000000
    8      7.671500520300      7.671500520300     -6.100000000000
   14     -7.142830503319      7.388766080594      6.108596084603
    8      7.319999776115     -7.132179680719      7.207352805060
    8     -7.751074220400      5.842848282312      6.003931092947
    8     -5.578487512376      7.464067625668      6.597600345725
    6      7.035318356177     -5.719024058438      7.083730846581
    6     -4.448858609803      7.545344689284      5.756752260012
    6     -7.439706484029      4.837851434051      6.999571776526
    6      8.280896868532     -4.874853562194      6.861184114930
    6     -3.513813404594     -6.689770253019      6.190197642779
    6     -7.238339970223      3.497279444811      6.322664773967
    1      8.014324944705     -3.813450540181      6.835383442179
    1     -2.584943595453     -6.732554750844      5.608786264736
    1     -7.008733228956      2.722952935790      7.064850441584
    1     -6.323860967957     -5.029381091181      7.652615658924
    1     -6.567438616809     -5.088444116599      5.910654006340
    1      6.529389894056     -5.442634158801      8.013903490590
    1      6.334962401890     -5.565653250703      6.250316119123
    1      7.187934509979      3.189720527444      5.795102500561
    1     -6.405445582739      3.537605034230      5.616858421670
    1     -6.531786941981      5.145373766368      7.544421801923
    1      7.069713500494      4.820223725655      7.720023919456
    1     -3.919390186811      6.583987215769      5.762285398473
    1     -4.793850373002      7.726636236288      4.712563148086
    1     -3.252764563592     -6.790499532645      7.245383874709
    1     -3.981939213733     -5.708725912347      6.052433884538
    8     -7.351609934763     -7.472353423319      4.585663335889
    6      4.550896904133      7.190024331843      5.759812819428
    6      4.494553437410      5.667121788102      5.950160952662
    1      3.498138794245      5.257300246172      5.727909210169
    1      3.680443122270      7.648556719648      6.254675016026
    1      5.453614763181      7.592868979557      6.220351793012
    1      5.251704338198      5.151045574749      5.340594208072
    1      4.712933567925      5.399630658096      6.985237690125
    0    0
