   2   1   1 E -4.0951914477687E+04 DE-7.4E-08( 14)
  0.153430010406E+02  0.000000000000E+00  0.000000000000E+00
  0.000000000000E+00  0.153430010406E+02  0.000000000000E+00
  0.000000000000E+00  0.000000000000E+00  0.500000000000E+03
    1
  0.100000000000E+01  0.000000000000E+00  0.000000000000E+00
  0.000000000000E+00  0.100000000000E+01  0.000000000000E+00
  0.000000000000E+00  0.000000000000E+00  0.100000000000E+01
  0.000000000000E+00  0.000000000000E+00  0.000000000000E+00
  225
    8      2.103852940699      2.361776352753      4.196591099158
    8     -2.235804075816     -1.463041377484      4.184251683358
    8      1.644423675070     -1.503128165791      4.191574094641
    8     -1.726304542112      2.337998517038      4.183936380353
    8      1.764336993258      6.143436800807      4.191106518910
    8     -1.652066810089     -5.102095873893      4.132707055430
    8      2.149070027956     -5.286265125743      4.177300939129
    8     -1.935499089595      6.100331852994      4.228862430969
    8      5.916206347160      2.319297848621      4.205952204011
    8     -6.060853081792     -1.538123023705      4.215041636830
    8      5.484478331248     -1.422832434590      4.186397319389
    8     -5.563006448422      1.971917285339      4.239319129218
    8      4.530034867111      7.565957515898      4.386307139998
    8     -5.427768210947     -4.877903132154      4.084706996139
    8      6.021782598504     -4.857885233216      4.064527482705
    8     -5.662086972535      5.439541511481      4.199323120414
  258      0.036847983107      1.942656393839      3.223383847582
  258     -0.093328104072     -1.898548677495      3.231466479967
  258     -0.088634873265      5.771884168892      3.178527365626
  258      0.075271267014     -5.688923672874      3.204069513390
  258      3.862818201247      1.959627743144      3.238530613694
  258     -3.972025661577     -1.914796909645      3.259492876708
  258      3.768216769878     -1.910411376725      3.217319273449
  258     -3.792877303817      1.913519386876      3.226563958198
  258      3.584850847124      5.882179146967      3.134375662019
  258     -3.757371916527     -5.616897578127      3.209574693169
  258      3.914971782085     -5.755182154028      3.264726642172
  258     -3.760886027909      5.764989881371      3.169410877234
  258     -7.622978590663      1.942676060273      3.253268736449
  258      7.555921176764     -1.933595381190      3.242526585619
  258     -7.440373155841      5.862776186821      3.221716535390
  258     -7.632278051233     -5.663926455436      3.214766995411
    8      1.902884183763      1.902888336534      1.695417896132
    8     -1.862038873788     -1.931631874997      1.688686419841
    8      1.941449196948     -1.933029416219      1.695385253171
    8     -1.929383146376      1.878834137161      1.688933491113
    8      1.861549719545      5.746801178086      1.691385219712
    8     -1.913020218972     -5.759699349712      1.684752029839
    8      1.855208834064     -5.775513540609      1.685050979741
    8     -1.922395038819      5.726423336099      1.693379439813
    8      5.743813811431      1.936197754800      1.711186691119
    8     -5.751107002492     -1.924990322641      1.708858424098
    8      5.727250456272     -1.944152283599      1.703833499566
    8     -5.774131851518      1.924582528099      1.704460621284
    8      5.750329990337      5.782274709644      2.063029724550
    8     -5.727141100654     -5.760796546471      1.708902004080
    8      5.751956821467     -5.830955267094      1.743200836668
    8     -5.716241220196      5.808063457362      1.726518964677
    8     -0.009881032533      0.001655466793      2.108689581276
    8     -0.009830413033      3.820908069298      2.071149590879
    8      0.032832520447     -3.819088018505      2.060471278185
    8     -0.041008247781     -7.667099201037      2.099351539189
    8      3.814330186741      0.013510762390      2.105656515641
    8     -3.868089453592     -0.012031873131      2.099345622831
    8      3.809991179857      3.867710375030      2.098789317339
    8     -3.790707112581     -3.790319845539      1.992342167457
    8      3.837305636107     -3.847607461967      2.048777451255
    8     -3.814080630822      3.819113114487      2.074534814520
    8      3.745161586089      7.675251307155      1.908705453690
    8     -3.810480769416     -7.638889806379      2.153529921512
    8      7.627732832009      0.001905702374      2.124635589846
    8     -7.618331995086      3.878623290830      2.131369309051
    8     -7.655064617706     -3.798099944324      1.953823445033
    8     -7.619598421735      7.674530666355      1.965713644439
  258      1.913992923558     -0.009014574519      0.545494027109
  258     -1.926827685670     -0.017707830850      0.539216622312
  258      1.908479862759      3.816090103302      0.518431009937
  258     -1.911517929802     -3.820784721568      0.517785530339
  258      1.929158818108     -3.836387987748      0.539045186777
  258     -1.918437575797      3.802919021448      0.510680615570
  258      1.898706489500     -7.641965724905      0.480877292123
  258     -1.920405949619     -7.646912326285      0.529167853033
  258      5.745789577526      0.005116864156      0.553822671992
  258     -5.766422614039     -0.004605325007      0.554758602512
  258      5.757156057003      3.870830671662      0.623820887498
  258     -5.756682497827     -3.823400734016      0.526549754294
  258      5.751341585852     -3.848773490320      0.542169454736
  258     -5.747715324847      3.834200858656      0.540187764955
  258      5.760357871284      7.657878726996      0.576693373349
  258     -5.750812822376     -7.628660859912      0.517323846380
    8     -0.000596509617      0.000675967407     -0.694629128175
    8     -0.002078391337      3.822501910585     -0.707950780964
    8      0.008188495256     -3.832042472082     -0.718008411249
    8     -0.019759472621     -7.666937730635     -0.715306124612
    8      3.839291201244      0.008073837955     -0.689364715868
    8     -3.850613185077      0.002778173574     -0.692281739312
    8      3.847097592826      3.844329826413     -0.671943772842
    8     -3.835430418865     -3.830814153806     -0.734600726367
    8      3.842296813206     -3.838035289129     -0.714562430009
    8     -3.839738163411      3.829986605397     -0.700490262543
    8      3.838999132567      7.660184977970     -0.749508136202
    8     -3.825812651558     -7.666893786794     -0.694949502267
    8      7.662145249258      0.009968797697     -0.682728400223
    8     -7.678228967184      3.844632593418     -0.660382188858
    8      7.662181521161     -3.838098776368     -0.737513311407
    8      7.669883670011      7.666720436120     -0.733461948781
    8      1.921940510738      1.923763723919     -0.905899427172
    8     -1.923104777189     -1.912044217106     -0.910151021574
    8      1.920903403093     -1.911341005700     -0.904952441033
    8     -1.922207525731      1.915227495779     -0.911730468834
    8      1.912172333207      5.744289467836     -0.909016234504
    8     -1.917306712449     -5.751236112167     -0.912234533632
    8      1.920677156514     -5.759015905949     -0.916127058562
    8     -1.920152502976      5.741578250955     -0.905020636973
    8      5.754249884410      1.935281599299     -0.878326646896
    8     -5.763442738164     -1.910060316986     -0.896745611595
    8      5.751100083570     -1.911790242217     -0.895177029781
    8     -5.760569796960      1.930909986670     -0.896186745369
    8      5.757188906334      5.743903682886     -0.758627482919
    8     -5.754239467985     -5.750044503504     -0.905061105956
    8      5.753867735637     -5.767431644214     -0.869077907702
    8     -5.752394475115      5.745202009818     -0.890874749319
  258      0.001997236759      1.909214658149     -2.144024032719
  258      0.004574080370     -1.916913107894     -2.137550489719
  258     -0.005143623514      5.751354351979     -2.146291518975
  258     -0.001533007030     -5.744164234510     -2.150017506374
  258      3.847915175192      1.920757089872     -2.124554939086
  258     -3.842368477509     -1.916530478156     -2.138529306053
  258      3.839019630514     -1.918670035471     -2.134146769626
  258     -3.844863732022      1.911721189546     -2.139034890070
  258      3.839965690302      5.754609196506     -2.120346052375
  258     -3.835313043090     -5.743216126809     -2.145303262501
  258      3.846941447321     -5.757619767919     -2.136732282220
  258     -3.835799474863      5.753634370107     -2.136884011586
  258      7.661491584447      1.921445230625     -2.120308359152
  258      7.664862075525     -1.919836819095     -2.134393049118
  258     -7.670581392101      5.756836233133     -2.116642275569
  258      7.663764147352     -5.752991569172     -2.134375983749
    8      1.916223170989      1.918400981361     -3.588472781944
    8     -1.917752480869     -1.917602544979     -3.590470768758
    8      1.915790851859     -1.917488433000     -3.588389324182
    8     -1.917274281509      1.917642779213     -3.591744873774
    8      1.919965591428      5.753302666964     -3.584781673919
    8     -1.917785332756     -5.752837437528     -3.593253061855
    8      1.914940232912     -5.753831998996     -3.594751187486
    8     -1.919255541641      5.753516254908     -3.587892076376
    8      5.753556202490      1.921709983269     -3.580545804211
    8     -5.753280050972     -1.917557406824     -3.587457377564
    8      5.752245965608     -1.917922706004     -3.588156370186
    8     -5.753885264704      1.919042718859     -3.585107169503
    8      5.754721525054      5.753841457308     -3.535678655206
    8     -5.751478010928     -5.754135348421     -3.591925378321
    8      5.753422082721     -5.756949151113     -3.583726305816
    8     -5.758216955526      5.753659412602     -3.576342776942
    8      0.000000000000      0.000000000000     -3.390356274875
    8      0.000000000000      3.835750260159     -3.390356274875
    8      0.000000000000     -3.835750260159     -3.390356274875
    8      0.000000000000      7.671500520300     -3.390356274875
    8      3.835750260161      0.000000000000     -3.390356274875
    8     -3.835750260161      0.000000000000     -3.390356274875
    8      3.835750260161      3.835750260159     -3.390356274875
    8     -3.835750260161     -3.835750260159     -3.390356274875
    8      3.835750260161     -3.835750260159     -3.390356274875
    8     -3.835750260161      3.835750260159     -3.390356274875
    8      3.835750260161      7.671500520300     -3.390356274875
    8     -3.835750260161      7.671500520300     -3.390356274875
    8      7.671500520300      0.000000000000     -3.390356274875
    8      7.671500520300      3.835750260159     -3.390356274875
    8      7.671500520300     -3.835750260159     -3.390356274875
    8      7.671500520300      7.671500520300     -3.390356274875
  258      1.917875130081      0.000000000000     -4.746498784825
  258     -1.917875130081      0.000000000000     -4.746498784825
  258      1.917875130081      3.835750260159     -4.746498784825
  258     -1.917875130081     -3.835750260159     -4.746498784825
  258      1.917875130081     -3.835750260159     -4.746498784825
  258     -1.917875130081      3.835750260159     -4.746498784825
  258      1.917875130081      7.671500520300     -4.746498784825
  258     -1.917875130081      7.671500520300     -4.746498784825
  258      5.753625390240      0.000000000000     -4.746498784825
  258     -5.753625390240      0.000000000000     -4.746498784825
  258      5.753625390240      3.835750260159     -4.746498784825
  258     -5.753625390240     -3.835750260159     -4.746498784825
  258      5.753625390240     -3.835750260159     -4.746498784825
  258     -5.753625390240      3.835750260159     -4.746498784825
  258      5.753625390240      7.671500520300     -4.746498784825
  258     -5.753625390240      7.671500520300     -4.746498784825
    8      0.000000000000      0.000000000000     -6.100000000000
    8      0.000000000000      3.835750260159     -6.100000000000
    8      0.000000000000     -3.835750260159     -6.100000000000
    8      0.000000000000      7.671500520300     -6.100000000000
    8      3.835750260161      0.000000000000     -6.100000000000
    8     -3.835750260161      0.000000000000     -6.100000000000
    8      3.835750260161      3.835750260159     -6.100000000000
    8     -3.835750260161     -3.835750260159     -6.100000000000
    8      3.835750260161     -3.835750260159     -6.100000000000
    8     -3.835750260161      3.835750260159     -6.100000000000
    8      3.835750260161      7.671500520300     -6.100000000000
    8     -3.835750260161      7.671500520300     -6.100000000000
    8      7.671500520300      0.000000000000     -6.100000000000
    8      7.671500520300      3.835750260159     -6.100000000000
    8      7.671500520300     -3.835750260159     -6.100000000000
    8      7.671500520300      7.671500520300     -6.100000000000
   14     -7.168819735554      7.393168958584      6.111123866945
    8      7.281722472097     -7.131159634844      7.205953821903
    8     -7.794614073946      5.850904391494      6.009468430194
    8     -5.615851387378      7.454076214769      6.632976213393
    6      7.045596722597     -5.708655998180      7.146245663812
    6     -4.458218729469      7.528782028304      5.827373205466
    6     -7.527770185274      4.878059360275      7.045958316220
    6      8.321630032618     -4.899108531459      6.972777977227
    6     -3.553428149552     -6.676193733129      6.257623261178
    6     -7.252494866269      3.532718296608      6.423219355919
    1      8.092637031317     -3.827124909400      7.017398407559
    1     -2.608195014925     -6.711741091863      5.700239948525
    1     -7.047326660692      2.787750225082      7.199433258164
    1     -6.296064190600     -5.129206348924      7.760125056248
    1     -6.543075802204     -5.086231384907      6.004707621982
    1      6.539303477960     -5.452827955173      8.084904828326
    1      6.358242326261     -5.500563163086      6.311789655109
    1      7.210161714152      3.189659466529      5.863014299318
    1     -6.386651109594      3.577011505703      5.757933238471
    1     -6.663999876263      5.217862148019      7.637346346701
    1      6.938026294013      4.855176578328      7.710253760977
    1     -3.919757659422      6.573020572228      5.876657249097
    1     -4.767669754884      7.674920677115      4.767205860697
    1     -3.321726939999     -6.750236125999      7.321571716561
    1     -4.033006834632     -5.707541435526      6.081004045761
    8     -7.333853601368     -7.487342140277      4.576889301125
    6      4.487367344165      7.270167561832      5.779774479818
    6      4.419155910716      5.757078802258      6.022835193261
    1      3.435043860206      5.341105623035      5.763320684043
    1      3.607460293871      7.753804173952      6.234602550497
    1      5.385073952580      7.683992104872      6.241867397039
    1      5.205674585778      5.229615871970      5.461764048721
    1      4.585761086462      5.524873290578      7.077398974168
    0    0
