   2   1   1 E -4.0951914162804E+04 DE 4.3E-08( 11)
  0.153430010406E+02  0.000000000000E+00  0.000000000000E+00
  0.000000000000E+00  0.153430010406E+02  0.000000000000E+00
  0.000000000000E+00  0.000000000000E+00  0.500000000000E+03
    1
  0.100000000000E+01  0.000000000000E+00  0.000000000000E+00
  0.000000000000E+00  0.100000000000E+01  0.000000000000E+00
  0.000000000000E+00  0.000000000000E+00  0.100000000000E+01
  0.000000000000E+00  0.000000000000E+00  0.000000000000E+00
  225
    8      2.103980403125      2.361350851169      4.197362298385
    8     -2.236092066408     -1.463289574480      4.185056949605
    8      1.644140606785     -1.503425889447      4.192294676962
    8     -1.726233715885      2.337681446501      4.184770139679
    8      1.764129134156      6.142955312768      4.192019348349
    8     -1.652064136239     -5.103196922756      4.134205755599
    8      2.149096374076     -5.286345981360      4.178154123749
    8     -1.935771748133      6.100233471334      4.229881909766
    8      5.916621030533      2.319174274257      4.206970446955
    8     -6.061095192278     -1.538318884367      4.215686420989
    8      5.484185828718     -1.423302386943      4.187126412734
    8     -5.563064501743      1.972646787508      4.240331029703
    8      4.529187726543      7.566341180092      4.387032247868
    8     -5.427476149518     -4.878945890529      4.086687745741
    8      6.021930847723     -4.857909456929      4.065773627949
    8     -5.662678803764      5.440156799829      4.200816090586
  258      0.036927606024      1.942594004914      3.224264158807
  258     -0.093578009069     -1.898546246789      3.232290657451
  258     -0.088860288005      5.771859055927      3.179448249851
  258      0.075337293652     -5.688973948753      3.205007604386
  258      3.862964185549      1.959580866061      3.239395652435
  258     -3.972285746188     -1.914736140321      3.260322778401
  258      3.767956384161     -1.910445737438      3.218019258517
  258     -3.792918579573      1.913590495145      3.227586334161
  258      3.584732418790      5.882187505178      3.135432083013
  258     -3.757264156284     -5.616991177342      3.210783564512
  258      3.915075344237     -5.754955756456      3.265763476631
  258     -3.761036355027      5.765029091824      3.170569714998
  258     -7.622897014483      1.942714615517      3.254268739485
  258      7.555678599557     -1.933617534959      3.243197191039
  258     -7.440539116601      5.862428938018      3.222853308627
  258     -7.632272673905     -5.663677541766      3.216362466899
    8      1.902921288867      1.902931176798      1.695917757685
    8     -1.862119567206     -1.931524189430      1.689202489538
    8      1.941398173744     -1.932959906213      1.695842395106
    8     -1.929447786689      1.878856457801      1.689498245650
    8      1.861632525148      5.746822423795      1.692104290752
    8     -1.913081944685     -5.759601037685      1.685411420946
    8      1.855139547825     -5.775384134625      1.685576618375
    8     -1.922528917464      5.726460242285      1.694065175396
    8      5.743779115873      1.936303499931      1.711762814341
    8     -5.751207620831     -1.924921685050      1.709382074702
    8      5.727186412492     -1.944083807857      1.704292240274
    8     -5.774189134668      1.924569996765      1.705078204991
    8      5.750298225730      5.782336258352      2.063784608123
    8     -5.727114471347     -5.760659544499      1.709748203032
    8      5.751906328701     -5.830785524140      1.743991414037
    8     -5.716434068534      5.808022234179      1.727491214750
    8     -0.009890627235      0.001639547755      2.109611891862
    8     -0.009926784986      3.820866529271      2.072103988585
    8      0.032669735727     -3.819068556420      2.061456880013
    8     -0.041041623476     -7.667146022576      2.100355181375
    8      3.814350917192      0.013498024425      2.106483824899
    8     -3.868200691582     -0.011994527394      2.100332376998
    8      3.810017879565      3.867645856281      2.099752504323
    8     -3.790855363226     -3.790328160527      1.993498468169
    8      3.837255052143     -3.847536326646      2.049711720058
    8     -3.814172667580      3.819139619576      2.075566680257
    8      3.745197418907      7.675221819424      1.909712172852
    8     -3.810515563070     -7.638963548577      2.154705464429
    8      7.627670203218      0.001911757679      2.125503567454
    8     -7.618430482842      3.878634136209      2.132334222822
    8     -7.655201226972     -3.798102512594      1.954939375045
    8     -7.619488674253      7.674500432413      1.967413505915
  258      1.913973639510     -0.008996830393      0.546031988056
  258     -1.926871765941     -0.017680496898      0.539802915310
  258      1.908480952599      3.816101128389      0.519059450432
  258     -1.911614529809     -3.820717427229      0.518431707293
  258      1.929092924345     -3.836344690193      0.539639175707
  258     -1.918499737338      3.802898133782      0.511306273085
  258      1.898755981567     -7.641959758058      0.481525463754
  258     -1.920439586359     -7.646899740746      0.529843816540
  258      5.745755624855      0.005125872697      0.554356668493
  258     -5.766470437563     -0.004617273198      0.555354395306
  258      5.757071530960      3.870850801271      0.624506956909
  258     -5.756790724812     -3.823364944430      0.527313696753
  258      5.751321157604     -3.848753764070      0.542872014077
  258     -5.747813544527      3.834155665768      0.540872139755
  258      5.760268634973      7.657955147643      0.577498703341
  258     -5.750863960388     -7.628582527827      0.518130494707
    8     -0.000590528083      0.000708925082     -0.694177428731
    8     -0.002079898983      3.822524627393     -0.707460755290
    8      0.008152442937     -3.832016960556     -0.717534697870
    8     -0.019723223407     -7.666930499553     -0.714791234024
    8      3.839285322359      0.008099515476     -0.688939307748
    8     -3.850622586094      0.002791770819     -0.691797513648
    8      3.847034091049      3.844364591114     -0.671436133154
    8     -3.835472118624     -3.830801742339     -0.734075727831
    8      3.842258621227     -3.838021264675     -0.714066676013
    8     -3.839764725284      3.830005762649     -0.699963066079
    8      3.838960631826      7.660241262549     -0.749038716668
    8     -3.825842759985     -7.666858796587     -0.694380940543
    8      7.662128487632      0.009994931307     -0.682272349150
    8     -7.678246105590      3.844669110785     -0.659830157092
    8      7.662152722182     -3.838091426516     -0.736960799311
    8      7.669893776175      7.666770923289     -0.732818120594
    8      1.921930127474      1.923808485337     -0.905568854905
    8     -1.923132200294     -1.912031707721     -0.909796462136
    8      1.920889864123     -1.911326214940     -0.904632866658
    8     -1.922238780565      1.915278173838     -0.911382613674
    8      1.912155929414      5.744345916159     -0.908622211592
    8     -1.917351979042     -5.751232990805     -0.911833414904
    8      1.920641580495     -5.759047749637     -0.915734064543
    8     -1.920188553677      5.741599521954     -0.904656872532
    8      5.754217461230      1.935265930756     -0.878000822708
    8     -5.763484281606     -1.910076928050     -0.896382861536
    8      5.751085765350     -1.911780848674     -0.894856203789
    8     -5.760608106726      1.930943507334     -0.895849413129
    8      5.757139911614      5.743960088888     -0.758078512011
    8     -5.754291819499     -5.750073756472     -0.904546288495
    8      5.753835950832     -5.767387577649     -0.868557744563
    8     -5.752453911282      5.745244339650     -0.890420010199
  258      0.001995243541      1.909239360647     -2.143825246860
  258      0.004566308793     -1.916903663844     -2.137352822403
  258     -0.005141341057      5.751367787596     -2.146080200258
  258     -0.001532924736     -5.744160238869     -2.149791308736
  258      3.847892107607      1.920761219193     -2.124360564397
  258     -3.842381032634     -1.916530701593     -2.138307275443
  258      3.839017621647     -1.918671172356     -2.133949548302
  258     -3.844872725667      1.911734843494     -2.138829129013
  258      3.839924554124      5.754648494239     -2.120100301738
  258     -3.835333479196     -5.743192038054     -2.145048757725
  258      3.846912501240     -5.757596016242     -2.136485442616
  258     -3.835813692623      5.753642523478     -2.136654142998
  258      7.661474020344      1.921443396202     -2.120101996145
  258      7.664852263844     -1.919840806830     -2.134174385392
  258     -7.670602734629      5.756864713494     -2.116358248246
  258      7.663747216997     -5.752960542917     -2.134070077179
    8      1.916209629862      1.918413794536     -3.588259911252
    8     -1.917764975018     -1.917595802889     -3.590240150801
    8      1.915781062446     -1.917480729347     -3.588166156993
    8     -1.917284518785      1.917655727559     -3.591523511434
    8      1.919965599481      5.753317479992     -3.584537660664
    8     -1.917800178427     -5.752829185140     -3.593020210764
    8      1.914937141110     -5.753824389784     -3.594516615452
    8     -1.919267431845      5.753526543227     -3.587670418093
    8      5.753543542942      1.921720679032     -3.580332253694
    8     -5.753282590846     -1.917551695700     -3.587219063053
    8      5.752244075777     -1.917919256277     -3.587930290543
    8     -5.753888627602      1.919055677957     -3.584891167340
    8      5.754708509237      5.753858774824     -3.535394872180
    8     -5.751490268605     -5.754118695995     -3.591661611503
    8      5.753418714809     -5.756937511147     -3.583455703028
    8     -5.758231268275      5.753672979140     -3.576094699002
    8      0.000000000000      0.000000000000     -3.390356274875
    8      0.000000000000      3.835750260159     -3.390356274875
    8      0.000000000000     -3.835750260159     -3.390356274875
    8      0.000000000000      7.671500520300     -3.390356274875
    8      3.835750260161      0.000000000000     -3.390356274875
    8     -3.835750260161      0.000000000000     -3.390356274875
    8      3.835750260161      3.835750260159     -3.390356274875
    8     -3.835750260161     -3.835750260159     -3.390356274875
    8      3.835750260161     -3.835750260159     -3.390356274875
    8     -3.835750260161      3.835750260159     -3.390356274875
    8      3.835750260161      7.671500520300     -3.390356274875
    8     -3.835750260161      7.671500520300     -3.390356274875
    8      7.671500520300      0.000000000000     -3.390356274875
    8      7.671500520300      3.835750260159     -3.390356274875
    8      7.671500520300     -3.835750260159     -3.390356274875
    8      7.671500520300      7.671500520300     -3.390356274875
  258      1.917875130081      0.000000000000     -4.746498784825
  258     -1.917875130081      0.000000000000     -4.746498784825
  258      1.917875130081      3.835750260159     -4.746498784825
  258     -1.917875130081     -3.835750260159     -4.746498784825
  258      1.917875130081     -3.835750260159     -4.746498784825
  258     -1.917875130081      3.835750260159     -4.746498784825
  258      1.917875130081      7.671500520300     -4.746498784825
  258     -1.917875130081      7.671500520300     -4.746498784825
  258      5.753625390240      0.000000000000     -4.746498784825
  258     -5.753625390240      0.000000000000     -4.746498784825
  258      5.753625390240      3.835750260159     -4.746498784825
  258     -5.753625390240     -3.835750260159     -4.746498784825
  258      5.753625390240     -3.835750260159     -4.746498784825
  258     -5.753625390240      3.835750260159     -4.746498784825
  258      5.753625390240      7.671500520300     -4.746498784825
  258     -5.753625390240      7.671500520300     -4.746498784825
    8      0.000000000000      0.000000000000     -6.100000000000
    8      0.000000000000      3.835750260159     -6.100000000000
    8      0.000000000000     -3.835750260159     -6.100000000000
    8      0.000000000000      7.671500520300     -6.100000000000
    8      3.835750260161      0.000000000000     -6.100000000000
    8     -3.835750260161      0.000000000000     -6.100000000000
    8      3.835750260161      3.835750260159     -6.100000000000
    8     -3.835750260161     -3.835750260159     -6.100000000000
    8      3.835750260161     -3.835750260159     -6.100000000000
    8     -3.835750260161      3.835750260159     -6.100000000000
    8      3.835750260161      7.671500520300     -6.100000000000
    8     -3.835750260161      7.671500520300     -6.100000000000
    8      7.671500520300      0.000000000000     -6.100000000000
    8      7.671500520300      3.835750260159     -6.100000000000
    8      7.671500520300     -3.835750260159     -6.100000000000
    8      7.671500520300      7.671500520300     -6.100000000000
   14     -7.165264650203      7.403129023466      6.114972809682
    8      7.278485426508     -7.123503456904      7.206988371077
    8     -7.790441851476      5.861768249348      6.006817539032
    8     -5.615343604288      7.462301897648      6.646621630979
    6      7.039417607454     -5.701194097285      7.150929260673
    6     -4.450112065335      7.515060160289      5.847929364020
    6     -7.539164522841      4.890988287039      7.047423409631
    6      8.313907089168     -4.887449151115      6.990047595332
    6     -3.549406641934     -6.676111653687      6.253868426584
    6     -7.258948858556      3.544171096446      6.431080255197
    1      8.081850921402     -3.816744109694      7.044030298550
    1     -2.596433019518     -6.730951720325      5.708317992549
    1     -7.065806355088      2.800774572520      7.211238116347
    1     -6.306266284397     -5.123358778774      7.777466394307
    1     -6.547154759584     -5.064589185114      6.022405385913
    1      6.526548914767     -5.450277446081      8.086975136805
    1      6.356553469224     -5.491221069947      6.313512421517
    1      7.211196276359      3.201408190290      5.860286515902
    1     -6.385029595657      3.585572614553      5.777319398861
    1     -6.683249773141      5.230680002250      7.648834139953
    1      6.918696193476      4.871060313725      7.699594811344
    1     -3.912487784648      6.559504054209      5.929309222501
    1     -4.748520971528      7.631365292779      4.779616482412
    1     -3.332651404510     -6.717586585695      7.324693584441
    1     -4.024555457207     -5.710536234627      6.040121747969
    8     -7.320392691622     -7.477854566562      4.580071793219
    6      4.484222371449      7.274703187179      5.781065966840
    6      4.414084943051      5.762730894122      6.029295128055
    1      3.430129089542      5.346854911625      5.769166379595
    1      3.604455678510      7.761082640925      6.233175456194
    1      5.381997833313      7.688979751391      6.242567786890
    1      5.201445878941      5.232909088947      5.471846867975
    1      4.577966983503      5.534237283285      7.084910002260
    0    0
