   2   1   1 E -4.0951905058558E+04 DE-7.4E-08( 14)
  0.153430010406E+02  0.000000000000E+00  0.000000000000E+00
  0.000000000000E+00  0.153430010406E+02  0.000000000000E+00
  0.000000000000E+00  0.000000000000E+00  0.500000000000E+03
    1
  0.100000000000E+01  0.000000000000E+00  0.000000000000E+00
  0.000000000000E+00  0.100000000000E+01  0.000000000000E+00
  0.000000000000E+00  0.000000000000E+00  0.100000000000E+01
  0.000000000000E+00  0.000000000000E+00  0.000000000000E+00
  225
    8      2.108517454852      2.351710980707      4.250906031152
    8     -2.240778790408     -1.469052983645      4.238737795758
    8      1.640199927120     -1.510051103118      4.245754031955
    8     -1.721773664803      2.329799988004      4.238168006175
    8      1.763562222240      6.126254278933      4.247603236407
    8     -1.645905097769     -5.119283746128      4.192547206784
    8      2.155130000518     -5.294622309069      4.234365771976
    8     -1.933585865454      6.092346664488      4.281863564852
    8      5.924840793760      2.313090982950      4.261449382517
    8     -6.065709062499     -1.543657749881      4.267848111423
    8      5.480362727674     -1.432107260853      4.240785220230
    8     -5.560111893340      1.977646585040      4.293816809891
    8      4.495739225732      7.560206326283      4.453160140069
    8     -5.416981586747     -4.906140394678      4.152716547675
    8      6.036977305126     -4.881882985091      4.132428511562
    8     -5.658226155854      5.441147817263      4.254725462687
  258      0.040381139817      1.939376141270      3.278181724254
  258     -0.095969996594     -1.900391227328      3.285851893121
  258     -0.088663001150      5.766908799294      3.231556077449
  258      0.080596917251     -5.692168475047      3.257793435255
  258      3.867041807316      1.955668885422      3.292587360045
  258     -3.975113640257     -1.915881921928      3.313352069151
  258      3.765581692098     -1.913190369407      3.270997155558
  258     -3.790502891114      1.912183132452      3.281399020069
  258      3.580421928760      5.878988686962      3.193289880973
  258     -3.748768536640     -5.623066732586      3.262160490364
  258      3.919399419956     -5.762793174076      3.325656162049
  258     -3.756535156835      5.760063162206      3.220573940842
  258     -7.619191054710      1.941375842908      3.306253642046
  258      7.552949476426     -1.936013872121      3.295490393564
  258     -7.432560953201      5.859976055686      3.275591899695
  258     -7.624109568978     -5.677871356886      3.278548208888
    8      1.905199451227      1.901596862947      1.736443665444
    8     -1.861795339303     -1.930905525268      1.729679084277
    8      1.942358153420     -1.933636820151      1.737159752832
    8     -1.928274427526      1.877068965357      1.730073814763
    8      1.864870183018      5.744005764051      1.736801252887
    8     -1.910325798220     -5.759294695358      1.724955637468
    8      1.857190853728     -5.775952243088      1.727714385346
    8     -1.920431443803      5.724132715079      1.733937524805
    8      5.744994107493      1.936397430138      1.752184564525
    8     -5.751491330082     -1.926095648957      1.750704892140
    8      5.727511669321     -1.945736757769      1.746262605707
    8     -5.773219286823      1.922226974703      1.744998998340
    8      5.750812168003      5.782997430891      2.108784043350
    8     -5.723802395774     -5.762878714156      1.752084983144
    8      5.755431190103     -5.834992641309      1.791051300954
    8     -5.714032787137      5.804195587212      1.768320734885
    8     -0.007734808305     -0.001133477690      2.159782332928
    8     -0.009005958047      3.816867156907      2.121012596881
    8      0.033080271487     -3.820743813347      2.111377996786
    8     -0.038203071240     -7.671170720636      2.149743036822
    8      3.816625214009      0.009925432189      2.154660234444
    8     -3.867604072714     -0.013998352651      2.150125885550
    8      3.811932610782      3.864933229788      2.149869064614
    8     -3.790756139246     -3.792934065872      2.043096667332
    8      3.839425589631     -3.852287802212      2.102418604206
    8     -3.811931268480      3.815351870942      2.122325049528
    8      3.746708606988      7.669349021686      1.963328523668
    8     -3.804531693292     -7.643553109332      2.201487704510
    8      7.628529594036     -0.001060729604      2.173181191274
    8     -7.616778774179      3.875233382036      2.179202735389
    8     -7.654689819856     -3.806775762740      2.008693128491
    8     -7.614026258178      7.671202726997      2.017716688185
  258      1.915486223081     -0.010349863557      0.581651763679
  258     -1.925705470764     -0.018802841168      0.575505408223
  258      1.910086178913      3.814018543070      0.555339808659
  258     -1.911065519717     -3.820684670923      0.553738687525
  258      1.929994900938     -3.837421280026      0.576527807011
  258     -1.917195816178      3.800325811635      0.545983142654
  258      1.901191023924     -7.644392624352      0.518971562518
  258     -1.917789785913     -7.648684543233      0.564551644790
  258      5.746672834148      0.003528620869      0.589278400699
  258     -5.765639829360     -0.006540095741      0.590684834252
  258      5.757618654464      3.869486733719      0.661147733463
  258     -5.756413958575     -3.825253833141      0.564248221375
  258      5.752644971997     -3.851567447827      0.581460343626
  258     -5.746932206343      3.831241903899      0.575206845970
  258      5.760941175355      7.655780290651      0.615155447855
  258     -5.748284889626     -7.630775936846      0.552451179617
    8      0.000829642177     -0.000046954285     -0.668210854586
    8     -0.000743561867      3.821118393959     -0.681707542687
    8      0.009016973743     -3.832343203495     -0.691797756332
    8     -0.017181101741     -7.668142054148     -0.688801033654
    8      3.840225883769      0.007105129470     -0.663271995578
    8     -3.849415451395      0.001654160624     -0.665977460872
    8      3.846603067525      3.843374430763     -0.644794920548
    8     -3.834773539199     -3.831308872432     -0.708934515658
    8      3.842963737929     -3.839517531183     -0.686932990920
    8     -3.838384538792      3.828359253032     -0.675125492928
    8      3.838584669628      7.658988296037     -0.722729488801
    8     -3.823966786929     -7.667919999257     -0.669531077635
    8      7.662817076348      0.008817628918     -0.656668874439
    8     -7.677095634785      3.843668078587     -0.633862271938
    8      7.662782433020     -3.839905836801     -0.710164084979
    8      7.671531835873      7.665383231492     -0.707189943138
    8      1.923152199064      1.923303843665     -0.883798498661
    8     -1.922145369588     -1.912566595482     -0.887616797839
    8      1.922186481535     -1.912121856692     -0.882373547211
    8     -1.921294489094      1.914689796591     -0.889739487296
    8      1.912877670466      5.743667991728     -0.885943276922
    8     -1.916213467213     -5.751968490455     -0.890580103626
    8      1.921446294320     -5.761078059855     -0.892509082499
    8     -1.918917106317      5.740386019079     -0.884210499088
    8      5.754643708074      1.933578817134     -0.857079786283
    8     -5.763237422414     -1.911560100601     -0.874019730623
    8      5.751880316000     -1.913170728880     -0.872566534041
    8     -5.760215308983      1.929788299360     -0.875047889720
    8      5.757673192574      5.743718548181     -0.732648000363
    8     -5.753340432415     -5.752184263798     -0.882187674199
    8      5.754084799270     -5.768866620764     -0.844150966085
    8     -5.751326323917      5.744486602520     -0.870145811883
  258      0.002504747591      1.908845895979     -2.132240430118
  258      0.005014648880     -1.917285022547     -2.125590472687
  258     -0.004514709222      5.750642153429     -2.134716800752
  258     -0.000875811514     -5.744759101758     -2.138113386185
  258      3.847852600195      1.920045911292     -2.112730934308
  258     -3.841981735492     -1.917112836550     -2.126545762700
  258      3.839345067389     -1.919330551295     -2.121984223473
  258     -3.844365920912      1.911176792783     -2.127481512790
  258      3.839333503450      5.754302683201     -2.107552497526
  258     -3.834755331708     -5.743607907143     -2.133809360489
  258      3.846619918789     -5.758400051950     -2.124048809652
  258     -3.835066826335      5.752797183821     -2.125857404445
  258      7.661720763948      1.920564546320     -2.108620761231
  258      7.665054691282     -1.920753229437     -2.122204318620
  258     -7.670043249244      5.756432266066     -2.104330141640
  258      7.664020631113     -5.753857602538     -2.121733797151
    8      1.916186989897      1.918260697836     -3.581222018576
    8     -1.917344563790     -1.917738741567     -3.583075591571
    8      1.916064955952     -1.917685510241     -3.580857603654
    8     -1.916854736406      1.917560853374     -3.584495840341
    8      1.920057907450      5.753201323359     -3.577092160863
    8     -1.917289322769     -5.752889983102     -3.586347991450
    8      1.915202768206     -5.753997528623     -3.587319544302
    8     -1.918681130975      5.753364252665     -3.581024008090
    8      5.753620994551      1.921589039026     -3.573372601689
    8     -5.752866604114     -1.917792534958     -3.579966515943
    8      5.752501409908     -1.918191202397     -3.580645781571
    8     -5.753285067727      1.918894009779     -3.578035849810
    8      5.754685265993      5.753815533440     -3.526997071964
    8     -5.751183910930     -5.754284310234     -3.584766237322
    8      5.753494086718     -5.757199589821     -3.575777050535
    8     -5.757769401889      5.753514387576     -3.569344797312
    8      0.000000000000      0.000000000000     -3.390356274875
    8      0.000000000000      3.835750260159     -3.390356274875
    8      0.000000000000     -3.835750260159     -3.390356274875
    8      0.000000000000      7.671500520300     -3.390356274875
    8      3.835750260161      0.000000000000     -3.390356274875
    8     -3.835750260161      0.000000000000     -3.390356274875
    8      3.835750260161      3.835750260159     -3.390356274875
    8     -3.835750260161     -3.835750260159     -3.390356274875
    8      3.835750260161     -3.835750260159     -3.390356274875
    8     -3.835750260161      3.835750260159     -3.390356274875
    8      3.835750260161      7.671500520300     -3.390356274875
    8     -3.835750260161      7.671500520300     -3.390356274875
    8      7.671500520300      0.000000000000     -3.390356274875
    8      7.671500520300      3.835750260159     -3.390356274875
    8      7.671500520300     -3.835750260159     -3.390356274875
    8      7.671500520300      7.671500520300     -3.390356274875
  258      1.917875130081      0.000000000000     -4.746498784825
  258     -1.917875130081      0.000000000000     -4.746498784825
  258      1.917875130081      3.835750260159     -4.746498784825
  258     -1.917875130081     -3.835750260159     -4.746498784825
  258      1.917875130081     -3.835750260159     -4.746498784825
  258     -1.917875130081      3.835750260159     -4.746498784825
  258      1.917875130081      7.671500520300     -4.746498784825
  258     -1.917875130081      7.671500520300     -4.746498784825
  258      5.753625390240      0.000000000000     -4.746498784825
  258     -5.753625390240      0.000000000000     -4.746498784825
  258      5.753625390240      3.835750260159     -4.746498784825
  258     -5.753625390240     -3.835750260159     -4.746498784825
  258      5.753625390240     -3.835750260159     -4.746498784825
  258     -5.753625390240      3.835750260159     -4.746498784825
  258      5.753625390240      7.671500520300     -4.746498784825
  258     -5.753625390240      7.671500520300     -4.746498784825
    8      0.000000000000      0.000000000000     -6.100000000000
    8      0.000000000000      3.835750260159     -6.100000000000
    8      0.000000000000     -3.835750260159     -6.100000000000
    8      0.000000000000      7.671500520300     -6.100000000000
    8      3.835750260161      0.000000000000     -6.100000000000
    8     -3.835750260161      0.000000000000     -6.100000000000
    8      3.835750260161      3.835750260159     -6.100000000000
    8     -3.835750260161     -3.835750260159     -6.100000000000
    8      3.835750260161     -3.835750260159     -6.100000000000
    8     -3.835750260161      3.835750260159     -6.100000000000
    8      3.835750260161      7.671500520300     -6.100000000000
    8     -3.835750260161      7.671500520300     -6.100000000000
    8      7.671500520300      0.000000000000     -6.100000000000
    8      7.671500520300      3.835750260159     -6.100000000000
    8      7.671500520300     -3.835750260159     -6.100000000000
    8      7.671500520300      7.671500520300     -6.100000000000
   14     -7.199016686576      7.329181335019      6.186301043777
    8      7.251227794992     -7.192785392444      7.283831743163
    8     -7.811578543338      5.783313199465      6.105135073481
    8     -5.653363077786      7.388979816657      6.733879246024
    6      7.060620545655     -5.764353583356      7.267373625488
    6     -4.471658307893      7.512440445564      5.974099975214
    6     -7.597920478456      4.846896566789      7.187242999767
    6      8.367055654035     -4.989911282938      7.214785222894
    6     -3.618819105618     -6.676706902320      6.468160866135
    6     -7.283651228501      3.475621919913      6.633430987339
    1      8.165090858121     -3.917122108575      7.311017238454
    1     -2.653371704653     -6.666035792079      5.944973831486
    1     -7.112478472259      2.770102557540      7.454410715658
    1     -6.304850431805     -5.291187095544      8.023885227397
    1     -6.455137448085     -5.139339357590      6.262750607710
    1      6.501425850060     -5.529960021831      8.181202711201
    1      6.434284814302     -5.500031616575      6.402522240486
    1      7.219525291603      3.095584090745      6.039595270853
    1     -6.387219612219      3.501983810593      6.010920447762
    1     -6.771950192550      5.211249965238      7.814786961310
    1      6.835831916505      4.839078750934      7.804352838951
    1     -3.909108104380      6.570325243484      6.021685273214
    1     -4.744694114449      7.677629241877      4.906124516901
    1     -3.424985564410     -6.773466216258      7.539276669294
    1     -4.124423080585     -5.722277535568      6.294284257912
    8     -7.358996935847     -7.552991486773      4.646654802048
    6      4.435443833285      7.299139536282      5.850796763443
    6      4.352233340669      5.793779003969      6.127180292241
    1      3.379062075973      5.373888538688      5.837608531136
    1      3.555810339373      7.802730742081      6.283938886560
    1      5.332958691598      7.707561791564      6.317236397322
    1      5.160125731001      5.255151389482      5.610706294742
    1      4.479269971987      5.592715692518      7.194290214243
    0    0
