   2   1   1 E -4.0951909843370E+04 DE 1.9E-08( 15)
  0.153430010406E+02  0.000000000000E+00  0.000000000000E+00
  0.000000000000E+00  0.153430010406E+02  0.000000000000E+00
  0.000000000000E+00  0.000000000000E+00  0.500000000000E+03
    1
  0.100000000000E+01  0.000000000000E+00  0.000000000000E+00
  0.000000000000E+00  0.100000000000E+01  0.000000000000E+00
  0.000000000000E+00  0.000000000000E+00  0.100000000000E+01
  0.000000000000E+00  0.000000000000E+00  0.000000000000E+00
  225
    8      2.106203258098      2.356035978399      4.180947544547
    8     -2.238306159648     -1.467881464408      4.168645291002
    8      1.642565465053     -1.508204420232      4.174810833456
    8     -1.724251672671      2.333148480578      4.167844150145
    8      1.765054946354      6.131828018987      4.179815828501
    8     -1.651345772722     -5.116432550204      4.124707539990
    8      2.151797868783     -5.289929237162      4.164595219317
    8     -1.935077724823      6.093500726479      4.215939507371
    8      5.922592965624      2.316973684347      4.193690654816
    8     -6.063034832631     -1.543871126846      4.199433714972
    8      5.482577547175     -1.430440416178      4.170709518612
    8     -5.561425628974      1.977795523327      4.224803683167
    8      4.531203414064      7.546230622708      4.405629292001
    8     -5.425337443962     -4.898736729605      4.081291688546
    8      6.031487648881     -4.872015191409      4.058119454221
    8     -5.659350594116      5.430576208480      4.186416843753
  258      0.038839897931      1.940193775401      3.210889437009
  258     -0.095049006296     -1.900781306354      3.218540625349
  258     -0.089039479560      5.767856756155      3.168015489255
  258      0.077320123522     -5.692617282317      3.193906748600
  258      3.866121819464      1.957519950233      3.226824608612
  258     -3.974128055747     -1.917288736734      3.247329293484
  258      3.766946838296     -1.913397749439      3.203904389298
  258     -3.792090086814      1.912632127218      3.214809040684
  258      3.587641765168      5.875874966868      3.129634903009
  258     -3.755043374030     -5.624324394627      3.200768716220
  258      3.918497779105     -5.758693414784      3.257503728903
  258     -3.760028418604      5.759041176111      3.158645586232
  258     -7.620327250227      1.942078667692      3.242241846949
  258      7.554438228830     -1.937360937362      3.229950154561
  258     -7.436177127239      5.850230949956      3.210550288810
  258     -7.627902054784     -5.673641209092      3.210491474861
    8      1.904630350837      1.901350785873      1.683961306610
    8     -1.862199427492     -1.932963075864      1.677412555947
    8      1.942091249920     -1.934568081995      1.683755558352
    8     -1.928686882341      1.876830136394      1.677421127753
    8      1.864925912700      5.745216425213      1.684802337853
    8     -1.912419641885     -5.761667933178      1.675123928368
    8      1.856372212716     -5.776714082977      1.675660005113
    8     -1.921404020905      5.724146809276      1.682817224302
    8      5.745003464815      1.934786674721      1.700289380917
    8     -5.751410125941     -1.927799487793      1.698694268745
    8      5.727924528931     -1.946782037161      1.693189442300
    8     -5.773314943533      1.921626283009      1.693248546863
    8      5.751672048728      5.778555008975      2.054502283466
    8     -5.726145877548     -5.764470211344      1.701642702464
    8      5.754923913718     -5.834307388767      1.737103666262
    8     -5.715008105864      5.802343341914      1.716585869156
    8     -0.008914828748     -0.000840271328      2.100580665430
    8     -0.009292087128      3.818067849359      2.063457346933
    8      0.032370860290     -3.821282870392      2.053586711329
    8     -0.039607043182     -7.670558938306      2.093593056279
    8      3.815990003763      0.010614582431      2.097043128574
    8     -3.868376394512     -0.014439070992      2.091957054594
    8      3.811714799386      3.864456986965      2.091858294658
    8     -3.791643022045     -3.794304165884      1.987171789001
    8      3.839015994631     -3.850281544503      2.042724291962
    8     -3.812725429476      3.815419339478      2.065636214977
    8      3.748580920626      7.670819012255      1.907093837661
    8     -3.809077687986     -7.643887434495      2.147366043704
    8      7.628275533266     -0.001237854412      2.116825626033
    8     -7.617512887842      3.871682608596      2.121013201257
    8     -7.654681021746     -3.805102381323      1.950519020663
    8     -7.616829359970      7.669625599466      1.961102255893
  258      1.914770498456     -0.010690638923      0.537962350032
  258     -1.926443901920     -0.019430577651      0.531926903336
  258      1.909682724838      3.814410395451      0.512416166059
  258     -1.911752318572     -3.822247583734      0.511498221695
  258      1.929693055587     -3.837896756427      0.532870654441
  258     -1.917781722007      3.800637090486      0.503526058591
  258      1.900886017328     -7.644125718257      0.476634507437
  258     -1.919517349851     -7.649377103004      0.523127067466
  258      5.746430151402      0.002974960272      0.546554379977
  258     -5.766005291460     -0.007133476942      0.547901657923
  258      5.757562274642      3.868243770220      0.617873631458
  258     -5.756931138463     -3.826236299668      0.521894367862
  258      5.752420674522     -3.851585250765      0.537624091007
  258     -5.747333304480      3.830673792408      0.533068989951
  258      5.761337412917      7.655133460878      0.572579961554
  258     -5.750332243120     -7.632084940820      0.511675802902
    8      0.000243505994     -0.000442077829     -0.698987395037
    8     -0.001129913500      3.821439851191     -0.711749094691
    8      0.008587284053     -3.833243287484     -0.721709148778
    8     -0.018136179407     -7.668334252726     -0.718442376347
    8      3.839991520025      0.006741323045     -0.693738798470
    8     -3.849945514788      0.001142422274     -0.696326457616
    8      3.847044741928      3.843078821246     -0.675097469349
    8     -3.835241744713     -3.832431267727     -0.737787702675
    8      3.843001501845     -3.839649603807     -0.717524660094
    8     -3.838812564213      3.828321603976     -0.704775588045
    8      3.839354281003      7.658959544159     -0.751689421353
    8     -3.825036320250     -7.668575132574     -0.698554740221
    8      7.662681697310      0.008361983771     -0.686748525409
    8     -7.677590400496      3.842804948446     -0.664163971306
    8      7.662676840433     -3.840174069932     -0.739619229209
    8      7.670848690180      7.664822531500     -0.736200927351
    8      1.922553047345      1.923100281734     -0.910442788587
    8     -1.922878474669     -1.913347658874     -0.914412119609
    8      1.921488447524     -1.912559872126     -0.909433746757
    8     -1.921721286638      1.914427653983     -0.916401298353
    8      1.912930118028      5.743534610096     -0.912016369884
    8     -1.917055536141     -5.752637948847     -0.915833377548
    8      1.921310279194     -5.760745986305     -0.919003023686
    8     -1.919598921408      5.740295175746     -0.909517287019
    8      5.754430507336      1.933464663332     -0.882983526701
    8     -5.763411008863     -1.912096065666     -0.900440186505
    8      5.751673305349     -1.913472628732     -0.899157641587
    8     -5.760213927584      1.929316765109     -0.901105262583
    8      5.757488355883      5.742660396814     -0.761440885501
    8     -5.754128508723     -5.752394532181     -0.907662365935
    8      5.754224859337     -5.768886776050     -0.870897633067
    8     -5.752199611171      5.743580958723     -0.895469704098
  258      0.002463222012      1.908849435539     -2.145972159726
  258      0.004925783189     -1.917486407855     -2.139422175917
  258     -0.004528362555      5.750742620856     -2.147882507803
  258     -0.000967433323     -5.744845839099     -2.151357766858
  258      3.848037076600      1.920050854148     -2.126418925870
  258     -3.842075042191     -1.917352013552     -2.140118200807
  258      3.839459362789     -1.919406665353     -2.135842731919
  258     -3.844397088976      1.911091378710     -2.141054315574
  258      3.839949582188      5.754149302421     -2.121392535928
  258     -3.835037676146     -5.743959128040     -2.146671890306
  258      3.847119763818     -5.758255410929     -2.137560922192
  258     -3.835344960026      5.752731581884     -2.138819980250
  258      7.661790879583      1.920573570812     -2.122224693828
  258      7.665191977798     -1.920737813541     -2.135771334139
  258     -7.670239116399      5.756040726875     -2.118036598600
  258      7.664047036889     -5.753803218874     -2.135014250919
    8      1.916202529990      1.918241612242     -3.586907899937
    8     -1.917785539802     -1.917870867948     -3.588718458770
    8      1.915896569966     -1.917729112853     -3.586698807963
    8     -1.917187377748      1.917491206349     -3.590197765710
    8      1.920032816549      5.753193058166     -3.582619072794
    8     -1.917718273379     -5.753055880546     -3.591525189000
    8      1.915079682943     -5.754020972618     -3.592745299702
    8     -1.919041287752      5.753354011856     -3.586402802739
    8      5.753499036834      1.921445591814     -3.579037860186
    8     -5.753194019967     -1.917891506262     -3.585537300177
    8      5.752408655409     -1.918284582582     -3.586337078410
    8     -5.753771766032      1.918837356358     -3.583663907111
    8      5.754613118899      5.753666389845     -3.533698972030
    8     -5.751461080546     -5.754332621539     -3.589931218200
    8      5.753521604748     -5.757274885434     -3.581526421413
    8     -5.758199492111      5.753426585183     -3.574774006114
    8      0.000000000000      0.000000000000     -3.390356274875
    8      0.000000000000      3.835750260159     -3.390356274875
    8      0.000000000000     -3.835750260159     -3.390356274875
    8      0.000000000000      7.671500520300     -3.390356274875
    8      3.835750260161      0.000000000000     -3.390356274875
    8     -3.835750260161      0.000000000000     -3.390356274875
    8      3.835750260161      3.835750260159     -3.390356274875
    8     -3.835750260161     -3.835750260159     -3.390356274875
    8      3.835750260161     -3.835750260159     -3.390356274875
    8     -3.835750260161      3.835750260159     -3.390356274875
    8      3.835750260161      7.671500520300     -3.390356274875
    8     -3.835750260161      7.671500520300     -3.390356274875
    8      7.671500520300      0.000000000000     -3.390356274875
    8      7.671500520300      3.835750260159     -3.390356274875
    8      7.671500520300     -3.835750260159     -3.390356274875
    8      7.671500520300      7.671500520300     -3.390356274875
  258      1.917875130081      0.000000000000     -4.746498784825
  258     -1.917875130081      0.000000000000     -4.746498784825
  258      1.917875130081      3.835750260159     -4.746498784825
  258     -1.917875130081     -3.835750260159     -4.746498784825
  258      1.917875130081     -3.835750260159     -4.746498784825
  258     -1.917875130081      3.835750260159     -4.746498784825
  258      1.917875130081      7.671500520300     -4.746498784825
  258     -1.917875130081      7.671500520300     -4.746498784825
  258      5.753625390240      0.000000000000     -4.746498784825
  258     -5.753625390240      0.000000000000     -4.746498784825
  258      5.753625390240      3.835750260159     -4.746498784825
  258     -5.753625390240     -3.835750260159     -4.746498784825
  258      5.753625390240     -3.835750260159     -4.746498784825
  258     -5.753625390240      3.835750260159     -4.746498784825
  258      5.753625390240      7.671500520300     -4.746498784825
  258     -5.753625390240      7.671500520300     -4.746498784825
    8      0.000000000000      0.000000000000     -6.100000000000
    8      0.000000000000      3.835750260159     -6.100000000000
    8      0.000000000000     -3.835750260159     -6.100000000000
    8      0.000000000000      7.671500520300     -6.100000000000
    8      3.835750260161      0.000000000000     -6.100000000000
    8     -3.835750260161      0.000000000000     -6.100000000000
    8      3.835750260161      3.835750260159     -6.100000000000
    8     -3.835750260161     -3.835750260159     -6.100000000000
    8      3.835750260161     -3.835750260159     -6.100000000000
    8     -3.835750260161      3.835750260159     -6.100000000000
    8      3.835750260161      7.671500520300     -6.100000000000
    8     -3.835750260161      7.671500520300     -6.100000000000
    8      7.671500520300      0.000000000000     -6.100000000000
    8      7.671500520300      3.835750260159     -6.100000000000
    8      7.671500520300     -3.835750260159     -6.100000000000
    8      7.671500520300      7.671500520300     -6.100000000000
   14     -7.174180827186      7.437597836465      6.164945834111
    8      7.261218854157     -7.159211427535      7.293697001191
    8     -7.778480681155      5.897154632053      5.978102835327
    8     -5.620033099949      7.488727938491      6.677508350915
    6      7.022868680725     -5.737803313752      7.306112291152
    6     -4.466682265107      7.586144589068      5.870562710268
    6     -7.582289965999      4.900692706376      7.009130550736
    6      8.299403813849     -4.924738884003      7.173742898038
    6     -3.562787166228     -6.626627428557      6.322538906891
    6     -7.288281575299      3.554361064456      6.389420894811
    1      8.074716637055     -3.859081542754      7.286277337617
    1     -2.625047469815     -6.638342825184      5.754102249674
    1     -7.138130965503      2.804157627214      7.174535089582
    1     -6.313416179999     -5.205866108545      7.938494580011
    1     -6.574987177321     -5.050503023085      6.191351209453
    1      6.513884481499     -5.531609778913      8.254817122909
    1      6.335151212087     -5.484576726969      6.485152189829
    1      7.213612003527      3.218646239203      5.771008844457
    1     -6.386353659699      3.590675069794      5.778101257363
    1     -6.756330324695      5.224763347104      7.655867111596
    1      6.852082046581      4.878679093291      7.624834487535
    1     -3.927805141740      6.630802066569      5.889669796535
    1     -4.784169239039      7.756789818116      4.817499506505
    1     -3.319866394593     -6.726797858143      7.381433337173
    1     -4.047542351772     -5.658350735846      6.177356814417
    8     -7.360172610222     -7.336354321225      4.674389267332
    6      4.475471068913      7.261747423317      5.801104167760
    6      4.428414265322      5.753038944458      6.059590361958
    1      3.457384165769      5.317499670020      5.793583340780
    1      3.582932487769      7.738524067889      6.235618453876
    1      5.358507859639      7.685072110435      6.284655582505
    1      5.232248453895      5.233945632101      5.517325352944
    1      4.582587839948      5.538228488086      7.118768560119
    0    0
