   2   1   1 E -4.0951915251803E+04 DE 2.0E-07( 11)
  0.153430010406E+02  0.000000000000E+00  0.000000000000E+00
  0.000000000000E+00  0.153430010406E+02  0.000000000000E+00
  0.000000000000E+00  0.000000000000E+00  0.500000000000E+03
    1
  0.100000000000E+01  0.000000000000E+00  0.000000000000E+00
  0.000000000000E+00  0.100000000000E+01  0.000000000000E+00
  0.000000000000E+00  0.000000000000E+00  0.100000000000E+01
  0.000000000000E+00  0.000000000000E+00  0.000000000000E+00
  225
    8      2.103137113706      2.365098249564      4.192395277339
    8     -2.234097380907     -1.461309584251      4.179142677825
    8      1.646511316729     -1.501035186445      4.186916575757
    8     -1.726293223627      2.340001334914      4.179115633866
    8      1.767266491564      6.144773394936      4.185902746670
    8     -1.650992250687     -5.091301627804      4.121907803379
    8      2.149412272723     -5.283252549167      4.172477016862
    8     -1.932782984579      6.098846552519      4.222768905598
    8      5.914834819734      2.321035300204      4.201156198715
    8     -6.059476582623     -1.538027309017      4.211429998457
    8      5.486736793356     -1.420085601222      4.181565527660
    8     -5.562054878947      1.965462978978      4.233570063403
    8      4.541140000357      7.552310119870      4.386013921428
    8     -5.426996499103     -4.867460270413      4.067756409221
    8      6.022721460399     -4.853282019537      4.053521351621
    8     -5.659146189014      5.429338561668      4.189208514090
  258      0.036586615755      1.942706941833      3.218621684859
  258     -0.091266252522     -1.898804536150      3.226551056829
  258     -0.086248528306      5.771051251294      3.173515032349
  258      0.075745052846     -5.687731985455      3.198677819321
  258      3.862263707454      1.959845540765      3.234258136734
  258     -3.970040709634     -1.915818714577      3.254598348405
  258      3.770406951746     -1.910511603882      3.213147588846
  258     -3.792233640926      1.912435749751      3.220744187893
  258      3.586359607800      5.879215138802      3.128230148565
  258     -3.756818811197     -5.615630354050      3.201108527070
  258      3.914827207255     -5.754804585858      3.258952353582
  258     -3.759534029488      5.762716916647      3.162207004218
  258     -7.623137817625      1.942387710644      3.248054844381
  258      7.557825116092     -1.934322831368      3.238803864082
  258     -7.439041673370      5.861857439488      3.214612831764
  258     -7.631980191564     -5.663577640148      3.203176995442
    8      1.902933075655      1.902179366730      1.693175576304
    8     -1.861256522233     -1.932496939379      1.686021770927
    8      1.942007278829     -1.933468786283      1.693131463573
    8     -1.928588544584      1.878167337452      1.686214563957
    8      1.861286329684      5.746076110716      1.687869683378
    8     -1.912029805709     -5.760622867377      1.681031672087
    8      1.856235285295     -5.776194119533      1.682709733608
    8     -1.921017533946      5.725465889208      1.689737952013
    8      5.744470912149      1.935079977936      1.708482822788
    8     -5.750196688256     -1.925780899474      1.706269884340
    8      5.727878219431     -1.944782844029      1.701608608548
    8     -5.773632978389      1.924196209123      1.701320303881
    8      5.750922335083      5.780379704833      2.059077220834
    8     -5.727014752858     -5.762083499220      1.703564117421
    8      5.752765087383     -5.831673602384      1.738663264416
    8     -5.714926159978      5.807342929806      1.720775214676
    8     -0.009496815170      0.001333100111      2.103403042341
    8     -0.008837885192      3.820576758229      2.065631747032
    8      0.034531891243     -3.818993668759      2.054120666943
    8     -0.040122170504     -7.667226742938      2.093846598706
    8      3.814626821855      0.013062948036      2.101064886772
    8     -3.867087536970     -0.012929295364      2.093563709196
    8      3.809760207616      3.867360254705      2.092786764878
    8     -3.789031327573     -3.790350141020      1.984396286212
    8      3.837818911013     -3.847426704429      2.042722217271
    8     -3.813119740237      3.817975231761      2.068126941003
    8      3.745578195117      7.674742423607      1.903774956229
    8     -3.809742644121     -7.639045925238      2.146274744759
    8      7.628485659821      0.001413529703      2.120010271445
    8     -7.617452143574      3.877384560248      2.125613599551
    8     -7.653887304208     -3.798183297663      1.946368477466
    8     -7.620148914396      7.673970056550      1.955599130811
  258      1.914418361714     -0.009395056750      0.542706521817
  258     -1.926256069307     -0.018261426773      0.536074100530
  258      1.908658744130      3.815525271650      0.515057081762
  258     -1.910433184125     -3.821224557348      0.513917005160
  258      1.929931014913     -3.836486600136      0.535739988279
  258     -1.917718857989      3.802562017083      0.507274466168
  258      1.898733690348     -7.642196304644      0.477619954923
  258     -1.919749277547     -7.647394225005      0.525404442164
  258      5.746218217683      0.004731553575      0.551093364659
  258     -5.765906778453     -0.004927168391      0.551593701267
  258      5.757873971192      3.869897979407      0.620059951880
  258     -5.755664396966     -3.823642483404      0.521743824383
  258      5.751585052667     -3.848612029179      0.538009084936
  258     -5.746839071293      3.833782080247      0.536322469184
  258      5.761088749153      7.657081542079      0.572045941900
  258     -5.750101728817     -7.629688101173      0.512375430201
    8     -0.000429148326      0.000266968184     -0.697164788116
    8     -0.001903899435      3.822012510696     -0.710669876622
    8      0.008655974312     -3.832184260229     -0.720825598400
    8     -0.019669621961     -7.667170466510     -0.718244642192
    8      3.839499067511      0.007745554766     -0.691720077102
    8     -3.850357483767      0.002445763445     -0.695046734772
    8      3.847589663931      3.843708731546     -0.674713894388
    8     -3.834926374703     -3.830923129656     -0.737904693429
    8      3.842720645145     -3.838045060684     -0.717494692387
    8     -3.839348818637      3.829448844227     -0.703555761238
    8      3.839415319438      7.659643677751     -0.752128904325
    8     -3.825362799101     -7.667431538720     -0.698470679379
    8      7.662388851373      0.009550095315     -0.685240747288
    8     -7.677997634173      3.843901553056     -0.663483700040
    8      7.662489315779     -3.838149367658     -0.740880724831
    8      7.669967635044      7.666153736904     -0.737493593239
    8      1.922180707594      1.923251836004     -0.907542829254
    8     -1.922715209287     -1.912201522783     -0.912093973698
    8      1.921152582522     -1.911466891751     -0.906657913835
    8     -1.921807680746      1.914612673775     -0.913498224305
    8      1.912433443740      5.743610172518     -0.911073569716
    8     -1.916721358567     -5.751311380991     -0.914567203426
    8      1.921190719404     -5.758813169326     -0.918191152950
    8     -1.919711102473      5.741079893747     -0.906945174102
    8      5.754599526222      1.935106775867     -0.879919372821
    8     -5.763025903548     -1.910057244674     -0.898700791442
    8      5.751298613227     -1.911924549888     -0.896864953431
    8     -5.760159616006      1.930350263960     -0.897922193342
    8      5.757557516162      5.743059216891     -0.761712012744
    8     -5.753662020836     -5.749903730880     -0.908263924004
    8      5.754201450000     -5.767635416384     -0.872072831082
    8     -5.751898865672      5.744502472055     -0.893584547513
  258      0.002084465669      1.908898364673     -2.145068378742
  258      0.004724139277     -1.917001945226     -2.138643782049
  258     -0.005062354092      5.751104037552     -2.147456331870
  258     -0.001389336064     -5.744208939001     -2.151340686403
  258      3.848095973599      1.920567606406     -2.125538917839
  258     -3.842181529504     -1.916583372574     -2.139814448545
  258      3.839064240916     -1.918653442980     -2.135235275563
  258     -3.844702019326      1.911458282448     -2.140135995800
  258      3.840225950835      5.754188190510     -2.121717768095
  258     -3.835035148967     -5.743435896699     -2.146933545104
  258      3.847191115988     -5.757784524818     -2.138162054675
  258     -3.835583881671      5.753382480542     -2.138252468316
  258      7.661675014241      1.921250904903     -2.121384545322
  258      7.664965410494     -1.919858199718     -2.135618668604
  258     -7.670395298805      5.756449118044     -2.118380264059
  258      7.663937062401     -5.753211853766     -2.136307341939
    8      1.916335261735      1.918278039145     -3.589645101450
    8     -1.917588317677     -1.917657731669     -3.591820182130
    8      1.915900874471     -1.917538224553     -3.589672287912
    8     -1.917128937419      1.917523173294     -3.592980846820
    8      1.919991911572      5.753166549491     -3.586252119638
    8     -1.917571047598     -5.752909942171     -3.594701121277
    8      1.915025365884     -5.753885006085     -3.596177884993
    8     -1.919073371849      5.753406609561     -3.589180202791
    8      5.753665967495      1.921592264659     -3.581704451986
    8     -5.753196498014     -1.917614943413     -3.588850300169
    8      5.752291672533     -1.917946720063     -3.589455753838
    8     -5.753780273879      1.918911964703     -3.586301712016
    8      5.754824437443      5.753673475841     -3.537441429809
    8     -5.751317530678     -5.754268852608     -3.593639742895
    8      5.753467983665     -5.757017821227     -3.585432126752
    8     -5.758041986321      5.753511363829     -3.577880010114
    8      0.000000000000      0.000000000000     -3.390356274875
    8      0.000000000000      3.835750260159     -3.390356274875
    8      0.000000000000     -3.835750260159     -3.390356274875
    8      0.000000000000      7.671500520300     -3.390356274875
    8      3.835750260161      0.000000000000     -3.390356274875
    8     -3.835750260161      0.000000000000     -3.390356274875
    8      3.835750260161      3.835750260159     -3.390356274875
    8     -3.835750260161     -3.835750260159     -3.390356274875
    8      3.835750260161     -3.835750260159     -3.390356274875
    8     -3.835750260161      3.835750260159     -3.390356274875
    8      3.835750260161      7.671500520300     -3.390356274875
    8     -3.835750260161      7.671500520300     -3.390356274875
    8      7.671500520300      0.000000000000     -3.390356274875
    8      7.671500520300      3.835750260159     -3.390356274875
    8      7.671500520300     -3.835750260159     -3.390356274875
    8      7.671500520300      7.671500520300     -3.390356274875
  258      1.917875130081      0.000000000000     -4.746498784825
  258     -1.917875130081      0.000000000000     -4.746498784825
  258      1.917875130081      3.835750260159     -4.746498784825
  258     -1.917875130081     -3.835750260159     -4.746498784825
  258      1.917875130081     -3.835750260159     -4.746498784825
  258     -1.917875130081      3.835750260159     -4.746498784825
  258      1.917875130081      7.671500520300     -4.746498784825
  258     -1.917875130081      7.671500520300     -4.746498784825
  258      5.753625390240      0.000000000000     -4.746498784825
  258     -5.753625390240      0.000000000000     -4.746498784825
  258      5.753625390240      3.835750260159     -4.746498784825
  258     -5.753625390240     -3.835750260159     -4.746498784825
  258      5.753625390240     -3.835750260159     -4.746498784825
  258     -5.753625390240      3.835750260159     -4.746498784825
  258      5.753625390240      7.671500520300     -4.746498784825
  258     -5.753625390240      7.671500520300     -4.746498784825
    8      0.000000000000      0.000000000000     -6.100000000000
    8      0.000000000000      3.835750260159     -6.100000000000
    8      0.000000000000     -3.835750260159     -6.100000000000
    8      0.000000000000      7.671500520300     -6.100000000000
    8      3.835750260161      0.000000000000     -6.100000000000
    8     -3.835750260161      0.000000000000     -6.100000000000
    8      3.835750260161      3.835750260159     -6.100000000000
    8     -3.835750260161     -3.835750260159     -6.100000000000
    8      3.835750260161     -3.835750260159     -6.100000000000
    8     -3.835750260161      3.835750260159     -6.100000000000
    8      3.835750260161      7.671500520300     -6.100000000000
    8     -3.835750260161      7.671500520300     -6.100000000000
    8      7.671500520300      0.000000000000     -6.100000000000
    8      7.671500520300      3.835750260159     -6.100000000000
    8      7.671500520300     -3.835750260159     -6.100000000000
    8      7.671500520300      7.671500520300     -6.100000000000
   14     -7.154144076206      7.386694289244      6.102819644745
    8      7.305628241753     -7.128325745574      7.195556009140
    8     -7.783302811511      5.845557158778      5.998848687414
    8     -5.595473080367      7.447988414335      6.607611402362
    6      7.044967016342     -5.709143177708      7.092738258332
    6     -4.453209330721      7.532506877332      5.783279536285
    6     -7.498549257397      4.852003908652      7.013479077973
    6      8.307253170721     -4.880380502695      6.943614862235
    6     -3.543322655869     -6.677341719291      6.208999147192
    6     -7.224333103557      3.517477724457      6.360763876020
    1      8.051449778321     -3.809359020272      6.918411136431
    1     -2.607327535247     -6.709590183954      5.637664429894
    1     -7.028742618628      2.750284733396      7.118372649402
    1     -6.343942139860     -5.053359009636      7.777190617634
    1     -6.500285919555     -5.103765724350      6.013033880694
    1      6.502321431622     -5.437812826783      8.004556002561
    1      6.384831198925     -5.532936962686      6.230874836767
    1      7.247634953296      3.188476886445      5.781169235753
    1     -6.352453122893      3.576951007128      5.709474371656
    1     -6.632601263155      5.185354674372      7.601979845437
    1      6.976347267216      4.811209175278      7.686718924258
    1     -3.911221067422      6.578893967166      5.813491554054
    1     -4.784013236763      7.689060747830      4.730678934013
    1     -3.294362981092     -6.757732441562      7.268869520730
    1     -4.026714030288     -5.708384891690      6.047794222825
    8     -7.336804817047     -7.482668711694      4.574051841086
    6      4.526227975703      7.220235446702      5.773292370839
    6      4.487495217714      5.699512876394      5.982023503479
    1      3.499017344795      5.276815171141      5.749910232542
    1      3.646200742214      7.678011678823      6.255038681091
    1      5.423346533057      7.636933837448      6.232549786702
    1      5.260647589968      5.192306350826      5.381170634228
    1      4.696183312514      5.444202480567      7.025391830321
    0    0
