   2   1   1 E -4.0951893520528E+04 DE-2.6E-08( 22)
  0.153430010406E+02  0.000000000000E+00  0.000000000000E+00
  0.000000000000E+00  0.153430010406E+02  0.000000000000E+00
  0.000000000000E+00  0.000000000000E+00  0.500000000000E+03
    1
  0.100000000000E+01  0.000000000000E+00  0.000000000000E+00
  0.000000000000E+00  0.100000000000E+01  0.000000000000E+00
  0.000000000000E+00  0.000000000000E+00  0.100000000000E+01
  0.000000000000E+00  0.000000000000E+00  0.000000000000E+00
  225
    8      2.110148828166      2.348535032206      4.297020985036
    8     -2.241393527064     -1.469754945426      4.284812989994
    8      1.639675318303     -1.510920394366      4.292144704155
    8     -1.720307383591      2.327442559480      4.284454654163
    8      1.764227703822      6.121143188602      4.296972326313
    8     -1.643919546951     -5.121324938283      4.237756697037
    8      2.156533186356     -5.295086768476      4.280201415027
    8     -1.933602830843      6.091141004133      4.325955432795
    8      5.925910713036      2.309686000578      4.304839159823
    8     -6.066374049932     -1.543717446362      4.312571673677
    8      5.480061217553     -1.432921955429      4.286218687905
    8     -5.559320306279      1.975891628540      4.338131329334
    8      4.502850640241      7.548933584250      4.537005256658
    8     -5.413492346338     -4.910511792157      4.197790090239
    8      6.039686441378     -4.884085262614      4.177095181606
    8     -5.656418009545      5.440922590371      4.295670561003
  258      0.041450546759      1.938188515532      3.321576553264
  258     -0.095840224944     -1.900350902738      3.329069026071
  258     -0.087952738486      5.765915971164      3.274797812920
  258      0.082261723225     -5.691455340863      3.299548394151
  258      3.867665671853      1.953391387560      3.334413745330
  258     -3.974909747671     -1.915478157755      3.355723321369
  258      3.765417908138     -1.912998604273      3.313416245720
  258     -3.789264904259      1.910968042409      3.323578129328
  258      3.581536057039      5.875986092887      3.241147682160
  258     -3.745799537911     -5.623144581708      3.301625345490
  258      3.919665151835     -5.761515308347      3.367264185480
  258     -3.754442366617      5.758630674852      3.259728051245
  258     -7.618471817654      1.939397272000      3.346299656293
  258      7.552915916111     -1.935450331570      3.337007513602
  258     -7.430293157131      5.859726124562      3.312811073600
  258     -7.622580777053     -5.678789636632      3.317581713684
    8      1.905672971533      1.901219246616      1.770879369536
    8     -1.861298622177     -1.930228940030      1.763798972940
    8      1.942709965301     -1.933094729672      1.771479880051
    8     -1.927618703578      1.876678057759      1.764335344353
    8      1.866145589008      5.744284373450      1.773756072838
    8     -1.909258874619     -5.758500749229      1.758050025227
    8      1.857767965829     -5.774846619473      1.761733866488
    8     -1.919130622145      5.723588815585      1.767562769984
    8      5.745268604088      1.935942890662      1.785207963118
    8     -5.751073477620     -1.925561542823      1.784086857505
    8      5.727732648433     -1.945168215078      1.779869350374
    8     -5.772699606723      1.921504076077      1.777759040316
    8      5.752631709312      5.783245121595      2.144124692277
    8     -5.722588626918     -5.762404035515      1.783699795752
    8      5.756064000063     -5.834229480198      1.824086223317
    8     -5.712725746119      5.803371378969      1.799509613433
    8     -0.006925352883     -0.001522608348      2.197170828857
    8     -0.008240249266      3.815961170599      2.158399871716
    8      0.033597534481     -3.820400169809      2.148113524452
    8     -0.036712491230     -7.671340507839      2.186839237146
    8      3.817076526441      0.009297744277      2.190862392709
    8     -3.866697378086     -0.014277715231      2.186622127389
    8      3.812350497339      3.863664940890      2.187013418089
    8     -3.789866345298     -3.792756357332      2.078608421361
    8      3.839672248889     -3.852023973547      2.138476839724
    8     -3.810684458338      3.814342653421      2.157581644094
    8      3.747818561059      7.669306684584      2.002264248002
    8     -3.802245867238     -7.644185780678      2.235785909185
    8      7.629116717728     -0.001587653343      2.208439639127
    8     -7.615895662260      3.874288113050      2.213463867630
    8     -7.654156078060     -3.807154081362      2.043742808486
    8     -7.612578184238      7.670905929893      2.050372833630
  258      1.916024459423     -0.010280073925      0.609550907398
  258     -1.925028958863     -0.018739742635      0.603389546193
  258      1.910681370365      3.813814228556      0.583618487050
  258     -1.910438781846     -3.820181010916      0.581009237621
  258      1.930371003220     -3.836928464466      0.604195162905
  258     -1.916353471319      3.799850665723      0.573327563303
  258      1.902131038258     -7.644119890737      0.547557053377
  258     -1.916536346067     -7.648612167044      0.591535778505
  258      5.747058339895      0.003503107455      0.616227702854
  258     -5.765099027311     -0.006623331346      0.617675763633
  258      5.758261320277      3.869173891264      0.688309273435
  258     -5.755829659655     -3.824957305270      0.590700299996
  258      5.753000826230     -3.851186449587      0.608381957824
  258     -5.746138968842      3.830610039691      0.601103085658
  258      5.761663979463      7.656007713995      0.641995794880
  258     -5.747087831498     -7.630832978186      0.577493808298
    8      0.001220089824      0.000045372343     -0.648506135807
    8     -0.000295625446      3.820981276774     -0.661989230141
    8      0.009311499140     -3.831949253781     -0.672502203691
    8     -0.016368835112     -7.668101782145     -0.669114288609
    8      3.840460429557      0.007194337796     -0.644005202709
    8     -3.848959858353      0.001681129068     -0.646750037668
    8      3.846694198352      3.843367340616     -0.625200336855
    8     -3.834384110772     -3.830929806088     -0.690481085581
    8      3.843115325608     -3.839249933464     -0.667890723629
    8     -3.837784816546      3.828010092340     -0.656525587336
    8      3.838708153327      7.658926767830     -0.703552172770
    8     -3.823188419045     -7.667889858141     -0.651123974474
    8      7.663097338007      0.008785939895     -0.637862841239
    8     -7.676496635953      3.843479183594     -0.615415161394
    8      7.663090447380     -3.839710753972     -0.692047350389
    8      7.672097205283      7.665391311690     -0.689667153475
    8      1.923578734670      1.923335595406     -0.866463312495
    8     -1.921594687518     -1.912339636550     -0.870291450564
    8      1.922577665886     -1.911921535959     -0.865132748091
    8     -1.920746819887      1.914513657153     -0.872510981091
    8      1.913358336463      5.743689926552     -0.867979962155
    8     -1.915536034260     -5.751788565941     -0.873932935257
    8      1.921889641920     -5.761068960084     -0.875154291908
    8     -1.918157555032      5.740246730786     -0.867488370217
    8      5.754900146182      1.933409264918     -0.840635539090
    8     -5.762823369530     -1.911404248997     -0.857161111989
    8      5.752173625394     -1.913044328128     -0.855832787817
    8     -5.759825359399      1.929545067360     -0.858586548644
    8      5.758036345172      5.743775991715     -0.714378548604
    8     -5.752714181446     -5.752172473688     -0.866212480769
    8      5.754313236385     -5.768713030618     -0.827433805458
    8     -5.750559713116      5.744379989396     -0.854468645327
  258      0.002599020523      1.908728885665     -2.123268217818
  258      0.005099050331     -1.917248395464     -2.116636310902
  258     -0.004343680015      5.750524237612     -2.125758392300
  258     -0.000702720545     -5.744750475280     -2.129287680641
  258      3.847827999959      1.919969402192     -2.103904854897
  258     -3.841860224081     -1.917088380930     -2.117810735810
  258      3.839328350517     -1.919300674396     -2.113201031213
  258     -3.844205362919      1.911032330269     -2.118803178014
  258      3.839245565206      5.754215074500     -2.098370050953
  258     -3.834537742490     -5.743594374865     -2.125491941713
  258      3.846581420664     -5.758421456656     -2.115308286219
  258     -3.834784270681      5.752639698545     -2.117537884232
  258      7.661798952530      1.920396195616     -2.100075376542
  258      7.665071584738     -1.920825759739     -2.113661751652
  258     -7.669826075055      5.756359672919     -2.095906121212
  258      7.664100073747     -5.753963798034     -2.113525877576
    8      1.916189620720      1.918250898248     -3.577970263006
    8     -1.917050308852     -1.917686451741     -3.579882533624
    8      1.916162824009     -1.917664601653     -3.577599432400
    8     -1.916588288225      1.917554095815     -3.581277292405
    8      1.920120276930      5.753174757138     -3.573777344252
    8     -1.916976067243     -5.752847234112     -3.583311631452
    8      1.915321241118     -5.753981924893     -3.584149805844
    8     -1.918337604156      5.753345235172     -3.577906520012
    8      5.753743001756      1.921632324511     -3.570266961499
    8     -5.752624123118     -1.917744501442     -3.576914438864
    8      5.752592866408     -1.918111462939     -3.577571430102
    8     -5.752923154595      1.918853687348     -3.574972245438
    8      5.754788958612      5.753796381430     -3.523290554993
    8     -5.750953894274     -5.754303502212     -3.581998442909
    8      5.753551550905     -5.757107918449     -3.572667856770
    8     -5.757436827809      5.753473382295     -3.566519249991
    8      0.000000000000      0.000000000000     -3.390356274875
    8      0.000000000000      3.835750260159     -3.390356274875
    8      0.000000000000     -3.835750260159     -3.390356274875
    8      0.000000000000      7.671500520300     -3.390356274875
    8      3.835750260161      0.000000000000     -3.390356274875
    8     -3.835750260161      0.000000000000     -3.390356274875
    8      3.835750260161      3.835750260159     -3.390356274875
    8     -3.835750260161     -3.835750260159     -3.390356274875
    8      3.835750260161     -3.835750260159     -3.390356274875
    8     -3.835750260161      3.835750260159     -3.390356274875
    8      3.835750260161      7.671500520300     -3.390356274875
    8     -3.835750260161      7.671500520300     -3.390356274875
    8      7.671500520300      0.000000000000     -3.390356274875
    8      7.671500520300      3.835750260159     -3.390356274875
    8      7.671500520300     -3.835750260159     -3.390356274875
    8      7.671500520300      7.671500520300     -3.390356274875
  258      1.917875130081      0.000000000000     -4.746498784825
  258     -1.917875130081      0.000000000000     -4.746498784825
  258      1.917875130081      3.835750260159     -4.746498784825
  258     -1.917875130081     -3.835750260159     -4.746498784825
  258      1.917875130081     -3.835750260159     -4.746498784825
  258     -1.917875130081      3.835750260159     -4.746498784825
  258      1.917875130081      7.671500520300     -4.746498784825
  258     -1.917875130081      7.671500520300     -4.746498784825
  258      5.753625390240      0.000000000000     -4.746498784825
  258     -5.753625390240      0.000000000000     -4.746498784825
  258      5.753625390240      3.835750260159     -4.746498784825
  258     -5.753625390240     -3.835750260159     -4.746498784825
  258      5.753625390240     -3.835750260159     -4.746498784825
  258     -5.753625390240      3.835750260159     -4.746498784825
  258      5.753625390240      7.671500520300     -4.746498784825
  258     -5.753625390240      7.671500520300     -4.746498784825
    8      0.000000000000      0.000000000000     -6.100000000000
    8      0.000000000000      3.835750260159     -6.100000000000
    8      0.000000000000     -3.835750260159     -6.100000000000
    8      0.000000000000      7.671500520300     -6.100000000000
    8      3.835750260161      0.000000000000     -6.100000000000
    8     -3.835750260161      0.000000000000     -6.100000000000
    8      3.835750260161      3.835750260159     -6.100000000000
    8     -3.835750260161     -3.835750260159     -6.100000000000
    8      3.835750260161     -3.835750260159     -6.100000000000
    8     -3.835750260161      3.835750260159     -6.100000000000
    8      3.835750260161      7.671500520300     -6.100000000000
    8     -3.835750260161      7.671500520300     -6.100000000000
    8      7.671500520300      0.000000000000     -6.100000000000
    8      7.671500520300      3.835750260159     -6.100000000000
    8      7.671500520300     -3.835750260159     -6.100000000000
    8      7.671500520300      7.671500520300     -6.100000000000
   14     -7.186422742206      7.347416205028      6.266724657940
    8      7.275525821675     -7.193106008642      7.387457650834
    8     -7.800315557755      5.801536789338      6.165914911823
    8     -5.631261993371      7.396430044386      6.794216221840
    6      7.088819915560     -5.763704667162      7.390117382391
    6     -4.459647525936      7.540856110388      6.019047159655
    6     -7.615347505707      4.859782132384      7.249763396218
    6      8.400422883886     -4.993817351653      7.320964914467
    6     -3.612564288072     -6.643755796179      6.517263165322
    6     -7.288971112785      3.488955043597      6.697497996939
    1      8.203467029938     -3.918992398062      7.417910372894
    1     -2.660668412866     -6.608167462681      5.969691915079
    1     -7.124536075435      2.782972218524      7.520590494388
    1     -6.261920065484     -5.299687035379      8.121261817508
    1     -6.435143437625     -5.150286373429      6.361820375465
    1      6.546332927734     -5.533964653818      8.315528855726
    1      6.450468026760     -5.490283876474      6.536277647813
    1      7.221435851815      3.107850927826      6.093195558962
    1     -6.384756458800      3.521791416256      6.084820280840
    1     -6.802162915396      5.216151602104      7.899491718469
    1      6.801396695303      4.850435197008      7.841854829923
    1     -3.885506872070      6.603757368702      6.042932808787
    1     -4.746973672386      7.721773837069      4.956255264399
    1     -3.391014025905     -6.760350904514      7.581324551941
    1     -4.140144299334     -5.695359030556      6.373435449750
    8     -7.364449360311     -7.499565959311      4.737983446478
    6      4.446853910929      7.295347442387      5.942387504859
    6      4.383850315500      5.791535794459      6.244122022431
    1      3.410861768671      5.356828575665      5.973463124875
    1      3.561492347763      7.791577375232      6.375312061175
    1      5.340963349680      7.711767063446      6.413931652410
    1      5.194557526244      5.253881290067      5.729086571145
    1      4.526369197122      5.611960485810      7.314038740678
    0    0
