   2   1   1 E -4.0955879339607E+04 DE-1.8E-07(  8)
  0.153430010406E+02  0.000000000000E+00  0.000000000000E+00
  0.000000000000E+00  0.153430010406E+02  0.000000000000E+00
  0.000000000000E+00  0.000000000000E+00  0.500000000000E+03
    1
  0.100000000000E+01  0.000000000000E+00  0.000000000000E+00
  0.000000000000E+00  0.100000000000E+01  0.000000000000E+00
  0.000000000000E+00  0.000000000000E+00  0.100000000000E+01
  0.000000000000E+00  0.000000000000E+00  0.000000000000E+00
  225
    8      2.096910289940      2.459329554381      4.040927576527
    8     -2.216119497995     -1.261818418606      3.986621462326
    8      1.545165955334     -1.200994185193      3.994028200136
    8     -1.702847456774      2.138302084175      4.116469716342
    8      2.010964608361      6.298520524734      4.033713839447
    8     -1.458798995296     -4.680143372047      3.912314752073
    8      2.174280321758     -5.012413607981      3.980889194857
    8     -1.864609989184      5.517751062216      4.090760800416
    8      5.886690607098      1.497225974345      4.053791759235
    8     -6.076003926261     -1.443423090034      4.073647364339
    8      5.429927419838     -1.731174263946      4.129537824439
    8     -5.568255893179      1.784435228008      4.124819406925
    8      5.621120025430      7.240409348755      3.886226255451
    8     -4.582562288739     -4.165062311310      4.067620907913
    8      5.857679760545     -5.052503272582      3.990260544111
    8     -8.459337491014      4.275911974007      4.110063714372
  258      0.016558030145      1.877594450420      3.095283288309
  258     -0.086764636307     -1.905064111616      3.083147067921
  258      0.052896441682      5.741217541771      3.011633038010
  258      0.086837119681     -5.614585456860      3.029969193712
  258      3.825608842027      1.912772554787      3.080152345943
  258     -3.906740301335     -1.979391494285      3.132913475519
  258      3.782296711532     -1.932520506300      3.077357341711
  258     -3.809295242097      1.852218434241      3.099293119044
  258      3.753946475639      5.804850063211      2.999914042403
  258     -3.715005982778     -5.586870772071      3.033213504863
  258      3.839942522696     -5.733485171421      3.048431006512
  258     -3.631444199300      5.772513340520      2.985736627023
  258     -7.727910893337      2.032875341468      3.139028203329
  258      7.603001429582     -1.866300261215      3.097034321879
  258      7.551811680823      5.773462575188      3.038959087725
  258     -7.830018441790     -5.765879239633      3.035298014616
    8      1.904528790226      1.860114366413      1.596551857421
    8     -1.864196196028     -1.966298001225      1.593724715707
    8      1.969268028786     -1.961686687885      1.600774884336
    8     -1.933517764617      1.885689319264      1.606281379731
    8      1.885906022088      5.697621514032      1.605737900016
    8     -1.855981764875     -5.785318176056      1.633603227231
    8      1.908998865888     -5.801449612626      1.589562664633
    8     -1.844167222250      5.768834425600      1.597801781529
    8      5.709829434900      2.001903994455      1.608954881822
    8     -5.798181116768     -1.955043762364      1.622677949529
    8      5.741253135084     -1.911517399816      1.612473200168
    8     -5.702932243071      1.960215218553      1.623279292698
    8      5.687123822947      5.723666117692      1.712375995725
    8     -5.750964323581     -5.755729878100      1.855507115005
    8      5.700787924683     -5.825342743951      1.601638412362
    8     -5.681695302228      5.784577362479      1.925178933691
    8     -0.038025126640     -0.019710016939      1.904807903271
    8      0.010896214763      3.809736124539      1.970689065282
    8      0.089862836553     -3.811299418851      1.806379592143
    8      0.002419532668     -7.686654156676      2.039264483098
    8      3.825742357699     -0.003094640944      1.963866546673
    8     -3.880685777402     -0.031147367595      1.920220515653
    8      3.803994143763      3.854271427533      1.973759970120
    8     -3.765873861244     -3.805528188720      1.687818520131
    8      3.862895577089     -3.863210153281      1.889279430424
    8     -3.766886055600      3.845526070064      2.018362483676
    8      3.742793411784     -7.705659657236      1.852953823006
    8     -3.752087096334     -7.662467121801      1.970421697205
    8      7.634995790542      0.059445926521      1.951519532856
    8      7.726748989533      3.880837995094      1.746892175447
    8      7.647104682432     -3.845370692661      1.938668266443
    8      7.634135513622      7.661749389736      1.803205297772
  258      1.903932547133     -0.027398619962      0.455902151315
  258     -1.939087191460     -0.027764882228      0.460847134271
  258      1.921907883591      3.789487631322      0.433964312471
  258     -1.899213927991     -3.811831869778      0.403923928576
  258      1.932556300766     -3.823507359773      0.415680390347
  258     -1.896180057544      3.788661403564      0.438301881808
  258      1.914335124532     -7.663312598801      0.411352816300
  258     -1.890780925786     -7.631629751883      0.427194590614
  258      5.749830200403      0.021657776816      0.476888043693
  258     -5.772272643018      0.010034619502      0.496661518301
  258      5.755136121357      3.832335855416      0.431400565747
  258     -5.760882242636     -3.826999347687      0.473979278439
  258      5.747175398663     -3.815041882638      0.446951948000
  258     -5.750675707025      3.838906254335      0.488109797849
  258      5.731706434223     -7.681179277729      0.411459379975
  258     -5.747997515622      7.691250396950      0.524815926773
    8     -0.009375922519     -0.004628835113     -0.776147192371
    8      0.001802402609      3.822090542578     -0.756364495285
    8      0.015912145877     -3.836537226185     -0.826438141726
    8      0.004397708131     -7.669866058670     -0.759079611873
    8      3.838433792535      0.004293131067     -0.756092724824
    8     -3.854213032649      0.007936279661     -0.765578934016
    8      3.827368794596      3.828392023848     -0.764778454684
    8     -3.853806743247     -3.845118944656     -0.847452982771
    8      3.855127083356     -3.831045853939     -0.793004563566
    8     -3.821514834327      3.841545046664     -0.736402381881
    8      3.825708779180     -7.678897748715     -0.798303981290
    8     -3.837765256844      7.673977188025     -0.735433592271
    8     -7.678836842606      0.005373009294     -0.753649437812
    8     -7.662677311095      3.847232610061     -0.819372364286
    8     -7.678040926270     -3.840687154496     -0.767558292132
    8     -7.659931085807      7.670053441099     -0.786006855403
    8      1.916501817049      1.910228185152     -0.964724796659
    8     -1.927195091282     -1.914147498202     -0.971499824319
    8      1.919751784082     -1.913285109083     -0.969069730729
    8     -1.917750077510      1.921231111259     -0.957326560133
    8      1.914904211170      5.738658155659     -0.958588013898
    8     -1.914089504118     -5.764104990289     -0.960558635578
    8      1.925466086171     -5.763922085551     -0.974535546767
    8     -1.913998013881      5.748407044840     -0.955892247663
    8      5.753264330599      1.920126922962     -0.955609385481
    8     -5.765070688853     -1.917015303032     -0.941070442449
    8      5.753880825713     -1.910051686419     -0.949233415078
    8     -5.757106916601      1.933053576470     -0.941509356153
    8      5.750913236608      5.756870985800     -0.923231154722
    8     -5.758013839561     -5.774937097725     -0.846072484007
    8      5.755239321982     -5.765057889074     -0.955461460885
    8     -5.744606583594      5.776471845880     -0.822293331243
  258     -0.003057752940      1.901376843760     -2.171661220500
  258     -0.001712490482     -1.912575216025     -2.178541839837
  258     -0.002919113542      5.745105245236     -2.170442721978
  258      0.004225534712     -5.744228401045     -2.185973301414
  258      3.838483436916      1.907337115982     -2.168465008038
  258     -3.853188816184     -1.917016062605     -2.163818338596
  258      3.843945485365     -1.909772580107     -2.168869183713
  258     -3.846635694798      1.910769084173     -2.156728764712
  258      3.831234043364      5.746269802550     -2.176171357950
  258     -3.846907042630     -5.746283179592     -2.156817905058
  258      3.842237330946     -5.748309778358     -2.180203091927
  258     -3.836918529344      5.757162503076     -2.142538008829
  258     -7.664854315982      1.920368328921     -2.159115311310
  258     -7.670559301208     -1.910702184092     -2.155824518894
  258     -7.656627223520      5.754504288006     -2.151174377576
  258     -7.665600293125     -5.754653842890     -2.152838768561
    8      1.917777850564      1.917380932510     -3.617384829547
    8     -1.914094114990     -1.917441737065     -3.625837012826
    8      1.919289442054     -1.916443542835     -3.621490852277
    8     -1.915389344618      1.918053302773     -3.614636673408
    8      1.917469190555      5.753118981478     -3.612661604496
    8     -1.917613064410     -5.754927501752     -3.616029425727
    8      1.918013651622     -5.754131487820     -3.624350530751
    8     -1.920272740016      5.754313587473     -3.606287111527
    8      5.747752854413      1.918903307073     -3.617823217222
    8     -5.757668020494     -1.919123893641     -3.615798070965
    8      5.751475334655     -1.917109471159     -3.612993959580
    8     -5.750761866867      1.920677731609     -3.614476009152
    8      5.753879254589      5.753975987981     -3.598307726759
    8     -5.754742009762     -5.756947637807     -3.580337813465
    8      5.756520658579     -5.755686600915     -3.614746817175
    8     -5.749214844589      5.755894483725     -3.566910050056
    8      0.000000000000      0.000000000000     -3.390356274875
    8      0.000000000000      3.835750260159     -3.390356274875
    8      0.000000000000     -3.835750260159     -3.390356274875
    8      0.000000000000      7.671500520300     -3.390356274875
    8      3.835750260161      0.000000000000     -3.390356274875
    8     -3.835750260161      0.000000000000     -3.390356274875
    8      3.835750260161      3.835750260159     -3.390356274875
    8     -3.835750260161     -3.835750260159     -3.390356274875
    8      3.835750260161     -3.835750260159     -3.390356274875
    8     -3.835750260161      3.835750260159     -3.390356274875
    8      3.835750260161      7.671500520300     -3.390356274875
    8     -3.835750260161      7.671500520300     -3.390356274875
    8      7.671500520300      0.000000000000     -3.390356274875
    8      7.671500520300      3.835750260159     -3.390356274875
    8      7.671500520300     -3.835750260159     -3.390356274875
    8      7.671500520300      7.671500520300     -3.390356274875
  258      1.917875130081      0.000000000000     -4.746498784825
  258     -1.917875130081      0.000000000000     -4.746498784825
  258      1.917875130081      3.835750260159     -4.746498784825
  258     -1.917875130081     -3.835750260159     -4.746498784825
  258      1.917875130081     -3.835750260159     -4.746498784825
  258     -1.917875130081      3.835750260159     -4.746498784825
  258      1.917875130081      7.671500520300     -4.746498784825
  258     -1.917875130081      7.671500520300     -4.746498784825
  258      5.753625390240      0.000000000000     -4.746498784825
  258     -5.753625390240      0.000000000000     -4.746498784825
  258      5.753625390240      3.835750260159     -4.746498784825
  258     -5.753625390240     -3.835750260159     -4.746498784825
  258      5.753625390240     -3.835750260159     -4.746498784825
  258     -5.753625390240      3.835750260159     -4.746498784825
  258      5.753625390240      7.671500520300     -4.746498784825
  258     -5.753625390240      7.671500520300     -4.746498784825
    8      0.000000000000      0.000000000000     -6.100000000000
    8      0.000000000000      3.835750260159     -6.100000000000
    8      0.000000000000     -3.835750260159     -6.100000000000
    8      0.000000000000      7.671500520300     -6.100000000000
    8      3.835750260161      0.000000000000     -6.100000000000
    8     -3.835750260161      0.000000000000     -6.100000000000
    8      3.835750260161      3.835750260159     -6.100000000000
    8     -3.835750260161     -3.835750260159     -6.100000000000
    8      3.835750260161     -3.835750260159     -6.100000000000
    8     -3.835750260161      3.835750260159     -6.100000000000
    8      3.835750260161      7.671500520300     -6.100000000000
    8     -3.835750260161      7.671500520300     -6.100000000000
    8      7.671500520300      0.000000000000     -6.100000000000
    8      7.671500520300      3.835750260159     -6.100000000000
    8      7.671500520300     -3.835750260159     -6.100000000000
    8      7.671500520300      7.671500520300     -6.100000000000
   14     -5.547391462228      7.458149551624      5.369752618166
    8     -5.428265998132      5.875247806814      4.812581533951
    8     -5.790479770152      7.520936099318      6.971254759956
    8     -3.987642613945     -7.360329576747      4.984537053749
    6     -5.555387710149      4.460422016616      5.157112172049
    6     -2.958459145953     -6.786810830695      5.845451414361
    6     -5.048643752977      6.742480440076      7.925039936005
    6     -4.314011938551      3.901386539793      5.825945819346
    6     -1.601640301592     -7.272931602996      5.361233571211
    6     10.568821975408      7.586229208372      9.155119151571
    1     -4.475910893003      2.829606138894      5.960149359185
    1     -0.830058478578     -6.556557857524      5.666809042300
    1     11.108872074085      6.994532947583      9.903732995592
    1     -4.130903310356      4.366119319032      6.797913347264
    1     -3.401318252124      4.033795022929      5.227224069776
    1     -6.477979082875      4.316033766700      5.723252550858
    1     -5.701425559429      3.966510781768      4.188060426465
    1      9.631897930355      7.938429970644      9.595234258597
    1     11.174102426141     -6.880309701278      8.901261619971
    1     -4.103896936011      6.388985914846      7.479870398583
    1     -5.640018855001      5.851418020300      8.180577856380
    1     -3.154227227639     -7.065088952235      6.885049260586
    1     -3.036489636145     -5.694336280506      5.759494855306
    1     -1.375512118666     -8.279776227088      5.707400254385
    1     -1.627890581362     -7.347928847233      4.263610369342
    8     -6.575850492880      8.175544156021      4.424330602102
    6      5.758984999098      7.350555016206      5.295911383718
    6      4.881691224564      6.327122057225      6.006240106926
    1      5.169770728863      5.323350705382      5.658991570779
    1      6.817045001042      7.179642121445      5.576722614334
    1      5.535851612595      8.386332960942      5.599622484081
    1      3.816611141258      6.495318657083      5.786674752258
    1      5.005562318618      6.354034687127      7.093828806584
    0    0
