   2   1   1 E -4.0955879257574E+04 DE-3.6E-07(  6)
  0.153430010406E+02  0.000000000000E+00  0.000000000000E+00
  0.000000000000E+00  0.153430010406E+02  0.000000000000E+00
  0.000000000000E+00  0.000000000000E+00  0.500000000000E+03
    1
  0.100000000000E+01  0.000000000000E+00  0.000000000000E+00
  0.000000000000E+00  0.100000000000E+01  0.000000000000E+00
  0.000000000000E+00  0.000000000000E+00  0.100000000000E+01
  0.000000000000E+00  0.000000000000E+00  0.000000000000E+00
  225
    8      2.096927667403      2.459357631566      4.040914076856
    8     -2.216181980049     -1.261835041570      3.986645807794
    8      1.545146740824     -1.201099075372      3.994086607413
    8     -1.702844610531      2.138339842078      4.116485131431
    8      2.010955613525      6.298569234192      4.033706854287
    8     -1.458832036183     -4.680091505507      3.912276902103
    8      2.174278630988     -5.012347765547      3.980869662736
    8     -1.864595237958      5.517734944720      4.090780136329
    8      5.886732642345      1.497157261847      4.053770826124
    8     -6.075980908137     -1.443380590208      4.073651302502
    8      5.429951438060     -1.731281600605      4.129526138928
    8     -5.568262868615      1.784454425391      4.124818011446
    8      5.621103105870      7.240436860355      3.886249031085
    8     -4.582788394202     -4.165158104568      4.067532610429
    8      5.857713524529     -5.052575164044      3.990290567579
    8     -8.459571105855      4.275976138807      4.109980313311
  258      0.016565845540      1.877588175858      3.095287986278
  258     -0.086765191007     -1.905100649087      3.083146148429
  258      0.052919780050      5.741194215215      3.011648287618
  258      0.086823243757     -5.614593346445      3.029954338494
  258      3.825633910640      1.912803088942      3.080151816751
  258     -3.906751256231     -1.979411306089      3.132924963220
  258      3.782272869643     -1.932519840659      3.077363857112
  258     -3.809281926096      1.852215347678      3.099278488816
  258      3.753970691431      5.804866507639      2.999927802390
  258     -3.715019462664     -5.586873079069      3.033212022103
  258      3.839942524042     -5.733469118780      3.048438154478
  258     -3.631415366688      5.772515046862      2.985731076212
  258     -7.727895419875      2.032871086126      3.139009729247
  258      7.603009757088     -1.866301484697      3.097052691301
  258      7.551799976360      5.773468577126      3.038968620466
  258     -7.829991688754     -5.765866581456      3.035313159786
    8      1.904512185541      1.860087337628      1.596565104063
    8     -1.864135673558     -1.966306703619      1.593735380505
    8      1.969281096370     -1.961683203739      1.600803212120
    8     -1.933496446681      1.885670151177      1.606297131407
    8      1.885913725816      5.697611097135      1.605735273502
    8     -1.856001332816     -5.785331903859      1.633620155381
    8      1.909032078393     -5.801455450210      1.589567664717
    8     -1.844164764666      5.768841673912      1.597828004433
    8      5.709827939927      2.001920418503      1.608963880544
    8     -5.798201152960     -1.955033720061      1.622675784348
    8      5.741257748576     -1.911522851461      1.612450949482
    8     -5.702906639827      1.960205439647      1.623300306260
    8      5.687118165052      5.723677298656      1.712365197683
    8     -5.750966487867     -5.755747624191      1.855440987882
    8      5.700782758316     -5.825323332876      1.601651771352
    8     -5.681681877701      5.784578438436      1.925218028619
    8     -0.037992176435     -0.019715781150      1.904852253577
    8      0.010908879893      3.809752254060      1.970690987268
    8      0.089894625393     -3.811339284405      1.806364210108
    8      0.002433052554     -7.686635811950      2.039278439326
    8      3.825744457356     -0.003102457094      1.963936003424
    8     -3.880676894736     -0.031166681303      1.920221377675
    8      3.803991743059      3.854284913421      1.973731297062
    8     -3.765863558173     -3.805493085278      1.687826639685
    8      3.862901360519     -3.863208299598      1.889270994242
    8     -3.766863255115      3.845519952573      2.018314680998
    8      3.742798558469     -7.705654021110      1.852975886104
    8     -3.752089802328     -7.662464563703      1.970371696827
    8      7.634986027870      0.059442994112      1.951505542661
    8      7.726790480854      3.880834620933      1.746906552140
    8      7.647112442255     -3.845362214047      1.938674005878
    8      7.634133860521      7.661737413336      1.803207873329
  258      1.903922847428     -0.027395789014      0.455904599627
  258     -1.939087163250     -0.027776869053      0.460851351435
  258      1.921925278905      3.789489532465      0.433972422620
  258     -1.899222317171     -3.811857096817      0.403912412704
  258      1.932560871329     -3.823508695860      0.415672712656
  258     -1.896166748558      3.788662867940      0.438283735028
  258      1.914336327554     -7.663318455578      0.411364633531
  258     -1.890771358482     -7.631637890420      0.427179460632
  258      5.749834176531      0.021654481803      0.476900875428
  258     -5.772265390350      0.010035742357      0.496668838850
  258      5.755130595909      3.832355298326      0.431408765744
  258     -5.760872479333     -3.826991209698      0.473973344630
  258      5.747190978731     -3.815029392176      0.446961915146
  258     -5.750657750819      3.838916569270      0.488113298514
  258      5.731713074427     -7.681152568417      0.411470878417
  258     -5.747983821641      7.691242156061      0.524826831892
    8     -0.009374352188     -0.004613563312     -0.776132764259
    8      0.001824830626      3.822083260934     -0.756365437045
    8      0.015907284178     -3.836525129775     -0.826438976498
    8      0.004420940824     -7.669889318654     -0.759089065576
    8      3.838438093990      0.004305853317     -0.756063145033
    8     -3.854234906628      0.007940682646     -0.765561602114
    8      3.827390480947      3.828402655848     -0.764793264601
    8     -3.853794125988     -3.845156971024     -0.847449608334
    8      3.855119290444     -3.831044346059     -0.793024945386
    8     -3.821506037130      3.841546272369     -0.736408335548
    8      3.825710551440     -7.678902712372     -0.798308086350
    8     -3.837769089520      7.673978145224     -0.735436703588
    8     -7.678846939105      0.005367301629     -0.753631453449
    8     -7.662680040158      3.847244972001     -0.819370448312
    8     -7.678031709995     -3.840666075786     -0.767547601401
    8     -7.659958423553      7.670064478007     -0.786008235514
    8      1.916512087254      1.910239287866     -0.964730530302
    8     -1.927207013923     -1.914135605992     -0.971492508517
    8      1.919736415978     -1.913274328649     -0.969052209151
    8     -1.917756134134      1.921225132824     -0.957312010841
    8      1.914916006934      5.738647082090     -0.958594297511
    8     -1.914072164358     -5.764091920947     -0.960542575863
    8      1.925453778815     -5.763937920818     -0.974533598643
    8     -1.913985114235      5.748396026775     -0.955846726166
    8      5.753277473225      1.920109225234     -0.955622641221
    8     -5.765048765812     -1.917034175647     -0.941088778523
    8      5.753880247230     -1.910021563661     -0.949250708442
    8     -5.757113086394      1.933069403717     -0.941504020333
    8      5.750916879592      5.756872006132     -0.923234804312
    8     -5.758026895663     -5.774952371914     -0.846110214483
    8      5.755227284271     -5.765035747775     -0.955440027167
    8     -5.744587605610      5.776468559691     -0.822297018922
  258     -0.003051768813      1.901378478295     -2.171660559608
  258     -0.001710152555     -1.912562052676     -2.178541057061
  258     -0.002918509024      5.745112928547     -2.170444012887
  258      0.004230865063     -5.744225958517     -2.185969511659
  258      3.838482273846      1.907343183148     -2.168465698728
  258     -3.853178450819     -1.917006285896     -2.163829409856
  258      3.843939969187     -1.909772200236     -2.168860548766
  258     -3.846638176097      1.910764290947     -2.156722871646
  258      3.831241168166      5.746279340093     -2.176165245001
  258     -3.846914209096     -5.746285362450     -2.156830133940
  258      3.842240523531     -5.748305508752     -2.180191729168
  258     -3.836912028495      5.757158763789     -2.142542919641
  258     -7.664852405955      1.920369953039     -2.159104074525
  258     -7.670554965362     -1.910698456796     -2.155821805013
  258     -7.656635488433      5.754501575916     -2.151163600168
  258     -7.665604321501     -5.754660156763     -2.152838694217
    8      1.917775626639      1.917378269257     -3.617392295875
    8     -1.914092757372     -1.917441881469     -3.625831277963
    8      1.919294649383     -1.916437749649     -3.621479690767
    8     -1.915406420916      1.918049483016     -3.614621786603
    8      1.917461303830      5.753115193604     -3.612656559648
    8     -1.917610711207     -5.754929746025     -3.616028070122
    8      1.918010988673     -5.754124561703     -3.624355013506
    8     -1.920271835576      5.754309251448     -3.606264283095
    8      5.747742909105      1.918893744091     -3.617831808023
    8     -5.757667046188     -1.919125192785     -3.615802866727
    8      5.751464062148     -1.917120401363     -3.612996455131
    8     -5.750762742693      1.920669381475     -3.614477168820
    8      5.753882068075      5.753977575480     -3.598317424429
    8     -5.754749145555     -5.756949927881     -3.580358321920
    8      5.756522751188     -5.755690418492     -3.614724356230
    8     -5.749215415935      5.755890665526     -3.566914622349
    8      0.000000000000      0.000000000000     -3.390356274875
    8      0.000000000000      3.835750260159     -3.390356274875
    8      0.000000000000     -3.835750260159     -3.390356274875
    8      0.000000000000      7.671500520300     -3.390356274875
    8      3.835750260161      0.000000000000     -3.390356274875
    8     -3.835750260161      0.000000000000     -3.390356274875
    8      3.835750260161      3.835750260159     -3.390356274875
    8     -3.835750260161     -3.835750260159     -3.390356274875
    8      3.835750260161     -3.835750260159     -3.390356274875
    8     -3.835750260161      3.835750260159     -3.390356274875
    8      3.835750260161      7.671500520300     -3.390356274875
    8     -3.835750260161      7.671500520300     -3.390356274875
    8      7.671500520300      0.000000000000     -3.390356274875
    8      7.671500520300      3.835750260159     -3.390356274875
    8      7.671500520300     -3.835750260159     -3.390356274875
    8      7.671500520300      7.671500520300     -3.390356274875
  258      1.917875130081      0.000000000000     -4.746498784825
  258     -1.917875130081      0.000000000000     -4.746498784825
  258      1.917875130081      3.835750260159     -4.746498784825
  258     -1.917875130081     -3.835750260159     -4.746498784825
  258      1.917875130081     -3.835750260159     -4.746498784825
  258     -1.917875130081      3.835750260159     -4.746498784825
  258      1.917875130081      7.671500520300     -4.746498784825
  258     -1.917875130081      7.671500520300     -4.746498784825
  258      5.753625390240      0.000000000000     -4.746498784825
  258     -5.753625390240      0.000000000000     -4.746498784825
  258      5.753625390240      3.835750260159     -4.746498784825
  258     -5.753625390240     -3.835750260159     -4.746498784825
  258      5.753625390240     -3.835750260159     -4.746498784825
  258     -5.753625390240      3.835750260159     -4.746498784825
  258      5.753625390240      7.671500520300     -4.746498784825
  258     -5.753625390240      7.671500520300     -4.746498784825
    8      0.000000000000      0.000000000000     -6.100000000000
    8      0.000000000000      3.835750260159     -6.100000000000
    8      0.000000000000     -3.835750260159     -6.100000000000
    8      0.000000000000      7.671500520300     -6.100000000000
    8      3.835750260161      0.000000000000     -6.100000000000
    8     -3.835750260161      0.000000000000     -6.100000000000
    8      3.835750260161      3.835750260159     -6.100000000000
    8     -3.835750260161     -3.835750260159     -6.100000000000
    8      3.835750260161     -3.835750260159     -6.100000000000
    8     -3.835750260161      3.835750260159     -6.100000000000
    8      3.835750260161      7.671500520300     -6.100000000000
    8     -3.835750260161      7.671500520300     -6.100000000000
    8      7.671500520300      0.000000000000     -6.100000000000
    8      7.671500520300      3.835750260159     -6.100000000000
    8      7.671500520300     -3.835750260159     -6.100000000000
    8      7.671500520300      7.671500520300     -6.100000000000
   14     -5.547387096265      7.458146684202      5.369737566693
    8     -5.428195452141      5.875232609655      4.812589550982
    8     -5.790468499494      7.520959236163      6.971248049081
    8     -3.987625933559     -7.360340684325      4.984526705577
    6     -5.555428379887      4.460402067444      5.157075109779
    6     -2.958457885097     -6.786813385994      5.845427076507
    6     -5.048602050042      6.742509138912      7.925014402838
    6     -4.314069854784      3.901335123813      5.825922105780
    6     -1.601610808559     -7.272894078052      5.361196641226
    6     10.568756839093      7.586229763911      9.155145116165
    1     -4.475934390421      2.829555674463      5.960118190065
    1     -0.830100626389     -6.556439879172      5.666652165265
    1     11.108870730016      6.994545928115      9.903705909187
    1     -4.130999008893      4.366080251506      6.797884320590
    1     -3.401371874066      4.033786712326      5.227220941382
    1     -6.478034722043      4.316044548328      5.723203290951
    1     -5.701461741167      3.966529127003      4.188007412700
    1      9.631754258561      7.938317541747      9.595269237982
    1     11.173938290671     -6.880223283294      8.901358461928
    1     -4.103810104331      6.389091260745      7.479844487407
    1     -5.639927809358      5.851405192513      8.180486424408
    1     -3.154210140885     -7.065103516536      6.885036446129
    1     -3.036536819356     -5.694325620987      5.759513812364
    1     -1.375378757106     -8.279694157341      5.707489775543
    1     -1.627945897133     -7.348033973305      4.263562289416
    8     -6.575853457477      8.175486704116      4.424306851406
    6      5.759070430990      7.350471827413      5.295929346274
    6      4.881602400554      6.327218199262      6.006254926867
    1      5.169513199575      5.323407580253      5.659020047411
    1      6.817081020511      7.179237482928      5.576691554010
    1      5.536238895004      8.386278860418      5.599726801719
    1      3.816565042024      6.495568413988      5.786673189162
    1      5.005472316311      6.354116631942      7.093843959449
    0    0
