   2   1   1 E -4.0955879339474E+04 DE-9.0E-09( 10)
  0.153430010406E+02  0.000000000000E+00  0.000000000000E+00
  0.000000000000E+00  0.153430010406E+02  0.000000000000E+00
  0.000000000000E+00  0.000000000000E+00  0.500000000000E+03
    1
  0.100000000000E+01  0.000000000000E+00  0.000000000000E+00
  0.000000000000E+00  0.100000000000E+01  0.000000000000E+00
  0.000000000000E+00  0.000000000000E+00  0.100000000000E+01
  0.000000000000E+00  0.000000000000E+00  0.000000000000E+00
  225
    8      2.096038957910      2.459984681702      4.040470797969
    8     -2.215802280087     -1.262168015707      3.986613796469
    8      1.545235347559     -1.200641053827      3.993845876261
    8     -1.703426989184      2.137848968227      4.116352917629
    8      2.011170188757      6.298657328303      4.033803829456
    8     -1.458803963254     -4.679932376094      3.912227286609
    8      2.174444348078     -5.012801163770      3.981078978558
    8     -1.864183033308      5.517983815802      4.090665263006
    8      5.885452439828      1.499681937835      4.054231862810
    8     -6.076089063761     -1.443200480480      4.073615410127
    8      5.429839660800     -1.730007558282      4.129436082580
    8     -5.568646041560      1.784463774166      4.124584088606
    8      5.620803604013      7.239928348216      3.886481379590
    8     -4.582761092753     -4.164691962652      4.067184245450
    8      5.857959397206     -5.052490492636      3.990452391013
    8     -8.454195785688      4.275800863352      4.112388753571
  258      0.016499873046      1.877625748299      3.095289514676
  258     -0.086786492599     -1.904983894861      3.083113037411
  258      0.052978624233      5.741258344610      3.011588161412
  258      0.086833712145     -5.614555833565      3.029983339525
  258      3.825326484535      1.912660067338      3.080138516652
  258     -3.906727335210     -1.979364374646      3.132882601230
  258      3.782306315137     -1.932521236860      3.077363142319
  258     -3.809330928821      1.852270459058      3.099359813518
  258      3.753747945426      5.804881662762      2.999836644704
  258     -3.714817692547     -5.586658152331      3.033053256853
  258      3.839913715097     -5.733625847367      3.048409437373
  258     -3.631221282586      5.772434710681      2.985667637433
  258     -7.727927697010      2.033199724729      3.139321769557
  258      7.603072898006     -1.866394663785      3.096985867505
  258      7.552171326844      5.773771116514      3.039069313436
  258     -7.830077720586     -5.766089788689      3.035327054962
    8      1.904653484948      1.860030515065      1.596292469560
    8     -1.864208340790     -1.966180465787      1.593572426324
    8      1.969253464648     -1.961720198775      1.600704964556
    8     -1.933589299354      1.885768863325      1.606119565943
    8      1.885852553259      5.697574487704      1.605672411713
    8     -1.855697576393     -5.785270552162      1.633479474881
    8      1.908918534802     -5.801470697478      1.589651946396
    8     -1.843744482295      5.768849530364      1.597767751791
    8      5.709853943255      2.001673246828      1.608889109459
    8     -5.798089791773     -1.955190616741      1.622685081817
    8      5.741280360399     -1.911664233120      1.612507944991
    8     -5.703087615391      1.960247522476      1.623087582402
    8      5.687241758670      5.723468054248      1.712803613190
    8     -5.750834139474     -5.755919278088      1.855790291418
    8      5.700817357340     -5.825325883438      1.601786700666
    8     -5.681787729596      5.784698923052      1.925757304272
    8     -0.038112055449     -0.019607510735      1.904701440247
    8      0.010839862453      3.809594084384      1.970615596246
    8      0.089887590072     -3.811227331767      1.806411428202
    8      0.002473814921     -7.686573884074      2.039290362955
    8      3.825785189548     -0.003184318632      1.963773792297
    8     -3.880816680921     -0.031119735554      1.920366721765
    8      3.804147068962      3.854221853709      1.973805485734
    8     -3.765791203231     -3.805425142148      1.687667828444
    8      3.862854725617     -3.863241243123      1.889379882805
    8     -3.766940658238      3.845585543753      2.018305876534
    8      3.742778383691     -7.705710075148      1.852776042463
    8     -3.751929082252     -7.662463449754      1.970480620951
    8      7.634943283018      0.059364603595      1.951852238247
    8      7.726282465574      3.880775909181      1.746895140410
    8      7.647184344679     -3.845596697976      1.938691266819
    8      7.633888604600      7.661943425775      1.802792093807
  258      1.903899819667     -0.027443022587      0.455796537547
  258     -1.939112499478     -0.027725735062      0.460789464342
  258      1.921814285596      3.789436476441      0.433969797766
  258     -1.899207259172     -3.811736026535      0.403861562511
  258      1.932570182364     -3.823493344997      0.415645809762
  258     -1.896246355902      3.788671282411      0.438342543631
  258      1.914279779181     -7.663248834466      0.411283812083
  258     -1.890778757586     -7.631647694819      0.427216332945
  258      5.749821316929      0.021684097054      0.476951395664
  258     -5.772332315287      0.010057030647      0.496682372619
  258      5.755110776074      3.832266397816      0.431371868969
  258     -5.760992952023     -3.827084353735      0.474019161980
  258      5.747124541500     -3.815078021946      0.446982429962
  258     -5.750779352042      3.838854579683      0.488175135819
  258      5.731695708262     -7.681218579449      0.411426509268
  258     -5.747957417830      7.691255183079      0.524866377326
    8     -0.009407876735     -0.004734072606     -0.776234777777
    8      0.001760545754      3.822128402801     -0.756448330913
    8      0.015956175989     -3.836486625745     -0.826423838295
    8      0.004307402083     -7.669853077397     -0.759074362106
    8      3.838414852234      0.004251918196     -0.756097526411
    8     -3.854230080584      0.007889401066     -0.765566707891
    8      3.827344006224      3.828330008862     -0.764709841483
    8     -3.853863334487     -3.845114685146     -0.847480764332
    8      3.855168191160     -3.831019890677     -0.792964313024
    8     -3.821653433509      3.841495828168     -0.736434311562
    8      3.825682614869     -7.678827624511     -0.798295798179
    8     -3.837707527139      7.674028745113     -0.735502240843
    8     -7.678780391956      0.005372010007     -0.753634412170
    8     -7.662683992907      3.847198924241     -0.819318071623
    8     -7.678059871604     -3.840751035452     -0.767547841774
    8     -7.659801824010      7.670018677090     -0.786124788881
    8      1.916461996375      1.910150395046     -0.964813044409
    8     -1.927234334660     -1.914187652186     -0.971562722622
    8      1.919800018354     -1.913332945977     -0.969137947322
    8     -1.917748544801      1.921238699721     -0.957406793747
    8      1.914900617100      5.738702795152     -0.958603455122
    8     -1.914063807678     -5.764058527429     -0.960615108532
    8      1.925460455865     -5.763822874644     -0.974498099979
    8     -1.914127644674      5.748413076248     -0.955876068890
    8      5.753218275296      1.920075972136     -0.955584796423
    8     -5.765167905216     -1.917050815685     -0.941006306724
    8      5.753889689711     -1.910144596717     -0.949222172371
    8     -5.757115990279      1.933020783351     -0.941550467803
    8      5.750891778921      5.756872042823     -0.923091971915
    8     -5.758019116863     -5.774906060067     -0.845907964094
    8      5.755266436506     -5.765151806446     -0.955426742594
    8     -5.744662630083      5.776485998423     -0.821967388028
  258     -0.003087581976      1.901358347223     -2.171651698649
  258     -0.001735021939     -1.912598062093     -2.178594353066
  258     -0.002904904139      5.745059302253     -2.170419905703
  258      0.004204038031     -5.744208579304     -2.185998372004
  258      3.838505614352      1.907307419641     -2.168444868108
  258     -3.853255270180     -1.917036336679     -2.163795348222
  258      3.843972078921     -1.909753074730     -2.168904440881
  258     -3.846656677628      1.910801318241     -2.156756656961
  258      3.831201187007      5.746217360156     -2.176187051227
  258     -3.846940742727     -5.746264885048     -2.156807479486
  258      3.842258828050     -5.748309421023     -2.180231086491
  258     -3.836949015977      5.757138378658     -2.142521325250
  258     -7.664880083024      1.920348020410     -2.159121072645
  258     -7.670566656396     -1.910733107573     -2.155791928666
  258     -7.656592067685      5.754532054795     -2.151159885292
  258     -7.665590135158     -5.754676557072     -2.152816840908
    8      1.917802229741      1.917393055874     -3.617403547538
    8     -1.914095626168     -1.917463886949     -3.625846152695
    8      1.919271873702     -1.916478355225     -3.621526190103
    8     -1.915343470985      1.918069806205     -3.614697269135
    8      1.917471069726      5.753114867545     -3.612672093807
    8     -1.917623952520     -5.754958097629     -3.616054554622
    8      1.918031574064     -5.754147264783     -3.624309512687
    8     -1.920319080501      5.754328129061     -3.606221849825
    8      5.747788319284      1.918969592542     -3.617788823441
    8     -5.757639183569     -1.919106837909     -3.615766717750
    8      5.751497530272     -1.917078817515     -3.613006389588
    8     -5.750771459103      1.920713895650     -3.614483095809
    8      5.753931191127      5.754027243674     -3.598236892659
    8     -5.754684800421     -5.756947523376     -3.580265054756
    8      5.756524227617     -5.755676168261     -3.614691390815
    8     -5.749245141416      5.755901967873     -3.566718299888
    8      0.000000000000      0.000000000000     -3.390356274875
    8      0.000000000000      3.835750260159     -3.390356274875
    8      0.000000000000     -3.835750260159     -3.390356274875
    8      0.000000000000      7.671500520300     -3.390356274875
    8      3.835750260161      0.000000000000     -3.390356274875
    8     -3.835750260161      0.000000000000     -3.390356274875
    8      3.835750260161      3.835750260159     -3.390356274875
    8     -3.835750260161     -3.835750260159     -3.390356274875
    8      3.835750260161     -3.835750260159     -3.390356274875
    8     -3.835750260161      3.835750260159     -3.390356274875
    8      3.835750260161      7.671500520300     -3.390356274875
    8     -3.835750260161      7.671500520300     -3.390356274875
    8      7.671500520300      0.000000000000     -3.390356274875
    8      7.671500520300      3.835750260159     -3.390356274875
    8      7.671500520300     -3.835750260159     -3.390356274875
    8      7.671500520300      7.671500520300     -3.390356274875
  258      1.917875130081      0.000000000000     -4.746498784825
  258     -1.917875130081      0.000000000000     -4.746498784825
  258      1.917875130081      3.835750260159     -4.746498784825
  258     -1.917875130081     -3.835750260159     -4.746498784825
  258      1.917875130081     -3.835750260159     -4.746498784825
  258     -1.917875130081      3.835750260159     -4.746498784825
  258      1.917875130081      7.671500520300     -4.746498784825
  258     -1.917875130081      7.671500520300     -4.746498784825
  258      5.753625390240      0.000000000000     -4.746498784825
  258     -5.753625390240      0.000000000000     -4.746498784825
  258      5.753625390240      3.835750260159     -4.746498784825
  258     -5.753625390240     -3.835750260159     -4.746498784825
  258      5.753625390240     -3.835750260159     -4.746498784825
  258     -5.753625390240      3.835750260159     -4.746498784825
  258      5.753625390240      7.671500520300     -4.746498784825
  258     -5.753625390240      7.671500520300     -4.746498784825
    8      0.000000000000      0.000000000000     -6.100000000000
    8      0.000000000000      3.835750260159     -6.100000000000
    8      0.000000000000     -3.835750260159     -6.100000000000
    8      0.000000000000      7.671500520300     -6.100000000000
    8      3.835750260161      0.000000000000     -6.100000000000
    8     -3.835750260161      0.000000000000     -6.100000000000
    8      3.835750260161      3.835750260159     -6.100000000000
    8     -3.835750260161     -3.835750260159     -6.100000000000
    8      3.835750260161     -3.835750260159     -6.100000000000
    8     -3.835750260161      3.835750260159     -6.100000000000
    8      3.835750260161      7.671500520300     -6.100000000000
    8     -3.835750260161      7.671500520300     -6.100000000000
    8      7.671500520300      0.000000000000     -6.100000000000
    8      7.671500520300      3.835750260159     -6.100000000000
    8      7.671500520300     -3.835750260159     -6.100000000000
    8      7.671500520300      7.671500520300     -6.100000000000
   14     -5.547239028010      7.458039139471      5.369755607673
    8     -5.423196863397      5.874898917818      4.814628154694
    8     -5.791172310417      7.521415607865      6.971113805050
    8     -3.988870916197     -7.356663365182      4.984404771227
    6     -5.553002340055      4.460384934135      5.159211258940
    6     -2.958967175508     -6.785163511863      5.845821103897
    6     -5.049847149174      6.742437020583      7.924960015685
    6     -4.311528158202      3.899637994698      5.826387339881
    6     -1.602667043987     -7.272789140195      5.361676093152
    6     10.568744004412      7.585920729835      9.154905320704
    1     -4.474208072908      2.827909376717      5.960229322059
    1     -0.830381433149     -6.557333416709      5.667432894601
    1     11.107953601848      6.993399227690      9.903486562764
    1     -4.126782782675      4.363649415562      6.798404098639
    1     -3.399490072539      4.031727170420      5.226610870259
    1     -6.475070387189      4.317510568436      5.726565658828
    1     -5.701100582378      3.966519630396      4.190479981512
    1      9.632411322119      7.939531246945      9.595128851765
    1     11.175254152292     -6.881532401292      8.901177398473
    1     -4.105607420544      6.388053025824      7.479659019362
    1     -5.641884353723      5.851952244519      8.180583396643
    1     -3.155434296669     -7.063786313680      6.885240827580
    1     -3.035647598162     -5.692548294225      5.760198749308
    1     -1.377574710385     -8.279906257894      5.707749160250
    1     -1.628679215676     -7.347671247696      4.263945001317
    8     -6.577076446689      8.172068887599      4.423211864423
    6      5.757963581421      7.350490619022      5.296228937548
    6      4.882421524406      6.325306690163      6.006291534501
    1      5.171947679532      5.322087576973      5.658559928168
    1      6.816265471962      7.181850769649      5.577282530834
    1      5.532390592797      8.385822244154      5.599887284040
    1      3.817012899101      6.492040016563      5.787147722528
    1      5.006563812392      6.352016045260      7.093857155069
    0    0
