   2   1   1 E -4.0955879335090E+04 DE-1.3E-07(  6)
  0.153430010406E+02  0.000000000000E+00  0.000000000000E+00
  0.000000000000E+00  0.153430010406E+02  0.000000000000E+00
  0.000000000000E+00  0.000000000000E+00  0.500000000000E+03
    1
  0.100000000000E+01  0.000000000000E+00  0.000000000000E+00
  0.000000000000E+00  0.100000000000E+01  0.000000000000E+00
  0.000000000000E+00  0.000000000000E+00  0.100000000000E+01
  0.000000000000E+00  0.000000000000E+00  0.000000000000E+00
  225
    8      2.092714303567      2.462446196039      4.038838575991
    8     -2.215450588490     -1.263336093121      3.986926622741
    8      1.545582822217     -1.200774181743      3.993971115848
    8     -1.705526758309      2.137333145296      4.115778362895
    8      2.011189708746      6.299349414494      4.033664794181
    8     -1.459309488020     -4.679494724238      3.911954297665
    8      2.174856297357     -5.013405491859      3.981600911180
    8     -1.863232581121      5.518487894067      4.090874356485
    8      5.881092143917      1.507587511869      4.055188373864
    8     -6.075554944045     -1.441900800534      4.073366951633
    8      5.430369795751     -1.727588852847      4.128799556025
    8     -5.570257465107      1.785627460515      4.123564333744
    8      5.620265261416      7.238524130259      3.887617363636
    8     -4.586460836562     -4.164973367169      4.065068072664
    8      5.859235115879     -5.053925823986      3.991619051071
    8     -8.438659856125      4.275304931514      4.119009139478
  258      0.016426348380      1.877837835138      3.095477987677
  258     -0.086780166753     -1.904975835278      3.083069280848
  258      0.053511079876      5.741015745536      3.011582601220
  258      0.086679348712     -5.614579678066      3.029901036413
  258      3.824508801107      1.912607162386      3.080085319673
  258     -3.906770499607     -1.979333012627      3.132808732013
  258      3.782211876063     -1.932471546994      3.077356053955
  258     -3.809394600888      1.852576931926      3.099296367708
  258      3.753402939667      5.805206333141      2.999651707990
  258     -3.714375609232     -5.586193647235      3.032594125695
  258      3.839864368656     -5.733819067026      3.048422511885
  258     -3.630247425620      5.771907332375      2.985663255831
  258     -7.728014684018      2.034534365338      3.140046800343
  258      7.603673118336     -1.866667219720      3.097010301352
  258      7.553217394233      5.774594242589      3.039470966596
  258     -7.829911903032     -5.766573222226      3.035615205619
    8      1.905074515671      1.859380938811      1.595657664374
    8     -1.863448866871     -1.965831855366      1.593352169137
    8      1.969294820901     -1.961771648219      1.600879495849
    8     -1.933551806553      1.885822561373      1.605671989127
    8      1.886054959630      5.697354929934      1.605332180514
    8     -1.854931434997     -5.785379609082      1.633375374380
    8      1.909313682184     -5.801570848824      1.590034174746
    8     -1.842150106393      5.768744735649      1.598071127174
    8      5.709889193387      2.001313526212      1.608658836859
    8     -5.797993460841     -1.955369062036      1.622669613053
    8      5.741596225721     -1.912190064486      1.612268482806
    8     -5.703309629810      1.960346561094      1.622677051429
    8      5.687713946288      5.722778095361      1.714300901203
    8     -5.750267318596     -5.756738418481      1.855870936645
    8      5.700779086341     -5.825115073598      1.602410486483
    8     -5.682002492696      5.785160391578      1.928288966232
    8     -0.037923269276     -0.019186681490      1.905231154009
    8      0.011240309703      3.809407813961      1.970053089717
    8      0.090331095148     -3.811523206876      1.806455070209
    8      0.003250082563     -7.686268371211      2.039459851156
    8      3.826004995157     -0.003694879359      1.964326200449
    8     -3.881119938122     -0.031129331386      1.920787397698
    8      3.804601135442      3.854171471987      1.973902651860
    8     -3.765269105987     -3.804639518565      1.687142117863
    8      3.862911487493     -3.863292918717      1.889735796844
    8     -3.767026108783      3.845593713525      2.017298671987
    8      3.743021197407     -7.705726011069      1.852738853935
    8     -3.751227926853     -7.662631535104      1.969996918068
    8      7.634633100844      0.059253327395      1.952818560533
    8      7.725229416158      3.880482963291      1.747157724504
    8      7.647507941022     -3.846157604912      1.938787322855
    8      7.633166190969      7.662374426012      1.801522800190
  258      1.903661230108     -0.027616183097      0.455588122201
  258     -1.939200934624     -0.027670024574      0.460687271720
  258      1.921775570000      3.789292480402      0.434042271534
  258     -1.899180193398     -3.811739521056      0.403505362157
  258      1.932662330655     -3.823493143274      0.415484425955
  258     -1.896112709139      3.788643822504      0.438073569321
  258      1.914181240179     -7.663099082150      0.411179330093
  258     -1.890703616358     -7.631764071910      0.427132089883
  258      5.749885316697      0.021704820911      0.477221059576
  258     -5.772379310837      0.010289784323      0.496838938419
  258      5.755035912513      3.832253084265      0.431405634103
  258     -5.761094256039     -3.827181356394      0.474102644290
  258      5.747204426201     -3.815049920963      0.447129123554
  258     -5.750940044384      3.838860786819      0.488420436337
  258      5.731845142068     -7.681142822948      0.411473232973
  258     -5.747538838429      7.691174032241      0.525243135680
    8     -0.009494018196     -0.004896651417     -0.776186294461
    8      0.001905959961      3.822237126890     -0.756901402400
    8      0.016095240454     -3.836193317043     -0.826384676026
    8      0.004358147441     -7.670089536307     -0.759274540051
    8      3.838403974836      0.004157708037     -0.755799610692
    8     -3.854491462009      0.007856659946     -0.765271177393
    8      3.827346289723      3.828281171906     -0.764635600724
    8     -3.853882363992     -3.845481963226     -0.847590312275
    8      3.855220142554     -3.831020471379     -0.793060186945
    8     -3.821935619378      3.841311069297     -0.736559390313
    8      3.825636319251     -7.678732742977     -0.798275077232
    8     -3.837535329743      7.674277857106     -0.735824283872
    8     -7.678782024149      0.005330229878     -0.753336168515
    8     -7.662591418452      3.847212585735     -0.819291335770
    8     -7.678011965662     -3.840685803723     -0.767435909375
    8     -7.659713157758      7.670022213073     -0.786542641602
    8      1.916404846422      1.910026005412     -0.965236024671
    8     -1.927439365734     -1.914163597647     -0.971690742944
    8      1.919776135074     -1.913367041692     -0.969124578140
    8     -1.917753023964      1.921201474844     -0.957529731310
    8      1.915060401155      5.738799039313     -0.958797746312
    8     -1.913758189861     -5.763657057778     -0.960556782535
    8      1.925285696682     -5.763825476374     -0.974267477327
    8     -1.914390753842      5.748271352496     -0.955321449476
    8      5.753237301098      1.919461383858     -0.955770713200
    8     -5.765192717753     -1.917323899363     -0.940995707256
    8      5.753927966737     -1.910090780046     -0.949382617759
    8     -5.757080925772      1.933141034662     -0.941689710494
    8      5.750806306100      5.756894922845     -0.922565104512
    8     -5.758146297906     -5.775006970744     -0.845830601932
    8      5.755243410059     -5.765324948310     -0.955039621947
    8     -5.744486173686      5.776480635255     -0.820846098473
  258     -0.003136755985      1.901314076728     -2.171654874468
  258     -0.001778404773     -1.912478414675     -2.178738898332
  258     -0.002922005921      5.745074450846     -2.170383462306
  258      0.004180709601     -5.744155665435     -2.185973809634
  258      3.838472888099      1.907309002355     -2.168445475748
  258     -3.853340768814     -1.916991023554     -2.163880349582
  258      3.843978521796     -1.909739993553     -2.168926724459
  258     -3.846783858632      1.910881288014     -2.156755364133
  258      3.831190230650      5.746172233741     -2.176146582668
  258     -3.847047608833     -5.746264411077     -2.156922238471
  258      3.842352106775     -5.748341596953     -2.180200805544
  258     -3.836918752246      5.757033105126     -2.142402704764
  258     -7.664893424078      1.920313943162     -2.159094723559
  258     -7.670529984105     -1.910816478786     -2.155619662123
  258     -7.656588400802      5.754545018273     -2.151013949251
  258     -7.665573088307     -5.754825984901     -2.152768059988
    8      1.917846179687      1.917406162940     -3.617627810014
    8     -1.914050936071     -1.917506425511     -3.625830080576
    8      1.919283884685     -1.916476713908     -3.621540651496
    8     -1.915380611919      1.918067634206     -3.614786796415
    8      1.917389162356      5.753078879200     -3.612649245231
    8     -1.917623223757     -5.755050473347     -3.616090758344
    8      1.918058320350     -5.754124624466     -3.624222407096
    8     -1.920412763016      5.754311366238     -3.605789106305
    8      5.747751903328      1.919009820605     -3.617841254451
    8     -5.757566223622     -1.919102205396     -3.615778873967
    8      5.751387876099     -1.917155546658     -3.613093693584
    8     -5.750804386117      1.920709640911     -3.614569392340
    8      5.754049376971      5.754134513973     -3.598018632391
    8     -5.754673868165     -5.757028803396     -3.580345577765
    8      5.756491583677     -5.755707758834     -3.614260408242
    8     -5.749406185330      5.755866961889     -3.566167951075
    8      0.000000000000      0.000000000000     -3.390356274875
    8      0.000000000000      3.835750260159     -3.390356274875
    8      0.000000000000     -3.835750260159     -3.390356274875
    8      0.000000000000      7.671500520300     -3.390356274875
    8      3.835750260161      0.000000000000     -3.390356274875
    8     -3.835750260161      0.000000000000     -3.390356274875
    8      3.835750260161      3.835750260159     -3.390356274875
    8     -3.835750260161     -3.835750260159     -3.390356274875
    8      3.835750260161     -3.835750260159     -3.390356274875
    8     -3.835750260161      3.835750260159     -3.390356274875
    8      3.835750260161      7.671500520300     -3.390356274875
    8     -3.835750260161      7.671500520300     -3.390356274875
    8      7.671500520300      0.000000000000     -3.390356274875
    8      7.671500520300      3.835750260159     -3.390356274875
    8      7.671500520300     -3.835750260159     -3.390356274875
    8      7.671500520300      7.671500520300     -3.390356274875
  258      1.917875130081      0.000000000000     -4.746498784825
  258     -1.917875130081      0.000000000000     -4.746498784825
  258      1.917875130081      3.835750260159     -4.746498784825
  258     -1.917875130081     -3.835750260159     -4.746498784825
  258      1.917875130081     -3.835750260159     -4.746498784825
  258     -1.917875130081      3.835750260159     -4.746498784825
  258      1.917875130081      7.671500520300     -4.746498784825
  258     -1.917875130081      7.671500520300     -4.746498784825
  258      5.753625390240      0.000000000000     -4.746498784825
  258     -5.753625390240      0.000000000000     -4.746498784825
  258      5.753625390240      3.835750260159     -4.746498784825
  258     -5.753625390240     -3.835750260159     -4.746498784825
  258      5.753625390240     -3.835750260159     -4.746498784825
  258     -5.753625390240      3.835750260159     -4.746498784825
  258      5.753625390240      7.671500520300     -4.746498784825
  258     -5.753625390240      7.671500520300     -4.746498784825
    8      0.000000000000      0.000000000000     -6.100000000000
    8      0.000000000000      3.835750260159     -6.100000000000
    8      0.000000000000     -3.835750260159     -6.100000000000
    8      0.000000000000      7.671500520300     -6.100000000000
    8      3.835750260161      0.000000000000     -6.100000000000
    8     -3.835750260161      0.000000000000     -6.100000000000
    8      3.835750260161      3.835750260159     -6.100000000000
    8     -3.835750260161     -3.835750260159     -6.100000000000
    8      3.835750260161     -3.835750260159     -6.100000000000
    8     -3.835750260161      3.835750260159     -6.100000000000
    8      3.835750260161      7.671500520300     -6.100000000000
    8     -3.835750260161      7.671500520300     -6.100000000000
    8      7.671500520300      0.000000000000     -6.100000000000
    8      7.671500520300      3.835750260159     -6.100000000000
    8      7.671500520300     -3.835750260159     -6.100000000000
    8      7.671500520300      7.671500520300     -6.100000000000
   14     -5.546138043916      7.457830560438      5.369343147286
    8     -5.404738659661      5.873974491198      4.821034026041
    8     -5.792754834062      7.523081920916      6.970272311592
    8     -3.992259887130     -7.344442911330      4.983863467549
    6     -5.546099154546      4.460958001690      5.166187376190
    6     -2.960329795222     -6.778811086090      5.846654387424
    6     -5.051656344122      6.743855497382      7.924500006601
    6     -4.305108348589      3.893928261857      5.828968749055
    6     -1.605488846538     -7.271302617822      5.362917612250
    6     10.573497389154      7.588982123627      9.151773175406
    1     -4.470865959974      2.822648489903      5.962359199915
    1     -0.830937624386     -6.558396851536      5.668388340921
    1     11.112519143480      6.996015976591      9.900154700471
    1     -4.115064999236      4.356531942309      6.800724206334
    1     -3.394996040115      4.024150284481      5.225939165909
    1     -6.466877766313      4.325381580390      5.737334719461
    1     -5.701294397273      3.966881925852      4.198776856766
    1      9.639865885454      7.947169472898      9.593852057173
    1     11.182713343868     -6.881414988446      8.894654248609
    1     -4.110114648621      6.384523542598      7.477529350429
    1     -5.646641848382      5.856572401733      8.183824840727
    1     -3.159098192147     -7.057780475630      6.885555410965
    1     -3.032619030242     -5.685920438187      5.761741946866
    1     -1.383549519464     -8.279045153129      5.709291231759
    1     -1.630873855282     -7.346542848646      4.265269312524
    8     -6.580845874324      8.160643911948      4.419218260166
    6      5.756556132500      7.347895822140      5.297505341739
    6      4.882369054256      6.320333091673      6.005994607041
    1      5.173537068907      5.318026362606      5.656891816329
    1      6.814741917037      7.180536241209      5.578764097690
    1      5.528839438708      8.382365154656      5.602337536126
    1      3.816648667769      6.485746233406      5.787309033464
    1      5.006461527716      6.345469219916      7.093573618471
    0    0
