   2   1   1 E -4.0955879326969E+04 DE-1.9E-08( 10)
  0.153430010406E+02  0.000000000000E+00  0.000000000000E+00
  0.000000000000E+00  0.153430010406E+02  0.000000000000E+00
  0.000000000000E+00  0.000000000000E+00  0.500000000000E+03
    1
  0.100000000000E+01  0.000000000000E+00  0.000000000000E+00
  0.000000000000E+00  0.100000000000E+01  0.000000000000E+00
  0.000000000000E+00  0.000000000000E+00  0.100000000000E+01
  0.000000000000E+00  0.000000000000E+00  0.000000000000E+00
  225
    8      2.089489871324      2.465993374916      4.036874778873
    8     -2.216510607776     -1.264732678919      3.987678328503
    8      1.546082663134     -1.201757634622      3.994400328625
    8     -1.707144661317      2.138735383552      4.115355796215
    8      2.010290779137      6.303003417510      4.032663619934
    8     -1.460945629693     -4.679984008877      3.911125134758
    8      2.175422075781     -5.012787375031      3.981654059865
    8     -1.861909559450      5.521093741638      4.091589922645
    8      5.877131202679      1.514646906616      4.056865933590
    8     -6.075334244416     -1.440316557508      4.072620661478
    8      5.430944606328     -1.725706382975      4.128077277221
    8     -5.571706533463      1.787459787580      4.122779507674
    8      5.617957141739      7.236007186753      3.888922396402
    8     -4.592177880659     -4.165503467502      4.061935919557
    8      5.861683660816     -5.054103899273      3.992515276878
    8     -8.424124944812      4.274587987218      4.124750907044
  258      0.015993817035      1.878285676142      3.095137387542
  258     -0.086294250893     -1.905263084854      3.082656974699
  258      0.053547739503      5.740872274188      3.011529961908
  258      0.086274708552     -5.615399902261      3.029898091167
  258      3.823926446253      1.913188576787      3.080256060952
  258     -3.907400914782     -1.978989405572      3.132899181249
  258      3.782007969857     -1.932247834945      3.077574017293
  258     -3.809756099615      1.852800702474      3.099216450440
  258      3.752569276312      5.805806967053      2.999398863432
  258     -3.714008297398     -5.585314544097      3.032102692351
  258      3.839735445005     -5.733665445453      3.048554941870
  258     -3.629291314057      5.771472143839      2.985109100759
  258     -7.728233589594      2.035475423178      3.140605363069
  258      7.603607026455     -1.867196323309      3.096928921892
  258      7.554269006428      5.775418159587      3.040094683973
  258     -7.829234179659     -5.767052788952      3.035820384496
    8      1.905241156122      1.859111354669      1.594781565286
    8     -1.861787241537     -1.965515398692      1.593243077026
    8      1.969483955898     -1.961898506739      1.601004484361
    8     -1.933946679137      1.885750798063      1.605719513066
    8      1.886130804111      5.697558171354      1.605065445833
    8     -1.854563020734     -5.785291665582      1.633155187099
    8      1.910009482040     -5.801280447249      1.590198800125
    8     -1.841248436209      5.768464751340      1.597682832279
    8      5.709485921796      2.000976324406      1.608442928776
    8     -5.799362714732     -1.955051142965      1.622026770714
    8      5.741936238830     -1.912738303427      1.611745219548
    8     -5.703657494384      1.960499973760      1.622250214187
    8      5.687736313530      5.721747122498      1.715950707163
    8     -5.750938004692     -5.757445458425      1.855056126999
    8      5.701083524413     -5.825269034091      1.603473858116
    8     -5.682953637598      5.785025035475      1.931142367724
    8     -0.037488280316     -0.019389180589      1.905205538165
    8      0.010721622875      3.808867796807      1.969353168510
    8      0.090705481878     -3.812080892809      1.807175782558
    8      0.003161374266     -7.685895168931      2.038982906149
    8      3.826038136095     -0.003576905270      1.965119497990
    8     -3.880805034309     -0.031238860982      1.920999569761
    8      3.804236635221      3.854186274502      1.973925846693
    8     -3.764665158179     -3.803247953541      1.686613814811
    8      3.863312739561     -3.863309185173      1.890126491457
    8     -3.766890738107      3.845873778845      2.016266989377
    8      3.743182104476     -7.705627329450      1.852219078150
    8     -3.750800790733     -7.662787039004      1.969463843493
    8      7.633396265433      0.059567885785      1.954177690185
    8      7.724239613957      3.880218552642      1.746988068800
    8      7.647764550641     -3.846611666033      1.938286238005
    8      7.632234887093      7.662485459816      1.799823929564
  258      1.903863961754     -0.027459650891      0.455254460402
  258     -1.939065222177     -0.027692847943      0.460787346019
  258      1.921632297196      3.789209321030      0.433857633211
  258     -1.899016503403     -3.811584253028      0.403256584286
  258      1.932785443456     -3.823508319436      0.415637473833
  258     -1.896274008235      3.788449953072      0.437615014689
  258      1.914006198049     -7.663071960792      0.411191156599
  258     -1.890658653130     -7.631884448721      0.426950515294
  258      5.749789090744      0.021997064760      0.477730556554
  258     -5.772689552773      0.010346766870      0.496959894824
  258      5.754931915148      3.832521791923      0.431775179405
  258     -5.761044583937     -3.826938117651      0.473835981080
  258      5.747568096973     -3.815311932560      0.447267127823
  258     -5.751022321659      3.838983487665      0.488497111137
  258      5.731931516282     -7.681089936483      0.411829952887
  258     -5.747518344359      7.691281221119      0.525305131115
    8     -0.009539711523     -0.004705862910     -0.776153046947
    8      0.002093423995      3.821850243942     -0.757191720378
    8      0.016236427006     -3.835921319898     -0.826295191870
    8      0.004271027991     -7.670330882751     -0.759499567355
    8      3.838505525769      0.004577974356     -0.755474935631
    8     -3.854972400209      0.007944578113     -0.765104407643
    8      3.827570001958      3.828348878017     -0.764992999657
    8     -3.853712372323     -3.845764475786     -0.847659452463
    8      3.855169196969     -3.831233258380     -0.792875038210
    8     -3.822145985649      3.841251582579     -0.737297430040
    8      3.825663286371     -7.678831788637     -0.798473658956
    8     -3.837664892479      7.674561599402     -0.735991211512
    8     -7.678466768633      0.005302718174     -0.752666659394
    8     -7.662629059668      3.847564394101     -0.819344189575
    8     -7.677874528137     -3.840459261799     -0.767655933874
    8     -7.659871195307      7.669872277350     -0.787204172692
    8      1.916463378119      1.910364889584     -0.965592057038
    8     -1.927586457473     -1.913935101780     -0.971543878261
    8      1.919878401883     -1.913312466246     -0.968952748910
    8     -1.917890319119      1.920939706614     -0.957672738438
    8      1.914906367237      5.738492166454     -0.958832263353
    8     -1.913476258007     -5.763675515925     -0.960507797333
    8      1.925114394912     -5.764031982553     -0.974255406130
    8     -1.914538435815      5.748029869850     -0.955163040449
    8      5.753396882879      1.920106155016     -0.956054562666
    8     -5.764904686977     -1.917565784641     -0.941368655603
    8      5.753907815125     -1.909857702617     -0.949898092499
    8     -5.757599285149      1.933356479663     -0.941555076001
    8      5.750906041058      5.756870733945     -0.921952106387
    8     -5.758247394531     -5.774979771173     -0.846113796508
    8      5.755225127047     -5.765142869315     -0.954378511688
    8     -5.744248554602      5.776498080167     -0.819939361602
  258     -0.003069009953      1.901400913365     -2.171905980978
  258     -0.001626913989     -1.912523107498     -2.178716193497
  258     -0.002820330332      5.745036633453     -2.170497559234
  258      0.004313275482     -5.744192493180     -2.186156999128
  258      3.838649261122      1.907292092657     -2.168405688537
  258     -3.853257043512     -1.916795700064     -2.163843797642
  258      3.844251074832     -1.909670618071     -2.168728237962
  258     -3.846863363673      1.910728565185     -2.156742427085
  258      3.831233739261      5.746305652386     -2.175992296158
  258     -3.846959762606     -5.746203730261     -2.156812232705
  258      3.842473945179     -5.748199565826     -2.180021950641
  258     -3.836952976808      5.757095465669     -2.142797965354
  258     -7.665051180791      1.920413068770     -2.158823643892
  258     -7.670573179025     -1.910615917498     -2.155816880595
  258     -7.656661845154      5.754591910202     -2.150780993990
  258     -7.665512219587     -5.754811624995     -2.152719677801
    8      1.917811088851      1.917333694439     -3.617894761471
    8     -1.914125068726     -1.917495195453     -3.625768017702
    8      1.919307931859     -1.916525492470     -3.621349535549
    8     -1.915506839567      1.918129301640     -3.614794012673
    8      1.917458058818      5.753175971366     -3.612661645562
    8     -1.917538686506     -5.755046441707     -3.616072135293
    8      1.918005701982     -5.754098065545     -3.624177742657
    8     -1.920421771343      5.754351519183     -3.605790107760
    8      5.747771658795      1.919018941634     -3.618218636194
    8     -5.757652209998     -1.919058808431     -3.615843617004
    8      5.751449845992     -1.917191138837     -3.613339583478
    8     -5.750809767654      1.920756958228     -3.614572518687
    8      5.754142871711      5.754111169936     -3.597922348366
    8     -5.754670953232     -5.756987890208     -3.580532804396
    8      5.756501720593     -5.755785703050     -3.614249622414
    8     -5.749237522430      5.755914091117     -3.565871710169
    8      0.000000000000      0.000000000000     -3.390356274875
    8      0.000000000000      3.835750260159     -3.390356274875
    8      0.000000000000     -3.835750260159     -3.390356274875
    8      0.000000000000      7.671500520300     -3.390356274875
    8      3.835750260161      0.000000000000     -3.390356274875
    8     -3.835750260161      0.000000000000     -3.390356274875
    8      3.835750260161      3.835750260159     -3.390356274875
    8     -3.835750260161     -3.835750260159     -3.390356274875
    8      3.835750260161     -3.835750260159     -3.390356274875
    8     -3.835750260161      3.835750260159     -3.390356274875
    8      3.835750260161      7.671500520300     -3.390356274875
    8     -3.835750260161      7.671500520300     -3.390356274875
    8      7.671500520300      0.000000000000     -3.390356274875
    8      7.671500520300      3.835750260159     -3.390356274875
    8      7.671500520300     -3.835750260159     -3.390356274875
    8      7.671500520300      7.671500520300     -3.390356274875
  258      1.917875130081      0.000000000000     -4.746498784825
  258     -1.917875130081      0.000000000000     -4.746498784825
  258      1.917875130081      3.835750260159     -4.746498784825
  258     -1.917875130081     -3.835750260159     -4.746498784825
  258      1.917875130081     -3.835750260159     -4.746498784825
  258     -1.917875130081      3.835750260159     -4.746498784825
  258      1.917875130081      7.671500520300     -4.746498784825
  258     -1.917875130081      7.671500520300     -4.746498784825
  258      5.753625390240      0.000000000000     -4.746498784825
  258     -5.753625390240      0.000000000000     -4.746498784825
  258      5.753625390240      3.835750260159     -4.746498784825
  258     -5.753625390240     -3.835750260159     -4.746498784825
  258      5.753625390240     -3.835750260159     -4.746498784825
  258     -5.753625390240      3.835750260159     -4.746498784825
  258      5.753625390240      7.671500520300     -4.746498784825
  258     -5.753625390240      7.671500520300     -4.746498784825
    8      0.000000000000      0.000000000000     -6.100000000000
    8      0.000000000000      3.835750260159     -6.100000000000
    8      0.000000000000     -3.835750260159     -6.100000000000
    8      0.000000000000      7.671500520300     -6.100000000000
    8      3.835750260161      0.000000000000     -6.100000000000
    8     -3.835750260161      0.000000000000     -6.100000000000
    8      3.835750260161      3.835750260159     -6.100000000000
    8     -3.835750260161     -3.835750260159     -6.100000000000
    8      3.835750260161     -3.835750260159     -6.100000000000
    8     -3.835750260161      3.835750260159     -6.100000000000
    8      3.835750260161      7.671500520300     -6.100000000000
    8     -3.835750260161      7.671500520300     -6.100000000000
    8      7.671500520300      0.000000000000     -6.100000000000
    8      7.671500520300      3.835750260159     -6.100000000000
    8      7.671500520300     -3.835750260159     -6.100000000000
    8      7.671500520300      7.671500520300     -6.100000000000
   14     -5.545613334476      7.456647830776      5.369403861734
    8     -5.380694934387      5.872740577428      4.829880004858
    8     -5.798101826583      7.522844908614      6.969579168414
    8     -3.998098262625     -7.327633404548      4.984841502222
    6     -5.537151017225      4.460988958208      5.172533541856
    6     -2.963310124953     -6.769749399947      5.849232200418
    6     -5.055958973397      6.746134594735      7.925551765411
    6     -4.297670793133      3.886030360036      5.831167704146
    6     -1.610379316889     -7.269056556436      5.366533050315
    6     10.568922468105      7.593984610925      9.150804265598
    1     -4.467759626221      2.815668089446      5.966559234983
    1     -0.832398470617     -6.558947238081      5.670993449757
    1     11.108408428374      7.002991769016      9.900456768401
    1     -4.101094027394      4.349442552514      6.801485000322
    1     -3.389720814541      4.012280120251      5.223919432257
    1     -6.457272596950      4.333180705869      5.746574351644
    1     -5.699686545056      3.968789955011      4.205339686421
    1      9.634945976599      7.952350876184      9.592019420104
    1     11.177422326560     -6.876428420713      8.892099867265
    1     -4.114731501421      6.385539646680      7.478963241119
    1     -5.650925469064      5.859425922926      8.187394493386
    1     -3.165105136569     -7.049069773876      6.887545044440
    1     -3.029697248680     -5.676492060630      5.764446676693
    1     -1.392285492245     -8.277197765033      5.714311988091
    1     -1.635317212180     -7.345983117150      4.269062856477
    8     -6.586122256816      8.144274875297      4.413816335753
    6      5.754077307758      7.345549379955      5.299098103525
    6      4.879860274285      6.317955362549      6.007059822188
    1      5.170924424157      5.315620248294      5.657796942488
    1      6.812241401995      7.177766511620      5.580375216625
    1      5.526420950956      8.380260642721      5.603712775925
    1      3.814228098651      6.483502574528      5.788230185804
    1      5.004171280820      6.342635637232      7.094634475622
    0    0
