   2   1   1 E -4.0955879338347E+04 DE 8.7E-08(  8)
  0.153430010406E+02  0.000000000000E+00  0.000000000000E+00
  0.000000000000E+00  0.153430010406E+02  0.000000000000E+00
  0.000000000000E+00  0.000000000000E+00  0.500000000000E+03
    1
  0.100000000000E+01  0.000000000000E+00  0.000000000000E+00
  0.000000000000E+00  0.100000000000E+01  0.000000000000E+00
  0.000000000000E+00  0.000000000000E+00  0.100000000000E+01
  0.000000000000E+00  0.000000000000E+00  0.000000000000E+00
  225
    8      2.094528552517      2.461070116593      4.039733330713
    8     -2.215592558964     -1.262837334239      3.986758883836
    8      1.545434547509     -1.200685118653      3.993829879821
    8     -1.704442243496      2.137443049036      4.116127402137
    8      2.011385013056      6.298940577928      4.033987765545
    8     -1.458985837464     -4.679627739371      3.912090024529
    8      2.174680273416     -5.013236443529      3.981342608266
    8     -1.863505164193      5.518210900152      4.090679825380
    8      5.883462728027      1.503586209237      4.054788944838
    8     -6.075977925346     -1.442598493284      4.073499488832
    8      5.429952623742     -1.728709240154      4.129263862835
    8     -5.569349693602      1.784884110810      4.124156802821
    8      5.620611325342      7.238802787139      3.887126721428
    8     -4.584241970072     -4.164640565841      4.066335530621
    8      5.858465943477     -5.052835110616      3.990948900295
    8     -8.446225653864      4.275343463860      4.115521139374
  258      0.016409509671      1.877718561676      3.095337085738
  258     -0.086773060106     -1.904982084740      3.083061060741
  258      0.053251534362      5.741186285910      3.011608029999
  258      0.086798687505     -5.614600278483      3.029999902302
  258      3.824936414035      1.912596748676      3.080142257249
  258     -3.906795362322     -1.979321393096      3.132889948976
  258      3.782262473717     -1.932532086960      3.077435274155
  258     -3.809375671657      1.852365189326      3.099372355941
  258      3.753568868177      5.804948017614      2.999789966761
  258     -3.714583449931     -5.586370886613      3.032831108748
  258      3.839896607597     -5.733799164675      3.048421860318
  258     -3.630764562073      5.772176843943      2.985542250530
  258     -7.727936527156      2.033797166583      3.139698377020
  258      7.603282980448     -1.866552729500      3.096993010974
  258      7.552811067417      5.774039074610      3.039240037568
  258     -7.830101616056     -5.766342596029      3.035488861044
    8      1.904863089365      1.859797725888      1.595922701376
    8     -1.863931835300     -1.966043710521      1.593417213389
    8      1.969254485816     -1.961788700163      1.600690798569
    8     -1.933625552894      1.885819832332      1.605915294460
    8      1.885949462747      5.697446568026      1.605563806488
    8     -1.855284011771     -5.785264208734      1.633349786802
    8      1.909001487230     -5.801551489782      1.589844634656
    8     -1.842935843466      5.768824928109      1.597855003860
    8      5.709860537316      2.001404619441      1.608778702920
    8     -5.798094349326     -1.955391552735      1.622648346645
    8      5.741371494253     -1.911860050491      1.612454864762
    8     -5.703242665028      1.960203800429      1.622825628514
    8      5.687429458555      5.723071199539      1.713489623139
    8     -5.750655273314     -5.756336904233      1.855937900946
    8      5.700837215560     -5.825229586532      1.602140503509
    8     -5.681932847413      5.784825578838      1.926840754167
    8     -0.038081043434     -0.019448727001      1.904788967151
    8      0.010879441119      3.809401382583      1.970456224306
    8      0.090028436942     -3.811306420768      1.806459526711
    8      0.002703059582     -7.686386845523      2.039339104950
    8      3.825872668620     -0.003392233300      1.963901398388
    8     -3.880981351211     -0.031169802950      1.920579635300
    8      3.804349001850      3.854212017435      1.973879519702
    8     -3.765624865232     -3.805091009732      1.687451381434
    8      3.862869631899     -3.863241317667      1.889573381864
    8     -3.767006818099      3.845590074828      2.017957479872
    8      3.742868934916     -7.705803359461      1.852691035365
    8     -3.751695976673     -7.662523681134      1.970438454261
    8      7.634784996891      0.059302152397      1.952416392506
    8      7.725646211710      3.880584005316      1.746901076485
    8      7.647288858404     -3.845932125168      1.938779365887
    8      7.633472772997      7.662142317503      1.802199823162
  258      1.903819431391     -0.027481287891      0.455631552779
  258     -1.939165491368     -0.027691966016      0.460719812037
  258      1.921738636322      3.789353778196      0.433984171007
  258     -1.899219631049     -3.811662085607      0.403724594718
  258      1.932605221803     -3.823487755221      0.415573876977
  258     -1.896291818024      3.788656193979      0.438317580525
  258      1.914197079007     -7.663188771612      0.411244961819
  258     -1.890743594958     -7.631721122268      0.427251617914
  258      5.749828409002      0.021705215920      0.477095755495
  258     -5.772413743666      0.010095504461      0.496725602820
  258      5.755064414902      3.832212987961      0.431342735667
  258     -5.761124398014     -3.827190893031      0.474084373737
  258      5.747117809815     -3.815093557431      0.447070027401
  258     -5.750891456529      3.838781013562      0.488292581556
  258      5.731723530277     -7.681198676215      0.411443813633
  258     -5.747841357579      7.691189919825      0.525021931093
    8     -0.009447337155     -0.004841290576     -0.776280926538
    8      0.001740980093      3.822135024506     -0.756608523082
    8      0.016033692207     -3.836366691664     -0.826411823174
    8      0.004229602066     -7.669921538523     -0.759077523898
    8      3.838389478202      0.004233012552     -0.755991729501
    8     -3.854327279056      0.007833577215     -0.765498878605
    8      3.827388000499      3.828248547456     -0.764643336322
    8     -3.853918419267     -3.845228996965     -0.847507166300
    8      3.855180536815     -3.830979046928     -0.792940308056
    8     -3.821859037422      3.841392790204     -0.736521642809
    8      3.825656201243     -7.678735292807     -0.798261727620
    8     -3.837607479033      7.674114640427     -0.735634812455
    8     -7.678719373433      0.005333385359     -0.753521708229
    8     -7.662709963660      3.847181773672     -0.819240384007
    8     -7.678064636051     -3.840782927592     -0.767477921666
    8     -7.659686562409      7.669982364309     -0.786303994324
    8      1.916435254746      1.910054730558     -0.964984234732
    8     -1.927341052261     -1.914208141945     -0.971604102759
    8      1.919814395644     -1.913364431829     -0.969198477137
    8     -1.917776499568      1.921191204159     -0.957488452183
    8      1.914923128299      5.738742287035     -0.958635340096
    8     -1.913967960873     -5.763929658903     -0.960606714174
    8      1.925405582439     -5.763731642665     -0.974409623420
    8     -1.914294197704      5.748370755963     -0.955691834618
    8      5.753186080465      1.919903827376     -0.955601879658
    8     -5.765247930045     -1.917182325611     -0.940990590916
    8      5.753887199251     -1.910192571886     -0.949265705380
    8     -5.757162862804      1.933004886531     -0.941607910825
    8      5.750864043346      5.756861043800     -0.922857435501
    8     -5.758088816096     -5.774911081304     -0.845811603070
    8      5.755270999158     -5.765227730464     -0.955264662453
    8     -5.744668876094      5.776481333463     -0.821428870626
  258     -0.003122399287      1.901302912164     -2.171656086794
  258     -0.001758671704     -1.912587068437     -2.178673436879
  258     -0.002875490258      5.745013634824     -2.170366851135
  258      0.004199680498     -5.744178989474     -2.186014376792
  258      3.838542027878      1.907282386969     -2.168411933507
  258     -3.853324839151     -1.917037224018     -2.163801990408
  258      3.843988517697     -1.909715775558     -2.168939038381
  258     -3.846725301494      1.910829330218     -2.156777367056
  258      3.831183995439      5.746168140251     -2.176185392952
  258     -3.847008617933     -5.746246584541     -2.156828363416
  258      3.842316984032     -5.748286767458     -2.180229901392
  258     -3.836987037278      5.757068700537     -2.142488099229
  258     -7.664926716098      1.920307435172     -2.159091860758
  258     -7.670551300540     -1.910774719312     -2.155733485550
  258     -7.656561592362      5.754569738989     -2.151104277232
  258     -7.665565445632     -5.754731137760     -2.152760907192
    8      1.917849394861      1.917400618868     -3.617467797577
    8     -1.914094674874     -1.917505002651     -3.625821521372
    8      1.919253457510     -1.916518801167     -3.621544153250
    8     -1.915302691567      1.918076613567     -3.614750334442
    8      1.917461178655      5.753090764135     -3.612664342643
    8     -1.917647315685     -5.755024633936     -3.616058859597
    8      1.918061828415     -5.754144510612     -3.624232360732
    8     -1.920384195859      5.754341716964     -3.606055193369
    8      5.747821593449      1.919053785402     -3.617766274410
    8     -5.757589629241     -1.919079154617     -3.615734476672
    8      5.751503028853     -1.917062328904     -3.613038636947
    8     -5.750798134896      1.920749900324     -3.614485860121
    8      5.754034309819      5.754126927483     -3.598123744453
    8     -5.754626262919     -5.756963839442     -3.580230730224
    8      5.756525374202     -5.755679854484     -3.614525186559
    8     -5.749297553249      5.755894294175     -3.566399098085
    8      0.000000000000      0.000000000000     -3.390356274875
    8      0.000000000000      3.835750260159     -3.390356274875
    8      0.000000000000     -3.835750260159     -3.390356274875
    8      0.000000000000      7.671500520300     -3.390356274875
    8      3.835750260161      0.000000000000     -3.390356274875
    8     -3.835750260161      0.000000000000     -3.390356274875
    8      3.835750260161      3.835750260159     -3.390356274875
    8     -3.835750260161     -3.835750260159     -3.390356274875
    8      3.835750260161     -3.835750260159     -3.390356274875
    8     -3.835750260161      3.835750260159     -3.390356274875
    8      3.835750260161      7.671500520300     -3.390356274875
    8     -3.835750260161      7.671500520300     -3.390356274875
    8      7.671500520300      0.000000000000     -3.390356274875
    8      7.671500520300      3.835750260159     -3.390356274875
    8      7.671500520300     -3.835750260159     -3.390356274875
    8      7.671500520300      7.671500520300     -3.390356274875
  258      1.917875130081      0.000000000000     -4.746498784825
  258     -1.917875130081      0.000000000000     -4.746498784825
  258      1.917875130081      3.835750260159     -4.746498784825
  258     -1.917875130081     -3.835750260159     -4.746498784825
  258      1.917875130081     -3.835750260159     -4.746498784825
  258     -1.917875130081      3.835750260159     -4.746498784825
  258      1.917875130081      7.671500520300     -4.746498784825
  258     -1.917875130081      7.671500520300     -4.746498784825
  258      5.753625390240      0.000000000000     -4.746498784825
  258     -5.753625390240      0.000000000000     -4.746498784825
  258      5.753625390240      3.835750260159     -4.746498784825
  258     -5.753625390240     -3.835750260159     -4.746498784825
  258      5.753625390240     -3.835750260159     -4.746498784825
  258     -5.753625390240      3.835750260159     -4.746498784825
  258      5.753625390240      7.671500520300     -4.746498784825
  258     -5.753625390240      7.671500520300     -4.746498784825
    8      0.000000000000      0.000000000000     -6.100000000000
    8      0.000000000000      3.835750260159     -6.100000000000
    8      0.000000000000     -3.835750260159     -6.100000000000
    8      0.000000000000      7.671500520300     -6.100000000000
    8      3.835750260161      0.000000000000     -6.100000000000
    8     -3.835750260161      0.000000000000     -6.100000000000
    8      3.835750260161      3.835750260159     -6.100000000000
    8     -3.835750260161     -3.835750260159     -6.100000000000
    8      3.835750260161     -3.835750260159     -6.100000000000
    8     -3.835750260161      3.835750260159     -6.100000000000
    8      3.835750260161      7.671500520300     -6.100000000000
    8     -3.835750260161      7.671500520300     -6.100000000000
    8      7.671500520300      0.000000000000     -6.100000000000
    8      7.671500520300      3.835750260159     -6.100000000000
    8      7.671500520300     -3.835750260159     -6.100000000000
    8      7.671500520300      7.671500520300     -6.100000000000
   14     -5.546680132822      7.457945804092      5.369792143260
    8     -5.414251362259      5.874440268232      4.817734565664
    8     -5.791950135157      7.521970612315      6.970986902134
    8     -3.990464653147     -7.350479689176      4.984451305998
    6     -5.549325322965      4.460621983790      5.162448416238
    6     -2.959477578146     -6.782011827372      5.846450959628
    6     -5.050556606058      6.742982601047      7.925022157624
    6     -4.308059492561      3.896861250431      5.827564888415
    6     -1.603944156163     -7.271988029874      5.362422287210
    6     10.571071657285      7.587178901798      9.153800544484
    1     -4.472178658970      2.825309160383      5.961121247596
    1     -0.830523025675     -6.557525666997      5.667890888491
    1     11.110072083185      6.994326279945      9.902347479228
    1     -4.120879418071      4.360078911627      6.799582587795
    1     -3.396914777254      4.028120863921      5.226285815763
    1     -6.470805676465      4.321017506712      5.731583027920
    1     -5.700709160974      3.966668286289      4.194279223805
    1      9.635994832876      7.942941973769      9.594886489857
    1     11.179019283155     -6.881674632392      8.898544542401
    1     -4.107564248275      6.386325065325      7.478767813517
    1     -5.643973618211      5.853813826284      8.182425790260
    1     -3.157105680041     -7.060889509286      6.885625511445
    1     -3.033985558522     -5.689240679131      5.761135220050
    1     -1.380180808517     -8.279356710884      5.708658842355
    1     -1.629747289686     -7.347194504804      4.264718420587
    8     -6.578883785380      8.166519244728      4.421398630676
    6      5.757147428673      7.349099712498      5.296963904922
    6      4.882889809001      6.322430354050      6.006467648146
    1      5.173437270036      5.319709558872      5.658175321528
    1      6.815500059358      7.181914642605      5.578214022502
    1      5.529689877835      8.383945010419      5.600957487598
    1      3.817268845350      6.488184073626      5.787660014637
    1      5.007226605841      6.348654192262      7.094034314357
    0    0
