   2   1   1 E -4.0955879333827E+04 DE-7.2E-07(  6)
  0.153430010406E+02  0.000000000000E+00  0.000000000000E+00
  0.000000000000E+00  0.153430010406E+02  0.000000000000E+00
  0.000000000000E+00  0.000000000000E+00  0.500000000000E+03
    1
  0.100000000000E+01  0.000000000000E+00  0.000000000000E+00
  0.000000000000E+00  0.100000000000E+01  0.000000000000E+00
  0.000000000000E+00  0.000000000000E+00  0.100000000000E+01
  0.000000000000E+00  0.000000000000E+00  0.000000000000E+00
  225
    8      2.092297798281      2.462675504334      4.038662025167
    8     -2.215389338503     -1.263366325473      3.986978381971
    8      1.545534975495     -1.200646038652      3.994038686206
    8     -1.705738368467      2.137181469698      4.115724164376
    8      2.010900047837      6.298983344233      4.033578929642
    8     -1.459316812423     -4.679647877304      3.912144525641
    8      2.174895458317     -5.013348354510      3.981700080845
    8     -1.863666729159      5.517929510811      4.090937071301
    8      5.880620392551      1.507770991368      4.055116543005
    8     -6.075426114129     -1.441926815907      4.073353035615
    8      5.430547503496     -1.727713521541      4.128699349965
    8     -5.570495403742      1.785939456394      4.123421279533
    8      5.620011601416      7.238696875063      3.887686860036
    8     -4.586631902280     -4.165077152513      4.065120151402
    8      5.859386383668     -5.054381223342      3.991770977468
    8     -8.438304981213      4.275205019358      4.118996942897
  258      0.016446852198      1.877852662022      3.095565143808
  258     -0.086784408189     -1.904933865117      3.083111241059
  258      0.053518645796      5.740921238353      3.011582396657
  258      0.086657152881     -5.614527445173      3.029870726585
  258      3.824439167240      1.912620101584      3.080059836522
  258     -3.906697005380     -1.979344547259      3.132778123037
  258      3.782221113881     -1.932419934419      3.077304846932
  258     -3.809384104414      1.852684479776      3.099274737738
  258      3.753430885761      5.805236536621      2.999620667574
  258     -3.714429782640     -5.586272988265      3.032652786716
  258      3.839856243827     -5.733737647691      3.048431366114
  258     -3.630248066655      5.771807944240      2.985861764073
  258     -7.728107271039      2.034606313352      3.140042984664
  258      7.603776132569     -1.866659280820      3.097011063189
  258      7.553226056494      5.774574713730      3.039394656863
  258     -7.829840996540     -5.766561773936      3.035581256514
    8      1.905156162054      1.859252835290      1.595644899142
    8     -1.863381079398     -1.965742363434      1.593390091567
    8      1.969313078731     -1.961725030865      1.601007875952
    8     -1.933524890079      1.885860835362      1.605652862197
    8      1.886069498231      5.697354727022      1.605275934052
    8     -1.854921672728     -5.785463775604      1.633556521660
    8      1.909494634766     -5.801514756246      1.590063786818
    8     -1.842060739630      5.768770014201      1.598234172548
    8      5.709985683743      2.001394251167      1.608633480191
    8     -5.797849299344     -1.955301062586      1.622712667827
    8      5.741646290026     -1.912290803518      1.612217142250
    8     -5.703328017454      1.960412531904      1.622667030122
    8      5.687806102787      5.722739619309      1.714374349812
    8     -5.750126955316     -5.756718247549      1.855792902706
    8      5.700695146212     -5.825117575171      1.602389301747
    8     -5.681971206076      5.785233817811      1.928424737713
    8     -0.037880464299     -0.019095858013      1.905371508569
    8      0.011412832583      3.809475624076      1.969912375483
    8      0.090390537171     -3.811560721596      1.806438473785
    8      0.003540533192     -7.686330340433      2.039562544918
    8      3.826079900166     -0.003729889926      1.964495287047
    8     -3.881123454727     -0.031024990344      1.920862904775
    8      3.804667729091      3.854131289972      1.973868401483
    8     -3.765146161376     -3.804609904485      1.687111621082
    8      3.862911090561     -3.863296868568      1.889739350850
    8     -3.767058937340      3.845598169772      2.017047944121
    8      3.743041649579     -7.705711438712      1.852931662034
    8     -3.751138717094     -7.662708087703      1.969710498728
    8      7.634649517686      0.059219895056      1.952762823203
    8      7.725319365068      3.880505433959      1.747270919253
    8      7.647570815671     -3.846119833520      1.938741062227
    8      7.633231092400      7.662390554335      1.801495832760
  258      1.903603548428     -0.027670203497      0.455620614408
  258     -1.939194314962     -0.027659013787      0.460720042104
  258      1.921800677932      3.789284179559      0.434086406104
  258     -1.899171766319     -3.811800815521      0.403480798886
  258      1.932682076597     -3.823481471621      0.415470662260
  258     -1.896041475374      3.788662039763      0.438003570202
  258      1.914212627770     -7.663078910724      0.411189739042
  258     -1.890737525312     -7.631773242421      0.427101844336
  258      5.749898402985      0.021703097830      0.477218146236
  258     -5.772318989278      0.010370206770      0.496887565164
  258      5.755035099326      3.832280854227      0.431404942376
  258     -5.761044633853     -3.827145706439      0.474099996086
  258      5.747242704626     -3.815024890702      0.447124697327
  258     -5.750910291085      3.838916006787      0.488426154796
  258      5.731916547739     -7.681128734377      0.411489308451
  258     -5.747443291658      7.691170492239      0.525306117348
    8     -0.009510028817     -0.004890097950     -0.776130292140
    8      0.002001464888      3.822293910610     -0.756995768772
    8      0.016106337247     -3.836137875822     -0.826360601168
    8      0.004431383725     -7.670157131510     -0.759342010110
    8      3.838407469048      0.004116048545     -0.755731776317
    8     -3.854517628730      0.007869487624     -0.765170459799
    8      3.827308648524      3.828320490399     -0.764661806809
    8     -3.853845651714     -3.845553492155     -0.847602021821
    8      3.855247204941     -3.831054988785     -0.793131969150
    8     -3.821885615294      3.841289928783     -0.736581907140
    8      3.825665934919     -7.678762589188     -0.798240063115
    8     -3.837520357987      7.674360601713     -0.735922890574
    8     -7.678824891738      0.005355434626     -0.753295026502
    8     -7.662537911309      3.847209233248     -0.819348239803
    8     -7.678002927409     -3.840625840628     -0.767445127460
    8     -7.659782965964      7.670043178788     -0.786568957434
    8      1.916394481880      1.910046526413     -0.965296622599
    8     -1.927443880501     -1.914138560419     -0.971690683500
    8      1.919761915726     -1.913355021630     -0.969045800785
    8     -1.917719656942      1.921231005847     -0.957495588176
    8      1.915128031454      5.738822523862     -0.958856938373
    8     -1.913676099743     -5.763541354136     -0.960475221006
    8      1.925241553961     -5.763915204785     -0.974212145209
    8     -1.914406368407      5.748220807420     -0.955127831847
    8      5.753245997524      1.919280616095     -0.955856394289
    8     -5.765151184176     -1.917345728497     -0.940994961909
    8      5.753951923129     -1.910013382636     -0.949420305611
    8     -5.757005485378      1.933199555325     -0.941738981575
    8      5.750793270324      5.756906534648     -0.922513835093
    8     -5.758162917155     -5.775046304499     -0.845876150381
    8      5.755235222230     -5.765361093549     -0.954977757843
    8     -5.744396945363      5.776486867135     -0.820806451448
  258     -0.003144438123      1.901353108742     -2.171635222338
  258     -0.001788990155     -1.912438285058     -2.178736609724
  258     -0.002954706892      5.745114733490     -2.170387943583
  258      0.004171130008     -5.744162164244     -2.185933188872
  258      3.838413244391      1.907327451992     -2.168479374887
  258     -3.853321986886     -1.916966173262     -2.163898869841
  258      3.843974602879     -1.909764057400     -2.168912551420
  258     -3.846774037298      1.910901340346     -2.156738208289
  258      3.831190933151      5.746190580148     -2.176123619791
  258     -3.847046225812     -5.746281743458     -2.156944045442
  258      3.842355141052     -5.748380925211     -2.180179007321
  258     -3.836873316632      5.757045072742     -2.142383650764
  258     -7.664857754559      1.920324044715     -2.159105521767
  258     -7.670523417235     -1.910823185581     -2.155582285488
  258     -7.656602329316      5.754517616632     -2.150992626847
  258     -7.665582847555     -5.754855781355     -2.152787733486
    8      1.917825283518      1.917405554361     -3.617684116429
    8     -1.914032856057     -1.917494843865     -3.625828141666
    8      1.919305676755     -1.916448127805     -3.621520679365
    8     -1.915431498484      1.918064812494     -3.614783379664
    8      1.917349969786      5.753087346975     -3.612637084108
    8     -1.917603481745     -5.755044718702     -3.616079725699
    8      1.918039973273     -5.754117996932     -3.624233044389
    8     -1.920405127669      5.754300470078     -3.605677841042
    8      5.747709280362      1.918964424083     -3.617898180443
    8     -5.757569515245     -1.919124511802     -3.615803529934
    8      5.751325765222     -1.917208859177     -3.613111746475
    8     -5.750797061349      1.920678178637     -3.614623864441
    8      5.754020808999      5.754107713403     -3.598013095741
    8     -5.754708527183     -5.757048497329     -3.580410313534
    8      5.756469245843     -5.755720510618     -3.614175735886
    8     -5.749444913125      5.755861558837     -3.566176700055
    8      0.000000000000      0.000000000000     -3.390356274875
    8      0.000000000000      3.835750260159     -3.390356274875
    8      0.000000000000     -3.835750260159     -3.390356274875
    8      0.000000000000      7.671500520300     -3.390356274875
    8      3.835750260161      0.000000000000     -3.390356274875
    8     -3.835750260161      0.000000000000     -3.390356274875
    8      3.835750260161      3.835750260159     -3.390356274875
    8     -3.835750260161     -3.835750260159     -3.390356274875
    8      3.835750260161     -3.835750260159     -3.390356274875
    8     -3.835750260161      3.835750260159     -3.390356274875
    8      3.835750260161      7.671500520300     -3.390356274875
    8     -3.835750260161      7.671500520300     -3.390356274875
    8      7.671500520300      0.000000000000     -3.390356274875
    8      7.671500520300      3.835750260159     -3.390356274875
    8      7.671500520300     -3.835750260159     -3.390356274875
    8      7.671500520300      7.671500520300     -3.390356274875
  258      1.917875130081      0.000000000000     -4.746498784825
  258     -1.917875130081      0.000000000000     -4.746498784825
  258      1.917875130081      3.835750260159     -4.746498784825
  258     -1.917875130081     -3.835750260159     -4.746498784825
  258      1.917875130081     -3.835750260159     -4.746498784825
  258     -1.917875130081      3.835750260159     -4.746498784825
  258      1.917875130081      7.671500520300     -4.746498784825
  258     -1.917875130081      7.671500520300     -4.746498784825
  258      5.753625390240      0.000000000000     -4.746498784825
  258     -5.753625390240      0.000000000000     -4.746498784825
  258      5.753625390240      3.835750260159     -4.746498784825
  258     -5.753625390240     -3.835750260159     -4.746498784825
  258      5.753625390240     -3.835750260159     -4.746498784825
  258     -5.753625390240      3.835750260159     -4.746498784825
  258      5.753625390240      7.671500520300     -4.746498784825
  258     -5.753625390240      7.671500520300     -4.746498784825
    8      0.000000000000      0.000000000000     -6.100000000000
    8      0.000000000000      3.835750260159     -6.100000000000
    8      0.000000000000     -3.835750260159     -6.100000000000
    8      0.000000000000      7.671500520300     -6.100000000000
    8      3.835750260161      0.000000000000     -6.100000000000
    8     -3.835750260161      0.000000000000     -6.100000000000
    8      3.835750260161      3.835750260159     -6.100000000000
    8     -3.835750260161     -3.835750260159     -6.100000000000
    8      3.835750260161     -3.835750260159     -6.100000000000
    8     -3.835750260161      3.835750260159     -6.100000000000
    8      3.835750260161      7.671500520300     -6.100000000000
    8     -3.835750260161      7.671500520300     -6.100000000000
    8      7.671500520300      0.000000000000     -6.100000000000
    8      7.671500520300      3.835750260159     -6.100000000000
    8      7.671500520300     -3.835750260159     -6.100000000000
    8      7.671500520300      7.671500520300     -6.100000000000
   14     -5.545963036811      7.457880837831      5.369338889007
    8     -5.404305589455      5.874063054920      4.821364728098
    8     -5.792567527905      7.523722462199      6.970260082999
    8     -3.992103926246     -7.344545837340      4.983564038462
    6     -5.546199151257      4.461114908181      5.166774267357
    6     -2.960000554797     -6.779293357982      5.846419674623
    6     -5.051885030647      6.744719858729      7.924911082650
    6     -4.305307340309      3.893801982798      5.829441131614
    6     -1.605265165248     -7.271999469990      5.362458407315
    6     10.574716735917      7.590996891779      9.151122987772
    1     -4.471265661853      2.822520572664      5.962731304081
    1     -0.830419982481     -6.559313625068      5.667899225239
    1     11.113416697832      6.998218795691      9.899819608800
    1     -4.115027833931      4.356309328202      6.801205079780
    1     -3.395233031818      4.023954925203      5.226319963993
    1     -6.466956199536      4.326008931313      5.738096753878
    1     -5.701720344086      3.966917053398      4.199493990307
    1      9.641708947789      7.950717753667      9.593349419286
    1     11.184633927577     -6.880174351604      8.892751876616
    1     -4.110979112206      6.383887362835      7.477728598856
    1     -5.647789464849      5.858314871697      8.185699098960
    1     -3.158635674116     -7.058493341904      6.885261994668
    1     -3.032154912370     -5.686392342150      5.761757094753
    1     -1.383555049233     -8.279859790941      5.708659875035
    1     -1.630850869435     -7.347022214597      4.264717045378
    8     -6.580694927792      8.160664491495      4.419215902482
    6      5.756786301172      7.347697441466      5.297601465840
    6      4.882186698235      6.320499365569      6.006032112619
    1      5.173411647262      5.318211847182      5.657104720429
    1      6.814970004963      7.179211117202      5.578606374935
    1      5.530233992068      8.382375490168      5.602939157326
    1      3.816625394995      6.485958380013      5.787029089823
    1      5.005857786645      6.345607208955      7.093674382072
    0    0
