   2   1   1 E -4.0955879316729E+04 DE 3.7E-07(  4)
  0.153430010406E+02  0.000000000000E+00  0.000000000000E+00
  0.000000000000E+00  0.153430010406E+02  0.000000000000E+00
  0.000000000000E+00  0.000000000000E+00  0.500000000000E+03
    1
  0.100000000000E+01  0.000000000000E+00  0.000000000000E+00
  0.000000000000E+00  0.100000000000E+01  0.000000000000E+00
  0.000000000000E+00  0.000000000000E+00  0.100000000000E+01
  0.000000000000E+00  0.000000000000E+00  0.000000000000E+00
  225
    8      2.088362240190      2.466290527512      4.037154729825
    8     -2.218181025888     -1.264586962842      3.987864053018
    8      1.547652944852     -1.204472549672      3.994671594961
    8     -1.706907926018      2.140839203880      4.114543620966
    8      2.011042177800      6.307259019244      4.031554691103
    8     -1.460952053310     -4.678102698529      3.910949252494
    8      2.174810217717     -5.013002030381      3.981080307871
    8     -1.860150203101      5.525521785909      4.091821963173
    8      5.874376507292      1.519685875921      4.056717683043
    8     -6.073855590694     -1.439119241411      4.072333176479
    8      5.432564932322     -1.723318149847      4.127023222249
    8     -5.572038385043      1.786252849995      4.122263431575
    8      5.618261340944      7.237714563099      3.889217717393
    8     -4.601042174549     -4.169022503889      4.059529718588
    8      5.862309641468     -5.054964565192      3.993125120128
    8     -8.413304886973      4.274442954118      4.129093657618
  258      0.016282021259      1.878914636278      3.095124868656
  258     -0.086174644172     -1.905252874357      3.082574752066
  258      0.053787453980      5.741032287594      3.011241998149
  258      0.086053436220     -5.615206230450      3.030561143301
  258      3.823315863801      1.912824302618      3.080465544810
  258     -3.908296777369     -1.978710923885      3.133101709879
  258      3.782178926767     -1.932588877349      3.077543589288
  258     -3.810151640539      1.852484642282      3.098813119385
  258      3.752306993815      5.806380221992      2.999231723596
  258     -3.714293442136     -5.584850269836      3.031556733587
  258      3.839921819616     -5.734488071473      3.048434001207
  258     -3.628460388366      5.771105163229      2.984473507909
  258     -7.728142535294      2.036932035848      3.141599786074
  258      7.604141436466     -1.867488714177      3.097081862478
  258      7.554605845544      5.776740508914      3.040295793455
  258     -7.829115985943     -5.767617673481      3.035663578754
    8      1.904730567870      1.859092167827      1.594952424673
    8     -1.860664233485     -1.965823289250      1.593393409221
    8      1.969880867061     -1.962244923026      1.600802926707
    8     -1.933613661617      1.885261348276      1.605172054309
    8      1.886678015422      5.697525077843      1.605023422555
    8     -1.854437649247     -5.784690028987      1.632266583440
    8      1.909795624505     -5.802062558080      1.590505086388
    8     -1.840089521668      5.767704674910      1.597430454855
    8      5.708272513137      2.001052879061      1.608102646502
    8     -5.800872369249     -1.954632065102      1.621906269793
    8      5.741973313383     -1.912414979322      1.611249871309
    8     -5.703292646611      1.960675248788      1.622302365886
    8      5.687615287148      5.722069884250      1.716914587455
    8     -5.751100184500     -5.758484678037      1.854040102807
    8      5.701307447911     -5.824985047621      1.603768254082
    8     -5.683571462263      5.784896757764      1.933777564237
    8     -0.037259373954     -0.019504585531      1.906717859258
    8      0.011649279827      3.809610368403      1.968692591694
    8      0.091091697793     -3.812548921150      1.807073578792
    8      0.002540578005     -7.685485810739      2.038481112067
    8      3.825690457730     -0.004334941057      1.965151629260
    8     -3.881223959574     -0.031921921147      1.920159776929
    8      3.803996424261      3.854510097789      1.974700163776
    8     -3.765179815172     -3.802034675880      1.686317677444
    8      3.863957254275     -3.863592620198      1.890797867362
    8     -3.767009494289      3.845090195801      2.017106753390
    8      3.744182672945     -7.704938279506      1.851224984698
    8     -3.751161350571     -7.662420769840      1.971384141031
    8      7.632732394655      0.060359202124      1.955955763746
    8      7.722862700728      3.879762569453      1.746712779572
    8      7.647261196531     -3.847031415990      1.938343123395
    8      7.630964135840      7.662395290507      1.798056120392
  258      1.903763420937     -0.027545383659      0.455521945540
  258     -1.939282880567     -0.027538556371      0.460620628511
  258      1.921916447306      3.789295253661      0.433613856176
  258     -1.898723807550     -3.811400548748      0.403307985053
  258      1.932628411197     -3.823884920863      0.416055172625
  258     -1.895724099557      3.788127481549      0.437012992900
  258      1.913845037679     -7.662896575163      0.411046608222
  258     -1.890199472463     -7.631575078997      0.426787776393
  258      5.750070215597      0.021582439840      0.477913836149
  258     -5.772803800219      0.010410396086      0.496924053955
  258      5.755132931602      3.832343092980      0.432171712882
  258     -5.760856600810     -3.827028690812      0.473849972519
  258      5.747456969588     -3.815530000618      0.447261900201
  258     -5.751394657454      3.838974610629      0.488728521595
  258      5.731654702626     -7.681229452222      0.411572182617
  258     -5.747421505059      7.691260917212      0.525359684121
    8     -0.009338967735     -0.004662948466     -0.775709408588
    8      0.001428177240      3.821678506188     -0.757137141778
    8      0.016215394372     -3.835926280490     -0.826344356995
    8      0.004387212003     -7.670095707852     -0.759502470788
    8      3.838457722822      0.004383561601     -0.755440972031
    8     -3.854975548160      0.008259908523     -0.765383437372
    8      3.827218014041      3.828070072219     -0.764728181062
    8     -3.853545348956     -3.845925578756     -0.847765669047
    8      3.854684595988     -3.831334013986     -0.792695667100
    8     -3.822271889152      3.841215435996     -0.736401718933
    8      3.825258241671     -7.678911253342     -0.798912299513
    8     -3.837397308321      7.674074192373     -0.735251243673
    8     -7.678513887840      0.004618504241     -0.752402730853
    8     -7.662088944400      3.847808293790     -0.819547567265
    8     -7.677946598151     -3.840652505529     -0.767375581570
    8     -7.659470390583      7.669923212071     -0.787646520892
    8      1.916526827138      1.909894233368     -0.965531042832
    8     -1.927672524548     -1.913771387160     -0.971554468407
    8      1.919711206615     -1.913223262748     -0.968903433837
    8     -1.917917972914      1.920636928158     -0.957952506332
    8      1.914686767401      5.738670044860     -0.959014203051
    8     -1.913569710189     -5.764168812779     -0.961027950823
    8      1.925048412222     -5.763853811716     -0.974078050130
    8     -1.914397468908      5.748386114948     -0.955959291540
    8      5.753899341530      1.919543723512     -0.956245101171
    8     -5.764764562214     -1.917833920721     -0.941341191017
    8      5.753587981033     -1.910241811323     -0.949749907355
    8     -5.757600971976      1.933379374017     -0.941477567509
    8      5.750640491677      5.756919621425     -0.921829458839
    8     -5.758081144247     -5.775175903018     -0.846175270203
    8      5.755174220026     -5.765305915459     -0.954697309260
    8     -5.744103743537      5.776621910102     -0.819046352215
  258     -0.002896479199      1.901110987770     -2.172137659171
  258     -0.001544665259     -1.912485817113     -2.178692468881
  258     -0.002835736803      5.745128302720     -2.170750117077
  258      0.004308984949     -5.744069540413     -2.186275144290
  258      3.838765031160      1.907351916072     -2.168270273728
  258     -3.853290818700     -1.917038246875     -2.164043579067
  258      3.844060659667     -1.909790200713     -2.168643877234
  258     -3.847078639597      1.910783496013     -2.156685294518
  258      3.831298432125      5.746249736858     -2.175948575319
  258     -3.846899959537     -5.746335839840     -2.156994311124
  258      3.842367119392     -5.748303674707     -2.180103100819
  258     -3.837075642867      5.756946908748     -2.142185536830
  258     -7.665018678463      1.920499141888     -2.159105568455
  258     -7.670601796837     -1.910871567970     -2.155611393679
  258     -7.656791259256      5.754683390840     -2.150794578593
  258     -7.665435666681     -5.754910686527     -2.152697893236
    8      1.917634654786      1.917344801041     -3.617745355542
    8     -1.913994857029     -1.917570378175     -3.625704677331
    8      1.918928046357     -1.916518591985     -3.621323009692
    8     -1.915324525329      1.918041644242     -3.615055515878
    8      1.917276198175      5.753104647956     -3.612912871377
    8     -1.917675899416     -5.754979249825     -3.616165584786
    8      1.918022146573     -5.754091145491     -3.624102230441
    8     -1.920395322550      5.754358314678     -3.606088922779
    8      5.747898313223      1.919041870076     -3.618091348293
    8     -5.757640003069     -1.919077841352     -3.615890150843
    8      5.751463015960     -1.917167625708     -3.613124610689
    8     -5.750689006868      1.920728477694     -3.614639628182
    8      5.754073352881      5.754186760873     -3.597608821866
    8     -5.754702512622     -5.757081816278     -3.580493362207
    8      5.756320320200     -5.755731582123     -3.614303466966
    8     -5.749230785580      5.755853446713     -3.565635239834
    8      0.000000000000      0.000000000000     -3.390356274875
    8      0.000000000000      3.835750260159     -3.390356274875
    8      0.000000000000     -3.835750260159     -3.390356274875
    8      0.000000000000      7.671500520300     -3.390356274875
    8      3.835750260161      0.000000000000     -3.390356274875
    8     -3.835750260161      0.000000000000     -3.390356274875
    8      3.835750260161      3.835750260159     -3.390356274875
    8     -3.835750260161     -3.835750260159     -3.390356274875
    8      3.835750260161     -3.835750260159     -3.390356274875
    8     -3.835750260161      3.835750260159     -3.390356274875
    8      3.835750260161      7.671500520300     -3.390356274875
    8     -3.835750260161      7.671500520300     -3.390356274875
    8      7.671500520300      0.000000000000     -3.390356274875
    8      7.671500520300      3.835750260159     -3.390356274875
    8      7.671500520300     -3.835750260159     -3.390356274875
    8      7.671500520300      7.671500520300     -3.390356274875
  258      1.917875130081      0.000000000000     -4.746498784825
  258     -1.917875130081      0.000000000000     -4.746498784825
  258      1.917875130081      3.835750260159     -4.746498784825
  258     -1.917875130081     -3.835750260159     -4.746498784825
  258      1.917875130081     -3.835750260159     -4.746498784825
  258     -1.917875130081      3.835750260159     -4.746498784825
  258      1.917875130081      7.671500520300     -4.746498784825
  258     -1.917875130081      7.671500520300     -4.746498784825
  258      5.753625390240      0.000000000000     -4.746498784825
  258     -5.753625390240      0.000000000000     -4.746498784825
  258      5.753625390240      3.835750260159     -4.746498784825
  258     -5.753625390240     -3.835750260159     -4.746498784825
  258      5.753625390240     -3.835750260159     -4.746498784825
  258     -5.753625390240      3.835750260159     -4.746498784825
  258      5.753625390240      7.671500520300     -4.746498784825
  258     -5.753625390240      7.671500520300     -4.746498784825
    8      0.000000000000      0.000000000000     -6.100000000000
    8      0.000000000000      3.835750260159     -6.100000000000
    8      0.000000000000     -3.835750260159     -6.100000000000
    8      0.000000000000      7.671500520300     -6.100000000000
    8      3.835750260161      0.000000000000     -6.100000000000
    8     -3.835750260161      0.000000000000     -6.100000000000
    8      3.835750260161      3.835750260159     -6.100000000000
    8     -3.835750260161     -3.835750260159     -6.100000000000
    8      3.835750260161     -3.835750260159     -6.100000000000
    8     -3.835750260161      3.835750260159     -6.100000000000
    8      3.835750260161      7.671500520300     -6.100000000000
    8     -3.835750260161      7.671500520300     -6.100000000000
    8      7.671500520300      0.000000000000     -6.100000000000
    8      7.671500520300      3.835750260159     -6.100000000000
    8      7.671500520300     -3.835750260159     -6.100000000000
    8      7.671500520300      7.671500520300     -6.100000000000
   14     -5.545946225897      7.454765639468      5.367840018381
    8     -5.362739950529      5.870962597758      4.835324256002
    8     -5.803996638324      7.521668057988      6.967112102865
    8     -4.003616660955     -7.316645366447      4.985798048747
    6     -5.530433208662      4.461152246767      5.178023995466
    6     -2.968074004971     -6.762153192644      5.851084104933
    6     -5.062736340200      6.746295563362      7.924695193392
    6     -4.291919201052      3.880486118286      5.833377107214
    6     -1.615724399649     -7.264535149666      5.369017893724
    6     10.560200730721      7.596056043596      9.149182459685
    1     -4.464875126638      2.810636185808      5.968908528417
    1     -0.836812823978     -6.554963841374      5.671243645952
    1     11.100578009377      7.006671488562      9.899358590252
    1     -4.090824841856      4.343465485066      6.803038317320
    1     -3.385421551438      4.004796863948      5.223513147979
    1     -6.449575773056      4.340169051610      5.755190939281
    1     -5.699343109204      3.969128644996      4.211925418815
    1      9.625295987172      7.953306995369      9.589946923609
    1     11.166960345213     -6.873213794265      8.889790947130
    1     -4.120716731741      6.385360829445      7.479469705412
    1     -5.657602673884      5.859781043684      8.186847932525
    1     -3.171537584642     -7.040660018608      6.889256232353
    1     -3.032060222674     -5.668842068765      5.766216548747
    1     -1.398363031194     -8.272035864289      5.719180836214
    1     -1.640833760250     -7.344316940460      4.271618667616
    8     -6.590831132369      8.129799450857      4.407802219683
    6      5.753047013622      7.344962240182      5.299451316078
    6      4.878123229371      6.316371636399      6.005454570787
    1      5.169453569347      5.314557922519      5.655011473671
    1      6.810322144543      7.176689451971      5.581694557590
    1      5.524859387156      8.378714096921      5.606002568102
    1      3.812587867326      6.482108822676      5.786732288318
    1      5.001818885990      6.338981913933      7.093176808901
    0    0
