   2   1   1 E -4.0955879321772E+04 DE-2.9E-08(  9)
  0.153430010406E+02  0.000000000000E+00  0.000000000000E+00
  0.000000000000E+00  0.153430010406E+02  0.000000000000E+00
  0.000000000000E+00  0.000000000000E+00  0.500000000000E+03
    1
  0.100000000000E+01  0.000000000000E+00  0.000000000000E+00
  0.000000000000E+00  0.100000000000E+01  0.000000000000E+00
  0.000000000000E+00  0.000000000000E+00  0.100000000000E+01
  0.000000000000E+00  0.000000000000E+00  0.000000000000E+00
  225
    8      2.088524338251      2.466589781330      4.036791779680
    8     -2.217684307972     -1.264928396584      3.987873728598
    8      1.547108027602     -1.203619693265      3.994670881745
    8     -1.707054639959      2.140336813692      4.114843502934
    8      2.010798543615      6.306127040677      4.032103826719
    8     -1.461136440755     -4.678666119114      3.910903646756
    8      2.175166851345     -5.012941138909      3.981357346263
    8     -1.860309727614      5.524429497903      4.091730606156
    8      5.875027510935      1.518640092079      4.056939926516
    8     -6.074424118866     -1.439476577920      4.072342766422
    8      5.431900010971     -1.723957766037      4.127496075369
    8     -5.572001899772      1.786623634238      4.122401335621
    8      5.617758543694      7.236696198490      3.889312104619
    8     -4.598392399139     -4.167662230227      4.059903565768
    8      5.862340913467     -5.054317882432      3.992913997724
    8     -8.415785718922      4.274498344995      4.128247127778
  258      0.016149493908      1.878682267938      3.095048471765
  258     -0.086160173890     -1.905301902482      3.082504409253
  258      0.053814420195      5.740939161492      3.011392518343
  258      0.086061028986     -5.615414346941      3.030339752761
  258      3.823514717017      1.913004233571      3.080446401881
  258     -3.908057637033     -1.978791317790      3.133136245351
  258      3.782052074172     -1.932516473298      3.077660569764
  258     -3.810036982252      1.852563401904      3.098920054845
  258      3.752267767405      5.806141129158      2.999303392895
  258     -3.714158855870     -5.584898649041      3.031655198901
  258      3.839907506459     -5.734281307877      3.048501165042
  258     -3.628627062173      5.771268675495      2.984512685520
  258     -7.728144107321      2.036436313867      3.141332161385
  258      7.603960941603     -1.867526457276      3.097001489654
  258      7.554597577700      5.776333191681      3.040330725481
  258     -7.829138198675     -5.767526467373      3.035782415774
    8      1.904926238262      1.859059775986      1.594776734939
    8     -1.860955598891     -1.965769636443      1.593271968052
    8      1.969763767417     -1.962189295302      1.600884904280
    8     -1.933815461811      1.885412837721      1.605421319975
    8      1.886508100075      5.697502550825      1.605080907718
    8     -1.854433273788     -5.784890976755      1.632474585832
    8      1.909860947817     -5.801803895331      1.590451312251
    8     -1.840326449639      5.767965180594      1.597526495002
    8      5.708688399090      2.000843603914      1.608262564109
    8     -5.800485823758     -1.954823851934      1.621876892161
    8      5.741907386024     -1.912586986010      1.611396746442
    8     -5.703473651290      1.960534054110      1.622248595036
    8      5.687541513612      5.721879579558      1.716735033654
    8     -5.751169292801     -5.758283555527      1.854461164534
    8      5.701272507385     -5.825081722007      1.603864223206
    8     -5.683505470031      5.784884890401      1.933145217937
    8     -0.037319435643     -0.019498700699      1.906006953296
    8      0.011185169321      3.809241305854      1.968938921547
    8      0.090975751776     -3.812512311800      1.807227244516
    8      0.002657208285     -7.685498090015      2.038573206374
    8      3.825822260915     -0.004108934623      1.965174381060
    8     -3.881029573038     -0.031709738527      1.920499401746
    8      3.804013355598      3.854433457033      1.974365992976
    8     -3.765047630357     -3.802390980314      1.686377833219
    8      3.863793365227     -3.863445595035      1.890657164007
    8     -3.766983509329      3.845443808348      2.016781085476
    8      3.743776549573     -7.705240083465      1.851423253753
    8     -3.751096056368     -7.662559825834      1.970740718371
    8      7.632792662399      0.060050756985      1.955543668173
    8      7.723193742643      3.879908217394      1.746679386346
    8      7.647460816332     -3.847033801784      1.938238788961
    8      7.631254343541      7.662382947437      1.798477145912
  258      1.903825101057     -0.027441044200      0.455338698263
  258     -1.939214103711     -0.027576672523      0.460664805456
  258      1.921767645367      3.789250202200      0.433674942475
  258     -1.898849247843     -3.811435337912      0.403243906627
  258      1.932661608061     -3.823767950359      0.415942545029
  258     -1.896054555845      3.788205736054      0.437254312236
  258      1.913822323405     -7.662992316877      0.411118849930
  258     -1.890347705027     -7.631750103585      0.426877840477
  258      5.749960397370      0.021711686666      0.477934413012
  258     -5.772821987006      0.010317803333      0.496954582522
  258      5.755003158895      3.832441859825      0.432019663481
  258     -5.760949352187     -3.827043721958      0.473834868748
  258      5.747509028132     -3.815496166684      0.447295362227
  258     -5.751240001209      3.838954764126      0.488671283393
  258      5.731684011071     -7.681148783041      0.411681912833
  258     -5.747492876352      7.691219700701      0.525369418403
    8     -0.009387343981     -0.004647266955     -0.775964845810
    8      0.001607843537      3.821646123824     -0.757134777287
    8      0.016242259574     -3.835913413836     -0.826308492291
    8      0.004264621262     -7.670209801812     -0.759433918718
    8      3.838479977136      0.004534693187     -0.755406325249
    8     -3.855037224950      0.008136026835     -0.765328524261
    8      3.827395075609      3.828152124446     -0.764884363668
    8     -3.853615742446     -3.845891224321     -0.847747695394
    8      3.854772543669     -3.831287520728     -0.792715129363
    8     -3.822285206006      3.841183117193     -0.736814670792
    8      3.825351225183     -7.678862125536     -0.798793522924
    8     -3.837489227141      7.674213714051     -0.735527090583
    8     -7.678411126129      0.004806927817     -0.752407125002
    8     -7.662336579580      3.847768438368     -0.819449273664
    8     -7.677921425332     -3.840612749461     -0.767476336598
    8     -7.659599376519      7.669874178920     -0.787534986161
    8      1.916538100773      1.910090358108     -0.965568018481
    8     -1.927673550925     -1.913796151292     -0.971525089363
    8      1.919761082940     -1.913224580284     -0.968940758040
    8     -1.917968900178      1.920695994737     -0.957852767922
    8      1.914703615068      5.738585549887     -0.958911855623
    8     -1.913561288775     -5.764071275785     -0.960838629616
    8      1.925040226088     -5.763910977047     -0.974168950229
    8     -1.914478613545      5.748218784150     -0.955696947525
    8      5.753735939709      1.919897689511     -0.956189148816
    8     -5.764807751791     -1.917788746717     -0.941403159712
    8      5.753675094791     -1.910102050973     -0.949842103215
    8     -5.757706824851      1.933350723565     -0.941491413888
    8      5.750741062398      5.756907720273     -0.921851271566
    8     -5.758182632211     -5.775131571085     -0.846127274875
    8      5.755165087341     -5.765184241708     -0.954528231330
    8     -5.744171752380      5.776596788450     -0.819270851779
  258     -0.002950316939      1.901192462129     -2.172097098122
  258     -0.001547028040     -1.912506314603     -2.178718547248
  258     -0.002801553618      5.745061899648     -2.170638617793
  258      0.004331399871     -5.744136293856     -2.186263343928
  258      3.838786503959      1.907339788004     -2.168294306864
  258     -3.853290847728     -1.916927356391     -2.163964826708
  258      3.844134196954     -1.909711068930     -2.168669563587
  258     -3.847025825090      1.910738094640     -2.156698089232
  258      3.831268882367      5.746271767764     -2.175956325184
  258     -3.846932645510     -5.746296369717     -2.156900188738
  258      3.842408856799     -5.748204002071     -2.180068786565
  258     -3.837056003179      5.756962865864     -2.142465715325
  258     -7.665057295973      1.920457564306     -2.158958393613
  258     -7.670573471087     -1.910762838797     -2.155722389174
  258     -7.656739921885      5.754694494768     -2.150770050811
  258     -7.665444930996     -5.754863764863     -2.152658976133
    8      1.917689790531      1.917321166641     -3.617818216356
    8     -1.914059286527     -1.917567203669     -3.625742256425
    8      1.919035638942     -1.916555637291     -3.621327777285
    8     -1.915350666694      1.918067492355     -3.614976534380
    8      1.917368402797      5.753119115464     -3.612840410003
    8     -1.917630052218     -5.755030445770     -3.616120897934
    8      1.918029021924     -5.754091876611     -3.624102868293
    8     -1.920411965397      5.754371772849     -3.606010988312
    8      5.747895287589      1.919061315711     -3.618178804010
    8     -5.757644047137     -1.919050619738     -3.615871992126
    8      5.751504031480     -1.917158206957     -3.613228049760
    8     -5.750734740885      1.920763754523     -3.614595222219
    8      5.754147217684      5.754217747754     -3.597734355768
    8     -5.754665454225     -5.757041162500     -3.580485375782
    8      5.756399133854     -5.755747401955     -3.614315736035
    8     -5.749187535329      5.755873887232     -3.565654430196
    8      0.000000000000      0.000000000000     -3.390356274875
    8      0.000000000000      3.835750260159     -3.390356274875
    8      0.000000000000     -3.835750260159     -3.390356274875
    8      0.000000000000      7.671500520300     -3.390356274875
    8      3.835750260161      0.000000000000     -3.390356274875
    8     -3.835750260161      0.000000000000     -3.390356274875
    8      3.835750260161      3.835750260159     -3.390356274875
    8     -3.835750260161     -3.835750260159     -3.390356274875
    8      3.835750260161     -3.835750260159     -3.390356274875
    8     -3.835750260161      3.835750260159     -3.390356274875
    8      3.835750260161      7.671500520300     -3.390356274875
    8     -3.835750260161      7.671500520300     -3.390356274875
    8      7.671500520300      0.000000000000     -3.390356274875
    8      7.671500520300      3.835750260159     -3.390356274875
    8      7.671500520300     -3.835750260159     -3.390356274875
    8      7.671500520300      7.671500520300     -3.390356274875
  258      1.917875130081      0.000000000000     -4.746498784825
  258     -1.917875130081      0.000000000000     -4.746498784825
  258      1.917875130081      3.835750260159     -4.746498784825
  258     -1.917875130081     -3.835750260159     -4.746498784825
  258      1.917875130081     -3.835750260159     -4.746498784825
  258     -1.917875130081      3.835750260159     -4.746498784825
  258      1.917875130081      7.671500520300     -4.746498784825
  258     -1.917875130081      7.671500520300     -4.746498784825
  258      5.753625390240      0.000000000000     -4.746498784825
  258     -5.753625390240      0.000000000000     -4.746498784825
  258      5.753625390240      3.835750260159     -4.746498784825
  258     -5.753625390240     -3.835750260159     -4.746498784825
  258      5.753625390240     -3.835750260159     -4.746498784825
  258     -5.753625390240      3.835750260159     -4.746498784825
  258      5.753625390240      7.671500520300     -4.746498784825
  258     -5.753625390240      7.671500520300     -4.746498784825
    8      0.000000000000      0.000000000000     -6.100000000000
    8      0.000000000000      3.835750260159     -6.100000000000
    8      0.000000000000     -3.835750260159     -6.100000000000
    8      0.000000000000      7.671500520300     -6.100000000000
    8      3.835750260161      0.000000000000     -6.100000000000
    8     -3.835750260161      0.000000000000     -6.100000000000
    8      3.835750260161      3.835750260159     -6.100000000000
    8     -3.835750260161     -3.835750260159     -6.100000000000
    8      3.835750260161     -3.835750260159     -6.100000000000
    8     -3.835750260161      3.835750260159     -6.100000000000
    8      3.835750260161      7.671500520300     -6.100000000000
    8     -3.835750260161      7.671500520300     -6.100000000000
    8      7.671500520300      0.000000000000     -6.100000000000
    8      7.671500520300      3.835750260159     -6.100000000000
    8      7.671500520300     -3.835750260159     -6.100000000000
    8      7.671500520300      7.671500520300     -6.100000000000
   14     -5.545967516712      7.455226267154      5.368454598066
    8     -5.366706556043      5.871332624960      4.834284231510
    8     -5.802777106489      7.521792257734      6.967927460428
    8     -4.002545170265     -7.318548181229      4.985750037239
    6     -5.531516737241      4.460866403489      5.176485819569
    6     -2.967054051024     -6.763558381629      5.850848962847
    6     -5.061212649003      6.746127857107      7.925141918704
    6     -4.292671525355      3.881556545234      5.832486778041
    6     -1.614740649291     -7.265644206984      5.368902748068
    6     10.561710707428      7.595236979034      9.150130944893
    1     -4.464809960364      2.811518479374      5.967826385227
    1     -0.835812826234     -6.556239383449      5.671969786653
    1     11.101686568578      7.005413966194      9.900303835236
    1     -4.092860100048      4.344468165564      6.802440719818
    1     -3.385828793758      4.006615089599      5.223299161729
    1     -6.450874403991      4.337815677317      5.752851723965
    1     -5.698883138067      3.969135641289      4.209926090805
    1      9.626728231434      7.952413430832      9.590680402565
    1     11.168861972788     -6.874149525057      8.891328187856
    1     -4.119200344278      6.385665700210      7.479709325165
    1     -5.655942433277      5.859249150758      8.186812169803
    1     -3.170474427614     -7.042180657484      6.889049756569
    1     -3.031103132386     -5.670293506239      5.765712811297
    1     -1.397650512705     -8.273526021053      5.718161983905
    1     -1.639553441455     -7.344605175208      4.271468774213
    8     -6.589982840309      8.133036762396      4.409376157576
    6      5.752681626980      7.345087052732      5.299519135333
    6      4.878627367924      6.316466497557      6.006263632866
    1      5.170269761801      5.314581652131      5.656528553908
    1      6.810312017344      7.177877313327      5.581552611947
    1      5.523663368467      8.379026765059      5.605243850087
    1      3.813037948289      6.481506409142      5.787444820443
    1      5.002457874161      6.340115013305      7.093938966030
    0    0
