   2   1   1 E -4.0955879329544E+04 DE-2.7E-08( 11)
  0.153430010406E+02  0.000000000000E+00  0.000000000000E+00
  0.000000000000E+00  0.153430010406E+02  0.000000000000E+00
  0.000000000000E+00  0.000000000000E+00  0.500000000000E+03
    1
  0.100000000000E+01  0.000000000000E+00  0.000000000000E+00
  0.000000000000E+00  0.100000000000E+01  0.000000000000E+00
  0.000000000000E+00  0.000000000000E+00  0.100000000000E+01
  0.000000000000E+00  0.000000000000E+00  0.000000000000E+00
  225
    8      2.090710137180      2.464710642199      4.037524981699
    8     -2.215755960819     -1.264200336132      3.987414106042
    8      1.545492729268     -1.200532828973      3.994180037760
    8     -1.706623797519      2.137359501911      4.115629568331
    8      2.010379256610      6.300211410178      4.033136287602
    8     -1.460006468455     -4.680318564020      3.911735370935
    8      2.175347700450     -5.012920297743      3.981779567919
    8     -1.863341525172      5.518167853471      4.091285039824
    8      5.878856313007      1.510839699268      4.056011592127
    8     -6.075552805169     -1.441371143867      4.073135760161
    8      5.430681840060     -1.727029059660      4.128433837118
    8     -5.571278628306      1.787072218636      4.123039321372
    8      5.619484078813      7.236975600736      3.887990947954
    8     -4.588242309233     -4.164998211057      4.063724802537
    8      5.860721403654     -5.054281260307      3.992133789837
    8     -8.432575962195      4.274739859092      4.121382101263
  258      0.016214686120      1.878010024705      3.095411794934
  258     -0.086560574003     -1.905076830310      3.082962953328
  258      0.053501783015      5.740775356123      3.011553240971
  258      0.086526620976     -5.614970986906      3.029766806207
  258      3.824224057641      1.913032083839      3.080121128831
  258     -3.906924759156     -1.979249791974      3.132809025669
  258      3.782119345554     -1.932239173333      3.077420768737
  258     -3.809495221209      1.852899341767      3.099308476684
  258      3.753086784417      5.805474466795      2.999482370662
  258     -3.714161508881     -5.585945994749      3.032395384245
  258      3.839784288716     -5.733494806062      3.048497824808
  258     -3.629824113994      5.771614157376      2.985631727769
  258     -7.728249809161      2.034941975851      3.140173030767
  258      7.603643004130     -1.866914266287      3.096988142174
  258      7.553665736821      5.774819149268      3.039765489100
  258     -7.829413790752     -5.766719340649      3.035740526376
    8      1.905333608686      1.859083532619      1.595180500146
    8     -1.862642916690     -1.965517356407      1.593352640318
    8      1.969447462167     -1.961751876422      1.601170405802
    8     -1.933774473646      1.885963704596      1.605745184231
    8      1.886044576366      5.697496005808      1.605106821066
    8     -1.854720803482     -5.785523470608      1.633626103582
    8      1.909974898778     -5.801214856899      1.590090794078
    8     -1.841721555935      5.768736087728      1.598065281911
    8      5.709978225152      2.001268083894      1.608556374588
    8     -5.798329465858     -1.955144291586      1.622444867043
    8      5.741825832028     -1.912664514272      1.612029281897
    8     -5.703583568776      1.960506069112      1.622421227914
    8      5.687854998730      5.722135799641      1.715119213532
    8     -5.750425574629     -5.756924617422      1.855448610034
    8      5.700808840856     -5.825284987378      1.602922985722
    8     -5.682391139268      5.785172877517      1.929589707359
    8     -0.037723768799     -0.019194301432      1.905163408394
    8      0.011071175969      3.809109122203      1.969589560044
    8      0.090528321377     -3.811764636335      1.806799824999
    8      0.003669383858     -7.686257322961      2.039451335483
    8      3.826205256243     -0.003516248143      1.964975570437
    8     -3.880865629101     -0.030957275958      1.921128942137
    8      3.804516606733      3.854074070963      1.973707964508
    8     -3.764709859423     -3.804077904589      1.686883705754
    8      3.863062968097     -3.863310034225      1.889831368582
    8     -3.766958463391      3.845852011785      2.016345646548
    8      3.742988939496     -7.705736231341      1.852825701147
    8     -3.750803050277     -7.662850579540      1.969011872553
    8      7.634090514179      0.059297178761      1.953262406107
    8      7.725042565609      3.880457633132      1.747234615369
    8      7.647822922731     -3.846271607891      1.938406436900
    8      7.632969384920      7.662431094296      1.800861039141
  258      1.903724397020     -0.027606816784      0.455432740207
  258     -1.939076645188     -0.027685094920      0.460820461359
  258      1.921712788837      3.789229225507      0.434037849190
  258     -1.899082108401     -3.811760987149      0.403357402233
  258      1.932781579537     -3.823447233037      0.415511867105
  258     -1.896140668169      3.788618338960      0.437775070379
  258      1.914169674036     -7.663089854454      0.411217761088
  258     -1.890760616016     -7.631850434404      0.426980196996
  258      5.749806619919      0.021931660269      0.477481368476
  258     -5.772454861130      0.010407389496      0.496975430790
  258      5.754977164360      3.832468657755      0.431581539011
  258     -5.761011967510     -3.826975666410      0.473938388638
  258      5.747468087574     -3.815160004298      0.447196725137
  258     -5.750892416489      3.838986410899      0.488425664171
  258      5.732020606975     -7.681103840221      0.411740410711
  258     -5.747420743342      7.691241636267      0.525307587206
    8     -0.009546050767     -0.004769981877     -0.776136649219
    8      0.002236517294      3.822128910097     -0.757182591981
    8      0.016201316147     -3.835974059054     -0.826327550031
    8      0.004392963923     -7.670334957079     -0.759479390834
    8      3.838464657217      0.004365541819     -0.755552744880
    8     -3.854768430424      0.007877781086     -0.765016483677
    8      3.827468148077      3.828393133003     -0.764916459280
    8     -3.853750622192     -3.845675704754     -0.847622209869
    8      3.855295302460     -3.831195203125     -0.793088206775
    8     -3.821944043371      3.841262707081     -0.737102007278
    8      3.825763135476     -7.678832541322     -0.798279205731
    8     -3.837589115447      7.674618195624     -0.736162518706
    8     -7.678651675008      0.005452716445     -0.752961269089
    8     -7.662599620874      3.847366727200     -0.819379459134
    8     -7.677926522643     -3.840455381062     -0.767646373327
    8     -7.659935220266      7.669938265309     -0.786878730866
    8      1.916412159269      1.910312825995     -0.965481496184
    8     -1.927483048110     -1.914029727723     -0.971600114518
    8      1.919853701061     -1.913330687747     -0.968900755202
    8     -1.917760224421      1.921127638503     -0.957543682654
    8      1.915102765182      5.738633759354     -0.958878402734
    8     -1.913468456729     -5.763449990165     -0.960343096086
    8      1.925150013123     -5.764104954815     -0.974211224137
    8     -1.914488546609      5.748037474952     -0.954889594639
    8      5.753269692291      1.919666881019     -0.956001186523
    8     -5.765013710205     -1.917434827292     -0.941172190548
    8      5.753980696381     -1.909809250599     -0.949700399080
    8     -5.757247660424      1.933322530041     -0.941692303250
    8      5.750884532792      5.756858882412     -0.922163715139
    8     -5.758234301717     -5.775004679477     -0.846009935720
    8      5.755247973328     -5.765265327747     -0.954547875526
    8     -5.744237165024      5.776486938092     -0.820454138287
  258     -0.003120032693      1.901449557416     -2.171742245960
  258     -0.001716915467     -1.912476656034     -2.178719089949
  258     -0.002889876424      5.745097941493     -2.170434452069
  258      0.004259228299     -5.744198364953     -2.186018846646
  258      3.838474165506      1.907312429656     -2.168473410897
  258     -3.853251404452     -1.916835144466     -2.163850745219
  258      3.844160985329     -1.909725797059     -2.168802549370
  258     -3.846776829571      1.910809227381     -2.156737778896
  258      3.831208932754      5.746277753995     -2.176028482159
  258     -3.846976446943     -5.746238673568     -2.156865723638
  258      3.842431832637     -5.748316690267     -2.180058660569
  258     -3.836859434132      5.757117863297     -2.142674052972
  258     -7.664944404235      1.920374185764     -2.158920877462
  258     -7.670552546474     -1.910675235126     -2.155707756207
  258     -7.656633507454      5.754514304992     -2.150863393717
  258     -7.665553934781     -5.754840010677     -2.152783594746
    8      1.917825164245      1.917365566234     -3.617845010346
    8     -1.914091447222     -1.917475915978     -3.625789968768
    8      1.919369972451     -1.916467251551     -3.621392668134
    8     -1.915545709059      1.918114353501     -3.614759935967
    8      1.917389626660      5.753159633689     -3.612618107787
    8     -1.917547089293     -5.755040126712     -3.616032089684
    8      1.917993927937     -5.754101253126     -3.624218727661
    8     -1.920399759419      5.754326494182     -3.605612719605
    8      5.747701543436      1.918960582392     -3.618136426145
    8     -5.757621049756     -1.919110216059     -3.615825489825
    8      5.751338493823     -1.917243114649     -3.613263948380
    8     -5.750806023581      1.920697519080     -3.614645700823
    8      5.754066414587      5.754064339045     -3.597974826291
    8     -5.754706179370     -5.757014546467     -3.580508714656
    8      5.756479598704     -5.755774976697     -3.614145370502
    8     -5.749354691116      5.755899689295     -3.566074275246
    8      0.000000000000      0.000000000000     -3.390356274875
    8      0.000000000000      3.835750260159     -3.390356274875
    8      0.000000000000     -3.835750260159     -3.390356274875
    8      0.000000000000      7.671500520300     -3.390356274875
    8      3.835750260161      0.000000000000     -3.390356274875
    8     -3.835750260161      0.000000000000     -3.390356274875
    8      3.835750260161      3.835750260159     -3.390356274875
    8     -3.835750260161     -3.835750260159     -3.390356274875
    8      3.835750260161     -3.835750260159     -3.390356274875
    8     -3.835750260161      3.835750260159     -3.390356274875
    8      3.835750260161      7.671500520300     -3.390356274875
    8     -3.835750260161      7.671500520300     -3.390356274875
    8      7.671500520300      0.000000000000     -3.390356274875
    8      7.671500520300      3.835750260159     -3.390356274875
    8      7.671500520300     -3.835750260159     -3.390356274875
    8      7.671500520300      7.671500520300     -3.390356274875
  258      1.917875130081      0.000000000000     -4.746498784825
  258     -1.917875130081      0.000000000000     -4.746498784825
  258      1.917875130081      3.835750260159     -4.746498784825
  258     -1.917875130081     -3.835750260159     -4.746498784825
  258      1.917875130081     -3.835750260159     -4.746498784825
  258     -1.917875130081      3.835750260159     -4.746498784825
  258      1.917875130081      7.671500520300     -4.746498784825
  258     -1.917875130081      7.671500520300     -4.746498784825
  258      5.753625390240      0.000000000000     -4.746498784825
  258     -5.753625390240      0.000000000000     -4.746498784825
  258      5.753625390240      3.835750260159     -4.746498784825
  258     -5.753625390240     -3.835750260159     -4.746498784825
  258      5.753625390240     -3.835750260159     -4.746498784825
  258     -5.753625390240      3.835750260159     -4.746498784825
  258      5.753625390240      7.671500520300     -4.746498784825
  258     -5.753625390240      7.671500520300     -4.746498784825
    8      0.000000000000      0.000000000000     -6.100000000000
    8      0.000000000000      3.835750260159     -6.100000000000
    8      0.000000000000     -3.835750260159     -6.100000000000
    8      0.000000000000      7.671500520300     -6.100000000000
    8      3.835750260161      0.000000000000     -6.100000000000
    8     -3.835750260161      0.000000000000     -6.100000000000
    8      3.835750260161      3.835750260159     -6.100000000000
    8     -3.835750260161     -3.835750260159     -6.100000000000
    8      3.835750260161     -3.835750260159     -6.100000000000
    8     -3.835750260161      3.835750260159     -6.100000000000
    8      3.835750260161      7.671500520300     -6.100000000000
    8     -3.835750260161      7.671500520300     -6.100000000000
    8      7.671500520300      0.000000000000     -6.100000000000
    8      7.671500520300      3.835750260159     -6.100000000000
    8      7.671500520300     -3.835750260159     -6.100000000000
    8      7.671500520300      7.671500520300     -6.100000000000
   14     -5.545428765176      7.457775320732      5.369531562339
    8     -5.394460685572      5.873795695900      4.825089180907
    8     -5.794061974010      7.523970184207      6.970158977907
    8     -3.993969203624     -7.337439907013      4.983800748831
    6     -5.542726298206      4.461206152995      5.169108247846
    6     -2.960289512804     -6.775764174130      5.847263672966
    6     -5.053022081493      6.745357274509      7.925029006511
    6     -4.302631443913      3.890436523014      5.830263110741
    6     -1.606476512031     -7.271474094730      5.363337972310
    6     10.574177533423      7.592326340567      9.150681581341
    1     -4.470548250424      2.819617424899      5.964573452021
    1     -0.830028802363     -6.560426777453      5.668634730208
    1     11.113311681220      7.000169009874      9.899618982705
    1     -4.109673059581      4.353480770510      6.801345505567
    1     -3.393344161715      4.018678305539      5.225478273971
    1     -6.463380795254      4.329305818329      5.741301431441
    1     -5.701064582330      3.968054823696      4.201726597792
    1      9.641163761187      7.952204697040      9.592985387178
    1     11.184101865965     -6.878986637988      8.891704437318
    1     -4.112368826109      6.383707622775      7.477729945239
    1     -5.649047619196      5.859419020235      8.186393338378
    1     -3.159994865643     -7.055291150286      6.885851202558
    1     -3.029743211972     -5.682692302859      5.762815428052
    1     -1.386701893433     -8.279671864944      5.709877285152
    1     -1.632054180150     -7.346843736310      4.265614866636
    8     -6.582509471349      8.154554628126      4.417271243332
    6      5.755508687108      7.346923985493      5.297940651886
    6      4.881589406297      6.319392473010      6.006497999808
    1      5.173204521969      5.317155694903      5.657673466096
    1      6.813501859834      7.179914457038      5.579214224946
    1      5.527678619911      8.381316118887      5.601963164194
    1      3.815953805290      6.484366705255      5.787483799087
    1      5.005434921222      6.344682683022      7.094105188696
    0    0
