   2   1   1 E -4.0955879331142E+04 DE 2.1E-08( 11)
  0.153430010406E+02  0.000000000000E+00  0.000000000000E+00
  0.000000000000E+00  0.153430010406E+02  0.000000000000E+00
  0.000000000000E+00  0.000000000000E+00  0.500000000000E+03
    1
  0.100000000000E+01  0.000000000000E+00  0.000000000000E+00
  0.000000000000E+00  0.100000000000E+01  0.000000000000E+00
  0.000000000000E+00  0.000000000000E+00  0.100000000000E+01
  0.000000000000E+00  0.000000000000E+00  0.000000000000E+00
  225
    8      2.091615335002      2.463648456642      4.038138993225
    8     -2.215461461621     -1.263584156781      3.987101989717
    8      1.545524357363     -1.200405382789      3.994031629904
    8     -1.706058705819      2.136913959559      4.115746748463
    8      2.010718315926      6.299400138827      4.033358051219
    8     -1.459372660584     -4.679870177911      3.912159020648
    8      2.175200079658     -5.013340264390      3.981860442684
    8     -1.863512860106      5.517694603668      4.091028860438
    8      5.879780771238      1.509854793672      4.055555756865
    8     -6.075473026083     -1.441934542234      4.073424702457
    8      5.430503329970     -1.726860850641      4.128557694942
    8     -5.570781015116      1.786049103057      4.123139984555
    8      5.619705051617      7.238451071081      3.887644287875
    8     -4.587071873259     -4.164992967289      4.064673532380
    8      5.860197454465     -5.054238975410      3.991918656689
    8     -8.434758422991      4.274709556840      4.120183952740
  258      0.016439649006      1.877873769256      3.095565513356
  258     -0.086707046913     -1.904961124728      3.083078328674
  258      0.053553128165      5.740801804663      3.011554136204
  258      0.086619735332     -5.614658512143      3.029863259794
  258      3.824344546553      1.912759643992      3.080069635423
  258     -3.906744450927     -1.979341155525      3.132772260740
  258      3.782173472639     -1.932344532584      3.077331632038
  258     -3.809387034740      1.852760548860      3.099273651592
  258      3.753272735355      5.805364684223      2.999496715567
  258     -3.714325962485     -5.586116040208      3.032493505372
  258      3.839867800715     -5.733681095675      3.048457388992
  258     -3.630072933943      5.771720579918      2.985826503595
  258     -7.728102406254      2.034917404494      3.140142241210
  258      7.603793061168     -1.866794552057      3.097019378433
  258      7.553434811692      5.774669537024      3.039603037991
  258     -7.829636701304     -5.766721546998      3.035670598201
    8      1.905273372182      1.859122354131      1.595467339288
    8     -1.863122697787     -1.965636091975      1.593386517171
    8      1.969338652265     -1.961731411768      1.601107916656
    8     -1.933595794874      1.885882895307      1.605645509956
    8      1.886061391062      5.697368328914      1.605172616201
    8     -1.854787862608     -5.785462157261      1.633646166318
    8      1.909677535252     -5.801390052163      1.590119620627
    8     -1.841900931861      5.768768629143      1.598152277885
    8      5.710032306550      2.001285262227      1.608615463470
    8     -5.797981085548     -1.955205745534      1.622682192001
    8      5.741782228741     -1.912541976787      1.612203496283
    8     -5.703455816386      1.960582406415      1.622598606148
    8      5.687859275594      5.722531074373      1.714780588094
    8     -5.750158139837     -5.756848325809      1.855891589662
    8      5.700754029749     -5.825185483569      1.602614830756
    8     -5.682087795028      5.785260830493      1.929141065298
    8     -0.037816303456     -0.019109601084      1.905321995140
    8      0.011372459553      3.809367021079      1.969714151014
    8      0.090474568219     -3.811632703086      1.806577828064
    8      0.003669208139     -7.686340822287      2.039542354192
    8      3.826158431383     -0.003723407180      1.964666657201
    8     -3.881110037518     -0.030961238098      1.920930325750
    8      3.804732182764      3.854072026016      1.973808985084
    8     -3.764981139344     -3.804376559421      1.686968268271
    8      3.862940441184     -3.863362767767      1.889788581348
    8     -3.766963146227      3.845673857904      2.016741705684
    8      3.742973641925     -7.705673272288      1.852813194866
    8     -3.750918513454     -7.662729264994      1.969388556009
    8      7.634498986524      0.059233522312      1.953018565119
    8      7.725127846482      3.880491031019      1.747297078304
    8      7.647751015101     -3.846257170023      1.938604504338
    8      7.633119114151      7.662427774693      1.801124569506
  258      1.903633882951     -0.027705187763      0.455574157777
  258     -1.939143625388     -0.027669207715      0.460751981650
  258      1.921792078250      3.789236233203      0.434088222311
  258     -1.899105259698     -3.811801776796      0.403429627714
  258      1.932732681551     -3.823484463838      0.415490380967
  258     -1.896033669171      3.788640368895      0.437903464922
  258      1.914203156847     -7.663048213693      0.411163727802
  258     -1.890717606136     -7.631781561952      0.427019160572
  258      5.749890549137      0.021774854341      0.477340675859
  258     -5.772343574996      0.010442566169      0.496949430809
  258      5.755035051273      3.832340542798      0.431509870048
  258     -5.761035545308     -3.827067574910      0.474046589133
  258      5.747334884709     -3.815086425386      0.447174664286
  258     -5.750910367077      3.838956246748      0.488457780268
  258      5.731962266333     -7.681146502018      0.411572583661
  258     -5.747389112390      7.691193007618      0.525326708107
    8     -0.009524000697     -0.004878570666     -0.776131930925
    8      0.002138939771      3.822274430681     -0.757108159276
    8      0.016139246611     -3.836062219435     -0.826324228825
    8      0.004463916908     -7.670216664150     -0.759454674677
    8      3.838460227309      0.004167021042     -0.755673518955
    8     -3.854605938127      0.007877195544     -0.765090789115
    8      3.827342862222      3.828366538650     -0.764723985589
    8     -3.853804026518     -3.845628516104     -0.847630024271
    8      3.855305824672     -3.831141555313     -0.793140332341
    8     -3.821902685561      3.841279993277     -0.736750227807
    8      3.825710709216     -7.678794077239     -0.798286142077
    8     -3.837546960844      7.674465287801     -0.736019038879
    8     -7.678800604879      0.005399306330     -0.753156992991
    8     -7.662502386808      3.847259390623     -0.819381708518
    8     -7.677961098264     -3.840546609786     -0.767518600557
    8     -7.659817549069      7.670013565221     -0.786738800907
    8      1.916401710881      1.910116269876     -0.965395547208
    8     -1.927454043105     -1.914116835697     -0.971688421756
    8      1.919814868280     -1.913366547073     -0.968977958555
    8     -1.917701204460      1.921214305455     -0.957512432855
    8      1.915157305167      5.738775294077     -0.958903169759
    8     -1.913574490456     -5.763458965081     -0.960430321879
    8      1.925204222059     -5.763996508969     -0.974182640406
    8     -1.914437394237      5.748158719396     -0.955020677102
    8      5.753273439848      1.919333741543     -0.955918049612
    8     -5.765097751343     -1.917367131169     -0.941013878557
    8      5.753980500252     -1.909947526189     -0.949484579851
    8     -5.757039334002      1.933261134353     -0.941713993514
    8      5.750822695735      5.756885454564     -0.922330205165
    8     -5.758180290062     -5.775051550473     -0.845803549132
    8      5.755260812449     -5.765369204593     -0.954794947571
    8     -5.744314824555      5.776485622345     -0.820541077659
  258     -0.003128965510      1.901397941034     -2.171654140550
  258     -0.001766018768     -1.912431113712     -2.178735905134
  258     -0.002946690150      5.745111119294     -2.170417122465
  258      0.004192910548     -5.744164771357     -2.185958231835
  258      3.838421598876      1.907322765943     -2.168485104760
  258     -3.853297366723     -1.916920722395     -2.163887281005
  258      3.844044263045     -1.909772255087     -2.168866226831
  258     -3.846764357273      1.910881774759     -2.156731366209
  258      3.831198651734      5.746205465073     -2.176077851956
  258     -3.847023135318     -5.746269365096     -2.156925280566
  258      3.842380934975     -5.748391062729     -2.180135007875
  258     -3.836839323342      5.757067031747     -2.142446462328
  258     -7.664866165781      1.920350698833     -2.159048853768
  258     -7.670539130701     -1.910780152371     -2.155586406961
  258     -7.656623609659      5.754491625498     -2.150929222608
  258     -7.665587871895     -5.754874085665     -2.152798179830
    8      1.917820899245      1.917399432153     -3.617760006353
    8     -1.914038184184     -1.917483459237     -3.625826843471
    8      1.919331764478     -1.916441367731     -3.621483704735
    8     -1.915505573143      1.918080639371     -3.614777575350
    8      1.917339656174      5.753112814811     -3.612636523292
    8     -1.917581635679     -5.755035543616     -3.616073361141
    8      1.918016636961     -5.754113119091     -3.624241236218
    8     -1.920409889741      5.754297693827     -3.605616434480
    8      5.747694146146      1.918945003052     -3.617979243297
    8     -5.757587886078     -1.919138851649     -3.615818843719
    8      5.751299193512     -1.917243166593     -3.613154587710
    8     -5.750798165912      1.920673230253     -3.614653781551
    8      5.754020890556      5.754080047553     -3.597973335381
    8     -5.754718242909     -5.757052909561     -3.580423475058
    8      5.756466413483     -5.755741229713     -3.614112714899
    8     -5.749441500541      5.755875829545     -3.566113482709
    8      0.000000000000      0.000000000000     -3.390356274875
    8      0.000000000000      3.835750260159     -3.390356274875
    8      0.000000000000     -3.835750260159     -3.390356274875
    8      0.000000000000      7.671500520300     -3.390356274875
    8      3.835750260161      0.000000000000     -3.390356274875
    8     -3.835750260161      0.000000000000     -3.390356274875
    8      3.835750260161      3.835750260159     -3.390356274875
    8     -3.835750260161     -3.835750260159     -3.390356274875
    8      3.835750260161     -3.835750260159     -3.390356274875
    8     -3.835750260161      3.835750260159     -3.390356274875
    8      3.835750260161      7.671500520300     -3.390356274875
    8     -3.835750260161      7.671500520300     -3.390356274875
    8      7.671500520300      0.000000000000     -3.390356274875
    8      7.671500520300      3.835750260159     -3.390356274875
    8      7.671500520300     -3.835750260159     -3.390356274875
    8      7.671500520300      7.671500520300     -3.390356274875
  258      1.917875130081      0.000000000000     -4.746498784825
  258     -1.917875130081      0.000000000000     -4.746498784825
  258      1.917875130081      3.835750260159     -4.746498784825
  258     -1.917875130081     -3.835750260159     -4.746498784825
  258      1.917875130081     -3.835750260159     -4.746498784825
  258     -1.917875130081      3.835750260159     -4.746498784825
  258      1.917875130081      7.671500520300     -4.746498784825
  258     -1.917875130081      7.671500520300     -4.746498784825
  258      5.753625390240      0.000000000000     -4.746498784825
  258     -5.753625390240      0.000000000000     -4.746498784825
  258      5.753625390240      3.835750260159     -4.746498784825
  258     -5.753625390240     -3.835750260159     -4.746498784825
  258      5.753625390240     -3.835750260159     -4.746498784825
  258     -5.753625390240      3.835750260159     -4.746498784825
  258      5.753625390240      7.671500520300     -4.746498784825
  258     -5.753625390240      7.671500520300     -4.746498784825
    8      0.000000000000      0.000000000000     -6.100000000000
    8      0.000000000000      3.835750260159     -6.100000000000
    8      0.000000000000     -3.835750260159     -6.100000000000
    8      0.000000000000      7.671500520300     -6.100000000000
    8      3.835750260161      0.000000000000     -6.100000000000
    8     -3.835750260161      0.000000000000     -6.100000000000
    8      3.835750260161      3.835750260159     -6.100000000000
    8     -3.835750260161     -3.835750260159     -6.100000000000
    8      3.835750260161     -3.835750260159     -6.100000000000
    8     -3.835750260161      3.835750260159     -6.100000000000
    8      3.835750260161      7.671500520300     -6.100000000000
    8     -3.835750260161      7.671500520300     -6.100000000000
    8      7.671500520300      0.000000000000     -6.100000000000
    8      7.671500520300      3.835750260159     -6.100000000000
    8      7.671500520300     -3.835750260159     -6.100000000000
    8      7.671500520300      7.671500520300     -6.100000000000
   14     -5.545672452739      7.457143662825      5.369240721505
    8     -5.398294683126      5.873576991163      4.823924359280
    8     -5.793467586472      7.523688218854      6.969931183974
    8     -3.993503712581     -7.341293880087      4.983476193050
    6     -5.543864077453      4.460858811311      5.168000321260
    6     -2.960642812610     -6.777871414225      5.846697833053
    6     -5.053248232936      6.744512280112      7.924904046614
    6     -4.303787123353      3.891312649138      5.830115320525
    6     -1.606290125766     -7.271925425306      5.362608040543
    6     10.571752574401      7.590243829885      9.151624121126
    1     -4.471093614315      2.820303103767      5.963617447510
    1     -0.830597489560     -6.559649709924      5.667436962955
    1     11.110018669971      6.997384670833      9.900532461302
    1     -4.112308133956      4.353759870967      6.801677001742
    1     -3.393911710545      4.020412146534      5.226472050174
    1     -6.464707316167      4.327539289016      5.739515462753
    1     -5.700821370732      3.967502825618      4.200554945052
    1      9.638237312853      7.949286177415      9.593107130460
    1     11.181395125388     -6.880484908888      8.894173122728
    1     -4.111904157836      6.384237714314      7.478364949905
    1     -5.648908682502      5.857769490925      8.184826366172
    1     -3.159752712336     -7.057288999839      6.885401571354
    1     -3.031652297524     -5.684915050052      5.762282436128
    1     -1.385173496865     -8.279787035796      5.709284174892
    1     -1.632146219650     -7.347503914019      4.264765661526
    8     -6.581626955314      8.155873872037      4.417742517114
    6      5.755661921008      7.347815712639      5.297620421431
    6      4.882501328140      6.319157762386      6.005641392885
    1      5.174771549015      5.317306434391      5.655992433852
    1      6.813868458127      7.181413528539      5.578915983561
    1      5.527031651878      8.381944918582      5.602655951750
    1      3.816573200379      6.483636316053      5.787071114227
    1      5.006510928844      6.343818597409      7.093252537701
    0    0
