   2   1   1 E -4.0955879324368E+04 DE-1.3E-07(  8)
  0.153430010406E+02  0.000000000000E+00  0.000000000000E+00
  0.000000000000E+00  0.153430010406E+02  0.000000000000E+00
  0.000000000000E+00  0.000000000000E+00  0.500000000000E+03
    1
  0.100000000000E+01  0.000000000000E+00  0.000000000000E+00
  0.000000000000E+00  0.100000000000E+01  0.000000000000E+00
  0.000000000000E+00  0.000000000000E+00  0.100000000000E+01
  0.000000000000E+00  0.000000000000E+00  0.000000000000E+00
  225
    8      2.088807023447      2.466547241658      4.036709195715
    8     -2.217253679389     -1.264986479003      3.987852258098
    8      1.546640953153     -1.202778092924      3.994575006774
    8     -1.707122589154      2.139535195345      4.115086978800
    8      2.010560296442      6.304672799470      4.032474049194
    8     -1.460940079806     -4.679261212683      3.911048930980
    8      2.175400513865     -5.012889386727      3.981529880200
    8     -1.861014245897      5.522838435740      4.091622572546
    8      5.875793169612      1.517163755138      4.056968805508
    8     -6.074871197317     -1.440074256774      4.072528029870
    8      5.431477599822     -1.724668493694      4.127784112385
    8     -5.571908473660      1.786902003109      4.122546775338
    8      5.618081891746      7.236166898023      3.889021396819
    8     -4.595671011873     -4.166764211969      4.060756647894
    8      5.862237577307     -5.054022512525      3.992711480372
    8     -8.419217139570      4.274449449783      4.126760113858
  258      0.016068797676      1.878504511209      3.095080691737
  258     -0.086194443071     -1.905320172779      3.082564106619
  258      0.053726697587      5.740868311098      3.011478750705
  258      0.086179232214     -5.615468620690      3.030171874190
  258      3.823698975170      1.913122745875      3.080399872823
  258     -3.907818094104     -1.978887794728      3.133104930442
  258      3.782021801942     -1.932412030104      3.077679112545
  258     -3.809902517133      1.852672235093      3.099055570098
  258      3.752398743921      5.805951718209      2.999356562884
  258     -3.714101198088     -5.585093652889      3.031810002498
  258      3.839869372550     -5.734023312954      3.048520283263
  258     -3.628874758590      5.771360607798      2.984675979439
  258     -7.728186079432      2.036022767831      3.141028268267
  258      7.603762093444     -1.867478017916      3.096990078327
  258      7.554488402074      5.775923313929      3.040269524514
  258     -7.829136156488     -5.767374976480      3.035832741396
    8      1.905102833523      1.859049535718      1.594730629277
    8     -1.861263076365     -1.965680770475      1.593277700542
    8      1.969698337634     -1.962095061402      1.600969356694
    8     -1.933905729468      1.885596269572      1.605591595695
    8      1.886397586327      5.697525029678      1.605085689475
    8     -1.854458737363     -5.785080014005      1.632817481222
    8      1.910001400164     -5.801546936375      1.590357964928
    8     -1.840637397772      5.768196409886      1.597623992806
    8      5.709058038360      2.000858374624      1.608338644156
    8     -5.800064326653     -1.954933283586      1.621949154499
    8      5.741891105071     -1.912701589019      1.611539795167
    8     -5.703618734850      1.960490072782      1.622241589802
    8      5.687578537875      5.721768996814      1.716428339324
    8     -5.751144045956     -5.757967079495      1.854723293598
    8      5.701188473859     -5.825200631142      1.603786023713
    8     -5.683349163144      5.784895621556      1.932354397826
    8     -0.037403213005     -0.019488038434      1.905598591744
    8      0.010952146349      3.809022784840      1.969117039110
    8      0.090855393795     -3.812342948396      1.807212584511
    8      0.002924424667     -7.685662343712      2.038750935507
    8      3.825957822888     -0.003872605649      1.965204825656
    8     -3.880901508388     -0.031508184805      1.920762623815
    8      3.804079428077      3.854331752146      1.974149007556
    8     -3.764894247740     -3.802750981992      1.686502414091
    8      3.863616473944     -3.863377314846      1.890451774074
    8     -3.766951738935      3.845649555196      2.016493733066
    8      3.743483438107     -7.705446927011      1.851782948573
    8     -3.751010955990     -7.662672992393      1.970071106952
    8      7.632977803146      0.059832105447      1.955076502717
    8      7.723616033899      3.880043765506      1.746757135311
    8      7.647614128711     -3.846915112155      1.938178690832
    8      7.631650028893      7.662389650333      1.799002089801
  258      1.903855239576     -0.027429613033      0.455271796605
  258     -1.939147244368     -0.027622709424      0.460741230503
  258      1.921691591095      3.789213738620      0.433755757848
  258     -1.898916991687     -3.811488676721      0.403261658834
  258      1.932716173023     -3.823656770991      0.415823544071
  258     -1.896195578510      3.788304022291      0.437407155633
  258      1.913875677098     -7.663042666554      0.411176241518
  258     -1.890481110626     -7.631822895918      0.426916804055
  258      5.749871516383      0.021837474830      0.477894499484
  258     -5.772792685391      0.010300572622      0.496974838515
  258      5.754959020982      3.832493828490      0.431917125516
  258     -5.761008249326     -3.827000597438      0.473821580327
  258      5.747548747228     -3.815453220169      0.447293638689
  258     -5.751139209219      3.838947975180      0.488597740625
  258      5.731782682401     -7.681119908047      0.411773527273
  258     -5.747537031854      7.691220926485      0.525332972920
    8     -0.009442029321     -0.004653260398     -0.776056932250
    8      0.001814482298      3.821691195664     -0.757169790902
    8      0.016252978626     -3.835896446135     -0.826320638886
    8      0.004228182913     -7.670284594931     -0.759434440747
    8      3.838486356834      0.004597241390     -0.755404251840
    8     -3.855033241080      0.008037303289     -0.765229611141
    8      3.827504179655      3.828216451344     -0.764967921585
    8     -3.853654055223     -3.845834023054     -0.847698887492
    8      3.854921083241     -3.831280012726     -0.792783526979
    8     -3.822245412865      3.841185286260     -0.737092137345
    8      3.825494125622     -7.678851180475     -0.798642423054
    8     -3.837550175013      7.674383993818     -0.735785769021
    8     -7.678398206988      0.005005664101     -0.752466501234
    8     -7.662486963210      3.847687551775     -0.819405468329
    8     -7.677911132637     -3.840539060967     -0.767590248003
    8     -7.659729393798      7.669846313794     -0.787421744614
    8      1.916508530396      1.910227895514     -0.965579229933
    8     -1.927642195959     -1.913842814008     -0.971492420891
    8      1.919819738752     -1.913243842464     -0.968932157536
    8     -1.917954948363      1.920760564488     -0.957771436409
    8      1.914772313571      5.738521584402     -0.958868316763
    8     -1.913513325518     -5.763898752861     -0.960632824293
    8      1.925053801381     -5.763980010197     -0.974208890153
    8     -1.914522646784      5.748116027337     -0.955425102537
    8      5.753590141548      1.920033697164     -0.956139696768
    8     -5.764852264528     -1.917712975063     -0.941396018576
    8      5.753757937396     -1.909979984583     -0.949880441885
    8     -5.757700825730      1.933327847224     -0.941507721266
    8      5.750822209946      5.756864915861     -0.921869232986
    8     -5.758243756622     -5.775059804311     -0.846102103585
    8      5.755193504608     -5.765145951739     -0.954412973635
    8     -5.744194973775      5.776559773591     -0.819535667602
  258     -0.002996688203      1.901271796462     -2.172031625299
  258     -0.001571675222     -1.912526739361     -2.178717338598
  258     -0.002787072099      5.745036162426     -2.170569134671
  258      0.004345191140     -5.744166716800     -2.186229699598
  258      3.838748362240      1.907317701917     -2.168323373719
  258     -3.853270211956     -1.916860101498     -2.163897873822
  258      3.844197974265     -1.909678720432     -2.168689120165
  258     -3.846964219886      1.910716303986     -2.156711206349
  258      3.831255866794      5.746286578098     -2.175957570025
  258     -3.846937664180     -5.746255126086     -2.156845292460
  258      3.842445527816     -5.748184182242     -2.180033935034
  258     -3.837025246428      5.757011771399     -2.142640834546
  258     -7.665077693563      1.920431472040     -2.158868163300
  258     -7.670571753570     -1.910683308733     -2.155778748803
  258     -7.656712035980      5.754658973687     -2.150768548166
  258     -7.665462875243     -5.754836654765     -2.152674005056
    8      1.917747935075      1.917314085424     -3.617854939795
    8     -1.914102045150     -1.917545262390     -3.625731866239
    8      1.919142822516     -1.916556921580     -3.621310997366
    8     -1.915415577402      1.918090999454     -3.614895812064
    8      1.917412365451      5.753145200800     -3.612770887856
    8     -1.917602670537     -5.755044956651     -3.616058762184
    8      1.918018355076     -5.754088479566     -3.624114557781
    8     -1.920414479160      5.754374567800     -3.605908540242
    8      5.747860426430      1.919056145712     -3.618217565893
    8     -5.757645822900     -1.919048501105     -3.615841346959
    8      5.751496176732     -1.917164024339     -3.613285575958
    8     -5.750771653560      1.920768303317     -3.614576529457
    8      5.754166821669      5.754190911886     -3.597800926710
    8     -5.754651300975     -5.757010368293     -3.580478493168
    8      5.756441641922     -5.755765226677     -3.614287263502
    8     -5.749188227183      5.755895952643     -3.565729737640
    8      0.000000000000      0.000000000000     -3.390356274875
    8      0.000000000000      3.835750260159     -3.390356274875
    8      0.000000000000     -3.835750260159     -3.390356274875
    8      0.000000000000      7.671500520300     -3.390356274875
    8      3.835750260161      0.000000000000     -3.390356274875
    8     -3.835750260161      0.000000000000     -3.390356274875
    8      3.835750260161      3.835750260159     -3.390356274875
    8     -3.835750260161     -3.835750260159     -3.390356274875
    8      3.835750260161     -3.835750260159     -3.390356274875
    8     -3.835750260161      3.835750260159     -3.390356274875
    8      3.835750260161      7.671500520300     -3.390356274875
    8     -3.835750260161      7.671500520300     -3.390356274875
    8      7.671500520300      0.000000000000     -3.390356274875
    8      7.671500520300      3.835750260159     -3.390356274875
    8      7.671500520300     -3.835750260159     -3.390356274875
    8      7.671500520300      7.671500520300     -3.390356274875
  258      1.917875130081      0.000000000000     -4.746498784825
  258     -1.917875130081      0.000000000000     -4.746498784825
  258      1.917875130081      3.835750260159     -4.746498784825
  258     -1.917875130081     -3.835750260159     -4.746498784825
  258      1.917875130081     -3.835750260159     -4.746498784825
  258     -1.917875130081      3.835750260159     -4.746498784825
  258      1.917875130081      7.671500520300     -4.746498784825
  258     -1.917875130081      7.671500520300     -4.746498784825
  258      5.753625390240      0.000000000000     -4.746498784825
  258     -5.753625390240      0.000000000000     -4.746498784825
  258      5.753625390240      3.835750260159     -4.746498784825
  258     -5.753625390240     -3.835750260159     -4.746498784825
  258      5.753625390240     -3.835750260159     -4.746498784825
  258     -5.753625390240      3.835750260159     -4.746498784825
  258      5.753625390240      7.671500520300     -4.746498784825
  258     -5.753625390240      7.671500520300     -4.746498784825
    8      0.000000000000      0.000000000000     -6.100000000000
    8      0.000000000000      3.835750260159     -6.100000000000
    8      0.000000000000     -3.835750260159     -6.100000000000
    8      0.000000000000      7.671500520300     -6.100000000000
    8      3.835750260161      0.000000000000     -6.100000000000
    8     -3.835750260161      0.000000000000     -6.100000000000
    8      3.835750260161      3.835750260159     -6.100000000000
    8     -3.835750260161     -3.835750260159     -6.100000000000
    8      3.835750260161     -3.835750260159     -6.100000000000
    8     -3.835750260161      3.835750260159     -6.100000000000
    8      3.835750260161      7.671500520300     -6.100000000000
    8     -3.835750260161      7.671500520300     -6.100000000000
    8      7.671500520300      0.000000000000     -6.100000000000
    8      7.671500520300      3.835750260159     -6.100000000000
    8      7.671500520300     -3.835750260159     -6.100000000000
    8      7.671500520300      7.671500520300     -6.100000000000
   14     -5.545751927064      7.455755149862      5.368941322290
    8     -5.372147395850      5.871850342206      4.832653185750
    8     -5.800868328427      7.522138005118      6.968678907416
    8     -4.000680340704     -7.322113237132      4.985441172013
    6     -5.533591585755      4.460780500919      5.174722290107
    6     -2.965218726641     -6.766193905668      5.850141768548
    6     -5.059487701646      6.745683406266      7.925310469185
    6     -4.294561077288      3.883125827733      5.831854432038
    6     -1.612728976761     -7.267173895948      5.367634664363
    6     10.564459290311      7.594344034311      9.150534999378
    1     -4.465875450146      2.812955525353      5.967115653681
    1     -0.834140079580     -6.557571372645      5.671226379732
    1     11.104201813787      7.004013603907      9.900475337272
    1     -4.096226566918      4.346164238662      6.802014653753
    1     -3.387201517249      4.008733969513      5.223593562287
    1     -6.453334030188      4.335665019311      5.749989833825
    1     -5.698901133540      3.969049502896      4.207785538932
    1      9.629842694226      7.952151884521      9.591504883346
    1     11.172397125413     -6.875499110826      8.891748822004
    1     -4.117786649964      6.384820779716      7.479357287555
    1     -5.654550202707      5.858990677877      8.186770873028
    1     -3.167875287378     -7.045229107787      6.888399997021
    1     -3.030118951803     -5.672929410318      5.765228980100
    1     -1.395228457570     -8.275211431808      5.716192585830
    1     -1.637811748956     -7.345347216229      4.270105720060
    8     -6.588309761493      8.137410809521      4.411139099864
    6      5.752955434196      7.345664107471      5.299154076347
    6      4.879611699871      6.317155506743      6.006744508622
    1      5.171649272299      5.315231171643      5.657608916445
    1      6.810669469940      7.179530286109      5.581113385857
    1      5.523326695093      8.379597978913      5.603758983003
    1      3.814001896558      6.481614180090      5.787806651393
    1      5.003472856983      6.341755997611      7.094381270216
    0    0
