   2   1   1 E -4.0955879328087E+04 DE-6.2E-08( 10)
  0.153430010406E+02  0.000000000000E+00  0.000000000000E+00
  0.000000000000E+00  0.153430010406E+02  0.000000000000E+00
  0.000000000000E+00  0.000000000000E+00  0.500000000000E+03
    1
  0.100000000000E+01  0.000000000000E+00  0.000000000000E+00
  0.000000000000E+00  0.100000000000E+01  0.000000000000E+00
  0.000000000000E+00  0.000000000000E+00  0.100000000000E+01
  0.000000000000E+00  0.000000000000E+00  0.000000000000E+00
  225
    8      2.089922428924      2.465537225890      4.037069115853
    8     -2.216113958485     -1.264272106114      3.987498860903
    8      1.545742590484     -1.201049801708      3.994291451721
    8     -1.706974455744      2.138194548483      4.115412623379
    8      2.010265965116      6.301731773268      4.032820232847
    8     -1.460584769709     -4.680297788798      3.911371471293
    8      2.175467073436     -5.012950503730      3.981812435702
    8     -1.862478284013      5.519980381027      4.091415750388
    8      5.877862453633      1.513458989197      4.056751328641
    8     -6.075500410533     -1.441066786676      4.072811502459
    8      5.430659930494     -1.725925179224      4.128215709292
    8     -5.571452171175      1.787175301511      4.122879868139
    8      5.618084845812      7.236731506255      3.888385095820
    8     -4.589965534766     -4.165019564787      4.062804551215
    8      5.861466129412     -5.054075189095      3.992333730363
    8     -8.427030987481      4.274835853865      4.123847062682
  258      0.016046649784      1.878168987065      3.095238715848
  258     -0.086442486914     -1.905154292728      3.082811253784
  258      0.053436009592      5.740838284218      3.011534972490
  258      0.086357499385     -5.615282952159      3.029820262208
  258      3.824043185176      1.913145166592      3.080180817734
  258     -3.907183963944     -1.978995781139      3.132835654913
  258      3.782012252794     -1.932198213016      3.077517383646
  258     -3.809582670963      1.852882079099      3.099292591964
  258      3.752685779425      5.805721564254      2.999381252885
  258     -3.714013946754     -5.585576459811      3.032222673221
  258      3.839706309584     -5.733554684861      3.048531562347
  258     -3.629522345333      5.771605054894      2.985364252878
  258     -7.728211282564      2.035239448880      3.140431617326
  258      7.603598854576     -1.867103959591      3.096900507656
  258      7.554006987595      5.775308314894      3.040055070737
  258     -7.829309163720     -5.766949503995      3.035768962786
    8      1.905309344529      1.859100139199      1.594903249770
    8     -1.862212667036     -1.965447137493      1.593291012956
    8      1.969402808752     -1.961800409381      1.601093748965
    8     -1.933910023363      1.885879306109      1.605735042145
    8      1.885985276448      5.697551245304      1.605032722863
    8     -1.854631570237     -5.785413371868      1.633433374620
    8      1.909976589540     -5.801163236845      1.590155035451
    8     -1.841581953518      5.768618615423      1.597780926810
    8      5.709771455545      2.001026019209      1.608529381789
    8     -5.798847705165     -1.955079394397      1.622221983441
    8      5.741963536744     -1.912818655780      1.611915875059
    8     -5.703690935708      1.960603670084      1.622323502154
    8      5.687791798662      5.721876014161      1.715700422367
    8     -5.750709575536     -5.757198817898      1.855399431026
    8      5.700973923244     -5.825303659334      1.603245522533
    8     -5.682688915217      5.785174328660      1.930560168420
    8     -0.037597483612     -0.019285811549      1.905105653743
    8      0.010770376203      3.808910665501      1.969437859515
    8      0.090592796482     -3.811914724361      1.807071563665
    8      0.003373483954     -7.686080379216      2.039170944161
    8      3.826114640275     -0.003508142745      1.965058627258
    8     -3.880835121200     -0.031026456206      1.921063692432
    8      3.804387274815      3.854073457193      1.973798380284
    8     -3.764649198946     -3.803619352454      1.686714679694
    8      3.863129474410     -3.863340570566      1.889949772232
    8     -3.766875457498      3.845981470987      2.016226553847
    8      3.742968969767     -7.705669493290      1.852416106003
    8     -3.750678382040     -7.662824635905      1.969088271866
    8      7.633754814840      0.059372826691      1.953716900705
    8      7.724556545141      3.880365928434      1.747156227910
    8      7.647871141315     -3.846497861708      1.938284327051
    8      7.632557110505      7.662544921252      1.800181962138
  258      1.903807482373     -0.027534166312      0.455312964441
  258     -1.939056040519     -0.027694853004      0.460815741022
  258      1.921625555811      3.789204024926      0.433954347190
  258     -1.899050267802     -3.811662276538      0.403282657176
  258      1.932795277914     -3.823459954635      0.415563614730
  258     -1.896235104895      3.788552728193      0.437696271664
  258      1.914064891203     -7.663067784488      0.411179989980
  258     -1.890734036294     -7.631874378118      0.426944169339
  258      5.749764217262      0.022021631563      0.477643522037
  258     -5.772598769712      0.010415533696      0.496982855359
  258      5.754935472566      3.832518257291      0.431722066982
  258     -5.761066784636     -3.826916915094      0.473870520174
  258      5.747535526041     -3.815244723536      0.447237303634
  258     -5.750968989865      3.839006506195      0.488481037323
  258      5.731978327706     -7.681085790397      0.411800904471
  258     -5.747483755152      7.691307201942      0.525296860752
    8     -0.009576459708     -0.004733386621     -0.776157337013
    8      0.002232330542      3.822004128239     -0.757222812169
    8      0.016219366229     -3.835922822678     -0.826299351828
    8      0.004304190020     -7.670346176061     -0.759557641342
    8      3.838498604945      0.004500390160     -0.755519133790
    8     -3.854906430813      0.007906005801     -0.765031661673
    8      3.827538208300      3.828401477029     -0.764969054748
    8     -3.853756065723     -3.845710244394     -0.847645262733
    8      3.855277634845     -3.831227875722     -0.792981853304
    8     -3.822072752740      3.841276579855     -0.737285842669
    8      3.825733305879     -7.678826260624     -0.798402089387
    8     -3.837673128740      7.674658885539     -0.736119435123
    8     -7.678559551322      0.005455373869     -0.752794743389
    8     -7.662645592620      3.847471782488     -0.819342515705
    8     -7.677885454602     -3.840418576108     -0.767707251339
    8     -7.659929048639      7.669896280226     -0.787111866504
    8      1.916424460090      1.910389983740     -0.965574371363
    8     -1.927536939484     -1.913982794162     -0.971576559166
    8      1.919890504786     -1.913333957228     -0.968924361267
    8     -1.917824893933      1.921054276500     -0.957617411400
    8      1.915007787276      5.738546123405     -0.958871976971
    8     -1.913462907292     -5.763502271222     -0.960401294045
    8      1.925115644236     -5.764086113163     -0.974236570770
    8     -1.914542851862      5.748009978199     -0.954991035630
    8      5.753301251793      1.919968123783     -0.956002278194
    8     -5.764972876756     -1.917469464699     -0.941268861054
    8      5.753966627099     -1.909801332948     -0.949821235738
    8     -5.757447532115      1.933376446389     -0.941598764309
    8      5.750908818521      5.756854226666     -0.921974263417
    8     -5.758254416172     -5.774970478363     -0.846013709428
    8      5.755234653396     -5.765196539831     -0.954397530963
    8     -5.744244339203      5.776491812958     -0.820114693747
  258     -0.003105413388      1.901458767325     -2.171820010560
  258     -0.001670909065     -1.912501643903     -2.178716490753
  258     -0.002859723661      5.745058068187     -2.170469881814
  258      0.004283722568     -5.744195537181     -2.186100093634
  258      3.838556655379      1.907292762028     -2.168438133559
  258     -3.853258635835     -1.916787886154     -2.163828806766
  258      3.844242723948     -1.909691813700     -2.168750104210
  258     -3.846817559685      1.910763251358     -2.156744718889
  258      3.831213486305      5.746297232136     -2.176005144744
  258     -3.846969067255     -5.746202566950     -2.156822224605
  258      3.842463042306     -5.748252173677     -2.180030660747
  258     -3.836901804675      5.757128385022     -2.142780449301
  258     -7.665018670607      1.920403109810     -2.158830418679
  258     -7.670577583508     -1.910614165877     -2.155776802293
  258     -7.656648427351      5.754540815068     -2.150799594902
  258     -7.665544711817     -5.754820171406     -2.152765965301
    8      1.917826506139      1.917351548101     -3.617895752332
    8     -1.914119332237     -1.917473885025     -3.625785117133
    8      1.919369172493     -1.916494387992     -3.621367836982
    8     -1.915559643769      1.918135934402     -3.614764077934
    8      1.917434575032      5.753182294595     -3.612628304435
    8     -1.917534388759     -5.755039197047     -3.616049067996
    8      1.917985984154     -5.754098457874     -3.624205996031
    8     -1.920421762412      5.754339755274     -3.605688707188
    8      5.747725377748      1.918986212144     -3.618192704516
    8     -5.757644294925     -1.919085242068     -3.615833337607
    8      5.751386590843     -1.917222230861     -3.613322665153
    8     -5.750814464987      1.920731898803     -3.614607550521
    8      5.754107163445      5.754068756126     -3.597939405391
    8     -5.754694832273     -5.756991215158     -3.580518335785
    8      5.756501404491     -5.755789093712     -3.614182116334
    8     -5.749297500066      5.755918086984     -3.565949116853
    8      0.000000000000      0.000000000000     -3.390356274875
    8      0.000000000000      3.835750260159     -3.390356274875
    8      0.000000000000     -3.835750260159     -3.390356274875
    8      0.000000000000      7.671500520300     -3.390356274875
    8      3.835750260161      0.000000000000     -3.390356274875
    8     -3.835750260161      0.000000000000     -3.390356274875
    8      3.835750260161      3.835750260159     -3.390356274875
    8     -3.835750260161     -3.835750260159     -3.390356274875
    8      3.835750260161     -3.835750260159     -3.390356274875
    8     -3.835750260161      3.835750260159     -3.390356274875
    8      3.835750260161      7.671500520300     -3.390356274875
    8     -3.835750260161      7.671500520300     -3.390356274875
    8      7.671500520300      0.000000000000     -3.390356274875
    8      7.671500520300      3.835750260159     -3.390356274875
    8      7.671500520300     -3.835750260159     -3.390356274875
    8      7.671500520300      7.671500520300     -3.390356274875
  258      1.917875130081      0.000000000000     -4.746498784825
  258     -1.917875130081      0.000000000000     -4.746498784825
  258      1.917875130081      3.835750260159     -4.746498784825
  258     -1.917875130081     -3.835750260159     -4.746498784825
  258      1.917875130081     -3.835750260159     -4.746498784825
  258     -1.917875130081      3.835750260159     -4.746498784825
  258      1.917875130081      7.671500520300     -4.746498784825
  258     -1.917875130081      7.671500520300     -4.746498784825
  258      5.753625390240      0.000000000000     -4.746498784825
  258     -5.753625390240      0.000000000000     -4.746498784825
  258      5.753625390240      3.835750260159     -4.746498784825
  258     -5.753625390240     -3.835750260159     -4.746498784825
  258      5.753625390240     -3.835750260159     -4.746498784825
  258     -5.753625390240      3.835750260159     -4.746498784825
  258      5.753625390240      7.671500520300     -4.746498784825
  258     -5.753625390240      7.671500520300     -4.746498784825
    8      0.000000000000      0.000000000000     -6.100000000000
    8      0.000000000000      3.835750260159     -6.100000000000
    8      0.000000000000     -3.835750260159     -6.100000000000
    8      0.000000000000      7.671500520300     -6.100000000000
    8      3.835750260161      0.000000000000     -6.100000000000
    8     -3.835750260161      0.000000000000     -6.100000000000
    8      3.835750260161      3.835750260159     -6.100000000000
    8     -3.835750260161     -3.835750260159     -6.100000000000
    8      3.835750260161     -3.835750260159     -6.100000000000
    8     -3.835750260161      3.835750260159     -6.100000000000
    8      3.835750260161      7.671500520300     -6.100000000000
    8     -3.835750260161      7.671500520300     -6.100000000000
    8      7.671500520300      0.000000000000     -6.100000000000
    8      7.671500520300      3.835750260159     -6.100000000000
    8      7.671500520300     -3.835750260159     -6.100000000000
    8      7.671500520300      7.671500520300     -6.100000000000
   14     -5.545961094707      7.456707859421      5.369438637915
    8     -5.385938997157      5.872941323204      4.828415067277
    8     -5.797192850451      7.523214902493      6.969709049771
    8     -3.997123336576     -7.331551826854      4.984255022784
    6     -5.539022636801      4.460695733143      5.171147036148
    6     -2.962709632468     -6.772280946241      5.848393159332
    6     -5.056531991980      6.744909832137      7.925241061962
    6     -4.299203125191      3.887462837317      5.830636972472
    6     -1.609467399189     -7.270257797210      5.365239424003
    6     10.568545200704      7.592057167923      9.151292061961
    1     -4.468353660374      2.816918203184      5.965724024545
    1     -0.832047494463     -6.559854943433      5.670054118588
    1     11.107261582308      7.000202385091      9.900738950806
    1     -4.103991027931      4.350810488500      6.801193287423
    1     -3.390770795060      4.014480354837      5.224282789932
    1     -6.459338288868      4.330929525349      5.744387365543
    1     -5.699852959646      3.968425657904      4.203745596696
    1      9.634691752470      7.950979865805      9.592623661823
    1     11.177953543759     -6.878567820995      8.893240107461
    1     -4.115258230452      6.384030440652      7.478849189534
    1     -5.652146578779      5.858349499435      8.185820723441
    1     -3.163706804636     -7.051634621876      6.886824335541
    1     -3.030245404844     -5.679130088629      5.763735660252
    1     -1.390910389260     -8.278385906818      5.712588306501
    1     -1.634589381143     -7.346688483237      4.267590332280
    8     -6.585066237644      8.147568713733      4.414926306549
    6      5.753604760633      7.347182142787      5.298492420864
    6      4.881378500002      6.318362426588      6.006884262020
    1      5.174407162148      5.316708424486      5.657926323015
    1      6.811778075532      7.181781859652      5.579909110111
    1      5.523966542769      8.381280557204      5.602453251591
    1      3.815639028600      6.481799809854      5.787956410492
    1      5.005324265786      6.343688777194      7.094480759302
    0    0
