   2   1   1 E -4.0955879318657E+04 DE 5.2E-08(  9)
  0.153430010406E+02  0.000000000000E+00  0.000000000000E+00
  0.000000000000E+00  0.153430010406E+02  0.000000000000E+00
  0.000000000000E+00  0.000000000000E+00  0.500000000000E+03
    1
  0.100000000000E+01  0.000000000000E+00  0.000000000000E+00
  0.000000000000E+00  0.100000000000E+01  0.000000000000E+00
  0.000000000000E+00  0.000000000000E+00  0.100000000000E+01
  0.000000000000E+00  0.000000000000E+00  0.000000000000E+00
  225
    8      2.088346547119      2.466469838860      4.036949770939
    8     -2.218066194405     -1.264773536380      3.987877651480
    8      1.547449612264     -1.204209460444      3.994708096914
    8     -1.706916176248      2.140739217436      4.114621959973
    8      2.010952753930      6.306811811228      4.031827273461
    8     -1.460942132164     -4.678260795865      3.911031399769
    8      2.175006332714     -5.013007087293      3.981208860384
    8     -1.860183322269      5.525201099306      4.091699642700
    8      5.874493838176      1.519396529984      4.056766562143
    8     -6.074079833377     -1.439326643368      4.072382408069
    8      5.432338574829     -1.723521352421      4.127207972379
    8     -5.572041701723      1.786295766006      4.122277513127
    8      5.618345335182      7.237088563516      3.889200549332
    8     -4.600197541333     -4.168604020020      4.059687016946
    8      5.862428782255     -5.054674261714      3.993046125706
    8     -8.414086120104      4.274404599266      4.128694476778
  258      0.016261254005      1.878817814629      3.095068518734
  258     -0.086159557018     -1.905276447482      3.082508787623
  258      0.053851811117      5.740956869117      3.011285908447
  258      0.086057345811     -5.615303756490      3.030487172577
  258      3.823391620050      1.912879894151      3.080471594342
  258     -3.908218731984     -1.978755182678      3.133129270977
  258      3.782131724784     -1.932598917396      3.077601641113
  258     -3.810117829533      1.852510440851      3.098803844572
  258      3.752300968756      5.806248889323      2.999253353424
  258     -3.714285578966     -5.584884701953      3.031568109069
  258      3.839963153297     -5.734452221712      3.048444984634
  258     -3.628518989520      5.771151313426      2.984415763392
  258     -7.728147515472      2.036747777050      3.141514039916
  258      7.604092837220     -1.867550986524      3.097043014918
  258      7.554613485928      5.776577335198      3.040272667904
  258     -7.829090159873     -5.767657051876      3.035699525630
    8      1.904817644992      1.859038362357      1.594864497653
    8     -1.860757146440     -1.965836630929      1.593335855394
    8      1.969891502336     -1.962256075802      1.600849921564
    8     -1.933708090342      1.885304256584      1.605260352698
    8      1.886655504262      5.697498927332      1.605053278291
    8     -1.854433459836     -5.784780912625      1.632355960811
    8      1.909852790913     -5.801979575719      1.590497269333
    8     -1.840092826966      5.767763582017      1.597495525828
    8      5.708446946436      2.000923402406      1.608172856360
    8     -5.800733351381     -1.954699598144      1.621892282277
    8      5.741916323503     -1.912502392416      1.611287921512
    8     -5.703372272168      1.960603529112      1.622274996042
    8      5.687547345694      5.721998420389      1.716842785145
    8     -5.751135289517     -5.758463799282      1.854185567587
    8      5.701299546342     -5.825039122525      1.603848766748
    8     -5.683593168281      5.784866820475      1.933569777369
    8     -0.037281827960     -0.019517005248      1.906430916507
    8      0.011523099788      3.809476694730      1.968741587698
    8      0.091060538947     -3.812581977701      1.807113061625
    8      0.002623593346     -7.685484851010      2.038475253858
    8      3.825764737262     -0.004292020298      1.965187408615
    8     -3.881155012873     -0.031841474354      1.920268605338
    8      3.803987878676      3.854486221344      1.974534564032
    8     -3.765161576350     -3.802181903327      1.686326590371
    8      3.863948284890     -3.863536825199      1.890781678185
    8     -3.767038369130      3.845210762810      2.016966671112
    8      3.744035236934     -7.705064108882      1.851279569984
    8     -3.751208569880     -7.662486432133      1.971129808859
    8      7.632725278563      0.060236620632      1.955885178839
    8      7.722959541549      3.879816188649      1.746646372079
    8      7.647342882201     -3.847086098495      1.938256695218
    8      7.631047886358      7.662337898922      1.798136594502
  258      1.903780896375     -0.027503130265      0.455434730958
  258     -1.939266234111     -0.027542234894      0.460625502253
  258      1.921865533113      3.789271858427      0.433622864467
  258     -1.898770897946     -3.811416310700      0.403280443018
  258      1.932628494436     -3.823860212244      0.416032224021
  258     -1.895872056800      3.788135764665      0.437074167128
  258      1.913817990951     -7.662938243988      0.411075856763
  258     -1.890245999865     -7.631653061744      0.426820908373
  258      5.750038343983      0.021589413210      0.477942227528
  258     -5.772803251965      0.010352906958      0.496935342153
  258      5.755080295887      3.832390339554      0.432098188199
  258     -5.760870376334     -3.827057367961      0.473838896177
  258      5.747481101551     -3.815543895193      0.447274326782
  258     -5.751316308339      3.838961140994      0.488704175761
  258      5.731647133773     -7.681195885273      0.411600560252
  258     -5.747448974021      7.691216186667      0.525361135109
    8     -0.009337649240     -0.004639776144     -0.775824269615
    8      0.001465107669      3.821637694891     -0.757143144056
    8      0.016232823552     -3.835917436985     -0.826339828176
    8      0.004322285916     -7.670150197161     -0.759460264020
    8      3.838462286677      0.004437636226     -0.755409700661
    8     -3.854998652432      0.008211450326     -0.765393093029
    8      3.827288018574      3.828087605319     -0.764814059050
    8     -3.853558779843     -3.845917682536     -0.847773740578
    8      3.854678103749     -3.831325193988     -0.792707632448
    8     -3.822273879327      3.841172709735     -0.736567765804
    8      3.825283881776     -7.678893896420     -0.798881737022
    8     -3.837397517253      7.674114164722     -0.735383205373
    8     -7.678450896232      0.004649765906     -0.752373985025
    8     -7.662174152074      3.847804984196     -0.819528520458
    8     -7.677946098262     -3.840652521891     -0.767413091635
    8     -7.659507148271      7.669893183299     -0.787623117815
    8      1.916548455827      1.909959154263     -0.965549633929
    8     -1.927673847716     -1.913769549026     -0.971525860242
    8      1.919715126666     -1.913208000530     -0.968906872755
    8     -1.917946806102      1.920632558451     -0.957915926682
    8      1.914682894654      5.738650003147     -0.958978051695
    8     -1.913567805208     -5.764155836851     -0.960935187998
    8      1.925027694107     -5.763890980544     -0.974110939802
    8     -1.914433213647      5.748307173044     -0.955857460239
    8      5.753856660667      1.919656461143     -0.956248664562
    8     -5.764774372836     -1.917843831814     -0.941371268155
    8      5.753607027604     -1.910189424779     -0.949780775699
    8     -5.757643122523      1.933356659961     -0.941495883336
    8      5.750670387775      5.756911148709     -0.921843695628
    8     -5.758128520961     -5.775178035247     -0.846153945863
    8      5.755167481372     -5.765257380982     -0.954627635629
    8     -5.744113149814      5.776628207737     -0.819123920970
  258     -0.002913248909      1.901124095383     -2.172140507953
  258     -0.001543207280     -1.912495207025     -2.178705451238
  258     -0.002818521627      5.745100948987     -2.170705713144
  258      0.004322157519     -5.744102230975     -2.186279681738
  258      3.838784897651      1.907353513892     -2.168276060148
  258     -3.853284981741     -1.917002307516     -2.164021144082
  258      3.844079686632     -1.909760230730     -2.168654078476
  258     -3.847064589758      1.910758828297     -2.156689727667
  258      3.831287940643      5.746258357837     -2.175946175629
  258     -3.846904267839     -5.746334929052     -2.156961167964
  258      3.842379938269     -5.748259073255     -2.180091765985
  258     -3.837069951189      5.756937515379     -2.142289750860
  258     -7.665029612475      1.920476108488     -2.159052536780
  258     -7.670578207441     -1.910840415957     -2.155651674843
  258     -7.656772330130      5.754699232440     -2.150791505209
  258     -7.665423968894     -5.754896379026     -2.152674036709
    8      1.917645891876      1.917331077736     -3.617783113226
    8     -1.914021088955     -1.917581582879     -3.625721148590
    8      1.918946115838     -1.916542738419     -3.621324197589
    8     -1.915316652010      1.918047849546     -3.615051157683
    8      1.917301774317      5.753106774988     -3.612904070701
    8     -1.917672683408     -5.755006184413     -3.616132866221
    8      1.918024452161     -5.754091076552     -3.624094350645
    8     -1.920398019558      5.754372335134     -3.606062111467
    8      5.747921588925      1.919056726349     -3.618148326117
    8     -5.757642378857     -1.919068936170     -3.615889939951
    8      5.751482052567     -1.917166696127     -3.613164175296
    8     -5.750700947247      1.920743966823     -3.614639993533
    8      5.754110395668      5.754222668791     -3.597654091445
    8     -5.754685015013     -5.757072405494     -3.580487681258
    8      5.756338133648     -5.755735328421     -3.614311041718
    8     -5.749207487988      5.755860910759     -3.565639159906
    8      0.000000000000      0.000000000000     -3.390356274875
    8      0.000000000000      3.835750260159     -3.390356274875
    8      0.000000000000     -3.835750260159     -3.390356274875
    8      0.000000000000      7.671500520300     -3.390356274875
    8      3.835750260161      0.000000000000     -3.390356274875
    8     -3.835750260161      0.000000000000     -3.390356274875
    8      3.835750260161      3.835750260159     -3.390356274875
    8     -3.835750260161     -3.835750260159     -3.390356274875
    8      3.835750260161     -3.835750260159     -3.390356274875
    8     -3.835750260161      3.835750260159     -3.390356274875
    8      3.835750260161      7.671500520300     -3.390356274875
    8     -3.835750260161      7.671500520300     -3.390356274875
    8      7.671500520300      0.000000000000     -3.390356274875
    8      7.671500520300      3.835750260159     -3.390356274875
    8      7.671500520300     -3.835750260159     -3.390356274875
    8      7.671500520300      7.671500520300     -3.390356274875
  258      1.917875130081      0.000000000000     -4.746498784825
  258     -1.917875130081      0.000000000000     -4.746498784825
  258      1.917875130081      3.835750260159     -4.746498784825
  258     -1.917875130081     -3.835750260159     -4.746498784825
  258      1.917875130081     -3.835750260159     -4.746498784825
  258     -1.917875130081      3.835750260159     -4.746498784825
  258      1.917875130081      7.671500520300     -4.746498784825
  258     -1.917875130081      7.671500520300     -4.746498784825
  258      5.753625390240      0.000000000000     -4.746498784825
  258     -5.753625390240      0.000000000000     -4.746498784825
  258      5.753625390240      3.835750260159     -4.746498784825
  258     -5.753625390240     -3.835750260159     -4.746498784825
  258      5.753625390240     -3.835750260159     -4.746498784825
  258     -5.753625390240      3.835750260159     -4.746498784825
  258      5.753625390240      7.671500520300     -4.746498784825
  258     -5.753625390240      7.671500520300     -4.746498784825
    8      0.000000000000      0.000000000000     -6.100000000000
    8      0.000000000000      3.835750260159     -6.100000000000
    8      0.000000000000     -3.835750260159     -6.100000000000
    8      0.000000000000      7.671500520300     -6.100000000000
    8      3.835750260161      0.000000000000     -6.100000000000
    8     -3.835750260161      0.000000000000     -6.100000000000
    8      3.835750260161      3.835750260159     -6.100000000000
    8     -3.835750260161     -3.835750260159     -6.100000000000
    8      3.835750260161     -3.835750260159     -6.100000000000
    8     -3.835750260161      3.835750260159     -6.100000000000
    8      3.835750260161      7.671500520300     -6.100000000000
    8     -3.835750260161      7.671500520300     -6.100000000000
    8      7.671500520300      0.000000000000     -6.100000000000
    8      7.671500520300      3.835750260159     -6.100000000000
    8      7.671500520300     -3.835750260159     -6.100000000000
    8      7.671500520300      7.671500520300     -6.100000000000
   14     -5.545829928723      7.454937535554      5.368083583649
    8     -5.363837104309      5.871077487893      4.835131950584
    8     -5.803511006457      7.521821156498      6.967431993437
    8     -4.003160336396     -7.317161727777      4.985883913632
    6     -5.530637864341      4.461048574175      5.177520607716
    6     -2.967674558181     -6.762570621398      5.851135436527
    6     -5.062363267195      6.746336159816      7.924998912928
    6     -4.292085371807      3.880692521840      5.833143608350
    6     -1.615314776448     -7.264805271979      5.369083842162
    6     10.560373585552      7.595901434912      9.149683084482
    1     -4.464794160541      2.810737178566      5.968378600700
    1     -0.836357073021     -6.555334766654      5.671658620398
    1     11.100466055665      7.006314088644      9.899945607186
    1     -4.091587687764      4.343459039609      6.803027897162
    1     -3.385356235355      4.005411078677      5.223677815928
    1     -6.449928630033      4.339321849539      5.754326321184
    1     -5.699004118847      3.969266006743      4.211170514814
    1      9.625331103400      7.953200366387      9.590230115684
    1     11.167306386497     -6.873395240718      8.890605511773
    1     -4.120269816408      6.385464432477      7.479787830770
    1     -5.657306968527      5.859701512542      8.186913109332
    1     -3.171195321305     -7.041210650968      6.889290978611
    1     -3.031677342605     -5.669266397813      5.766177624314
    1     -1.398034442167     -8.272519618653      5.718814834909
    1     -1.640358582285     -7.344195223177      4.271615463104
    8     -6.590445175283      8.130773621901      4.408308094696
    6      5.752870415957      7.344948337680      5.299375768907
    6      4.878225387297      6.316378896370      6.005756517088
    1      5.169726145886      5.314491143480      5.655796953033
    1      6.810220681720      7.177360762258      5.581688980930
    1      5.524076768435      8.378721820211      5.605411239718
    1      3.812660876646      6.481780001109      5.786874001730
    1      5.001820267863      6.339544549628      7.093499637089
    0    0
