   2   1   1 E -4.0948859587406E+04 DE 5.2E-07(  8)
  0.153430010406E+02  0.000000000000E+00  0.000000000000E+00
  0.000000000000E+00  0.153430010406E+02  0.000000000000E+00
  0.000000000000E+00  0.000000000000E+00  0.500000000000E+03
    1
  0.100000000000E+01  0.000000000000E+00  0.000000000000E+00
  0.000000000000E+00  0.100000000000E+01  0.000000000000E+00
  0.000000000000E+00  0.000000000000E+00  0.100000000000E+01
  0.000000000000E+00  0.000000000000E+00  0.000000000000E+00
  225
    8      1.745618961736      1.894190545667      4.330687098112
    8     -1.726989983730     -1.769819744050      4.339149907488
    8      2.098827456399     -1.888062721709      4.331502579996
    8     -2.098092457904      1.925040099574      4.329930274997
    8      1.967604735091      5.703172252094      4.338053487776
    8     -1.882273694966     -5.373350433214      4.520391881788
    8      1.868053578146     -5.696799857192      4.337304699082
    8     -1.853548920121      5.655210463633      4.324310098336
    8      5.570439315177      1.772746218518      4.337692792580
    8     -5.559205544728     -1.705313009080      4.336971180617
    8      5.942300578973     -1.921123979679      4.329689397639
    8     -5.940661724708      1.705062809123      4.336433038601
    8      5.718123140286      5.375389904238      4.520803825732
    8     -5.748318823139     -5.014851383097      4.130281612649
    8      5.689351672392     -5.649211496537      4.322831951927
    8     -5.759077797219      5.015341668022      4.130797786795
  258     -0.053651139135      1.902885279362      3.333246453056
  258      0.040934593193     -1.907630645350      3.335046788062
  258     -0.023564414431      5.731792435279      3.294661522935
  258      0.113599391752     -5.730423191092      3.251527504811
  258      3.795344352159      1.906068869260      3.336160769977
  258     -3.817784503954     -1.934232090259      3.338454037655
  258      3.889992614346     -1.904279358106      3.331673862178
  258     -3.895036039569      1.944175163187      3.341141962066
  258      3.721939729192      5.729682151825      3.251275997515
  258     -3.973351355904     -5.779683450653      3.308241731297
  258      3.859454671190     -5.732303219478      3.293728678307
  258     -3.813269629982      5.814436086880      3.362874974849
  258      7.654364066322      1.933849694007      3.339739287348
  258     -7.611285076676     -1.944561596300      3.339390694465
  258     -7.534104630235      5.779819113042      3.308685090233
  258      7.649279950018     -5.813861044208      3.361346384335
    8      1.905089360070      1.906776293779      1.758434730497
    8     -1.918079199316     -1.936440199290      1.779745972444
    8      1.931029890608     -1.908069152072      1.759912138941
    8     -1.916365036062      1.911558978943      1.763608441359
    8      1.902981610399      5.739893131423      1.762404627719
    8     -1.855760258251     -5.758054421703      1.877435734235
    8      1.933175637734     -5.741273670471      1.762451490794
    8     -1.873811865297      5.775781236023      1.777972584751
    8      5.754956197561      1.934669298788      1.777388672400
    8     -5.769610775162     -1.946619611204      1.783520002919
    8      5.751267423153     -1.913022991968      1.765805773980
    8     -5.736250486643      1.945274702744      1.781372017851
    8      5.692267000509      5.756963470095      1.877166898685
    8     -5.766980700863     -5.833781128782      1.771928303974
    8      5.709872649932     -5.776963481627      1.778026801379
    8     -5.740121264583      5.832878804020      1.771256515460
    8     -0.003995330034     -0.007049132684      2.196700716709
    8     -0.009187719090      3.823850334366      2.199684994358
    8      0.047141276058     -3.825812294381      2.176933104995
    8      0.042343807869     -7.670865967065      2.212847151661
    8      3.840298111513      0.006055421860      2.195973945328
    8     -3.839453610491     -0.003209562995      2.210745637472
    8      3.789483948046      3.823949542586      2.178304640979
    8     -3.830031868584     -3.851035139784      2.126425333414
    8      3.845088812854     -3.825587248457      2.196955038969
    8     -3.806092772747      3.863902350072      2.162959793599
    8      3.794156615955      7.669611887617      2.212633705193
    8     -3.791083598532     -7.661547509361      2.062482012543
    8     -7.665069471711      0.004190821607      2.210296813444
    8      7.666022589004      3.850153844556      2.128505019304
    8      7.643625661599     -3.864270704623      2.159480635242
    8      7.627194905318      7.661363555234      2.062030988750
  258      1.917862059018     -0.000492273218      0.597537604939
  258     -1.926582711176     -0.007194838215      0.613460549005
  258      1.903997458277      3.806020436097      0.578595677948
  258     -1.925873884110     -3.843382800913      0.622580859716
  258      1.931893291937     -3.807144977818      0.578755607747
  258     -1.935612960543      3.836045013738      0.607919848982
  258      1.917879942987      7.671104431125      0.572104797952
  258     -1.931387083691     -7.656693995761      0.606473857494
  258      5.761971946708      0.005587272392      0.613742373573
  258     -5.753798511762     -0.001209494634      0.625659411405
  258      5.761625416041      3.842232202392      0.621958460944
  258     -5.761573549241     -3.852318408464      0.613606902072
  258      5.771387318312     -3.836892460151      0.608638760792
  258     -5.745664786137      3.851370568669      0.612934968240
  258      5.767354651238      7.655622992353      0.606089101265
  258     -5.753545507636      7.671150474262      0.543498801315
    8     -0.005797456450     -0.004039999678     -0.645700840087
    8     -0.007053636163      3.829644530216     -0.651007267165
    8      0.005132753267     -3.833461661397     -0.650272871449
    8      0.004921026228     -7.663921484236     -0.646865206501
    8      3.841516248232      0.002499337182     -0.646274573543
    8     -3.844227939291     -0.007630592126     -0.634423725479
    8      3.830619219384      3.833192336032     -0.650209059703
    8     -3.840360712164     -3.838618620897     -0.654470438456
    8      3.842865109661     -3.830703382674     -0.651484897253
    8     -3.838152003465      3.834859597260     -0.652950305209
    8      3.830709898954      7.663514996423     -0.646862665489
    8     -3.823690928788     -7.665656176005     -0.700634862517
    8     -7.663523904879      0.004049520358     -0.634281701673
    8     -7.667206490145      3.838639309274     -0.654365676685
    8     -7.669078014693     -3.835759012037     -0.653194477659
    8      7.659867932102      7.664801001394     -0.700885965297
    8      1.914476993489      1.915553079369     -0.872753998475
    8     -1.922086265013     -1.921483282469     -0.858137417052
    8      1.921961056858     -1.916480081828     -0.872160757885
    8     -1.926149744813      1.912113151637     -0.869170898929
    8      1.913732699706      5.754135117705     -0.869354530415
    8     -1.917491850807     -5.744560495434     -0.822431785403
    8      1.922065906599     -5.754697192679     -0.869210540857
    8     -1.918852902978      5.752693961858     -0.862031539141
    8      5.757674590020      1.921273340005     -0.858961703673
    8     -5.754803083088     -1.920051726870     -0.852548655290
    8      5.762526800872     -1.912733825188     -0.868064566909
    8     -5.752732032820      1.920119420237     -0.853310395949
    8      5.752926260035      5.744314179891     -0.822722890612
    8     -5.755350032338     -5.745749323229     -0.870295059368
    8      5.754936119613     -5.753705195169     -0.861915129081
    8     -5.751459426426      5.745097622436     -0.870859103117
  258     -0.009257948188      1.913177152508     -2.119287988085
  258     -0.006970558533     -1.916823145976     -2.114628309459
  258     -0.006430964898      5.751603293438     -2.117920722234
  258     -0.000610690640     -5.748244411323     -2.113662113047
  258      3.842861530792      1.916402322208     -2.114696647377
  258     -3.840111730356     -1.920341702800     -2.105715872603
  258      3.845736589123     -1.913367033760     -2.118514107426
  258     -3.841129102764      1.916199721849     -2.110835678936
  258      3.836381404947      5.748111193260     -2.113778728560
  258     -3.833760052777     -5.749146874057     -2.118812359116
  258      3.842307511471     -5.751636347951     -2.117755257587
  258     -3.831012192985      5.754216824452     -2.122894901312
  258     -7.667128140153      1.920187869361     -2.105873032973
  258     -7.666024679989     -1.916332368817     -2.110747762770
  258      7.669630977925      5.749054343514     -2.118922491063
  258      7.666823414524     -5.754263394517     -2.122724039171
    8      1.916548087182      1.918144320013     -3.580289780329
    8     -1.915655491386     -1.919224589382     -3.575542395275
    8      1.918089678038     -1.918266860733     -3.580647939869
    8     -1.916087286657      1.917871850490     -3.579602947532
    8      1.919317337378      5.753481032721     -3.575686889555
    8     -1.914571636003     -5.753062586586     -3.562598953990
    8      1.916334984936     -5.753495015420     -3.575556469042
    8     -1.914867839591      5.754489512216     -3.578632087038
    8      5.751464463213      1.919107173859     -3.576054693252
    8     -5.753014956016     -1.918130383427     -3.572198887359
    8      5.752010540561     -1.917906071831     -3.578814623918
    8     -5.754048360981      1.918105288761     -3.572738080206
    8      5.750301330807      5.753043632675     -3.562766603545
    8     -5.751961815341     -5.753447504528     -3.580832198487
    8      5.750757290450     -5.754397211074     -3.578728298240
    8     -5.755196724469      5.753540429517     -3.580930495661
    8      0.000000000000      0.000000000000     -3.390356274875
    8      0.000000000000      3.835750260159     -3.390356274875
    8      0.000000000000     -3.835750260159     -3.390356274875
    8      0.000000000000      7.671500520300     -3.390356274875
    8      3.835750260161      0.000000000000     -3.390356274875
    8     -3.835750260161      0.000000000000     -3.390356274875
    8      3.835750260161      3.835750260159     -3.390356274875
    8     -3.835750260161     -3.835750260159     -3.390356274875
    8      3.835750260161     -3.835750260159     -3.390356274875
    8     -3.835750260161      3.835750260159     -3.390356274875
    8      3.835750260161      7.671500520300     -3.390356274875
    8     -3.835750260161      7.671500520300     -3.390356274875
    8      7.671500520300      0.000000000000     -3.390356274875
    8      7.671500520300      3.835750260159     -3.390356274875
    8      7.671500520300     -3.835750260159     -3.390356274875
    8      7.671500520300      7.671500520300     -3.390356274875
  258      1.917875130081      0.000000000000     -4.746498784825
  258     -1.917875130081      0.000000000000     -4.746498784825
  258      1.917875130081      3.835750260159     -4.746498784825
  258     -1.917875130081     -3.835750260159     -4.746498784825
  258      1.917875130081     -3.835750260159     -4.746498784825
  258     -1.917875130081      3.835750260159     -4.746498784825
  258      1.917875130081      7.671500520300     -4.746498784825
  258     -1.917875130081      7.671500520300     -4.746498784825
  258      5.753625390240      0.000000000000     -4.746498784825
  258     -5.753625390240      0.000000000000     -4.746498784825
  258      5.753625390240      3.835750260159     -4.746498784825
  258     -5.753625390240     -3.835750260159     -4.746498784825
  258      5.753625390240     -3.835750260159     -4.746498784825
  258     -5.753625390240      3.835750260159     -4.746498784825
  258      5.753625390240      7.671500520300     -4.746498784825
  258     -5.753625390240      7.671500520300     -4.746498784825
    8      0.000000000000      0.000000000000     -6.100000000000
    8      0.000000000000      3.835750260159     -6.100000000000
    8      0.000000000000     -3.835750260159     -6.100000000000
    8      0.000000000000      7.671500520300     -6.100000000000
    8      3.835750260161      0.000000000000     -6.100000000000
    8     -3.835750260161      0.000000000000     -6.100000000000
    8      3.835750260161      3.835750260159     -6.100000000000
    8     -3.835750260161     -3.835750260159     -6.100000000000
    8      3.835750260161     -3.835750260159     -6.100000000000
    8     -3.835750260161      3.835750260159     -6.100000000000
    8      3.835750260161      7.671500520300     -6.100000000000
    8     -3.835750260161      7.671500520300     -6.100000000000
    8      7.671500520300      0.000000000000     -6.100000000000
    8      7.671500520300      3.835750260159     -6.100000000000
    8      7.671500520300     -3.835750260159     -6.100000000000
    8      7.671500520300      7.671500520300     -6.100000000000
   14     -5.754643940030      7.672258433483      5.683188679796
    8     -7.081658002345      7.596890064301      4.708621742404
    8     -4.427302444280     -7.595990061892      4.709104682023
    8     -5.971879006507     -6.354603980483      6.652027199672
    8     -5.538343796777      6.357161638738      6.653572167975
    6     -4.902309015976     -5.576715673200      7.167954566481
    6     -6.607577591914      5.575265287200      7.163968574644
    6     -4.084729131568     -6.339463845856      8.201564048670
    6     -7.435399926839      6.336576358383      8.190646671449
    1     -3.253067423754     -5.725496280256      8.568427150236
    1      7.500352694845      7.256252296505      7.756753709225
    1     -6.815171680303      6.625041463425      9.046547610203
    1     -4.711918522138     -6.623903673009      9.053557115386
    1     -3.678141652575     -7.261512026183      7.772261813339
    1     -4.261713641877     -5.243884402186      6.335274447859
    1     -5.342427139895     -4.671265492978      7.606167053086
    1     -7.241493117773      5.237687286889      6.327863175621
    1     -6.166106624060      4.672617654258      7.606751643741
    1      7.075856837886      5.719983785565      8.552959288135
    6      5.415369925615      5.504091511790      5.906736104706
    6      5.537357728985      4.182863136459      6.656375259255
    1      4.920429416197      3.410255939352      6.185619102027
    1      4.366161026634      5.870727141501      6.017116027933
    1      6.052935009417      6.277568433026      6.359988527126
    1      6.567480594809      3.811221086864      6.641158723277
    1      5.229209978150      4.299505516684      7.702799622932
    6     -1.581719239251     -5.498895991865      5.907213962500
    6     -1.711099556797     -4.177239958427      6.654833144470
    1     -2.742803500388     -3.810174800258      6.636943342929
    1     -2.216796335993     -6.274578622919      6.360079102055
    1     -0.531216326728     -5.860746532584      6.020056674338
    1     -1.096449533895     -3.402630075570      6.184626830790
    1     -1.405110708569     -4.291370646170      7.702163307307
