   2   1   1 E -4.0948859593001E+04 DE-7.5E-06( 25)
  0.153430010406E+02  0.000000000000E+00  0.000000000000E+00
  0.000000000000E+00  0.153430010406E+02  0.000000000000E+00
  0.000000000000E+00  0.000000000000E+00  0.500000000000E+03
    1
  0.100000000000E+01  0.000000000000E+00  0.000000000000E+00
  0.000000000000E+00  0.100000000000E+01  0.000000000000E+00
  0.000000000000E+00  0.000000000000E+00  0.100000000000E+01
  0.000000000000E+00  0.000000000000E+00  0.000000000000E+00
  225
    8      1.742511518864      1.894433609961      4.331607918862
    8     -1.726489615869     -1.767737675184      4.339892528898
    8      2.099551723469     -1.887239956200      4.333172133121
    8     -2.100812913905      1.925038587829      4.330843627563
    8      1.968421979375      5.703329849869      4.338270100836
    8     -1.882832045318     -5.371713392969      4.520852934623
    8      1.866525130380     -5.696619843697      4.337833400027
    8     -1.852900610787      5.655812485017      4.324355134132
    8      5.567922851926      1.772178758561      4.338970932815
    8     -5.558072449975     -1.706115839945      4.340219915163
    8      5.943009504399     -1.920610761112      4.332344946449
    8     -5.943650553928      1.706786111695      4.339027771303
    8      5.718036241964      5.373464029895      4.520610884402
    8     -5.749609346175     -5.015302778668      4.130677739258
    8      5.688215006564     -5.650456166383      4.323792808690
    8     -5.758249087628      5.016682207973      4.131733883522
  258     -0.054954706380      1.903173353819      3.334313568074
  258      0.041525429439     -1.907004859951      3.336241404112
  258     -0.023370040614      5.732010380452      3.294703520840
  258      0.113149466478     -5.730336839892      3.251644207850
  258      3.794095170403      1.906487568565      3.337083604593
  258     -3.817443172098     -1.934126851901      3.340728286181
  258      3.890805248486     -1.903705740292      3.334158898423
  258     -3.896749221274      1.944681908488      3.342741637406
  258      3.721987721742      5.729829231935      3.251608531878
  258     -3.974168082944     -5.779526274387      3.308571012143
  258      3.858943932628     -5.732207141705      3.294430753086
  258     -3.813124303867      5.815077237427      3.363234707017
  258      7.653076433343      1.934078732318      3.341601072971
  258     -7.610626163224     -1.944925433793      3.342658278580
  258     -7.533654432748      5.779886196228      3.309071720352
  258      7.648539226551     -5.814627321006      3.362633355811
    8      1.905739790802      1.906813498260      1.758963456351
    8     -1.918057315207     -1.936269784599      1.779341082409
    8      1.930926989995     -1.907985196074      1.760033580724
    8     -1.915057601947      1.911869614991      1.764257853022
    8      1.902627460712      5.739783816205      1.762646867225
    8     -1.855589830869     -5.757944526668      1.877397772210
    8      1.933329219192     -5.741073118986      1.762575479478
    8     -1.873515510620      5.775968058213      1.778269164831
    8      5.755575059604      1.935186408518      1.777790223769
    8     -5.769761525124     -1.945911389447      1.782837974566
    8      5.751449120709     -1.912675519984      1.765297027252
    8     -5.736633861297      1.945890443021      1.781495809410
    8      5.691984325052      5.757366480854      1.877305950419
    8     -5.766747565776     -5.833414766130      1.771682704366
    8      5.709647714717     -5.776675796323      1.778343723848
    8     -5.740484936061      5.833245202147      1.771494598424
    8     -0.004153838991     -0.006671360591      2.197805372724
    8     -0.009495334601      3.824054356586      2.199989434011
    8      0.047168303353     -3.824967039254      2.177699295158
    8      0.042146781589     -7.670647111956      2.212684811957
    8      3.840222839297      0.006210074031      2.197827866924
    8     -3.842294939821     -0.003318882465      2.212926496372
    8      3.788883135940      3.823961555621      2.178558076065
    8     -3.830312088504     -3.850627112822      2.128098396899
    8      3.845380864164     -3.824991949782      2.199035103131
    8     -3.806967964156      3.864054562448      2.163886579245
    8      3.793816967134      7.669913164140      2.212880291912
    8     -3.791214770492     -7.661506100899      2.062588437155
    8     -7.664627886844      0.003757014840      2.213152598455
    8      7.666025725735      3.850086527295      2.129511811811
    8      7.642471742806     -3.864389224545      2.162296685370
    8      7.627123239982      7.661546952891      2.062498594074
  258      1.918346079306     -0.000405702858      0.597951882405
  258     -1.925980893718     -0.006612502259      0.613835407304
  258      1.904088899274      3.806020862840      0.578852954605
  258     -1.925753024045     -3.843193431462      0.622342326956
  258      1.931815237433     -3.806974035160      0.578830931173
  258     -1.935430871567      3.836062987966      0.608492971240
  258      1.917856672775      7.671186474897      0.572108431904
  258     -1.931254783508     -7.656449275003      0.606602437659
  258      5.762490240832      0.005942751452      0.613710110515
  258     -5.753562787643     -0.000242578194      0.625470195875
  258      5.761857227193      3.842606902918      0.622224818383
  258     -5.761225999207     -3.851821565750      0.613265331939
  258      5.771538208980     -3.836731371360      0.608569912346
  258     -5.746052085290      3.851713871166      0.613037745815
  258      5.767318890269      7.655952877778      0.606318847236
  258     -5.753570212286      7.671453876447      0.543466927636
    8     -0.005139017080     -0.003915289176     -0.645569634895
    8     -0.006765868120      3.829252058485     -0.650905682892
    8      0.005129039854     -3.833300726615     -0.650376716115
    8      0.004894239292     -7.663897674012     -0.646949674748
    8      3.841813975037      0.002790567249     -0.645860038876
    8     -3.843693945822     -0.005830135994     -0.634096894854
    8      3.830824289512      3.832956143748     -0.650119646534
    8     -3.840158197951     -3.838564472317     -0.654552620153
    8      3.842953776594     -3.830439249909     -0.651379839422
    8     -3.838201629872      3.835164586911     -0.652889281526
    8      3.830877291269      7.663673576162     -0.646836314126
    8     -3.823767911223     -7.665570867618     -0.700715488419
    8     -7.663128224242      0.004722607134     -0.634552332097
    8     -7.667140206454      3.838796495899     -0.654376973851
    8     -7.668793540399     -3.835653197410     -0.653310087633
    8      7.659886817384      7.665120633753     -0.700877385203
    8      1.914535798461      1.915753620106     -0.872459991509
    8     -1.922059363807     -1.921042712982     -0.858461065298
    8      1.921771334821     -1.916199586317     -0.872210062769
    8     -1.926564379728      1.912661271654     -0.869349899805
    8      1.913644636330      5.754340084049     -0.869168356154
    8     -1.917433089741     -5.744575525488     -0.822389790238
    8      1.922132433262     -5.754697312778     -0.869180114945
    8     -1.919130231370      5.753182956863     -0.861841492928
    8      5.757876181378      1.921310001960     -0.858998581734
    8     -5.754554535676     -1.919877858874     -0.852821303426
    8      5.762566367805     -1.912750566164     -0.868478949648
    8     -5.752753600454      1.919953312806     -0.853474905171
    8      5.753088275311      5.744567778353     -0.822618784413
    8     -5.755276911273     -5.745635716807     -0.870337157252
    8      5.755036655840     -5.753372086933     -0.861896935497
    8     -5.751626938910      5.745350198520     -0.870628248610
  258     -0.009327689258      1.913200704759     -2.119141627431
  258     -0.006998425209     -1.916720933155     -2.114819269247
  258     -0.006532424495      5.751511676350     -2.117711041759
  258     -0.000528841334     -5.748303937694     -2.113702628788
  258      3.842929490139      1.916565837696     -2.114738241428
  258     -3.839986580204     -1.920220845961     -2.105850359381
  258      3.845704658133     -1.913315807927     -2.118576090553
  258     -3.841149403112      1.916282140396     -2.110975822468
  258      3.836323257475      5.748123152227     -2.113669565976
  258     -3.833719867586     -5.749186313770     -2.118782233875
  258      3.842323526072     -5.751594349972     -2.117716222395
  258     -3.831050596119      5.754273266692     -2.122761970518
  258     -7.667152436590      1.920242997005     -2.105980083700
  258     -7.665976960123     -1.916256357395     -2.110846920236
  258      7.669588393636      5.749197166135     -2.118833543111
  258      7.666881509860     -5.754225046270     -2.122741769186
    8      1.916609926335      1.918097272844     -3.580365246515
    8     -1.915670193825     -1.919210671009     -3.575678964696
    8      1.918079795394     -1.918221326743     -3.580860512258
    8     -1.916152868142      1.917852959901     -3.579642572949
    8      1.919405221376      5.753414963221     -3.575776674054
    8     -1.914558528744     -5.753054925023     -3.562693109654
    8      1.916297312423     -5.753441720613     -3.575655817443
    8     -1.914964888959      5.754464948134     -3.578597765944
    8      5.751467258560      1.919153075170     -3.575996561070
    8     -5.753150565646     -1.918182607016     -3.572405701435
    8      5.751951213750     -1.917862143515     -3.579107254444
    8     -5.754051953562      1.918147568093     -3.572777859627
    8      5.750341370188      5.753034571303     -3.562775346901
    8     -5.751989012103     -5.753466341223     -3.580919822415
    8      5.750783425640     -5.754389955246     -3.578703796458
    8     -5.755242864926      5.753520672967     -3.581049291755
    8      0.000000000000      0.000000000000     -3.390356274875
    8      0.000000000000      3.835750260159     -3.390356274875
    8      0.000000000000     -3.835750260159     -3.390356274875
    8      0.000000000000      7.671500520300     -3.390356274875
    8      3.835750260161      0.000000000000     -3.390356274875
    8     -3.835750260161      0.000000000000     -3.390356274875
    8      3.835750260161      3.835750260159     -3.390356274875
    8     -3.835750260161     -3.835750260159     -3.390356274875
    8      3.835750260161     -3.835750260159     -3.390356274875
    8     -3.835750260161      3.835750260159     -3.390356274875
    8      3.835750260161      7.671500520300     -3.390356274875
    8     -3.835750260161      7.671500520300     -3.390356274875
    8      7.671500520300      0.000000000000     -3.390356274875
    8      7.671500520300      3.835750260159     -3.390356274875
    8      7.671500520300     -3.835750260159     -3.390356274875
    8      7.671500520300      7.671500520300     -3.390356274875
  258      1.917875130081      0.000000000000     -4.746498784825
  258     -1.917875130081      0.000000000000     -4.746498784825
  258      1.917875130081      3.835750260159     -4.746498784825
  258     -1.917875130081     -3.835750260159     -4.746498784825
  258      1.917875130081     -3.835750260159     -4.746498784825
  258     -1.917875130081      3.835750260159     -4.746498784825
  258      1.917875130081      7.671500520300     -4.746498784825
  258     -1.917875130081      7.671500520300     -4.746498784825
  258      5.753625390240      0.000000000000     -4.746498784825
  258     -5.753625390240      0.000000000000     -4.746498784825
  258      5.753625390240      3.835750260159     -4.746498784825
  258     -5.753625390240     -3.835750260159     -4.746498784825
  258      5.753625390240     -3.835750260159     -4.746498784825
  258     -5.753625390240      3.835750260159     -4.746498784825
  258      5.753625390240      7.671500520300     -4.746498784825
  258     -5.753625390240      7.671500520300     -4.746498784825
    8      0.000000000000      0.000000000000     -6.100000000000
    8      0.000000000000      3.835750260159     -6.100000000000
    8      0.000000000000     -3.835750260159     -6.100000000000
    8      0.000000000000      7.671500520300     -6.100000000000
    8      3.835750260161      0.000000000000     -6.100000000000
    8     -3.835750260161      0.000000000000     -6.100000000000
    8      3.835750260161      3.835750260159     -6.100000000000
    8     -3.835750260161     -3.835750260159     -6.100000000000
    8      3.835750260161     -3.835750260159     -6.100000000000
    8     -3.835750260161      3.835750260159     -6.100000000000
    8      3.835750260161      7.671500520300     -6.100000000000
    8     -3.835750260161      7.671500520300     -6.100000000000
    8      7.671500520300      0.000000000000     -6.100000000000
    8      7.671500520300      3.835750260159     -6.100000000000
    8      7.671500520300     -3.835750260159     -6.100000000000
    8      7.671500520300      7.671500520300     -6.100000000000
   14     -5.754319310291      7.672396586302      5.682977160915
    8     -7.081493472271      7.596742103965      4.708883329925
    8     -4.427599042933     -7.595819839389      4.708343791054
    8     -5.971869624844     -6.354629186813      6.651553351572
    8     -5.536341990737      6.357975773762      6.653576593544
    6     -4.903143664947     -5.577000909659      7.168992966982
    6     -6.604305613450      5.580754554067      7.173106874566
    6     -4.088366315613     -6.339509689972      8.204657094444
    6     -7.419560490520      6.345002017917      8.207181043465
    1     -3.256792764618     -5.726251762150      8.572478511957
    1      7.516516894912      7.266504063700      7.777366060494
    1     -6.790834646292      6.630361344427      9.057595853561
    1     -4.717373968352     -6.622397456003      9.055672510849
    1     -3.682144983845     -7.262289942930      7.776934192965
    1     -4.260711405448     -5.245219225612      6.337469818918
    1     -5.343445470752     -4.670992787682      7.605546868917
    1     -7.246551756195      5.246129924147      6.342480735752
    1     -6.163054186566      4.676274246235      7.611884123791
    1      7.092319223792      5.731963434192      8.576325250665
    6      5.417354832196      5.500125156717      5.907043315474
    6      5.541475403057      4.178228444847      6.654662269308
    1      4.923531739102      3.406173843916      6.184737635263
    1      4.368250702995      5.865840071286      6.019432749772
    1      6.054921422867      6.273378190003      6.360124942268
    1      6.571514383269      3.806833466402      6.636227969996
    1      5.236289597620      4.293486102126      7.701980185144
    6     -1.583388895227     -5.497535470469      5.907752446146
    6     -1.710933578512     -4.175750719215      6.654990593570
    1     -2.741726787014     -3.806401515674      6.635285158054
    1     -2.220026666739     -6.271942105854      6.360385685045
    1     -0.533744026488     -5.861193515368      6.021274170798
    1     -1.093988322420     -3.402535552416      6.185732073191
    1     -1.407010797348     -4.290312466700      7.702740453534
