   2   1   1 E -4.0948859531038E+04 DE 8.7E-07(  8)
  0.153430010406E+02  0.000000000000E+00  0.000000000000E+00
  0.000000000000E+00  0.153430010406E+02  0.000000000000E+00
  0.000000000000E+00  0.000000000000E+00  0.500000000000E+03
    1
  0.100000000000E+01  0.000000000000E+00  0.000000000000E+00
  0.000000000000E+00  0.100000000000E+01  0.000000000000E+00
  0.000000000000E+00  0.000000000000E+00  0.100000000000E+01
  0.000000000000E+00  0.000000000000E+00  0.000000000000E+00
  225
    8      1.739142082074      1.894709253211      4.332235656649
    8     -1.725823386250     -1.764655092516      4.339430193717
    8      2.100457999516     -1.886212739885      4.333162332559
    8     -2.103782193483      1.924995803136      4.330955468955
    8      1.969800249678      5.703536828123      4.338670778810
    8     -1.883705273868     -5.369238373737      4.520824717317
    8      1.865116971547     -5.695446065095      4.338219978141
    8     -1.852319710217      5.656613575616      4.324770012458
    8      5.565100272952      1.770171538716      4.339268122821
    8     -5.557343446328     -1.704872623249      4.340531187751
    8      5.943641706219     -1.919623007214      4.332290822115
    8     -5.946505232256      1.708021412753      4.339482675007
    8      5.718778073194      5.372932985552      4.520916828251
    8     -5.750486985394     -5.014554313893      4.130809175678
    8      5.687671130744     -5.650888453276      4.324100504116
    8     -5.757456173048      5.016867680209      4.131442864483
  258     -0.055825670015      1.903401523454      3.334361324156
  258      0.042615169341     -1.906515653581      3.335992842342
  258     -0.023305118177      5.732296025495      3.294770803802
  258      0.112636526801     -5.729912928584      3.251886318436
  258      3.792940989305      1.907045729939      3.336676619854
  258     -3.816921894884     -1.933480702039      3.341075069682
  258      3.891561000180     -1.902885871771      3.334297696702
  258     -3.897641535210      1.945142691900      3.342408382295
  258      3.722535144535      5.730429559479      3.251923684275
  258     -3.974313069918     -5.779031112540      3.308378577280
  258      3.858759495272     -5.731682065891      3.294521093187
  258     -3.813096743004      5.815324069857      3.363140731309
  258      7.652054430083      1.934550653733      3.341481032368
  258     -7.609954660775     -1.944300908149      3.342772420730
  258     -7.533437248766      5.780159212230      3.308543151710
  258      7.648541231389     -5.814030929845      3.362802044567
    8      1.905387752226      1.906992208931      1.759125476482
    8     -1.918387422978     -1.935832595116      1.778721381004
    8      1.930752385299     -1.907580890749      1.759691503733
    8     -1.914920239592      1.912340240854      1.764440600912
    8      1.902674389778      5.740137342625      1.762803942664
    8     -1.856185538569     -5.757741011651      1.877638496500
    8      1.933220887246     -5.740644090916      1.762688977893
    8     -1.873795803716      5.776184124852      1.778457482100
    8      5.754893452996      1.935653513345      1.778167403084
    8     -5.769429650781     -1.945862556394      1.782843232594
    8      5.751409138209     -1.912625763726      1.765084667754
    8     -5.737065951795      1.945989890355      1.782214617786
    8      5.691896471309      5.757953577953      1.877335789807
    8     -5.766264540850     -5.833109400568      1.771432019854
    8      5.709515160409     -5.776425809940      1.778307867035
    8     -5.740987771807      5.833378334492      1.771630044037
    8     -0.003202380762     -0.006387070365      2.197397154248
    8     -0.009914702353      3.824507964056      2.199938528697
    8      0.047054742745     -3.824536793920      2.177642218214
    8      0.042077483547     -7.670332489385      2.212677790169
    8      3.839523628856      0.006872024042      2.197641020649
    8     -3.842903131486     -0.003164981042      2.212730106873
    8      3.788862876210      3.824567741610      2.178269267048
    8     -3.830337852132     -3.850139923700      2.128474357276
    8      3.845831550568     -3.824502926885      2.199518933634
    8     -3.806460468459      3.864468571967      2.163452020887
    8      3.793539491749      7.670545384346      2.212881286840
    8     -3.791482267544     -7.661527408937      2.062445528775
    8     -7.664618046070      0.004271379448      2.213023275531
    8      7.665393308458      3.850817717924      2.129160628438
    8      7.641834425792     -3.863860017154      2.162652189126
    8      7.627244252023      7.662188519828      2.062446988395
  258      1.918077723785     -0.000084481638      0.597577393172
  258     -1.926130587527     -0.006001432599      0.613660160724
  258      1.904122318476      3.806497199599      0.579045253310
  258     -1.925727410846     -3.842836450075      0.622099990740
  258      1.931743064509     -3.806762229545      0.578939359791
  258     -1.935602556000      3.836462793905      0.608737608633
  258      1.917862368357      7.671452712893      0.572236954763
  258     -1.931479005172     -7.656362918657      0.606534219619
  258      5.762399784978      0.006061710915      0.613877626484
  258     -5.753477946308      0.000146236260      0.625782183603
  258      5.761588320673      3.842954037903      0.622407140613
  258     -5.760882633695     -3.851495179635      0.613074407047
  258      5.771649562759     -3.836655484619      0.608621991996
  258     -5.746309487560      3.851728805333      0.613282948156
  258      5.767287327003      7.656386540160      0.606356752501
  258     -5.753596066643      7.671617618492      0.543299872650
    8     -0.005486752410     -0.003198154961     -0.645927303443
    8     -0.006796403140      3.830287102569     -0.650943725766
    8      0.005062310607     -3.833193100122     -0.650319164254
    8      0.004829235303     -7.663932531878     -0.646897923830
    8      3.841745488187      0.003004987666     -0.645838463920
    8     -3.843834070295     -0.004451671524     -0.634019010846
    8      3.830894439955      3.833230572188     -0.650104244246
    8     -3.839976327599     -3.838582009720     -0.654533785307
    8      3.842898107317     -3.830273410647     -0.651091804151
    8     -3.838364838891      3.835321037047     -0.652632805984
    8      3.830887188184      7.663913942222     -0.646818814382
    8     -3.823925095371     -7.665512476988     -0.700921702532
    8     -7.663174363255      0.004894319253     -0.634071464333
    8     -7.667216398958      3.838752289744     -0.654162985274
    8     -7.668616139164     -3.835402769315     -0.653035673776
    8      7.659826135186      7.665451925190     -0.700910302911
    8      1.914518279747      1.916042059061     -0.872373265693
    8     -1.921970437646     -1.921340737441     -0.858604767858
    8      1.921730292851     -1.916118712101     -0.872350244472
    8     -1.926583868056      1.912591015168     -0.869222034102
    8      1.913753697602      5.754682197162     -0.869075534193
    8     -1.917400572518     -5.744621086618     -0.822420715061
    8      1.922055935230     -5.754536243475     -0.869121546988
    8     -1.919058467454      5.753146302250     -0.861806796453
    8      5.757834001303      1.921314756449     -0.858863721634
    8     -5.754378276314     -1.919889300605     -0.852919080809
    8      5.762538737171     -1.912695345172     -0.868755758300
    8     -5.752778192592      1.919913162260     -0.853291974809
    8      5.753178949896      5.744789916040     -0.822616582004
    8     -5.755255717293     -5.745520770465     -0.870503982092
    8      5.755000111192     -5.753065124651     -0.861849888584
    8     -5.751802805102      5.745457705789     -0.870497913313
  258     -0.009278806990      1.913223159843     -2.119035246708
  258     -0.006919833989     -1.916705657378     -2.114961322034
  258     -0.006497671473      5.751422607572     -2.117636778196
  258     -0.000562369920     -5.748373068509     -2.113754904200
  258      3.842882461615      1.916708504970     -2.114796432633
  258     -3.839912397244     -1.920228448680     -2.105895687723
  258      3.845697308819     -1.913282058784     -2.118605890913
  258     -3.841104578511      1.916246361688     -2.110918944157
  258      3.836361573650      5.748346125038     -2.113702839316
  258     -3.833724403395     -5.749249841949     -2.118838476422
  258      3.842281596186     -5.751442930291     -2.117699090232
  258     -3.831041179131      5.754215729602     -2.122728944352
  258     -7.667214342162      1.920271677641     -2.105952765705
  258     -7.665937598956     -1.916183394408     -2.110856042703
  258      7.669513692869      5.749278340618     -2.118818337308
  258      7.666888509742     -5.754147396021     -2.122795255302
    8      1.916600781580      1.918142962950     -3.580129333405
    8     -1.915667597360     -1.919206896137     -3.575678345247
    8      1.918082098647     -1.918220001051     -3.580812058323
    8     -1.916165123212      1.917852510399     -3.579564867398
    8      1.919340235656      5.753419037225     -3.575581231664
    8     -1.914542709863     -5.753058163943     -3.562683661613
    8      1.916338407683     -5.753482367376     -3.575525953952
    8     -1.914968709244      5.754436655766     -3.578541513971
    8      5.751434696171      1.919188947370     -3.575804482205
    8     -5.753193531923     -1.918173372991     -3.572475536976
    8      5.751962011921     -1.917831602806     -3.579238674476
    8     -5.754073070648      1.918137855823     -3.572666489268
    8      5.750340970848      5.753049557753     -3.562714940666
    8     -5.751996651931     -5.753501001991     -3.580858469643
    8      5.750753607184     -5.754410731247     -3.578610272459
    8     -5.755255877214      5.753527434810     -3.580889778897
    8      0.000000000000      0.000000000000     -3.390356274875
    8      0.000000000000      3.835750260159     -3.390356274875
    8      0.000000000000     -3.835750260159     -3.390356274875
    8      0.000000000000      7.671500520300     -3.390356274875
    8      3.835750260161      0.000000000000     -3.390356274875
    8     -3.835750260161      0.000000000000     -3.390356274875
    8      3.835750260161      3.835750260159     -3.390356274875
    8     -3.835750260161     -3.835750260159     -3.390356274875
    8      3.835750260161     -3.835750260159     -3.390356274875
    8     -3.835750260161      3.835750260159     -3.390356274875
    8      3.835750260161      7.671500520300     -3.390356274875
    8     -3.835750260161      7.671500520300     -3.390356274875
    8      7.671500520300      0.000000000000     -3.390356274875
    8      7.671500520300      3.835750260159     -3.390356274875
    8      7.671500520300     -3.835750260159     -3.390356274875
    8      7.671500520300      7.671500520300     -3.390356274875
  258      1.917875130081      0.000000000000     -4.746498784825
  258     -1.917875130081      0.000000000000     -4.746498784825
  258      1.917875130081      3.835750260159     -4.746498784825
  258     -1.917875130081     -3.835750260159     -4.746498784825
  258      1.917875130081     -3.835750260159     -4.746498784825
  258     -1.917875130081      3.835750260159     -4.746498784825
  258      1.917875130081      7.671500520300     -4.746498784825
  258     -1.917875130081      7.671500520300     -4.746498784825
  258      5.753625390240      0.000000000000     -4.746498784825
  258     -5.753625390240      0.000000000000     -4.746498784825
  258      5.753625390240      3.835750260159     -4.746498784825
  258     -5.753625390240     -3.835750260159     -4.746498784825
  258      5.753625390240     -3.835750260159     -4.746498784825
  258     -5.753625390240      3.835750260159     -4.746498784825
  258      5.753625390240      7.671500520300     -4.746498784825
  258     -5.753625390240      7.671500520300     -4.746498784825
    8      0.000000000000      0.000000000000     -6.100000000000
    8      0.000000000000      3.835750260159     -6.100000000000
    8      0.000000000000     -3.835750260159     -6.100000000000
    8      0.000000000000      7.671500520300     -6.100000000000
    8      3.835750260161      0.000000000000     -6.100000000000
    8     -3.835750260161      0.000000000000     -6.100000000000
    8      3.835750260161      3.835750260159     -6.100000000000
    8     -3.835750260161     -3.835750260159     -6.100000000000
    8      3.835750260161     -3.835750260159     -6.100000000000
    8     -3.835750260161      3.835750260159     -6.100000000000
    8      3.835750260161      7.671500520300     -6.100000000000
    8     -3.835750260161      7.671500520300     -6.100000000000
    8      7.671500520300      0.000000000000     -6.100000000000
    8      7.671500520300      3.835750260159     -6.100000000000
    8      7.671500520300     -3.835750260159     -6.100000000000
    8      7.671500520300      7.671500520300     -6.100000000000
   14     -5.754167125433      7.672210942012      5.682992539937
    8     -7.081299559942      7.596466054772      4.708776829570
    8     -4.427203816062     -7.594840854397      4.708614502057
    8     -5.973216218832     -6.355407163747      6.652044384367
    8     -5.534981923292      6.357149833870      6.652534873643
    6     -4.905523648230     -5.577358772220      7.171109734454
    6     -6.602430540591      5.578391142212      7.171047693263
    6     -4.091242509171     -6.340195596047      8.207139196494
    6     -7.416343810951      6.339835539263      8.208346085105
    1     -3.260468542697     -5.726647559314      8.576529342484
    1      7.519608568290      7.262918844512      7.781923644677
    1     -6.786328436379      6.622250948048      9.058842154645
    1     -4.721136420261     -6.624074518072      9.057266666588
    1     -3.683959237518     -7.262480605647      7.779241612243
    1     -4.262472231057     -5.244647520099      6.340443740443
    1     -5.346896631360     -4.671915554421      7.607906972873
    1     -7.245755163874      5.246578109965      6.340204507353
    1     -6.160830212615      4.672459767204      7.606593982147
    1      7.095696017708      5.725959144969      8.576688848009
    6      5.421272003893      5.500152211499      5.908152007077
    6      5.546397087532      4.178174104623      6.655706621707
    1      4.926098732988      3.406586879225      6.188028761370
    1      4.372730294640      5.866628833821      6.022771709843
    1      6.060489395258      6.273127808011      6.359730109893
    1      6.576053995419      3.805647014992      6.634013647687
    1      5.244906249227      4.294099624639      7.704058675579
    6     -1.586779724245     -5.496357075007      5.908247448893
    6     -1.713270013049     -4.174461962001      6.655725670134
    1     -2.743274578398     -3.802844192487      6.633589416770
    1     -2.225773464809     -6.269739891316      6.359680116004
    1     -0.538036247717     -5.862078976960      6.023402939484
    1     -1.093463186018     -3.402365992842      6.188265312230
    1     -1.412207891763     -4.290104580121      7.704232540494
