   2   1   1 E -4.0948859570545E+04 DE 8.9E-07(  8)
  0.153430010406E+02  0.000000000000E+00  0.000000000000E+00
  0.000000000000E+00  0.153430010406E+02  0.000000000000E+00
  0.000000000000E+00  0.000000000000E+00  0.500000000000E+03
    1
  0.100000000000E+01  0.000000000000E+00  0.000000000000E+00
  0.000000000000E+00  0.100000000000E+01  0.000000000000E+00
  0.000000000000E+00  0.000000000000E+00  0.100000000000E+01
  0.000000000000E+00  0.000000000000E+00  0.000000000000E+00
  225
    8      1.745892659206      1.894085769023      4.329658720643
    8     -1.726988944786     -1.769194761288      4.338315372314
    8      2.098654211367     -1.887733075951      4.330702633690
    8     -2.097914364428      1.924652375522      4.328478433959
    8      1.967323411571      5.703104798385      4.338024941129
    8     -1.882106250389     -5.373164129443      4.520656397993
    8      1.868270449247     -5.696658329221      4.337387126694
    8     -1.853819826334      5.654747681506      4.324016236646
    8      5.570587761600      1.772586096400      4.336508190182
    8     -5.559494471321     -1.705459874898      4.336359718743
    8      5.942070411172     -1.920643069508      4.328986213623
    8     -5.940489267768      1.705139273603      4.335216972133
    8      5.717811116015      5.375364033672      4.520871752393
    8     -5.748120537778     -5.014920440328      4.130274531410
    8      5.689507640515     -5.649132936373      4.322952829878
    8     -5.759343154036      5.014904486978      4.130309618313
  258     -0.053465489649      1.902893455207      3.332009597610
  258      0.040924271051     -1.907270522108      3.334221283242
  258     -0.023683059825      5.731802763699      3.294621121219
  258      0.113654846186     -5.730233321488      3.251692895980
  258      3.795369151693      1.905998842584      3.335138633903
  258     -3.818062770393     -1.934278656908      3.337853356890
  258      3.889758325137     -1.904081840021      3.330888410771
  258     -3.895150179666      1.943948455109      3.339776046210
  258      3.721754101490      5.729667626623      3.251265854825
  258     -3.973239991048     -5.779935563376      3.308203540029
  258      3.859554822374     -5.732238207401      3.293834228732
  258     -3.813436359634      5.814100069353      3.362432607051
  258      7.654355459127      1.933770928470      3.338628494917
  258     -7.611497203871     -1.944513777254      3.338760379300
  258     -7.534318908972      5.779718262573      3.308369061259
  258      7.649339371087     -5.813957729422      3.361441395751
    8      1.905137895716      1.906813494388      1.759120472054
    8     -1.918139708647     -1.936564647706      1.780196850817
    8      1.930798391282     -1.908267182386      1.760466329402
    8     -1.915860152500      1.911628798789      1.764581932799
    8      1.902932051801      5.739868611759      1.762439278488
    8     -1.855841843870     -5.758050497158      1.877562351032
    8      1.933139430851     -5.741309024244      1.762517615829
    8     -1.873783933891      5.775748504292      1.777979160450
    8      5.755294530752      1.934750204644      1.778214218491
    8     -5.769298429498     -1.946588261712      1.783968390301
    8      5.751568677215     -1.913164073929      1.766619315782
    8     -5.736492111088      1.945446188397      1.782179497964
    8      5.692205463869      5.757018113764      1.877344706366
    8     -5.767030940172     -5.833827560145      1.771989978628
    8      5.709938040871     -5.776945724020      1.778118363030
    8     -5.740080681914      5.832920995933      1.771274869766
    8     -0.003606765062     -0.006931806668      2.195402624516
    8     -0.008992359924      3.824130588398      2.199066411556
    8      0.047214056875     -3.825777831103      2.176731074546
    8      0.042222417530     -7.670714643296      2.213117911583
    8      3.840027078469      0.006055661528      2.194827127614
    8     -3.840286239518     -0.003559383489      2.209519652672
    8      3.789235339912      3.824163078116      2.177836075115
    8     -3.829954067686     -3.851339857883      2.126229908245
    8      3.845204316714     -3.825649079579      2.196672216606
    8     -3.806141707051      3.863873586056      2.161931382663
    8      3.794130238199      7.669694227319      2.212795655216
    8     -3.791128707834     -7.661649799700      2.062364060515
    8     -7.664761052732      0.004067356474      2.209243840876
    8      7.665816913016      3.850159622083      2.127719298158
    8      7.643387874082     -3.864526028570      2.159262461889
    8      7.627126263587      7.661340676080      2.062029565998
  258      1.917905559766     -0.000538146179      0.598453732039
  258     -1.926428335462     -0.007063937373      0.614325420890
  258      1.904086591803      3.805853088107      0.578895192803
  258     -1.925918594506     -3.843428407208      0.622729952476
  258      1.931895532948     -3.807149775189      0.578887765061
  258     -1.935411370742      3.835827851749      0.608343987865
  258      1.917830087206      7.671089778055      0.572140802610
  258     -1.931410973853     -7.656724822114      0.606450201034
  258      5.762099019940      0.005677635856      0.614792808606
  258     -5.753780322007     -0.000934422108      0.626487181293
  258      5.761723887974      3.842177366017      0.622422033105
  258     -5.761609560226     -3.852314981245      0.613725681779
  258      5.771438953201     -3.836763459160      0.608897182755
  258     -5.745592507627      3.851402470881      0.613323282413
  258      5.767319114105      7.655605163927      0.606157977780
  258     -5.753556385281      7.671134059294      0.543531582930
    8     -0.005644033570     -0.004119606724     -0.644793282881
    8     -0.006954774588      3.829065485607     -0.650548888995
    8      0.005149238215     -3.833477881118     -0.650189962936
    8      0.004918943393     -7.663830235842     -0.646844867088
    8      3.841612795117      0.002521385809     -0.645250667747
    8     -3.844178611154     -0.006738063694     -0.633537117612
    8      3.830725510271      3.832824349955     -0.649715077404
    8     -3.840408932624     -3.838598531131     -0.654442879662
    8      3.842918415325     -3.830305306246     -0.651237010220
    8     -3.838014908918      3.834468376362     -0.652505437545
    8      3.830662814617      7.663513160087     -0.646765246695
    8     -3.823691244924     -7.665641133733     -0.700623987954
    8     -7.663488317265      0.004309862773     -0.633359536287
    8     -7.667157713932      3.838591523864     -0.654124041434
    8     -7.669141559087     -3.835670214554     -0.653088844947
    8      7.659839701485      7.664759831165     -0.700833600478
    8      1.914508725837      1.915380770159     -0.872552902277
    8     -1.922127166265     -1.921595477400     -0.858068983552
    8      1.921956863302     -1.916448403834     -0.872007875187
    8     -1.926145413928      1.911921137051     -0.869070226596
    8      1.913733893758      5.754121697982     -0.869373499623
    8     -1.917510949785     -5.744532173794     -0.822431154616
    8      1.922018401999     -5.754683012062     -0.869176268620
    8     -1.918811353713      5.752710387729     -0.862082405038
    8      5.757695596207      1.921197190918     -0.858942075639
    8     -5.754839360180     -1.920118782300     -0.852499968620
    8      5.762516013641     -1.912791635768     -0.867999711267
    8     -5.752648764593      1.919878277597     -0.853201314382
    8      5.752868364265      5.744219893776     -0.822608818009
    8     -5.755383744906     -5.745729024506     -0.870268992555
    8      5.754883473773     -5.753709822335     -0.861928002530
    8     -5.751417304470      5.745044651511     -0.870817762803
  258     -0.009274732635      1.913185308475     -2.119232140896
  258     -0.006999889329     -1.916840502936     -2.114556412186
  258     -0.006423031009      5.751662931951     -2.117973637994
  258     -0.000628524067     -5.748240689355     -2.113634142649
  258      3.842878763461      1.916351138629     -2.114633441117
  258     -3.840129090125     -1.920366067828     -2.105696964485
  258      3.845736166291     -1.913380466881     -2.118475055753
  258     -3.841107572725      1.916051342792     -2.110729333825
  258      3.836367096854      5.748103678255     -2.113778858981
  258     -3.833774714011     -5.749130251776     -2.118808315418
  258      3.842271304503     -5.751637154169     -2.117762761251
  258     -3.831004537371      5.754236438950     -2.122900501189
  258     -7.667086401518      1.920127195193     -2.105786138302
  258     -7.666034427229     -1.916336030813     -2.110712907169
  258      7.669645971942      5.749027237527     -2.118859751607
  258      7.666801372255     -5.754251923862     -2.122706380807
    8      1.916544396104      1.918141863493     -3.580318462970
    8     -1.915655325291     -1.919222590646     -3.575544407393
    8      1.918101551428     -1.918267857802     -3.580645601333
    8     -1.916082655702      1.917882347418     -3.579621584298
    8      1.919313937852      5.753481253301     -3.575692769817
    8     -1.914575930843     -5.753057758283     -3.562586425329
    8      1.916370946852     -5.753492856623     -3.575568356570
    8     -1.914856925367      5.754505915469     -3.578663172392
    8      5.751454058080      1.919095593083     -3.576096500097
    8     -5.752986796120     -1.918112070871     -3.572173619575
    8      5.752011054981     -1.917915233872     -3.578782876610
    8     -5.754041192318      1.918078803421     -3.572712981857
    8      5.750293607897      5.753027868515     -3.562743873263
    8     -5.751947907748     -5.753442503770     -3.580850419882
    8      5.750741584841     -5.754394271541     -3.578737195054
    8     -5.755200169001      5.753538661054     -3.580952113759
    8      0.000000000000      0.000000000000     -3.390356274875
    8      0.000000000000      3.835750260159     -3.390356274875
    8      0.000000000000     -3.835750260159     -3.390356274875
    8      0.000000000000      7.671500520300     -3.390356274875
    8      3.835750260161      0.000000000000     -3.390356274875
    8     -3.835750260161      0.000000000000     -3.390356274875
    8      3.835750260161      3.835750260159     -3.390356274875
    8     -3.835750260161     -3.835750260159     -3.390356274875
    8      3.835750260161     -3.835750260159     -3.390356274875
    8     -3.835750260161      3.835750260159     -3.390356274875
    8      3.835750260161      7.671500520300     -3.390356274875
    8     -3.835750260161      7.671500520300     -3.390356274875
    8      7.671500520300      0.000000000000     -3.390356274875
    8      7.671500520300      3.835750260159     -3.390356274875
    8      7.671500520300     -3.835750260159     -3.390356274875
    8      7.671500520300      7.671500520300     -3.390356274875
  258      1.917875130081      0.000000000000     -4.746498784825
  258     -1.917875130081      0.000000000000     -4.746498784825
  258      1.917875130081      3.835750260159     -4.746498784825
  258     -1.917875130081     -3.835750260159     -4.746498784825
  258      1.917875130081     -3.835750260159     -4.746498784825
  258     -1.917875130081      3.835750260159     -4.746498784825
  258      1.917875130081      7.671500520300     -4.746498784825
  258     -1.917875130081      7.671500520300     -4.746498784825
  258      5.753625390240      0.000000000000     -4.746498784825
  258     -5.753625390240      0.000000000000     -4.746498784825
  258      5.753625390240      3.835750260159     -4.746498784825
  258     -5.753625390240     -3.835750260159     -4.746498784825
  258      5.753625390240     -3.835750260159     -4.746498784825
  258     -5.753625390240      3.835750260159     -4.746498784825
  258      5.753625390240      7.671500520300     -4.746498784825
  258     -5.753625390240      7.671500520300     -4.746498784825
    8      0.000000000000      0.000000000000     -6.100000000000
    8      0.000000000000      3.835750260159     -6.100000000000
    8      0.000000000000     -3.835750260159     -6.100000000000
    8      0.000000000000      7.671500520300     -6.100000000000
    8      3.835750260161      0.000000000000     -6.100000000000
    8     -3.835750260161      0.000000000000     -6.100000000000
    8      3.835750260161      3.835750260159     -6.100000000000
    8     -3.835750260161     -3.835750260159     -6.100000000000
    8      3.835750260161     -3.835750260159     -6.100000000000
    8     -3.835750260161      3.835750260159     -6.100000000000
    8      3.835750260161      7.671500520300     -6.100000000000
    8     -3.835750260161      7.671500520300     -6.100000000000
    8      7.671500520300      0.000000000000     -6.100000000000
    8      7.671500520300      3.835750260159     -6.100000000000
    8      7.671500520300     -3.835750260159     -6.100000000000
    8      7.671500520300      7.671500520300     -6.100000000000
   14     -5.754725461884      7.671508032097      5.683107122304
    8     -7.081735963741      7.596626622829      4.708524676815
    8     -4.427294411772     -7.596408707376      4.709127096019
    8     -5.971691789607     -6.355817999877      6.652654652844
    8     -5.538819155667      6.355838619261      6.652794034039
    6     -4.901811103592     -5.578715859259      7.169178786737
    6     -6.608413781610      5.574407767136      7.163213812396
    6     -4.084664888142     -6.342439018456      8.202418456441
    6     -7.434115643656      6.335105289500      8.192050869321
    1     -3.252753315905     -5.729049160303      8.569671602737
    1      7.502395168771      7.256015382145      7.760104007890
    1     -6.812602047109      6.621352002721      9.047735492026
    1     -4.712027700365     -6.627109300863      9.054194219142
    1     -3.678458019157     -7.264418793436      7.772605529619
    1     -4.260976981370     -5.245714880379      6.336750529345
    1     -5.341565867077     -4.673324631373      7.607870948039
    1     -7.243712222453      5.238946966733      6.327327040058
    1     -6.167537641259      4.670536698996      7.604048619114
    1      7.076729463533      5.719002049331      8.554280772524
    6      5.414711752830      5.505377467848      5.906624230486
    6      5.535673065751      4.184692055258      6.657439074837
    1      4.918790998299      3.411929972522      6.186859345163
    1      4.365650900012      5.872700170970      6.016363608023
    1      6.052566450707      6.278876726487      6.359442521811
    1      6.565662129485      3.812617041616      6.643275688338
    1      5.226791998825      4.302314729286      7.703534482348
    6     -1.581557565721     -5.500114487433      5.907378126015
    6     -1.709889765995     -4.179038314899      6.656212265502
    1     -2.741336648954     -3.811327821428      6.639046195485
    1     -2.217175229198     -6.275713164255      6.359584213030
    1     -0.531314191620     -5.862825859238      6.019833214057
    1     -1.094936699662     -3.404420473362      6.186499258898
    1     -1.403608414015     -4.294314712983      7.703321980268
