   2   1   1 E -4.0948859599714E+04 DE 4.0E-06(  8)
  0.153430010406E+02  0.000000000000E+00  0.000000000000E+00
  0.000000000000E+00  0.153430010406E+02  0.000000000000E+00
  0.000000000000E+00  0.000000000000E+00  0.500000000000E+03
    1
  0.100000000000E+01  0.000000000000E+00  0.000000000000E+00
  0.000000000000E+00  0.100000000000E+01  0.000000000000E+00
  0.000000000000E+00  0.000000000000E+00  0.100000000000E+01
  0.000000000000E+00  0.000000000000E+00  0.000000000000E+00
  225
    8      1.744489874374      1.895327510047      4.332220809709
    8     -1.726630201902     -1.768923536916      4.340572536622
    8      2.099341152394     -1.888206380433      4.333554979741
    8     -2.099015045703      1.925272505270      4.331320719739
    8      1.967950519287      5.703508099155      4.338060136044
    8     -1.882528515680     -5.372572920755      4.520295816169
    8      1.867318724347     -5.696629644129      4.337447992032
    8     -1.853239651024      5.656066107860      4.324512221377
    8      5.569792150052      1.773033401547      4.338903690213
    8     -5.558328603680     -1.705511124794      4.339522190483
    8      5.942839461746     -1.920458010037      4.332029697700
    8     -5.941592844853      1.706250943106      4.338080509473
    8      5.717861537873      5.374907363775      4.520528745658
    8     -5.748987278463     -5.015226896266      4.130803357532
    8      5.688748168825     -5.650129126947      4.323450164127
    8     -5.758622189486      5.015969554444      4.131002222013
  258     -0.054019977825      1.903414992220      3.334858205983
  258      0.041406688628     -1.907339552175      3.336678924772
  258     -0.023518466769      5.732160162424      3.294692546281
  258      0.113365610693     -5.730292324225      3.251415306827
  258      3.794925132940      1.906736034215      3.337505502890
  258     -3.817238245253     -1.934077367851      3.340496854562
  258      3.890635843458     -1.903859155753      3.333974513528
  258     -3.895304583160      1.944614253858      3.342548112467
  258      3.721921596757      5.729984229089      3.251317673118
  258     -3.973764901065     -5.779686802332      3.308751900366
  258      3.859221629436     -5.732161484055      3.294048133078
  258     -3.813108728249      5.814934140686      3.363078949307
  258      7.654223235584      1.934177186490      3.340846245012
  258     -7.610722405708     -1.944556008980      3.341930828323
  258     -7.533854969492      5.779815573991      3.308660035172
  258      7.648879453847     -5.814269955919      3.362151321838
    8      1.904741173080      1.906807014861      1.758144654277
    8     -1.918609694200     -1.936025612214      1.778887781290
    8      1.930803721752     -1.907808207846      1.759407171304
    8     -1.915816008809      1.911997273581      1.763381393953
    8      1.902831836188      5.740011117232      1.762432024664
    8     -1.855709569075     -5.757793651531      1.877231103718
    8      1.933193889146     -5.741050122894      1.762384704961
    8     -1.873787618856      5.776155012394      1.778138044327
    8      5.754725058604      1.935092699484      1.777409092488
    8     -5.769349109700     -1.946114964053      1.782725514530
    8      5.751110666608     -1.912785031564      1.765206465763
    8     -5.736676292529      1.945743929575      1.781195661083
    8      5.692094529895      5.757326477697      1.877100380239
    8     -5.766724566188     -5.833492986439      1.771737611943
    8      5.709765913482     -5.776778403546      1.778074368274
    8     -5.740300335299      5.833122689856      1.771280336251
    8     -0.003296651842     -0.006612523453      2.198617492019
    8     -0.009595896551      3.824002342705      2.200334361922
    8      0.047081207656     -3.825125386951      2.177599925237
    8      0.042243765114     -7.670614670807      2.212512012187
    8      3.840033523566      0.006398729837      2.198104826590
    8     -3.839940170631     -0.003213869111      2.212780595332
    8      3.789523047821      3.824054830490      2.178720814289
    8     -3.829767309314     -3.850603273483      2.128042507334
    8      3.845642812642     -3.824900631719      2.198487502301
    8     -3.805870012872      3.863987104747      2.163754081137
    8      3.793852774911      7.669918463772      2.212538731611
    8     -3.791156987154     -7.661373085271      2.062535280557
    8     -7.664486852568      0.003970317486      2.212378112682
    8      7.666318928057      3.850137031146      2.128827920742
    8      7.643117651385     -3.864026724101      2.161576120224
    8      7.627161748215      7.661511380558      2.062134290297
  258      1.917645222154     -0.000286110190      0.596981897678
  258     -1.926695061499     -0.006466449985      0.612937926192
  258      1.903879529496      3.806270418147      0.578477542100
  258     -1.925970869406     -3.843151000569      0.622172498058
  258      1.931774508375     -3.806993896198      0.578593223887
  258     -1.935677177522      3.836489459957      0.608002297862
  258      1.917861994329      7.671236441962      0.572054671273
  258     -1.931347484156     -7.656430830818      0.606540932570
  258      5.761896571641      0.005854306364      0.613474833523
  258     -5.753845872216     -0.000454973882      0.625228445576
  258      5.761620712838      3.842610093444      0.621933315823
  258     -5.761195299747     -3.852004109381      0.613233301519
  258      5.771453458266     -3.836846365439      0.608457591006
  258     -5.745977755467      3.851638099707      0.612873984258
  258      5.767320434098      7.655891724431      0.606086813044
  258     -5.753537867593      7.671361265882      0.543423664307
    8     -0.005960112087     -0.003517765060     -0.646495906591
    8     -0.007076360017      3.830483195214     -0.651353634870
    8      0.005034401259     -3.833290714115     -0.650481690684
    8      0.004871105899     -7.663915157242     -0.646913083802
    8      3.841420716422      0.002858464475     -0.646528059651
    8     -3.844369755794     -0.005920247246     -0.634875649952
    8      3.830647592520      3.833328953226     -0.650398644708
    8     -3.840223476847     -3.838646656874     -0.654703722615
    8      3.842883378836     -3.830739653083     -0.651615241541
    8     -3.838324428855      3.835302059857     -0.653097212065
    8      3.830749200822      7.663674499590     -0.646964533134
    8     -3.823718904252     -7.665614167797     -0.700704802332
    8     -7.663642025789      0.004462434573     -0.634623925837
    8     -7.667254738945      3.838805337417     -0.654445806478
    8     -7.668863479987     -3.835689763016     -0.653347308052
    8      7.659888906514      7.665012879175     -0.700934904525
    8      1.914409022022      1.915783550756     -0.872842395145
    8     -1.921930677727     -1.921385751236     -0.858390292329
    8      1.921888332640     -1.916374853335     -0.872426607604
    8     -1.926349828097      1.912321509911     -0.869406694978
    8      1.913645482939      5.754258133136     -0.869268421453
    8     -1.917473625678     -5.744520670035     -0.822491813837
    8      1.922126337465     -5.754671160121     -0.869267957710
    8     -1.919024720275      5.752863230551     -0.861931042653
    8      5.757675598612      1.921351633172     -0.859072466943
    8     -5.754690496226     -1.919926637750     -0.852720262888
    8      5.762527583595     -1.912642744838     -0.868339189832
    8     -5.752826062990      1.920140952914     -0.853505205234
    8      5.753013308842      5.744556377331     -0.822770834877
    8     -5.755269488560     -5.745685965697     -0.870391484393
    8      5.755049189459     -5.753592398877     -0.861908595785
    8     -5.751561254710      5.745257855715     -0.870813608394
  258     -0.009293272571      1.913131161401     -2.119298179272
  258     -0.006918791605     -1.916793563995     -2.114829170715
  258     -0.006492911989      5.751511583564     -2.117788764988
  258     -0.000578068064     -5.748221932659     -2.113730310202
  258      3.842829024402      1.916509193230     -2.114819995802
  258     -3.840021068093     -1.920326528647     -2.105843879226
  258      3.845704435710     -1.913331780714     -2.118642428703
  258     -3.841179404364      1.916312694080     -2.110974629211
  258      3.836358312806      5.748129772375     -2.113724913745
  258     -3.833728842629     -5.749157515267     -2.118857259065
  258      3.842358637577     -5.751616988481     -2.117742229671
  258     -3.831041535482      5.754220288497     -2.122858691688
  258     -7.667196117207      1.920251244395     -2.105997376793
  258     -7.665992373258     -1.916268361268     -2.110842630043
  258      7.669594679663      5.749157639237     -2.118924572878
  258      7.666872840453     -5.754243618485     -2.122772399475
    8      1.916571735084      1.918136095211     -3.580235655894
    8     -1.915637161650     -1.919226212877     -3.575573204209
    8      1.918066111069     -1.918249445241     -3.580670007071
    8     -1.916122962860      1.917848644948     -3.579560771545
    8      1.919343029329      5.753459732244     -3.575680171326
    8     -1.914561616133     -5.753063591492     -3.562647539035
    8      1.916262337884     -5.753484848119     -3.575535394696
    8     -1.914916439727      5.754463613840     -3.578568281565
    8      5.751470394672      1.919138937764     -3.575957708006
    8     -5.753097746722     -1.918161331410     -3.572274467828
    8      5.751987319575     -1.917883517965     -3.578921448235
    8     -5.754070797063      1.918144307199     -3.572721969503
    8      5.750319311913      5.753060518688     -3.562754966398
    8     -5.751995053690     -5.753462518017     -3.580793596156
    8      5.750786314060     -5.754394711619     -3.578696541555
    8     -5.755199113834      5.753532475177     -3.580905097615
    8      0.000000000000      0.000000000000     -3.390356274875
    8      0.000000000000      3.835750260159     -3.390356274875
    8      0.000000000000     -3.835750260159     -3.390356274875
    8      0.000000000000      7.671500520300     -3.390356274875
    8      3.835750260161      0.000000000000     -3.390356274875
    8     -3.835750260161      0.000000000000     -3.390356274875
    8      3.835750260161      3.835750260159     -3.390356274875
    8     -3.835750260161     -3.835750260159     -3.390356274875
    8      3.835750260161     -3.835750260159     -3.390356274875
    8     -3.835750260161      3.835750260159     -3.390356274875
    8      3.835750260161      7.671500520300     -3.390356274875
    8     -3.835750260161      7.671500520300     -3.390356274875
    8      7.671500520300      0.000000000000     -3.390356274875
    8      7.671500520300      3.835750260159     -3.390356274875
    8      7.671500520300     -3.835750260159     -3.390356274875
    8      7.671500520300      7.671500520300     -3.390356274875
  258      1.917875130081      0.000000000000     -4.746498784825
  258     -1.917875130081      0.000000000000     -4.746498784825
  258      1.917875130081      3.835750260159     -4.746498784825
  258     -1.917875130081     -3.835750260159     -4.746498784825
  258      1.917875130081     -3.835750260159     -4.746498784825
  258     -1.917875130081      3.835750260159     -4.746498784825
  258      1.917875130081      7.671500520300     -4.746498784825
  258     -1.917875130081      7.671500520300     -4.746498784825
  258      5.753625390240      0.000000000000     -4.746498784825
  258     -5.753625390240      0.000000000000     -4.746498784825
  258      5.753625390240      3.835750260159     -4.746498784825
  258     -5.753625390240     -3.835750260159     -4.746498784825
  258      5.753625390240     -3.835750260159     -4.746498784825
  258     -5.753625390240      3.835750260159     -4.746498784825
  258      5.753625390240      7.671500520300     -4.746498784825
  258     -5.753625390240      7.671500520300     -4.746498784825
    8      0.000000000000      0.000000000000     -6.100000000000
    8      0.000000000000      3.835750260159     -6.100000000000
    8      0.000000000000     -3.835750260159     -6.100000000000
    8      0.000000000000      7.671500520300     -6.100000000000
    8      3.835750260161      0.000000000000     -6.100000000000
    8     -3.835750260161      0.000000000000     -6.100000000000
    8      3.835750260161      3.835750260159     -6.100000000000
    8     -3.835750260161     -3.835750260159     -6.100000000000
    8      3.835750260161     -3.835750260159     -6.100000000000
    8     -3.835750260161      3.835750260159     -6.100000000000
    8      3.835750260161      7.671500520300     -6.100000000000
    8     -3.835750260161      7.671500520300     -6.100000000000
    8      7.671500520300      0.000000000000     -6.100000000000
    8      7.671500520300      3.835750260159     -6.100000000000
    8      7.671500520300     -3.835750260159     -6.100000000000
    8      7.671500520300      7.671500520300     -6.100000000000
   14     -5.754612738488      7.671929103070      5.682908317882
    8     -7.081693522605      7.596714274579      4.708551871407
    8     -4.427661765303     -7.596344262180      4.708475863571
    8     -5.971789013238     -6.355139722520      6.651813781618
    8     -5.537767158375      6.356846065732      6.653080915479
    6     -4.902457906854     -5.578268326684      7.169424606796
    6     -6.606771152747      5.580255044337      7.171617240620
    6     -4.088432197155     -6.341254962341      8.205498315566
    6     -7.420301402515      6.343977057333      8.207422544378
    1     -3.256596120749     -5.728376381490      8.573597519280
    1      7.517627078019      7.267255919826      7.779537643061
    1     -6.790754729440      6.626218871469      9.058295162592
    1     -4.717954796857     -6.623758715291      9.056357444121
    1     -3.682493385894     -7.264352915718      7.777989712729
    1     -4.259550787604     -5.247085275854      6.337944673729
    1     -5.342242415797     -4.671834669640      7.605807591645
    1     -7.250115067134      5.248274607132      6.340742599148
    1     -6.166791022171      4.674139951819      7.608416991257
    1      7.090339735346      5.731854097663      8.575481449897
    6      5.415656461381      5.501897845554      5.906623447777
    6      5.539111301960      4.180142744665      6.654803156319
    1      4.922308165546      3.407643842786      6.183881039085
    1      4.366272787608      5.867465277668      6.017762170821
    1      6.052611510926      6.275476113579      6.360171392296
    1      6.569419645175      3.809270556498      6.638340177748
    1      5.231854328566      4.295525204550      7.701575225133
    6     -1.582514324852     -5.498411689764      5.907121446197
    6     -1.710093613841     -4.176580578866      6.654532584060
    1     -2.741129049216     -3.807651637188      6.635666371295
    1     -2.218779652865     -6.273115950471      6.359914913068
    1     -0.532626163356     -5.861790990156      6.020192263761
    1     -1.093693335803     -3.403066230154      6.184806049120
    1     -1.405261402148     -4.291143204762      7.702107018490
