   2   1   1 E -4.0948859612522E+04 DE 2.0E-06(  8)
  0.153430010406E+02  0.000000000000E+00  0.000000000000E+00
  0.000000000000E+00  0.153430010406E+02  0.000000000000E+00
  0.000000000000E+00  0.000000000000E+00  0.500000000000E+03
    1
  0.100000000000E+01  0.000000000000E+00  0.000000000000E+00
  0.000000000000E+00  0.100000000000E+01  0.000000000000E+00
  0.000000000000E+00  0.000000000000E+00  0.100000000000E+01
  0.000000000000E+00  0.000000000000E+00  0.000000000000E+00
  225
    8      1.741474352013      1.895340963666      4.332384005566
    8     -1.726280124639     -1.765913753730      4.339534872972
    8      2.099874360938     -1.886935288802      4.333419623233
    8     -2.101778030285      1.925039223234      4.330953905593
    8      1.969000841597      5.703806103565      4.338810910110
    8     -1.883543549908     -5.370086411740      4.520736682068
    8      1.865874061646     -5.695526666677      4.338167993645
    8     -1.852827570719      5.656694031012      4.324882425063
    8      5.567142753848      1.771854745347      4.339472120844
    8     -5.557537720493     -1.704877685854      4.339984878728
    8      5.943335401788     -1.919648155916      4.332640780952
    8     -5.944495465365      1.707699945854      4.338761473849
    8      5.719109243314      5.373781117009      4.521083461895
    8     -5.749443542637     -5.014245096347      4.130366016217
    8      5.688318668218     -5.650158591315      4.324092695529
    8     -5.758046789994      5.017086584478      4.131562307384
  258     -0.055082107867      1.903692066526      3.334688703847
  258      0.041966319745     -1.906499054055      3.336160148472
  258     -0.023451726457      5.732526836911      3.295089225827
  258      0.112652358905     -5.729675745774      3.251866336530
  258      3.793894522455      1.907288590800      3.337521372820
  258     -3.816945069468     -1.933351195031      3.340458029193
  258      3.891175043413     -1.902992541523      3.334547795662
  258     -3.896796265190      1.945204072216      3.342326398695
  258      3.722465358797      5.730452884726      3.252066528610
  258     -3.973723075065     -5.778872363453      3.308267752831
  258      3.858974163775     -5.731541975700      3.294644639574
  258     -3.813076792583      5.815497433461      3.363199252604
  258      7.652530781424      1.934966749622      3.341508753839
  258     -7.610379407295     -1.943906375350      3.342686463109
  258     -7.533546384622      5.780594218827      3.308795193754
  258      7.648761471779     -5.813636971105      3.362500892977
    8      1.905372621329      1.906928263817      1.758786014524
    8     -1.918629857322     -1.935637337719      1.778770733131
    8      1.930868144901     -1.907427207565      1.759566804772
    8     -1.915432252080      1.912503101371      1.764199545526
    8      1.902766989323      5.740142564928      1.763038275622
    8     -1.856233124834     -5.757502274675      1.877592265141
    8      1.933041928901     -5.740631325355      1.762751772015
    8     -1.873905567859      5.776394169306      1.778610389923
    8      5.754772840921      1.935346398258      1.777805276098
    8     -5.769177421901     -1.946026749863      1.782731931921
    8      5.751286174429     -1.912665331248      1.765054262000
    8     -5.736843133252      1.945982674588      1.781937581849
    8      5.692096496942      5.757792297445      1.877387340330
    8     -5.766282222728     -5.833192850900      1.771504414319
    8      5.709693712948     -5.776408015821      1.778356953282
    8     -5.740683236643      5.833449647290      1.771557765274
    8     -0.003075424160     -0.006073323308      2.197875115864
    8     -0.009851671006      3.824613397183      2.200336062884
    8      0.046784555856     -3.824456472816      2.177651104019
    8      0.041990275072     -7.670118599887      2.212954181751
    8      3.839885051636      0.007056626793      2.198343578521
    8     -3.841864722993     -0.002787490083      2.212517566344
    8      3.789288937675      3.824636048540      2.178911393721
    8     -3.829992891421     -3.850033815570      2.127812161089
    8      3.845928772516     -3.824275773412      2.199371626134
    8     -3.805952806650      3.864547400686      2.163639863587
    8      3.793725325253      7.670528240600      2.213116969366
    8     -3.791277924670     -7.661154597733      2.062525218617
    8     -7.665160897039      0.004715676078      2.213102089581
    8      7.665431467098      3.851084170331      2.129332915800
    8      7.642131241702     -3.863295963465      2.162344960847
    8      7.627357057944      7.662341057416      2.062375219212
  258      1.918044653499      0.000008956260      0.597287504482
  258     -1.926383676643     -0.005829476861      0.613497259179
  258      1.904067920265      3.806470708672      0.579056810303
  258     -1.925948164662     -3.842818837274      0.622141395246
  258      1.931694153697     -3.806709271246      0.578889563152
  258     -1.935811125582      3.836734403359      0.608728189363
  258      1.917837753267      7.671461574054      0.572317974090
  258     -1.931486331207     -7.656206709054      0.606713897425
  258      5.762289280104      0.005979009409      0.613575784330
  258     -5.753443663204     -0.000018892649      0.625629697225
  258      5.761579499234      3.842848176147      0.622289466738
  258     -5.760958715033     -3.851697550557      0.613066770335
  258      5.771582263024     -3.836704581835      0.608542106861
  258     -5.746246219645      3.851790411601      0.613273430553
  258      5.767366360104      7.656307310346      0.606371571151
  258     -5.753506131304      7.671579565771      0.543363149175
    8     -0.005704605978     -0.002910592839     -0.645993278669
    8     -0.007006236567      3.830669374820     -0.650718897513
    8      0.004983005821     -3.833164479462     -0.650334305089
    8      0.004821192834     -7.663813179617     -0.646715566703
    8      3.841715477360      0.002990168308     -0.646276978952
    8     -3.843880731645     -0.004684224689     -0.634250418139
    8      3.830724395494      3.833474902931     -0.650095908966
    8     -3.840106041313     -3.838555539501     -0.654657668604
    8      3.842862545547     -3.830579175248     -0.651230515355
    8     -3.838440707368      3.835416022196     -0.652660599927
    8      3.830839813738      7.663964393559     -0.646643952859
    8     -3.823840989121     -7.665524792079     -0.700797589314
    8     -7.663122864604      0.004769512994     -0.634273145462
    8     -7.667257260112      3.838806650549     -0.654211005717
    8     -7.668691589860     -3.835530139856     -0.653207018237
    8      7.659888383605      7.665329689098     -0.700885565155
    8      1.914476660474      1.916046507016     -0.872479863061
    8     -1.921965952014     -1.921333931940     -0.858520189555
    8      1.921813041964     -1.916172384261     -0.872384692703
    8     -1.926561055475      1.912421292220     -0.869194885862
    8      1.913681323603      5.754544614915     -0.869130278717
    8     -1.917481015327     -5.744496931936     -0.822408297844
    8      1.922064867637     -5.754560694551     -0.869140745022
    8     -1.918936838249      5.752933177835     -0.861828994225
    8      5.757754478014      1.921369364251     -0.858927065934
    8     -5.754520006681     -1.919982913706     -0.852879026428
    8      5.762549254496     -1.912722188261     -0.868602718974
    8     -5.752857507405      1.920044354056     -0.853372884003
    8      5.753147667570      5.744782517053     -0.822580251943
    8     -5.755235714375     -5.745578235421     -0.870477112073
    8      5.754991120334     -5.753241465323     -0.861883127894
    8     -5.751694487909      5.745401334995     -0.870544355836
  258     -0.009301525844      1.913180912796     -2.119111866789
  258     -0.006920070228     -1.916732797828     -2.114941466125
  258     -0.006491006267      5.751443784561     -2.117721311563
  258     -0.000603922063     -5.748287907958     -2.113718154620
  258      3.842856394570      1.916664137853     -2.114779952837
  258     -3.839974749685     -1.920243972889     -2.105891776279
  258      3.845713470381     -1.913311116697     -2.118643271978
  258     -3.841175638710      1.916291562543     -2.110897103264
  258      3.836332082241      5.748259383647     -2.113708475521
  258     -3.833728257549     -5.749196048153     -2.118843273594
  258      3.842290345943     -5.751514352584     -2.117735325412
  258     -3.830998356565      5.754220864863     -2.122740268658
  258     -7.667236695760      1.920269115885     -2.105955979922
  258     -7.665957151997     -1.916219504026     -2.110862931013
  258      7.669550046213      5.749259663773     -2.118814668488
  258      7.666885852154     -5.754173781584     -2.122796013611
    8      1.916607112256      1.918128049839     -3.580215358988
    8     -1.915658813193     -1.919214423447     -3.575650003112
    8      1.918092619983     -1.918224186384     -3.580771563308
    8     -1.916159433036      1.917845745239     -3.579580010105
    8      1.919414616956      5.753422336048     -3.575598064063
    8     -1.914565825113     -5.753052741895     -3.562664519353
    8      1.916423581520     -5.753472484525     -3.575571656222
    8     -1.914935773341      5.754441003142     -3.578560709356
    8      5.751439801204      1.919171889104     -3.575876516242
    8     -5.753166038055     -1.918177017177     -3.572407232485
    8      5.751964983832     -1.917850879338     -3.579130072471
    8     -5.754069313592      1.918143197984     -3.572714088290
    8      5.750340138335      5.753063558362     -3.562738224819
    8     -5.751977507768     -5.753484193919     -3.580823611560
    8      5.750762434940     -5.754395354218     -3.578653252169
    8     -5.755257860153      5.753528855799     -3.580927956873
    8      0.000000000000      0.000000000000     -3.390356274875
    8      0.000000000000      3.835750260159     -3.390356274875
    8      0.000000000000     -3.835750260159     -3.390356274875
    8      0.000000000000      7.671500520300     -3.390356274875
    8      3.835750260161      0.000000000000     -3.390356274875
    8     -3.835750260161      0.000000000000     -3.390356274875
    8      3.835750260161      3.835750260159     -3.390356274875
    8     -3.835750260161     -3.835750260159     -3.390356274875
    8      3.835750260161     -3.835750260159     -3.390356274875
    8     -3.835750260161      3.835750260159     -3.390356274875
    8      3.835750260161      7.671500520300     -3.390356274875
    8     -3.835750260161      7.671500520300     -3.390356274875
    8      7.671500520300      0.000000000000     -3.390356274875
    8      7.671500520300      3.835750260159     -3.390356274875
    8      7.671500520300     -3.835750260159     -3.390356274875
    8      7.671500520300      7.671500520300     -3.390356274875
  258      1.917875130081      0.000000000000     -4.746498784825
  258     -1.917875130081      0.000000000000     -4.746498784825
  258      1.917875130081      3.835750260159     -4.746498784825
  258     -1.917875130081     -3.835750260159     -4.746498784825
  258      1.917875130081     -3.835750260159     -4.746498784825
  258     -1.917875130081      3.835750260159     -4.746498784825
  258      1.917875130081      7.671500520300     -4.746498784825
  258     -1.917875130081      7.671500520300     -4.746498784825
  258      5.753625390240      0.000000000000     -4.746498784825
  258     -5.753625390240      0.000000000000     -4.746498784825
  258      5.753625390240      3.835750260159     -4.746498784825
  258     -5.753625390240     -3.835750260159     -4.746498784825
  258      5.753625390240     -3.835750260159     -4.746498784825
  258     -5.753625390240      3.835750260159     -4.746498784825
  258      5.753625390240      7.671500520300     -4.746498784825
  258     -5.753625390240      7.671500520300     -4.746498784825
    8      0.000000000000      0.000000000000     -6.100000000000
    8      0.000000000000      3.835750260159     -6.100000000000
    8      0.000000000000     -3.835750260159     -6.100000000000
    8      0.000000000000      7.671500520300     -6.100000000000
    8      3.835750260161      0.000000000000     -6.100000000000
    8     -3.835750260161      0.000000000000     -6.100000000000
    8      3.835750260161      3.835750260159     -6.100000000000
    8     -3.835750260161     -3.835750260159     -6.100000000000
    8      3.835750260161     -3.835750260159     -6.100000000000
    8     -3.835750260161      3.835750260159     -6.100000000000
    8      3.835750260161      7.671500520300     -6.100000000000
    8     -3.835750260161      7.671500520300     -6.100000000000
    8      7.671500520300      0.000000000000     -6.100000000000
    8      7.671500520300      3.835750260159     -6.100000000000
    8      7.671500520300     -3.835750260159     -6.100000000000
    8      7.671500520300      7.671500520300     -6.100000000000
   14     -5.753847702305      7.671958871892      5.682957847985
    8     -7.080928049548      7.597166616507      4.708647412577
    8     -4.426755687611     -7.594985473000      4.708634770355
    8     -5.972100830791     -6.356312464938      6.653264704952
    8     -5.536018032920      6.356021797494      6.651561147723
    6     -4.903896967450     -5.580340592890      7.174454399229
    6     -6.604211043436      5.577876117983      7.169510096664
    6     -4.094688090999     -6.343664875943      8.214087720529
    6     -7.418188300687      6.339385424748      8.206750810723
    1     -3.263300586578     -5.731766344253      8.584718179429
    1      7.517936533568      7.262509933285      7.780326650072
    1     -6.788367560358      6.621687012352      9.057404353842
    1     -4.727681527526     -6.624532173662      9.062890785442
    1     -3.688639282081     -7.267689480035      7.788776777722
    1     -4.257467946211     -5.250347092358      6.345255659840
    1     -5.344241615732     -4.673124742082      7.608586696907
    1     -7.247443917948      5.246603076118      6.338311904072
    1     -6.163305649167      4.671608040672      7.605001199787
    1      7.093685017827      5.725612473294      8.574890742609
    6      5.420935374661      5.502568560728      5.908020224021
    6      5.546100440765      4.181606101001      6.657346434422
    1      4.926109813064      3.409287259542      6.190485132104
    1      4.372207615055      5.868928234288      6.021857674174
    1      6.059819841294      6.276176447663      6.358972858952
    1      6.575838202201      3.809269121056      6.636373578178
    1      5.244242532935      4.298778461711      7.705468327811
    6     -1.585432437262     -5.497820540856      5.907815222674
    6     -1.712956702580     -4.176791883804      6.656628730923
    1     -2.743425326009     -3.806451090614      6.635748453646
    1     -2.223043632883     -6.272395054595      6.358914824778
    1     -0.536119198301     -5.862309893516      6.021910884513
    1     -1.094556952788     -3.403471808508      6.189376170797
    1     -1.410813895182     -4.292987030081      7.704756012183
