   2   1   1 E -4.0948859608673E+04 DE 1.9E-06(  8)
  0.153430010406E+02  0.000000000000E+00  0.000000000000E+00
  0.000000000000E+00  0.153430010406E+02  0.000000000000E+00
  0.000000000000E+00  0.000000000000E+00  0.500000000000E+03
    1
  0.100000000000E+01  0.000000000000E+00  0.000000000000E+00
  0.000000000000E+00  0.100000000000E+01  0.000000000000E+00
  0.000000000000E+00  0.000000000000E+00  0.100000000000E+01
  0.000000000000E+00  0.000000000000E+00  0.000000000000E+00
  225
    8      1.744143566878      1.895562073436      4.332646128679
    8     -1.726527970172     -1.768439336369      4.340840939135
    8      2.099465469102     -1.888044566465      4.334120624061
    8     -2.099369066846      1.925355340695      4.331500336537
    8      1.967997981392      5.703681627957      4.338268200291
    8     -1.882517837761     -5.372231159144      4.520642749010
    8      1.867164228876     -5.696596675178      4.337708540573
    8     -1.853185023554      5.656200315344      4.324626614065
    8      5.569515230156      1.773015828101      4.339059823828
    8     -5.558195968503     -1.705566049710      4.340025536566
    8      5.942967603459     -1.920148491247      4.332562622129
    8     -5.941984782714      1.706590670418      4.338346392899
    8      5.717738976079      5.374721214360      4.520702378859
    8     -5.749140483267     -5.015274935371      4.130968198556
    8      5.688632839644     -5.650372052165      4.323800989525
    8     -5.758517343888      5.016140679079      4.131173231883
  258     -0.054089106833      1.903624482069      3.335235675059
  258      0.041576909555     -1.907078464145      3.337119303312
  258     -0.023500993377      5.732315413223      3.294869492755
  258      0.113343196513     -5.730193050386      3.251615094409
  258      3.794743206910      1.906895318599      3.337794769591
  258     -3.817205224680     -1.933981051884      3.340905852504
  258      3.890709078864     -1.903655387996      3.334600130676
  258     -3.895519937302      1.944765267832      3.342731932914
  258      3.721851887448      5.730075155841      3.251510798307
  258     -3.973863614438     -5.779657225281      3.308874496400
  258      3.859192803199     -5.732125678262      3.294349949910
  258     -3.813106126640      5.815077013976      3.363207674005
  258      7.654061926677      1.934249905673      3.341030912719
  258     -7.610658416325     -1.944515830667      3.342476898987
  258     -7.533798085795      5.779824589208      3.308750223114
  258      7.648785324682     -5.814417752685      3.362517212785
    8      1.904808799715      1.906737637457      1.758453609541
    8     -1.918661586072     -1.936123496273      1.779012916422
    8      1.930605038128     -1.907924440553      1.759629158932
    8     -1.915449391012      1.911946890057      1.763884756357
    8      1.902731025581      5.739955446570      1.762564021190
    8     -1.855690476383     -5.757773973202      1.877333230941
    8      1.933202654430     -5.741039275049      1.762479538659
    8     -1.873717389304      5.776152735317      1.778307924626
    8      5.754916956507      1.935156575802      1.777836279559
    8     -5.769298086674     -1.946069072641      1.782928916308
    8      5.751070738278     -1.912863500511      1.765557700294
    8     -5.736991258692      1.945878491529      1.781598765501
    8      5.692011722860      5.757402205889      1.877262912741
    8     -5.766704668549     -5.833447949608      1.771765191457
    8      5.709744808868     -5.776730559107      1.778245277279
    8     -5.740338450669      5.833200837207      1.771379434320
    8     -0.003055689294     -0.006375774124      2.199021906331
    8     -0.009500328402      3.824167076828      2.200576154440
    8      0.047202721868     -3.824831235001      2.177956541131
    8      0.042178935284     -7.670475286654      2.212676492503
    8      3.839795803949      0.006503258399      2.198570388671
    8     -3.840403302771     -0.003179436908      2.213067198533
    8      3.789282884891      3.824135529103      2.178911538034
    8     -3.829802312667     -3.850508682701      2.128366272771
    8      3.845781669435     -3.824714063369      2.199061343594
    8     -3.805928838470      3.864126273009      2.163888355985
    8      3.793780369552      7.670035528597      2.212722258236
    8     -3.791181492520     -7.661339828290      2.062627809135
    8     -7.664332240449      0.003946197256      2.212740807878
    8      7.666352211848      3.850132652166      2.128930505256
    8      7.642819575291     -3.864058858878      2.162165203343
    8      7.627147792781      7.661550787876      2.062304804819
  258      1.917618122769     -0.000388859380      0.597356514820
  258     -1.926658994358     -0.006440233410      0.613340213678
  258      1.903919705912      3.806163482671      0.578664813127
  258     -1.925972742218     -3.843173150455      0.622216270114
  258      1.931742103815     -3.806998172323      0.578678226320
  258     -1.935571081321      3.836339479240      0.608343556911
  258      1.917828840645      7.671231234127      0.572112373938
  258     -1.931334098734     -7.656406834181      0.606622711886
  258      5.761886016381      0.005835612668      0.613981450558
  258     -5.753958309730     -0.000294671144      0.625673351599
  258      5.761678054720      3.842626000595      0.622191509675
  258     -5.761173557926     -3.851944228886      0.613291067285
  258      5.771451683860     -3.836799955613      0.608616143440
  258     -5.746059118404      3.851690855266      0.613082070697
  258      5.767302590424      7.655933695204      0.606217513891
  258     -5.753544955327      7.671403725790      0.543467487971
    8     -0.005943225092     -0.003692600539     -0.646168797716
    8     -0.007000139990      3.830103848338     -0.651104346949
    8      0.005032921478     -3.833296610252     -0.650451891579
    8      0.004854261288     -7.663903339218     -0.646866344601
    8      3.841398574188      0.002784948174     -0.646042046890
    8     -3.844466576606     -0.005406017183     -0.634374465175
    8      3.830705734240      3.833118422694     -0.650162161554
    8     -3.840217966561     -3.838637534773     -0.654673991299
    8      3.842899036948     -3.830586133707     -0.651460782335
    8     -3.838283730552      3.835171926576     -0.652868606092
    8      3.830759673737      7.663689900850     -0.646861453925
    8     -3.823733585947     -7.665600013900     -0.700678503884
    8     -7.663714436017      0.004419880210     -0.634161712731
    8     -7.667238289430      3.838808960103     -0.654338017332
    8     -7.668861740287     -3.835627984952     -0.653265676400
    8      7.659878873118      7.665049654120     -0.700879324532
    8      1.914435647750      1.915750895589     -0.872713159968
    8     -1.921933739216     -1.921324515224     -0.858427161454
    8      1.921847625815     -1.916335667519     -0.872378408163
    8     -1.926415898193      1.912367587053     -0.869402379765
    8      1.913625050643      5.754281363503     -0.869219101313
    8     -1.917471304015     -5.744530884540     -0.822461087105
    8      1.922115499627     -5.754676645216     -0.869232727470
    8     -1.919066007114      5.752978051512     -0.861918370947
    8      5.757725916658      1.921338440061     -0.859080570603
    8     -5.754650218403     -1.919894762969     -0.852755116758
    8      5.762541219766     -1.912637052181     -0.868392706351
    8     -5.752782477321      1.920017539890     -0.853497457164
    8      5.753014326874      5.744556525405     -0.822677640846
    8     -5.755274772756     -5.745660280498     -0.870364565167
    8      5.755044035669     -5.753531835375     -0.861913213427
    8     -5.751577827010      5.745271891307     -0.870731335772
  258     -0.009309265879      1.913146570897     -2.119254888193
  258     -0.006934726980     -1.916781960487     -2.114838382894
  258     -0.006511193324      5.751522463490     -2.117766187320
  258     -0.000571947773     -5.748241685019     -2.113716043532
  258      3.842852484586      1.916522656786     -2.114806390058
  258     -3.840000897713     -1.920308871816     -2.105856389044
  258      3.845701872143     -1.913330043713     -2.118638639850
  258     -3.841170485318      1.916264557122     -2.110956032268
  258      3.836339680669      5.748128249876     -2.113692577832
  258     -3.833730087373     -5.749162709892     -2.118830802750
  258      3.842345027411     -5.751613094444     -2.117734415143
  258     -3.831049071249      5.754236161766     -2.122825665424
  258     -7.667181717519      1.920237828869     -2.105979814616
  258     -7.665985808242     -1.916244052001     -2.110838922708
  258      7.669590353183      5.749169828502     -2.118867254366
  258      7.666873302464     -5.754233319349     -2.122757482780
    8      1.916580076013      1.918124579990     -3.580284500271
    8     -1.915637786904     -1.919222494601     -3.575615055852
    8      1.918067744624     -1.918241750212     -3.580729317988
    8     -1.916130739917      1.917850400557     -3.579592257536
    8      1.919359270814      5.753447235437     -3.575722699054
    8     -1.914562538562     -5.753062112834     -3.562662025815
    8      1.916270397483     -5.753472429520     -3.575580973696
    8     -1.914931429064      5.754466707720     -3.578584237161
    8      5.751464796249      1.919142849122     -3.575984612779
    8     -5.753111511774     -1.918164443906     -3.572313047406
    8      5.751976179565     -1.917878522290     -3.578977360481
    8     -5.754067724498      1.918140740996     -3.572730412135
    8      5.750322070943      5.753052405697     -3.562750815120
    8     -5.751993908464     -5.753463208770     -3.580840233826
    8      5.750784396075     -5.754392286415     -3.578704603839
    8     -5.755208479424      5.753528758359     -3.580959274558
    8      0.000000000000      0.000000000000     -3.390356274875
    8      0.000000000000      3.835750260159     -3.390356274875
    8      0.000000000000     -3.835750260159     -3.390356274875
    8      0.000000000000      7.671500520300     -3.390356274875
    8      3.835750260161      0.000000000000     -3.390356274875
    8     -3.835750260161      0.000000000000     -3.390356274875
    8      3.835750260161      3.835750260159     -3.390356274875
    8     -3.835750260161     -3.835750260159     -3.390356274875
    8      3.835750260161     -3.835750260159     -3.390356274875
    8     -3.835750260161      3.835750260159     -3.390356274875
    8      3.835750260161      7.671500520300     -3.390356274875
    8     -3.835750260161      7.671500520300     -3.390356274875
    8      7.671500520300      0.000000000000     -3.390356274875
    8      7.671500520300      3.835750260159     -3.390356274875
    8      7.671500520300     -3.835750260159     -3.390356274875
    8      7.671500520300      7.671500520300     -3.390356274875
  258      1.917875130081      0.000000000000     -4.746498784825
  258     -1.917875130081      0.000000000000     -4.746498784825
  258      1.917875130081      3.835750260159     -4.746498784825
  258     -1.917875130081     -3.835750260159     -4.746498784825
  258      1.917875130081     -3.835750260159     -4.746498784825
  258     -1.917875130081      3.835750260159     -4.746498784825
  258      1.917875130081      7.671500520300     -4.746498784825
  258     -1.917875130081      7.671500520300     -4.746498784825
  258      5.753625390240      0.000000000000     -4.746498784825
  258     -5.753625390240      0.000000000000     -4.746498784825
  258      5.753625390240      3.835750260159     -4.746498784825
  258     -5.753625390240     -3.835750260159     -4.746498784825
  258      5.753625390240     -3.835750260159     -4.746498784825
  258     -5.753625390240      3.835750260159     -4.746498784825
  258      5.753625390240      7.671500520300     -4.746498784825
  258     -5.753625390240      7.671500520300     -4.746498784825
    8      0.000000000000      0.000000000000     -6.100000000000
    8      0.000000000000      3.835750260159     -6.100000000000
    8      0.000000000000     -3.835750260159     -6.100000000000
    8      0.000000000000      7.671500520300     -6.100000000000
    8      3.835750260161      0.000000000000     -6.100000000000
    8     -3.835750260161      0.000000000000     -6.100000000000
    8      3.835750260161      3.835750260159     -6.100000000000
    8     -3.835750260161     -3.835750260159     -6.100000000000
    8      3.835750260161     -3.835750260159     -6.100000000000
    8     -3.835750260161      3.835750260159     -6.100000000000
    8      3.835750260161      7.671500520300     -6.100000000000
    8     -3.835750260161      7.671500520300     -6.100000000000
    8      7.671500520300      0.000000000000     -6.100000000000
    8      7.671500520300      3.835750260159     -6.100000000000
    8      7.671500520300     -3.835750260159     -6.100000000000
    8      7.671500520300      7.671500520300     -6.100000000000
   14     -5.754554485679      7.671876997032      5.682946407168
    8     -7.081671174688      7.596660793704      4.708659933578
    8     -4.427680639980     -7.596352970779      4.708430243940
    8     -5.971746150315     -6.355249872887      6.651894918915
    8     -5.537480984194      6.356858862554      6.653126445434
    6     -4.902506789734     -5.578379394729      7.169627740469
    6     -6.606228705325      5.579712572749      7.171312584937
    6     -4.088397377585     -6.341493582632      8.205503210524
    6     -7.421455331913      6.343476527235      8.205766069533
    1     -3.256572178502     -5.728657370675      8.573650845401
    1      7.515878788476      7.265962056765      7.776749122090
    1     -6.792987914961      6.627113216283      9.056972740071
    1     -4.717839897934     -6.624173549075      9.056345015803
    1     -3.682460251179     -7.264485217217      7.777798971630
    1     -4.259656510758     -5.246975937407      6.338207702980
    1     -5.342346871805     -4.672072845686      7.606184670050
    1     -7.248442083785      5.246422959447      6.340085483799
    1     -6.165789343166      4.674387540917      7.609273427730
    1      7.089498488098      5.730804928511      8.573579538460
    6      5.415885758158      5.502283520290      5.906808647887
    6      5.539632734692      4.180894573882      6.655543727681
    1      4.922684954010      3.408169679753      6.185226759082
    1      4.366524602567      5.867830808821      6.018051748190
    1      6.052888076329      6.276094636899      6.359834515959
    1      6.569932351352      3.810028878927      6.638866843470
    1      5.232788785773      4.296745292087      7.702371287775
    6     -1.582706487439     -5.498693190317      5.907444976100
    6     -1.709875035291     -4.177141661434      6.655364708478
    1     -2.740740375775     -3.807781817917      6.636443638922
    1     -2.219307640192     -6.273316981572      6.359873197243
    1     -0.532988177298     -5.862512163293      6.020494787810
    1     -1.093098765134     -3.403688020656      6.186084840418
    1     -1.405312044822     -4.292238665673      7.702941629956
