   2   1   1 E -4.0948859568916E+04 DE-7.4E-06( 25)
  0.153430010406E+02  0.000000000000E+00  0.000000000000E+00
  0.000000000000E+00  0.153430010406E+02  0.000000000000E+00
  0.000000000000E+00  0.000000000000E+00  0.500000000000E+03
    1
  0.100000000000E+01  0.000000000000E+00  0.000000000000E+00
  0.000000000000E+00  0.100000000000E+01  0.000000000000E+00
  0.000000000000E+00  0.000000000000E+00  0.100000000000E+01
  0.000000000000E+00  0.000000000000E+00  0.000000000000E+00
  225
    8      1.746174003226      1.895471846638      4.332550872529
    8     -1.726939224340     -1.769266681709      4.341681154462
    8      2.098242344271     -1.888500290706      4.334362564212
    8     -2.097661073190      1.924646889040      4.331349423633
    8      1.966936544983      5.703656246641      4.338580645260
    8     -1.881852185677     -5.373474628247      4.521701454466
    8      1.868462595552     -5.697216080877      4.338297430429
    8     -1.854024691368      5.655500268890      4.324795047313
    8      5.570637414942      1.773975080443      4.339582231139
    8     -5.559787131383     -1.707399630395      4.341548932740
    8      5.941559747616     -1.920598045968      4.334026837639
    8     -5.940385183413      1.706805878471      4.339169147521
    8      5.717151063931      5.375900754128      4.521530016162
    8     -5.748180047432     -5.015920287431      4.132182215795
    8      5.689487919813     -5.650822509057      4.324820828433
    8     -5.759471164808      5.015044735242      4.131297928371
  258     -0.053336102302      1.903370864922      3.334785409657
  258      0.040918116606     -1.907180197261      3.337412234095
  258     -0.023910123600      5.732252059782      3.295289443440
  258      0.113732939544     -5.730139519186      3.252482340849
  258      3.795389748485      1.906605356389      3.338066347402
  258     -3.818708875860     -1.934965632863      3.342148374140
  258      3.889554404917     -1.904124764220      3.335136257025
  258     -3.895456582113      1.944036571179      3.343145659705
  258      3.721425916563      5.729882815788      3.251696749056
  258     -3.973307720958     -5.780427088013      3.309516166675
  258      3.859757688267     -5.732549480717      3.295089559666
  258     -3.813556880806      5.814248247195      3.363203702064
  258      7.654491338029      1.934159801597      3.342117028953
  258     -7.611923892789     -1.945110321248      3.344086654402
  258     -7.534505335964      5.779531537746      3.309080549383
  258      7.649193045627     -5.815000605529      3.363451219471
    8      1.904969255139      1.906756391092      1.758990559368
    8     -1.918429845214     -1.936193095999      1.779582236110
    8      1.930824511525     -1.908158662495      1.760137052455
    8     -1.914364226231      1.911881163799      1.764687732963
    8      1.902881492499      5.739890651566      1.762651162471
    8     -1.855949074952     -5.757718604799      1.877918423433
    8      1.933057005847     -5.741255301140      1.762779095688
    8     -1.873916193598      5.775863698254      1.778453762487
    8      5.755555222698      1.934712741316      1.778280707177
    8     -5.768786279334     -1.945960706851      1.783196201056
    8      5.751915780870     -1.913073180242      1.766097433487
    8     -5.736918544486      1.945695890183      1.782392785107
    8      5.692050412978      5.756945170690      1.877744146333
    8     -5.767013828029     -5.833643107464      1.772345800862
    8      5.710155553629     -5.776891987868      1.778749516796
    8     -5.740103789691      5.832911682995      1.771606458355
    8     -0.002834748451     -0.006672642825      2.198780151035
    8     -0.009492393392      3.824020002021      2.200767794195
    8      0.047381475991     -3.825086658879      2.178705305217
    8      0.042061321996     -7.670422658401      2.213552915935
    8      3.839813887940      0.005991553823      2.198917558501
    8     -3.842600288634     -0.004158783747      2.213826319816
    8      3.788815975770      3.823951147388      2.179220969629
    8     -3.830210770295     -3.851208098709      2.128920596006
    8      3.846226800598     -3.825033722765      2.199578841501
    8     -3.806005207983      3.863298586772      2.163883853023
    8      3.793985372615      7.669920718440      2.213170150387
    8     -3.791305672994     -7.661587014915      2.062843068252
    8     -7.663866536132      0.003487619679      2.214279991532
    8      7.666228740160      3.849347378765      2.129281593971
    8      7.642288040033     -3.864539401049      2.163204163923
    8      7.627081981857      7.661104177146      2.062749371685
  258      1.918069002774     -0.000447921775      0.598082977195
  258     -1.925997943253     -0.006472707671      0.613826568079
  258      1.904151822213      3.805860135039      0.579054764248
  258     -1.925917814428     -3.843303050979      0.622527372455
  258      1.931919451002     -3.807155925845      0.578869132826
  258     -1.934982575054      3.835997546765      0.608571656193
  258      1.917770313160      7.671130224525      0.572330488265
  258     -1.931512057331     -7.656631626520      0.606771484651
  258      5.762305448156      0.006051344343      0.614394335024
  258     -5.753655122171     -0.000040500450      0.625922444256
  258      5.761697494066      3.842121435773      0.622655114104
  258     -5.761491089510     -3.852141480861      0.613425106419
  258      5.771468081016     -3.836836591811      0.608726821838
  258     -5.745612426424      3.851498907016      0.613586190946
  258      5.767325099779      7.655604079528      0.606623621414
  258     -5.753567862160      7.671178869513      0.543763335582
    8     -0.005251130406     -0.004286073737     -0.645268883773
    8     -0.006738574639      3.829269358308     -0.650352150804
    8      0.005216017584     -3.833552860875     -0.650289246072
    8      0.004850067857     -7.663712592971     -0.646559076036
    8      3.841781769249      0.003007542526     -0.645624629691
    8     -3.843944802614     -0.004439913332     -0.633994711072
    8      3.830750270908      3.832736705044     -0.649416405419
    8     -3.840390118619     -3.838633682740     -0.654665198584
    8      3.842894610455     -3.830433084045     -0.651348402747
    8     -3.837865577981      3.834137621129     -0.652114079687
    8      3.830695537241      7.663672368143     -0.646411958640
    8     -3.823698723530     -7.665597244974     -0.700463129321
    8     -7.663309437543      0.005314290712     -0.633891971684
    8     -7.667161265682      3.838637220606     -0.653967869232
    8     -7.669149318004     -3.835758705086     -0.653345111158
    8      7.659815682224      7.664769199601     -0.700587717525
    8      1.914522393988      1.915413975723     -0.872494185918
    8     -1.922141976143     -1.921876480510     -0.858016038207
    8      1.921949607522     -1.916586312152     -0.872049634078
    8     -1.926162901736      1.911734572376     -0.868978453479
    8      1.913735348571      5.754148427277     -0.869327597333
    8     -1.917523796070     -5.744505675577     -0.822375682168
    8      1.921966501408     -5.754630818882     -0.869088584654
    8     -1.918758795970      5.752748365843     -0.862112108405
    8      5.757712737324      1.921141616942     -0.858938221795
    8     -5.754904639808     -1.920376100883     -0.852484247548
    8      5.762481171145     -1.913055633044     -0.867962892185
    8     -5.752530755824      1.919587463976     -0.853079556216
    8      5.752785385605      5.744226512668     -0.822353992893
    8     -5.755384069578     -5.745717231990     -0.870160905766
    8      5.754816864732     -5.753685671674     -0.861916011290
    8     -5.751386601743      5.745078316217     -0.870643685631
  258     -0.009304308085      1.913233822765     -2.119217385218
  258     -0.007026564405     -1.916902414814     -2.114532040227
  258     -0.006415394036      5.751743134390     -2.118008474795
  258     -0.000634787957     -5.748255990721     -2.113612263055
  258      3.842895606558      1.916335720729     -2.114594459585
  258     -3.840135390449     -1.920460103841     -2.105733276511
  258      3.845730441712     -1.913450207632     -2.118485090282
  258     -3.841070981585      1.915896834146     -2.110626715227
  258      3.836346408063      5.748143106158     -2.113738296309
  258     -3.833759442767     -5.749110603106     -2.118794228196
  258      3.842227973994     -5.751624359305     -2.117752495515
  258     -3.831000974130      5.754284245320     -2.122839793609
  258     -7.667034815281      1.920078841793     -2.105705947405
  258     -7.666061401050     -1.916437467349     -2.110755196080
  258      7.669646429107      5.749046255625     -2.118733190393
  258      7.666785097386     -5.754220305928     -2.122629869281
    8      1.916544598059      1.918139159309     -3.580372691381
    8     -1.915665049859     -1.919227212686     -3.575558157844
    8      1.918115826984     -1.918267022722     -3.580660479025
    8     -1.916105142577      1.917900212202     -3.579649503152
    8      1.919308589373      5.753479576082     -3.575717931461
    8     -1.914567278677     -5.753064147568     -3.562588549892
    8      1.916418763661     -5.753490482013     -3.575600204037
    8     -1.914846556222      5.754530191727     -3.578690347106
    8      5.751448262790      1.919081128095     -3.576159340947
    8     -5.752966593829     -1.918096639920     -3.572185548724
    8      5.752016734239     -1.917929823741     -3.578765604980
    8     -5.754020491985      1.918047281431     -3.572700947172
    8      5.750282908323      5.753033481939     -3.562705013243
    8     -5.751932591817     -5.753438275255     -3.580887939929
    8      5.750724882894     -5.754389504098     -3.578737778025
    8     -5.755204129801      5.753534071477     -3.580998331397
    8      0.000000000000      0.000000000000     -3.390356274875
    8      0.000000000000      3.835750260159     -3.390356274875
    8      0.000000000000     -3.835750260159     -3.390356274875
    8      0.000000000000      7.671500520300     -3.390356274875
    8      3.835750260161      0.000000000000     -3.390356274875
    8     -3.835750260161      0.000000000000     -3.390356274875
    8      3.835750260161      3.835750260159     -3.390356274875
    8     -3.835750260161     -3.835750260159     -3.390356274875
    8      3.835750260161     -3.835750260159     -3.390356274875
    8     -3.835750260161      3.835750260159     -3.390356274875
    8      3.835750260161      7.671500520300     -3.390356274875
    8     -3.835750260161      7.671500520300     -3.390356274875
    8      7.671500520300      0.000000000000     -3.390356274875
    8      7.671500520300      3.835750260159     -3.390356274875
    8      7.671500520300     -3.835750260159     -3.390356274875
    8      7.671500520300      7.671500520300     -3.390356274875
  258      1.917875130081      0.000000000000     -4.746498784825
  258     -1.917875130081      0.000000000000     -4.746498784825
  258      1.917875130081      3.835750260159     -4.746498784825
  258     -1.917875130081     -3.835750260159     -4.746498784825
  258      1.917875130081     -3.835750260159     -4.746498784825
  258     -1.917875130081      3.835750260159     -4.746498784825
  258      1.917875130081      7.671500520300     -4.746498784825
  258     -1.917875130081      7.671500520300     -4.746498784825
  258      5.753625390240      0.000000000000     -4.746498784825
  258     -5.753625390240      0.000000000000     -4.746498784825
  258      5.753625390240      3.835750260159     -4.746498784825
  258     -5.753625390240     -3.835750260159     -4.746498784825
  258      5.753625390240     -3.835750260159     -4.746498784825
  258     -5.753625390240      3.835750260159     -4.746498784825
  258      5.753625390240      7.671500520300     -4.746498784825
  258     -5.753625390240      7.671500520300     -4.746498784825
    8      0.000000000000      0.000000000000     -6.100000000000
    8      0.000000000000      3.835750260159     -6.100000000000
    8      0.000000000000     -3.835750260159     -6.100000000000
    8      0.000000000000      7.671500520300     -6.100000000000
    8      3.835750260161      0.000000000000     -6.100000000000
    8     -3.835750260161      0.000000000000     -6.100000000000
    8      3.835750260161      3.835750260159     -6.100000000000
    8     -3.835750260161     -3.835750260159     -6.100000000000
    8      3.835750260161     -3.835750260159     -6.100000000000
    8     -3.835750260161      3.835750260159     -6.100000000000
    8      3.835750260161      7.671500520300     -6.100000000000
    8     -3.835750260161      7.671500520300     -6.100000000000
    8      7.671500520300      0.000000000000     -6.100000000000
    8      7.671500520300      3.835750260159     -6.100000000000
    8      7.671500520300     -3.835750260159     -6.100000000000
    8      7.671500520300      7.671500520300     -6.100000000000
   14     -5.754715413482      7.670185614370      5.683348669281
    8     -7.081703896140      7.596557603005      4.708739497481
    8     -4.427515193669     -7.597882947490      4.709085708826
    8     -5.970552260058     -6.357632129629      6.653824565049
    8     -5.539612824356      6.353709042646      6.652139927231
    6     -4.899770643584     -5.583108191809      7.172385770878
    6     -6.610032500578      5.577932034684      7.169386939860
    6     -4.085842657037     -6.349105228001      8.206481201640
    6     -7.420718475911      6.340510831454      8.208616773557
    1     -3.253128256603     -5.737704110386      8.575202041502
    1      7.518945625833      7.266178847775      7.784030433739
    1     -6.789533037816      6.618588919426      9.059804550995
    1     -4.715046674295     -6.632821880437      9.057196129986
    1     -3.681027724369     -7.271770164794      7.776824547350
    1     -4.256964147829     -5.251140567796      6.341074289526
    1     -5.338221391699     -4.676979371332      7.610848315282
    1     -7.255268201680      5.250205382817      6.338140515699
    1     -6.171655694828      4.669310997766      7.602795084010
    1      7.088821710003      5.729164828534      8.575817512867
    6      5.412895326498      5.505571863013      5.907057741566
    6      5.533802309741      4.184828922803      6.657835616450
    1      4.918275956500      3.411643012215      6.186154491495
    1      4.363532624570      5.872366719562      6.015960438549
    1      6.049963987007      6.279338593768      6.360460538851
    1      6.564112488431      3.813567341650      6.645207405164
    1      5.223178260652      4.302010194463      7.703459422176
    6     -1.581193164664     -5.502274874120      5.908256208207
    6     -1.705930523874     -4.181530785364      6.658292052149
    1     -2.736466276421     -3.811378173704      6.642206492301
    1     -2.218574945204     -6.276661515101      6.359987682458
    1     -0.531815053268     -5.867660536500      6.020060054222
    1     -1.089496856963     -3.408005736282      6.188831346015
    1     -1.399199649552     -4.298446337832      7.705077123632
