   2   1   1 E -4.0948859603654E+04 DE-4.4E-06(  5)
  0.153430010406E+02  0.000000000000E+00  0.000000000000E+00
  0.000000000000E+00  0.153430010406E+02  0.000000000000E+00
  0.000000000000E+00  0.000000000000E+00  0.500000000000E+03
    1
  0.100000000000E+01  0.000000000000E+00  0.000000000000E+00
  0.000000000000E+00  0.100000000000E+01  0.000000000000E+00
  0.000000000000E+00  0.000000000000E+00  0.100000000000E+01
  0.000000000000E+00  0.000000000000E+00  0.000000000000E+00
  225
    8      1.744361682850      1.894983314741      4.330827873515
    8     -1.726998957514     -1.768485389789      4.339655090380
    8      2.098647696519     -1.888035898905      4.332502823195
    8     -2.099020143849      1.924511104790      4.330113727821
    8      1.967738042199      5.703166057199      4.337783979626
    8     -1.882631137810     -5.372746663765      4.520079061183
    8      1.867389319531     -5.696519583875      4.337289743271
    8     -1.853522751242      5.655615660737      4.324196700587
    8      5.569514438717      1.772976921317      4.338623045957
    8     -5.558884490950     -1.706519685999      4.340092793212
    8      5.942062177743     -1.920386190439      4.332229874016
    8     -5.941651359208      1.706743129194      4.338325260382
    8      5.717892686708      5.375148357024      4.520448973468
    8     -5.749023042014     -5.015268149823      4.130833820850
    8      5.688715141149     -5.650316203297      4.323513758415
    8     -5.759026155146      5.015776867130      4.130806042369
  258     -0.054318458966      1.903092092176      3.333288404631
  258      0.040884822941     -1.907272502004      3.335472085331
  258     -0.023708134200      5.731966912838      3.294422434427
  258      0.113290269379     -5.730255861628      3.251302289165
  258      3.794802734022      1.906546367813      3.336699311967
  258     -3.818008224987     -1.934378070961      3.340431565137
  258      3.890215264129     -1.903894447402      3.333388777667
  258     -3.895910435056      1.944296036590      3.342049228865
  258      3.721891156116      5.729895006496      3.251127412069
  258     -3.973825320983     -5.779842202122      3.308834984855
  258      3.859203143988     -5.732170468116      3.293944837153
  258     -3.813354793689      5.814583874431      3.362740838650
  258      7.653986142008      1.934182089417      3.341000748295
  258     -7.611282062354     -1.944829439115      3.342489546978
  258     -7.534173632757      5.779801805489      3.308455343506
  258      7.648754156119     -5.814398031495      3.362204147963
    8      1.905108547162      1.907030189828      1.758370539875
    8     -1.918395177744     -1.935803503536      1.778881600064
    8      1.931246677850     -1.907698002489      1.759492964898
    8     -1.915300646164      1.912381532306      1.763546174274
    8      1.902949315352      5.740096207379      1.762345095398
    8     -1.855809006733     -5.757724711877      1.877173384851
    8      1.933167307536     -5.741016121441      1.762344903168
    8     -1.873881467243      5.776259137925      1.777994751873
    8      5.755032476592      1.935213241316      1.777316674907
    8     -5.768956452244     -1.945783148972      1.782194151439
    8      5.752012915109     -1.912548952537      1.764824413991
    8     -5.736156093280      1.945859456644      1.781066985363
    8      5.692157721367      5.757361818025      1.877035023922
    8     -5.766773284987     -5.833429714838      1.771705135177
    8      5.709848291590     -5.776746216273      1.777998810368
    8     -5.740312995118      5.833127603055      1.771231883858
    8     -0.003596299186     -0.006838185948      2.196974104422
    8     -0.010002783721      3.824022907224      2.199486812953
    8      0.046717854519     -3.825410703281      2.177068302259
    8      0.042156455338     -7.670650490562      2.212504527190
    8      3.840179746890      0.006228112799      2.197280346015
    8     -3.842041683982     -0.003668541484      2.212489800290
    8      3.789656318832      3.824078040883      2.178269056911
    8     -3.829932467589     -3.850859745901      2.128056406947
    8      3.845696705314     -3.825038023684      2.198159975420
    8     -3.806390829283      3.863647220635      2.163246077159
    8      3.793774438310      7.669896205016      2.212474987187
    8     -3.791250996052     -7.661429776592      2.062456611608
    8     -7.664290848121      0.003718062791      2.212879009725
    8      7.665873405176      3.849992412105      2.128684735557
    8      7.642470478391     -3.864090766818      2.161838223808
    8      7.627068693086      7.661475587266      2.062003669046
  258      1.918279920941     -0.000019946818      0.597223216592
  258     -1.926015209604     -0.006049725033      0.613040913540
  258      1.903999073973      3.806363148536      0.578530717684
  258     -1.925926039035     -3.843043828277      0.622120998252
  258      1.931881433084     -3.806923381424      0.578569960105
  258     -1.935542990378      3.836693212949      0.607942622875
  258      1.917885814855      7.671274501606      0.572028571897
  258     -1.931391383790     -7.656398858162      0.606478394656
  258      5.762602668507      0.006234206022      0.613134769752
  258     -5.753122375566     -0.000011184595      0.624714979937
  258      5.761720174918      3.842659983935      0.621903897151
  258     -5.761093470546     -3.851915091862      0.612985090024
  258      5.771665336369     -3.836771647355      0.608269535817
  258     -5.745788965951      3.851693816551      0.612843982022
  258      5.767318699414      7.655908601918      0.606014657461
  258     -5.753538379331      7.671380898240      0.543396428531
    8     -0.005197329705     -0.003057449675     -0.646209802709
    8     -0.006966451616      3.830742111079     -0.651295721793
    8      0.005100589951     -3.833242776075     -0.650493313148
    8      0.004883143146     -7.663844137075     -0.646919096261
    8      3.841993101102      0.003235850618     -0.646557962015
    8     -3.843427704694     -0.005171671494     -0.635132245849
    8      3.830731561885      3.833404508310     -0.650349883419
    8     -3.840180308953     -3.838627639101     -0.654821451158
    8      3.842983082168     -3.830606420534     -0.651693623547
    8     -3.838225770925      3.835287146282     -0.653080333642
    8      3.830735730557      7.663724147096     -0.647017861863
    8     -3.823704674410     -7.665585984574     -0.700727760581
    8     -7.662906580398      0.005405218195     -0.635137232378
    8     -7.667192866429      3.838824023721     -0.654437679950
    8     -7.668792038171     -3.835751039897     -0.653566533441
    8      7.659892728775      7.665008982516     -0.700961171378
    8      1.914412618314      1.915756460633     -0.872815917236
    8     -1.921961340048     -1.921551295450     -0.858347357554
    8      1.921933167417     -1.916361373365     -0.872400263991
    8     -1.926334542850      1.912143358865     -0.869372314854
    8      1.913667723699      5.754256592252     -0.869311414082
    8     -1.917469720267     -5.744458007938     -0.822529545773
    8      1.922123250662     -5.754641607304     -0.869284040766
    8     -1.918970466776      5.752775798452     -0.861961447462
    8      5.757646219818      1.921314898798     -0.859048784242
    8     -5.754756988391     -1.920065399049     -0.852681422275
    8      5.762494725594     -1.912787199386     -0.868279240181
    8     -5.752842089889      1.920091843684     -0.853450619737
    8      5.753008496792      5.744568585042     -0.822792443818
    8     -5.755252749803     -5.745678713446     -0.870426680160
    8      5.755040836857     -5.753625650019     -0.861908672688
    8     -5.751518766965      5.745277401480     -0.870849926965
  258     -0.009299407050      1.913115818389     -2.119291849983
  258     -0.006920679334     -1.916818452559     -2.114797318918
  258     -0.006473143215      5.751529274419     -2.117826582463
  258     -0.000575399469     -5.748190458169     -2.113737681208
  258      3.842819265618      1.916473309951     -2.114789916210
  258     -3.840043326973     -1.920370888185     -2.105844671259
  258      3.845702359550     -1.913345035310     -2.118634139215
  258     -3.841176431431      1.916281682328     -2.110940671406
  258      3.836372937806      5.748137446734     -2.113745108791
  258     -3.833713794724     -5.749130404051     -2.118899024675
  258      3.842358651319     -5.751613550016     -2.117749231716
  258     -3.831027931257      5.754234017009     -2.122881381114
  258     -7.667185011612      1.920236392195     -2.105968332997
  258     -7.666001905580     -1.916333743274     -2.110865980182
  258      7.669615723647      5.749161994559     -2.118942631526
  258      7.666872610630     -5.754231337649     -2.122785027138
    8      1.916567822200      1.918145764672     -3.580232124023
    8     -1.915637116782     -1.919230123806     -3.575559243540
    8      1.918073546482     -1.918254123404     -3.580646796569
    8     -1.916119904966      1.917850517409     -3.579556606865
    8      1.919328194489      5.753468761833     -3.575670644212
    8     -1.914554631412     -5.753059901240     -3.562651526224
    8      1.916271293918     -5.753495297837     -3.575526580988
    8     -1.914899823800      5.754469573975     -3.578577958946
    8      5.751468929470      1.919129602251     -3.575967393809
    8     -5.753080760222     -1.918150770257     -3.572266599483
    8      5.751990813824     -1.917893628637     -3.578886883664
    8     -5.754067557189      1.918138422897     -3.572718683494
    8      5.750317617194      5.753064079053     -3.562758619685
    8     -5.751991313631     -5.753462078834     -3.580785136133
    8      5.750781916753     -5.754393805207     -3.578704111166
    8     -5.755194393136      5.753533450846     -3.580894898548
    8      0.000000000000      0.000000000000     -3.390356274875
    8      0.000000000000      3.835750260159     -3.390356274875
    8      0.000000000000     -3.835750260159     -3.390356274875
    8      0.000000000000      7.671500520300     -3.390356274875
    8      3.835750260161      0.000000000000     -3.390356274875
    8     -3.835750260161      0.000000000000     -3.390356274875
    8      3.835750260161      3.835750260159     -3.390356274875
    8     -3.835750260161     -3.835750260159     -3.390356274875
    8      3.835750260161     -3.835750260159     -3.390356274875
    8     -3.835750260161      3.835750260159     -3.390356274875
    8      3.835750260161      7.671500520300     -3.390356274875
    8     -3.835750260161      7.671500520300     -3.390356274875
    8      7.671500520300      0.000000000000     -3.390356274875
    8      7.671500520300      3.835750260159     -3.390356274875
    8      7.671500520300     -3.835750260159     -3.390356274875
    8      7.671500520300      7.671500520300     -3.390356274875
  258      1.917875130081      0.000000000000     -4.746498784825
  258     -1.917875130081      0.000000000000     -4.746498784825
  258      1.917875130081      3.835750260159     -4.746498784825
  258     -1.917875130081     -3.835750260159     -4.746498784825
  258      1.917875130081     -3.835750260159     -4.746498784825
  258     -1.917875130081      3.835750260159     -4.746498784825
  258      1.917875130081      7.671500520300     -4.746498784825
  258     -1.917875130081      7.671500520300     -4.746498784825
  258      5.753625390240      0.000000000000     -4.746498784825
  258     -5.753625390240      0.000000000000     -4.746498784825
  258      5.753625390240      3.835750260159     -4.746498784825
  258     -5.753625390240     -3.835750260159     -4.746498784825
  258      5.753625390240     -3.835750260159     -4.746498784825
  258     -5.753625390240      3.835750260159     -4.746498784825
  258      5.753625390240      7.671500520300     -4.746498784825
  258     -5.753625390240      7.671500520300     -4.746498784825
    8      0.000000000000      0.000000000000     -6.100000000000
    8      0.000000000000      3.835750260159     -6.100000000000
    8      0.000000000000     -3.835750260159     -6.100000000000
    8      0.000000000000      7.671500520300     -6.100000000000
    8      3.835750260161      0.000000000000     -6.100000000000
    8     -3.835750260161      0.000000000000     -6.100000000000
    8      3.835750260161      3.835750260159     -6.100000000000
    8     -3.835750260161     -3.835750260159     -6.100000000000
    8      3.835750260161     -3.835750260159     -6.100000000000
    8     -3.835750260161      3.835750260159     -6.100000000000
    8      3.835750260161      7.671500520300     -6.100000000000
    8     -3.835750260161      7.671500520300     -6.100000000000
    8      7.671500520300      0.000000000000     -6.100000000000
    8      7.671500520300      3.835750260159     -6.100000000000
    8      7.671500520300     -3.835750260159     -6.100000000000
    8      7.671500520300      7.671500520300     -6.100000000000
   14     -5.755121630526      7.671669067533      5.682807589836
    8     -7.082011171238      7.596808617578      4.708160435519
    8     -4.427923177050     -7.596545948926      4.708641987772
    8     -5.972259016572     -6.355567098978      6.652039788491
    8     -5.538926107540      6.356146953829      6.652588065554
    6     -4.902840028802     -5.577967413179      7.168500321408
    6     -6.608308835428      5.577143425456      7.166835493919
    6     -4.086746321834     -6.340550449890      8.203313358186
    6     -7.428214276174      6.339330588768      8.198848861352
    1     -3.254995446711     -5.726975439145      8.570542170053
    1      7.509280707570      7.261482453307      7.768833783602
    1     -6.802992582560      6.623444817642      9.052356055090
    1     -4.714917990642     -6.623932737758      9.054911405449
    1     -3.680456851314     -7.263150671219      7.774994496076
    1     -4.261291236422     -5.246010412284      6.336249161640
    1     -5.342822100792     -4.672002628171      7.605726747250
    1     -7.247365328855      5.243342587920      6.333315322613
    1     -6.167997175879      4.672191537086      7.605820763098
    1      7.082308443597      5.725303568339      8.563584384561
    6      5.415654427105      5.503416874353      5.906448913724
    6      5.538356500688      4.182172315052      6.655746522675
    1      4.921281404227      3.409549049323      6.185305294300
    1      4.366427472445      5.869651603247      6.017243273371
    1      6.053032880464      6.277033600832      6.359462814972
    1      6.568523757105      3.810803012403      6.639805905084
    1      5.230903085916      4.298558278869      7.702377790297
    6     -1.582561582963     -5.498791957558      5.906900771074
    6     -1.709953486165     -4.177011052560      6.654526985492
    1     -2.740978913389     -3.808004068744      6.635902924108
    1     -2.218904454082     -6.273505613422      6.359624701375
    1     -0.532679967504     -5.862305306050      6.019883598604
    1     -1.093553350082     -3.403467951085      6.184805840260
    1     -1.404942733715     -4.291762094100      7.702057019967
