   2   1   1 E -4.0948859530547E+04 DE-9.0E-06(  6)
  0.153430010406E+02  0.000000000000E+00  0.000000000000E+00
  0.000000000000E+00  0.153430010406E+02  0.000000000000E+00
  0.000000000000E+00  0.000000000000E+00  0.500000000000E+03
    1
  0.100000000000E+01  0.000000000000E+00  0.000000000000E+00
  0.000000000000E+00  0.100000000000E+01  0.000000000000E+00
  0.000000000000E+00  0.000000000000E+00  0.100000000000E+01
  0.000000000000E+00  0.000000000000E+00  0.000000000000E+00
  225
    8      1.738454519352      1.894303774546      4.332144702698
    8     -1.725388619136     -1.764280963970      4.339381330305
    8      2.100893920191     -1.885921528861      4.333125539721
    8     -2.104413752756      1.925120458683      4.330930436108
    8      1.970175842689      5.703409976150      4.338575688153
    8     -1.883811788409     -5.368887821915      4.520615062068
    8      1.864825239485     -5.695495175505      4.338199949719
    8     -1.852071121031      5.656416309422      4.324556997532
    8      5.564528072381      1.769590370899      4.339090217505
    8     -5.556921717274     -1.704900905145      4.340519046676
    8      5.944041957470     -1.920142244744      4.332337874177
    8     -5.947092938927      1.707432568588      4.339479905023
    8      5.718831941821      5.372558398744      4.520801937101
    8     -5.750690466484     -5.014865945702      4.130760342097
    8      5.687514984694     -5.651295301276      4.324092857643
    8     -5.757127859215      5.016772244136      4.131403607672
  258     -0.055931282940      1.903270520869      3.334246521673
  258      0.043027697537     -1.906542702354      3.335978338067
  258     -0.023185063062      5.732179125602      3.294594255500
  258      0.112612248120     -5.730020117584      3.251826034289
  258      3.792814348922      1.906876381276      3.336363013191
  258     -3.816519562820     -1.933662790483      3.341185218989
  258      3.891959662531     -1.902976533875      3.334382025464
  258     -3.897734014355      1.944887415173      3.342335490902
  258      3.722633121521      5.730360376059      3.251847959233
  258     -3.974355551625     -5.779307621643      3.308315559489
  258      3.858747338860     -5.731802236609      3.294479706275
  258     -3.813038199939      5.815126046733      3.362995351760
  258      7.652065440586      1.933979792669      3.341296421084
  258     -7.609612335792     -1.944820320454      3.342871336920
  258     -7.533284381147      5.779765821495      3.308267745749
  258      7.648587152769     -5.814500857464      3.362960291910
    8      1.905543957515      1.906999151334      1.759329336254
    8     -1.918502676122     -1.935987743423      1.778761751249
    8      1.930863195854     -1.907695301420      1.759750679013
    8     -1.915030846946      1.912202298356      1.764576135108
    8      1.902637749712      5.740071958384      1.762730023029
    8     -1.856135681037     -5.757871470634      1.877584949545
    8      1.933296545134     -5.740704091185      1.762655269484
    8     -1.873691766772      5.776076629905      1.778368674546
    8      5.754977114988      1.935752490057      1.778234171417
    8     -5.769741313886     -1.945786371640      1.782757798309
    8      5.751384793151     -1.912487771458      1.764896674891
    8     -5.737047533227      1.946083939199      1.782186312197
    8      5.691848568867      5.757970569056      1.877305445005
    8     -5.766178298975     -5.833136447437      1.771400922485
    8      5.709517776950     -5.776439727614      1.778294362394
    8     -5.740991915380      5.833319526007      1.771569845306
    8     -0.003250614895     -0.006530239206      2.197227951242
    8     -0.009702293553      3.824445272321      2.199737682240
    8      0.047226163505     -3.824549342465      2.177610271941
    8      0.042095144055     -7.670448949516      2.212519542872
    8      3.839912750447      0.006662083582      2.197487721229
    8     -3.842512369313     -0.003491411321      2.212642877706
    8      3.788790671133      3.824449743066      2.178010923843
    8     -3.829994144217     -3.850380564990      2.128669762999
    8      3.845878246290     -3.824611497125      2.199655631363
    8     -3.806727024834      3.864234279096      2.163265787467
    8      3.793554460192      7.670503575656      2.212748026070
    8     -3.791489960577     -7.661776248825      2.062315462097
    8     -7.664699851791      0.003608698724      2.212920721387
    8      7.665918896767      3.850334591137      2.128930190642
    8      7.642057414571     -3.864433758085      2.162838519174
    8      7.627248307968      7.661941036551      2.062406193778
  258      1.918142446013     -0.000128315330      0.597734458805
  258     -1.926137323037     -0.006164398688      0.613786630327
  258      1.904147624278      3.806453826998      0.579063985230
  258     -1.925711144453     -3.842896282330      0.622115460582
  258      1.931766371647     -3.806823774606      0.578931875856
  258     -1.935593551604      3.836318596978      0.608754740078
  258      1.917875097808      7.671411804348      0.572209864127
  258     -1.931433218672     -7.656449303508      0.606424965202
  258      5.762443544158      0.006207852385      0.613771800317
  258     -5.753497779117      0.000248776070      0.625652984568
  258      5.761604164750      3.842969820435      0.622420619976
  258     -5.760909628906     -3.851457750098      0.613024008849
  258      5.771644853253     -3.836635828908      0.608548556868
  258     -5.746275112707      3.851749202248      0.613191560826
  258      5.767298822653      7.656383909311      0.606345158538
  258     -5.753591869355      7.671593412352      0.543249740904
    8     -0.005446686363     -0.003350482021     -0.645755839831
    8     -0.006762973259      3.829946275740     -0.650950614413
    8      0.005046746520     -3.833184353605     -0.650305719485
    8      0.004858414020     -7.663967695092     -0.647004611880
    8      3.841713005084      0.003126342997     -0.645821762402
    8     -3.843751435510     -0.004574940449     -0.634051803064
    8      3.830933697464      3.833133699041     -0.650140683960
    8     -3.839965165213     -3.838609507758     -0.654500832901
    8      3.842873520579     -3.830275559817     -0.651163815358
    8     -3.838335442139      3.835326389246     -0.652694649416
    8      3.830933957140      7.663911634604     -0.646882637575
    8     -3.823936015853     -7.665524779423     -0.700992799357
    8     -7.663181365031      0.005080401452     -0.634258343044
    8     -7.667178592597      3.838745420308     -0.654185190874
    8     -7.668610102657     -3.835401467097     -0.653078427798
    8      7.659829449548      7.665469992392     -0.700941100689
    8      1.914542964722      1.916001089719     -0.872300550419
    8     -1.921995973116     -1.921279440404     -0.858623286623
    8      1.921700494811     -1.916115643698     -0.872342369559
    8     -1.926597843430      1.912648599059     -0.869206982785
    8      1.913782619978      5.754691647799     -0.869052206446
    8     -1.917383253159     -5.744675903340     -0.822430536909
    8      1.922056542024     -5.754552617387     -0.869099479693
    8     -1.919115385343      5.753179464999     -0.861797114130
    8      5.757871810149      1.921289494550     -0.858842477911
    8     -5.754347059805     -1.919904959085     -0.852934185166
    8      5.762543649672     -1.912707280779     -0.868825861605
    8     -5.752761365779      1.919932420930     -0.853243945410
    8      5.753193736712      5.744779652776     -0.822631752613
    8     -5.755258050012     -5.745526623794     -0.870514227214
    8      5.755015109731     -5.753054545825     -0.861844704462
    8     -5.751821168897      5.745478784868     -0.870506898880
  258     -0.009270042847      1.913234511292     -2.118998744744
  258     -0.006922462373     -1.916698475719     -2.114965117972
  258     -0.006497112687      5.751410511851     -2.117605805437
  258     -0.000547458367     -5.748399638894     -2.113760873183
  258      3.842899624508      1.916717170087     -2.114786290374
  258     -3.839910004329     -1.920227913794     -2.105898408888
  258      3.845693287959     -1.913276394270     -2.118589577261
  258     -3.841085454219      1.916248854627     -2.110922669420
  258      3.836376098730      5.748362008131     -2.113690548429
  258     -3.833722348841     -5.749279211477     -2.118838802705
  258      3.842280189906     -5.751435495853     -2.117676237946
  258     -3.831051939547      5.754209367541     -2.122733388118
  258     -7.667197514546      1.920283399137     -2.105945924299
  258     -7.665938246071     -1.916192619054     -2.110875693542
  258      7.669510947337      5.749281038757     -2.118830525874
  258      7.666897366262     -5.754154434692     -2.122791746288
    8      1.916606199763      1.918140503324     -3.580122276290
    8     -1.915676046215     -1.919203153537     -3.575689936395
    8      1.918079158461     -1.918217773547     -3.580840290487
    8     -1.916167179999      1.917852044613     -3.579565792743
    8      1.919317822343      5.753416850165     -3.575599721876
    8     -1.914538188209     -5.753058438731     -3.562696729584
    8      1.916315242233     -5.753478685465     -3.575522934110
    8     -1.914981159482      5.754433423394     -3.578541966092
    8      5.751435723443      1.919193768139     -3.575788511732
    8     -5.753202072336     -1.918176286883     -3.572501709579
    8      5.751963823510     -1.917827687612     -3.579279772641
    8     -5.754074387697      1.918141336327     -3.572657214279
    8      5.750343658190      5.753042521679     -3.562707971351
    8     -5.752002415142     -5.753504277953     -3.580879509929
    8      5.750752618466     -5.754420259448     -3.578595126200
    8     -5.755257002449      5.753523896239     -3.580892021724
    8      0.000000000000      0.000000000000     -3.390356274875
    8      0.000000000000      3.835750260159     -3.390356274875
    8      0.000000000000     -3.835750260159     -3.390356274875
    8      0.000000000000      7.671500520300     -3.390356274875
    8      3.835750260161      0.000000000000     -3.390356274875
    8     -3.835750260161      0.000000000000     -3.390356274875
    8      3.835750260161      3.835750260159     -3.390356274875
    8     -3.835750260161     -3.835750260159     -3.390356274875
    8      3.835750260161     -3.835750260159     -3.390356274875
    8     -3.835750260161      3.835750260159     -3.390356274875
    8      3.835750260161      7.671500520300     -3.390356274875
    8     -3.835750260161      7.671500520300     -3.390356274875
    8      7.671500520300      0.000000000000     -3.390356274875
    8      7.671500520300      3.835750260159     -3.390356274875
    8      7.671500520300     -3.835750260159     -3.390356274875
    8      7.671500520300      7.671500520300     -3.390356274875
  258      1.917875130081      0.000000000000     -4.746498784825
  258     -1.917875130081      0.000000000000     -4.746498784825
  258      1.917875130081      3.835750260159     -4.746498784825
  258     -1.917875130081     -3.835750260159     -4.746498784825
  258      1.917875130081     -3.835750260159     -4.746498784825
  258     -1.917875130081      3.835750260159     -4.746498784825
  258      1.917875130081      7.671500520300     -4.746498784825
  258     -1.917875130081      7.671500520300     -4.746498784825
  258      5.753625390240      0.000000000000     -4.746498784825
  258     -5.753625390240      0.000000000000     -4.746498784825
  258      5.753625390240      3.835750260159     -4.746498784825
  258     -5.753625390240     -3.835750260159     -4.746498784825
  258      5.753625390240     -3.835750260159     -4.746498784825
  258     -5.753625390240      3.835750260159     -4.746498784825
  258      5.753625390240      7.671500520300     -4.746498784825
  258     -5.753625390240      7.671500520300     -4.746498784825
    8      0.000000000000      0.000000000000     -6.100000000000
    8      0.000000000000      3.835750260159     -6.100000000000
    8      0.000000000000     -3.835750260159     -6.100000000000
    8      0.000000000000      7.671500520300     -6.100000000000
    8      3.835750260161      0.000000000000     -6.100000000000
    8     -3.835750260161      0.000000000000     -6.100000000000
    8      3.835750260161      3.835750260159     -6.100000000000
    8     -3.835750260161     -3.835750260159     -6.100000000000
    8      3.835750260161     -3.835750260159     -6.100000000000
    8     -3.835750260161      3.835750260159     -6.100000000000
    8      3.835750260161      7.671500520300     -6.100000000000
    8     -3.835750260161      7.671500520300     -6.100000000000
    8      7.671500520300      0.000000000000     -6.100000000000
    8      7.671500520300      3.835750260159     -6.100000000000
    8      7.671500520300     -3.835750260159     -6.100000000000
    8      7.671500520300      7.671500520300     -6.100000000000
   14     -5.754234900533      7.671737792413      5.682755413169
    8     -7.081369983404      7.595899127311      4.708605978641
    8     -4.427307062149     -7.595077057742      4.708368126049
    8     -5.973583700203     -6.356045724999      6.651927787490
    8     -5.534633265108      6.356600444083      6.652055533222
    6     -4.906179765741     -5.577375239955      7.170610576692
    6     -6.601780973676      5.577407540933      7.170511732354
    6     -4.090850442780     -6.339849900887      8.206033483235
    6     -7.415708155676      6.338371591772      8.208100470365
    1     -3.260268490770     -5.725847664365      8.575044446250
    1      7.520032769026      7.261481060081      7.781978234696
    1     -6.785652282278      6.620671662636      9.058583052345
    1     -4.720074603011     -6.624278132079      9.056447800348
    1     -3.683232329559     -7.261784608391      7.777754161645
    1     -4.263837028114     -5.243990517731      6.339686013407
    1     -5.347970424117     -4.672380437136      7.607861863425
    1     -7.245118653907      5.245587659374      6.339713409102
    1     -6.159852381149      4.671525489653      7.605782806204
    1      7.096511481478      5.724238739703      8.576367267723
    6      5.421779330742      5.499557085339      5.908144632823
    6      5.547480637841      4.177540389428      6.655449851441
    1      4.927066728822      3.405938319553      6.188004438574
    1      4.373240361883      5.865798629933      6.023163995990
    1      6.060997307719      6.272589971734      6.359569632281
    1      6.577173179034      3.805171878272      6.633162759358
    1      5.246542400115      4.293273714996      7.703962089597
    6     -1.587371890338     -5.496091151967      5.908104540560
    6     -1.714695036299     -4.174389183714      6.655701429401
    1     -2.744798493478     -3.803116114003      6.633038492658
    1     -2.226234775924     -6.269760436215      6.359135118293
    1     -0.538571280075     -5.861434806502      6.023612716320
    1     -1.094896258834     -3.402037910051      6.188702722078
    1     -1.414187727611     -4.290065700539      7.704343837215
