   2   1   1 E -4.0948859525937E+04 DE 3.0E-06(  4)
  0.153430010406E+02  0.000000000000E+00  0.000000000000E+00
  0.000000000000E+00  0.153430010406E+02  0.000000000000E+00
  0.000000000000E+00  0.000000000000E+00  0.500000000000E+03
    1
  0.100000000000E+01  0.000000000000E+00  0.000000000000E+00
  0.000000000000E+00  0.100000000000E+01  0.000000000000E+00
  0.000000000000E+00  0.000000000000E+00  0.100000000000E+01
  0.000000000000E+00  0.000000000000E+00  0.000000000000E+00
  225
    8      1.740172961462      1.894964349697      4.332523093524
    8     -1.726183397017     -1.765378638387      4.339434738335
    8      2.100092162017     -1.886976983938      4.333747954041
    8     -2.102920645471      1.924655214870      4.330617391268
    8      1.969358743350      5.703542904492      4.338714060587
    8     -1.883537535853     -5.370068547274      4.521141067177
    8      1.865499239710     -5.695795760475      4.338326903642
    8     -1.852545645825      5.656374486478      4.324665591268
    8      5.566096422699      1.770869009245      4.339584972820
    8     -5.557442521511     -1.705041554063      4.340017921737
    8      5.943543718369     -1.920052585351      4.332673751730
    8     -5.945565097374      1.707455622625      4.338836057402
    8      5.718787901460      5.373258807545      4.521081513765
    8     -5.749911939318     -5.014635682650      4.130640096895
    8      5.688006399612     -5.650753563383      4.324199230351
    8     -5.757681537166      5.016717146786      4.131328585379
  258     -0.055419657422      1.903270445102      3.334483976508
  258      0.042278841872     -1.906784287355      3.336332810636
  258     -0.023349698654      5.732191467537      3.294849567079
  258      0.112681698435     -5.730037992249      3.252018568300
  258      3.793386053790      1.906972358617      3.337417445114
  258     -3.816950230913     -1.933673305184      3.340540883179
  258      3.891274488014     -1.903270863348      3.334867262698
  258     -3.897301649994      1.944807391198      3.341962054920
  258      3.722421325076      5.730330450392      3.251994403707
  258     -3.973987882210     -5.779150588834      3.308237017261
  258      3.858852520099     -5.731811033938      3.294706848592
  258     -3.813058321805      5.815107150396      3.362946595116
  258      7.652156405095      1.934420444994      3.341407939389
  258     -7.610233068504     -1.944488945926      3.342717219083
  258     -7.533444798023      5.780159321548      3.308624484903
  258      7.648688165805     -5.814123752999      3.362774894023
    8      1.905933263688      1.907060541926      1.758905469153
    8     -1.918165072122     -1.935798983309      1.779092191508
    8      1.930891232829     -1.907383977195      1.759554948959
    8     -1.915340539223      1.912483826618      1.764735898652
    8      1.902674353590      5.740122387437      1.762855134431
    8     -1.856233326392     -5.757752389180      1.877742614189
    8      1.933163914282     -5.740649886892      1.762737036487
    8     -1.873767440666      5.776200623448      1.778458191407
    8      5.754692017944      1.935590076931      1.777695676965
    8     -5.769573801522     -1.945867715457      1.782984118602
    8      5.751428118164     -1.912427329221      1.764873631611
    8     -5.736962772486      1.946106357585      1.782141725806
    8      5.691922675278      5.757838075295      1.877324213991
    8     -5.766306972131     -5.833211514280      1.771490275604
    8      5.709587340599     -5.776414675427      1.778379444507
    8     -5.740843702218      5.833380427649      1.771564917780
    8     -0.002830465317     -0.006616881152      2.197768048568
    8     -0.009804326159      3.824298356552      2.200051489341
    8      0.046886925940     -3.824717123480      2.177918628647
    8      0.042090292093     -7.670402125038      2.212825168551
    8      3.839514298451      0.006646010729      2.198470228371
    8     -3.842492576873     -0.003343960348      2.212252695347
    8      3.788988198702      3.824353606408      2.178712398001
    8     -3.830194381374     -3.850385114054      2.128021231520
    8      3.845692334328     -3.824600164329      2.199728647477
    8     -3.806305505251      3.864199093080      2.163233428897
    8      3.793598750267      7.670412362585      2.213028629259
    8     -3.791372184475     -7.661555018435      2.062387941104
    8     -7.665257503179      0.004058556696      2.213018788725
    8      7.665406215511      3.850662531544      2.129144671400
    8      7.641935169067     -3.863991671710      2.162580397546
    8      7.627296334892      7.662103967378      2.062452617355
  258      1.918241454295      0.000084919164      0.597362830699
  258     -1.926167569349     -0.005897074971      0.614081533806
  258      1.904126958584      3.806484108066      0.578988272938
  258     -1.925761733580     -3.842844455184      0.622265015319
  258      1.931737927369     -3.806695520676      0.578907173547
  258     -1.935743832817      3.836468016065      0.608865520819
  258      1.917856070710      7.671459684745      0.572247765421
  258     -1.931462113384     -7.656348229062      0.606593428494
  258      5.762402215536      0.006139734051      0.613390121381
  258     -5.753471544099      0.000119355066      0.625915872708
  258      5.761512766857      3.842960454939      0.622194481660
  258     -5.760988435397     -3.851564068802      0.613183599446
  258      5.771605853124     -3.836608233596      0.608571573058
  258     -5.746298027027      3.851799794019      0.613288314280
  258      5.767322665439      7.656337860008      0.606370023795
  258     -5.753573995930      7.671584234564      0.543327954059
    8     -0.005615660185     -0.002751241065     -0.645687375617
    8     -0.006959433470      3.830015572885     -0.650732494522
    8      0.005038767668     -3.833188893804     -0.650286891340
    8      0.004843456543     -7.663812833305     -0.646837833249
    8      3.841766848129      0.002882612497     -0.646374683969
    8     -3.843739914174     -0.004847470518     -0.633663801562
    8      3.830751009994      3.833524775480     -0.650291255853
    8     -3.840038408197     -3.838510073257     -0.654501093673
    8      3.842881413124     -3.830374598572     -0.651190168100
    8     -3.838398437581      3.835346186587     -0.652597054356
    8      3.830875939469      7.663946590877     -0.646746958536
    8     -3.823889588949     -7.665520304256     -0.700863930090
    8     -7.662940888253      0.004989844306     -0.634273289238
    8     -7.667246313485      3.838805572300     -0.654216080090
    8     -7.668658867543     -3.835465139488     -0.653095408663
    8      7.659851732750      7.665396806048     -0.700902367000
    8      1.914537885738      1.916066073537     -0.872436412997
    8     -1.921986071667     -1.921255803149     -0.858593259701
    8      1.921763967110     -1.916118446828     -0.872367756624
    8     -1.926553592344      1.912585329136     -0.869228970004
    8      1.913724484198      5.754657141126     -0.869115482461
    8     -1.917436847009     -5.744566938508     -0.822376616963
    8      1.922067352432     -5.754538878489     -0.869110649465
    8     -1.919023443606      5.753113752543     -0.861807949146
    8      5.757817509101      1.921363292498     -0.858874453791
    8     -5.754429894390     -1.919869860007     -0.852910644053
    8      5.762532803949     -1.912706156462     -0.868679706188
    8     -5.752821854117      1.919987458752     -0.853330238162
    8      5.753162807645      5.744826434217     -0.822629454033
    8     -5.755255642758     -5.745530221288     -0.870465578778
    8      5.754993014130     -5.753143699973     -0.861863201531
    8     -5.751767097582      5.745436545408     -0.870536816083
  258     -0.009269983057      1.913220951431     -2.119083621970
  258     -0.006926455024     -1.916707009628     -2.114965944337
  258     -0.006500402850      5.751448389687     -2.117675654913
  258     -0.000587057038     -5.748334988085     -2.113720211735
  258      3.842891550755      1.916697073261     -2.114779178844
  258     -3.839939454662     -1.920193381649     -2.105885748073
  258      3.845704058707     -1.913289869917     -2.118621949750
  258     -3.841136762167      1.916273471931     -2.110912043542
  258      3.836335218441      5.748325810097     -2.113720882700
  258     -3.833732789245     -5.749218206290     -2.118820348815
  258      3.842282076380     -5.751472516294     -2.117711430037
  258     -3.831029659477      5.754227540641     -2.122735397017
  258     -7.667227149855      1.920282872894     -2.105957054301
  258     -7.665949299206     -1.916193411747     -2.110855069911
  258      7.669524066898      5.749279409184     -2.118826373840
  258      7.666883143794     -5.754158317310     -2.122791267032
    8      1.916597884641      1.918133889778     -3.580186255846
    8     -1.915666742943     -1.919208185347     -3.575682656714
    8      1.918092898042     -1.918220062205     -3.580812711069
    8     -1.916151815527      1.917852258115     -3.579586928976
    8      1.919409534795      5.753416567320     -3.575598210585
    8     -1.914557961923     -5.753051593334     -3.562668862662
    8      1.916405749853     -5.753475876526     -3.575574872640
    8     -1.914961059029      5.754441538575     -3.578556649807
    8      5.751441789299      1.919182538540     -3.575850594762
    8     -5.753183577629     -1.918176370889     -3.572456512610
    8      5.751958445563     -1.917838414339     -3.579204577251
    8     -5.754078319338      1.918140177942     -3.572695411263
    8      5.750337153674      5.753060314115     -3.562745004251
    8     -5.751985310311     -5.753491965869     -3.580861558607
    8      5.750756471809     -5.754401867963     -3.578639131818
    8     -5.755257137089      5.753529489981     -3.580925090239
    8      0.000000000000      0.000000000000     -3.390356274875
    8      0.000000000000      3.835750260159     -3.390356274875
    8      0.000000000000     -3.835750260159     -3.390356274875
    8      0.000000000000      7.671500520300     -3.390356274875
    8      3.835750260161      0.000000000000     -3.390356274875
    8     -3.835750260161      0.000000000000     -3.390356274875
    8      3.835750260161      3.835750260159     -3.390356274875
    8     -3.835750260161     -3.835750260159     -3.390356274875
    8      3.835750260161     -3.835750260159     -3.390356274875
    8     -3.835750260161      3.835750260159     -3.390356274875
    8      3.835750260161      7.671500520300     -3.390356274875
    8     -3.835750260161      7.671500520300     -3.390356274875
    8      7.671500520300      0.000000000000     -3.390356274875
    8      7.671500520300      3.835750260159     -3.390356274875
    8      7.671500520300     -3.835750260159     -3.390356274875
    8      7.671500520300      7.671500520300     -3.390356274875
  258      1.917875130081      0.000000000000     -4.746498784825
  258     -1.917875130081      0.000000000000     -4.746498784825
  258      1.917875130081      3.835750260159     -4.746498784825
  258     -1.917875130081     -3.835750260159     -4.746498784825
  258      1.917875130081     -3.835750260159     -4.746498784825
  258     -1.917875130081      3.835750260159     -4.746498784825
  258      1.917875130081      7.671500520300     -4.746498784825
  258     -1.917875130081      7.671500520300     -4.746498784825
  258      5.753625390240      0.000000000000     -4.746498784825
  258     -5.753625390240      0.000000000000     -4.746498784825
  258      5.753625390240      3.835750260159     -4.746498784825
  258     -5.753625390240     -3.835750260159     -4.746498784825
  258      5.753625390240     -3.835750260159     -4.746498784825
  258     -5.753625390240      3.835750260159     -4.746498784825
  258      5.753625390240      7.671500520300     -4.746498784825
  258     -5.753625390240      7.671500520300     -4.746498784825
    8      0.000000000000      0.000000000000     -6.100000000000
    8      0.000000000000      3.835750260159     -6.100000000000
    8      0.000000000000     -3.835750260159     -6.100000000000
    8      0.000000000000      7.671500520300     -6.100000000000
    8      3.835750260161      0.000000000000     -6.100000000000
    8     -3.835750260161      0.000000000000     -6.100000000000
    8      3.835750260161      3.835750260159     -6.100000000000
    8     -3.835750260161     -3.835750260159     -6.100000000000
    8      3.835750260161     -3.835750260159     -6.100000000000
    8     -3.835750260161      3.835750260159     -6.100000000000
    8      3.835750260161      7.671500520300     -6.100000000000
    8     -3.835750260161      7.671500520300     -6.100000000000
    8      7.671500520300      0.000000000000     -6.100000000000
    8      7.671500520300      3.835750260159     -6.100000000000
    8      7.671500520300     -3.835750260159     -6.100000000000
    8      7.671500520300      7.671500520300     -6.100000000000
   14     -5.753939428282      7.672043594776      5.683006456143
    8     -7.081080830339      7.596659840695      4.708736297675
    8     -4.426902265258     -7.595044315370      4.708637527408
    8     -5.972561322819     -6.355789657976      6.652557287470
    8     -5.535409366134      6.356680855650      6.652281601592
    6     -4.904584767306     -5.579002869687      7.172975392331
    6     -6.603265256488      5.578244176857      7.170436723447
    6     -4.093069143371     -6.342347401278      8.210828071060
    6     -7.417262094350      6.339714506015      8.207700918879
    1     -3.261951388277     -5.729776939019      8.581063280328
    1      7.518870463411      7.262894701909      7.781318896318
    1     -6.787397672481      6.621959818371      9.058371687704
    1     -4.724677744052     -6.624731528615      9.060191374966
    1     -3.686462147646     -7.265521101824      7.784174092668
    1     -4.259652026658     -5.247644941472      6.343190636640
    1     -5.345371883185     -4.672648568431      7.608498964591
    1     -7.246483958272      5.246824447259      6.339319187293
    1     -6.162097018353      4.672065993570      7.605912885881
    1      7.094602340279      5.725920083675      8.575816195006
    6      5.420924426830      5.501402384534      5.908150341839
    6      5.545397332105      4.179869847512      6.656627795822
    1      4.925074688232      3.408129761349      6.189216305989
    1      4.372426330273      5.868273088205      6.022266675793
    1      6.060251726982      6.274458134408      6.359459459501
    1      6.574964019136      3.807043962708      6.635561503129
    1      5.243529319591      4.296555048825      7.704801978765
    6     -1.585938187615     -5.497562744085      5.908379294038
    6     -1.712862915665     -4.176105103642      6.656572373245
    1     -2.743120776385     -3.805139703509      6.635212239998
    1     -2.224238208099     -6.271557607020      6.359713711261
    1     -0.536894601683     -5.862690777655      6.022911904306
    1     -1.093837693325     -3.403361928628      6.189146665677
    1     -1.411118759344     -4.292052308624      7.704857135281
