   2   1   1 E -4.0948859613581E+04 DE 2.8E-06(  4)
  0.153430010406E+02  0.000000000000E+00  0.000000000000E+00
  0.000000000000E+00  0.153430010406E+02  0.000000000000E+00
  0.000000000000E+00  0.000000000000E+00  0.500000000000E+03
    1
  0.100000000000E+01  0.000000000000E+00  0.000000000000E+00
  0.000000000000E+00  0.100000000000E+01  0.000000000000E+00
  0.000000000000E+00  0.000000000000E+00  0.100000000000E+01
  0.000000000000E+00  0.000000000000E+00  0.000000000000E+00
  225
    8      1.743343007351      1.895467249724      4.332393458040
    8     -1.725799725642     -1.767354978992      4.340446626246
    8      2.100321443363     -1.887959610494      4.333785531073
    8     -2.100197596753      1.924487010942      4.331143300248
    8      1.968618129367      5.703508632894      4.338450676362
    8     -1.882924789667     -5.371230847118      4.520765095240
    8      1.866586452447     -5.696197227704      4.337928583116
    8     -1.852908849963      5.656295884889      4.324599787475
    8      5.568856666482      1.771687898152      4.338248266253
    8     -5.557393106705     -1.705901091108      4.339757153578
    8      5.943721604303     -1.919904700407      4.331891410570
    8     -5.942894187900      1.706794227789      4.337773143285
    8      5.718584692623      5.374142507434      4.520791391485
    8     -5.749194724121     -5.015041308471      4.130552792843
    8      5.688551259652     -5.650364941345      4.323894024950
    8     -5.758157810709      5.016111503336      4.131007552307
  258     -0.054104693914      1.903321059234      3.335044955927
  258      0.042358381498     -1.907094639910      3.336909619542
  258     -0.023372955790      5.732241160710      3.294870429227
  258      0.113090062131     -5.730013955112      3.251728143806
  258      3.794674972073      1.906794323422      3.337090399013
  258     -3.816411164478     -1.934328285077      3.340824417383
  258      3.891323361923     -1.903589471698      3.334208184211
  258     -3.895599914406      1.944300901058      3.342122626815
  258      3.722280475156      5.730162616195      3.251725570081
  258     -3.973730937852     -5.779816052933      3.308752992266
  258      3.859182793434     -5.731941826006      3.294479271998
  258     -3.812898663622      5.814747786203      3.362825437413
  258      7.653809313804      1.934042071663      3.340238431198
  258     -7.609938712166     -1.944693389467      3.341966401339
  258     -7.533635977651      5.779727309635      3.308497598381
  258      7.648867521310     -5.814393464207      3.362528195085
    8      1.904459126860      1.907119242062      1.758541974529
    8     -1.918936090487     -1.935363352309      1.778333731991
    8      1.930182354028     -1.907293455027      1.759414316779
    8     -1.915310628208      1.912664014546      1.763542154789
    8      1.902785779258      5.740142802911      1.762776946197
    8     -1.855893389935     -5.757488249355      1.877426864133
    8      1.933191028206     -5.740717165073      1.762614573028
    8     -1.873728357624      5.776347719106      1.778354596290
    8      5.754673366480      1.935592956809      1.778171862074
    8     -5.769370410549     -1.945626691502      1.782602641228
    8      5.751117561423     -1.912439552929      1.765377976987
    8     -5.736885778064      1.946238878319      1.781872186699
    8      5.692087450992      5.757698088369      1.877333839703
    8     -5.766379030309     -5.833278543098      1.771638715601
    8      5.709788729827     -5.776502602227      1.778317125115
    8     -5.740455000820      5.833395158459      1.771435410206
    8     -0.002206341688     -0.006620469940      2.198660775538
    8     -0.009631941382      3.824064060840      2.200402937335
    8      0.047225260614     -3.824754894986      2.177925706739
    8      0.042199188973     -7.670395714182      2.212744707073
    8      3.839672160937      0.006414271694      2.197928944979
    8     -3.840560231859     -0.003875808632      2.212638083518
    8      3.789575332827      3.824303616357      2.178623718956
    8     -3.828954429978     -3.850965776486      2.128399899731
    8      3.846042811592     -3.824786996706      2.199045969033
    8     -3.805034097540      3.863651125768      2.163335536731
    8      3.793874776217      7.670197777432      2.212928252131
    8     -3.791210440153     -7.661565414859      2.062502176745
    8     -7.663719311466      0.003673379868      2.211992413583
    8      7.666261599173      3.850271801705      2.128411074765
    8      7.642749344552     -3.864304719419      2.161982729242
    8      7.627246018121      7.661685265425      2.062344322012
  258      1.917402380725      0.000235094277      0.597108744169
  258     -1.926790491177     -0.005563573869      0.612740981345
  258      1.903879406797      3.806515735777      0.578811135786
  258     -1.925978477407     -3.842788734366      0.621980302583
  258      1.931641657742     -3.806657920949      0.578751573313
  258     -1.935652717106      3.836883013186      0.608221189104
  258      1.917878058103      7.671434253835      0.572194939032
  258     -1.931353876134     -7.656240607124      0.606648162732
  258      5.761811370728      0.006418193247      0.614022279167
  258     -5.753967050952      0.000418888787      0.625519470840
  258      5.761621580331      3.842880810753      0.622420283691
  258     -5.761041624198     -3.851647588201      0.613118242903
  258      5.771525264393     -3.836529097999      0.608646542471
  258     -5.746110624245      3.851896930561      0.613219376791
  258      5.767368896767      7.656159950022      0.606293637218
  258     -5.753513322366      7.671551959104      0.543404064668
    8     -0.006040463571     -0.002813683043     -0.646674100194
    8     -0.006957007916      3.830875063806     -0.651183866714
    8      0.005007436902     -3.833160004301     -0.650529264267
    8      0.004888089263     -7.663709762799     -0.646817408360
    8      3.841309781697      0.003570726295     -0.646025427006
    8     -3.844640995376     -0.004123815108     -0.634758754410
    8      3.830720150184      3.833351623165     -0.649991519930
    8     -3.840166945711     -3.838542709441     -0.654755869796
    8      3.842895252799     -3.830278178486     -0.651281868520
    8     -3.838395604356      3.835417761164     -0.652860666015
    8      3.830858159453      7.663914630319     -0.646770082052
    8     -3.823770166641     -7.665524376904     -0.700754455451
    8     -7.663817296076      0.005584908453     -0.634101379848
    8     -7.667245284828      3.838841798844     -0.654195601803
    8     -7.668787186962     -3.835513117431     -0.653239545578
    8      7.659899202969      7.665223617940     -0.700887923312
    8      1.914419848117      1.915988045951     -0.872560939307
    8     -1.921956754908     -1.921407786737     -0.858452655957
    8      1.921783197597     -1.916171224388     -0.872387949924
    8     -1.926526413805      1.912407821419     -0.869263568708
    8      1.913664217347      5.754446499354     -0.869174122756
    8     -1.917480974765     -5.744449162086     -0.822445016941
    8      1.922110674753     -5.754563670074     -0.869203957376
    8     -1.918995301620      5.752913123198     -0.861851061330
    8      5.757774337551      1.921263453854     -0.858983247890
    8     -5.754558337390     -1.920008446511     -0.852814243801
    8      5.762531621985     -1.912767409290     -0.868490252133
    8     -5.752800040844      1.919936889044     -0.853430268444
    8      5.753080240873      5.744700254943     -0.822615191341
    8     -5.755248253909     -5.745567273482     -0.870416152431
    8      5.755019525909     -5.753367299530     -0.861904097112
    8     -5.751635624160      5.745389709079     -0.870632236808
  258     -0.009328418531      1.913163034600     -2.119156244864
  258     -0.006945201008     -1.916754458108     -2.114886005201
  258     -0.006498362746      5.751477423944     -2.117736354813
  258     -0.000571317671     -5.748241474562     -2.113744431242
  258      3.842859222078      1.916598020570     -2.114771593187
  258     -3.839980270676     -1.920287330989     -2.105887180116
  258      3.845695289190     -1.913319625726     -2.118640130543
  258     -3.841169907900      1.916292301871     -2.110930295774
  258      3.836333126891      5.748188967258     -2.113696493767
  258     -3.833722585383     -5.749156174667     -2.118851819690
  258      3.842319955056     -5.751552362829     -2.117746978168
  258     -3.831014622905      5.754245551048     -2.122774667423
  258     -7.667198633337      1.920230385180     -2.105943574488
  258     -7.665971123611     -1.916240525847     -2.110840142350
  258      7.669574594798      5.749232181645     -2.118827306635
  258      7.666885372111     -5.754188894706     -2.122781105965
    8      1.916601576231      1.918122147885     -3.580265272948
    8     -1.915658872535     -1.919218489388     -3.575636276463
    8      1.918081281748     -1.918226526826     -3.580768270701
    8     -1.916161907765      1.917847976856     -3.579585581388
    8      1.919383887009      5.753428117119     -3.575669223076
    8     -1.914559753650     -5.753051676348     -3.562683908791
    8      1.916332890937     -5.753466689701     -3.575578546108
    8     -1.914934576363      5.754452376518     -3.578570019361
    8      5.751454959982      1.919154026721     -3.575926755057
    8     -5.753141110598     -1.918170752415     -3.572364736674
    8      5.751962809097     -1.917866085558     -3.579064865513
    8     -5.754055894210      1.918142759133     -3.572735914323
    8      5.750334438419      5.753054358958     -3.562741817957
    8     -5.751983967902     -5.753475680018     -3.580837634619
    8      5.750776700874     -5.754390630069     -3.578682556021
    8     -5.755241509521      5.753524081439     -3.580957313545
    8      0.000000000000      0.000000000000     -3.390356274875
    8      0.000000000000      3.835750260159     -3.390356274875
    8      0.000000000000     -3.835750260159     -3.390356274875
    8      0.000000000000      7.671500520300     -3.390356274875
    8      3.835750260161      0.000000000000     -3.390356274875
    8     -3.835750260161      0.000000000000     -3.390356274875
    8      3.835750260161      3.835750260159     -3.390356274875
    8     -3.835750260161     -3.835750260159     -3.390356274875
    8      3.835750260161     -3.835750260159     -3.390356274875
    8     -3.835750260161      3.835750260159     -3.390356274875
    8      3.835750260161      7.671500520300     -3.390356274875
    8     -3.835750260161      7.671500520300     -3.390356274875
    8      7.671500520300      0.000000000000     -3.390356274875
    8      7.671500520300      3.835750260159     -3.390356274875
    8      7.671500520300     -3.835750260159     -3.390356274875
    8      7.671500520300      7.671500520300     -3.390356274875
  258      1.917875130081      0.000000000000     -4.746498784825
  258     -1.917875130081      0.000000000000     -4.746498784825
  258      1.917875130081      3.835750260159     -4.746498784825
  258     -1.917875130081     -3.835750260159     -4.746498784825
  258      1.917875130081     -3.835750260159     -4.746498784825
  258     -1.917875130081      3.835750260159     -4.746498784825
  258      1.917875130081      7.671500520300     -4.746498784825
  258     -1.917875130081      7.671500520300     -4.746498784825
  258      5.753625390240      0.000000000000     -4.746498784825
  258     -5.753625390240      0.000000000000     -4.746498784825
  258      5.753625390240      3.835750260159     -4.746498784825
  258     -5.753625390240     -3.835750260159     -4.746498784825
  258      5.753625390240     -3.835750260159     -4.746498784825
  258     -5.753625390240      3.835750260159     -4.746498784825
  258      5.753625390240      7.671500520300     -4.746498784825
  258     -5.753625390240      7.671500520300     -4.746498784825
    8      0.000000000000      0.000000000000     -6.100000000000
    8      0.000000000000      3.835750260159     -6.100000000000
    8      0.000000000000     -3.835750260159     -6.100000000000
    8      0.000000000000      7.671500520300     -6.100000000000
    8      3.835750260161      0.000000000000     -6.100000000000
    8     -3.835750260161      0.000000000000     -6.100000000000
    8      3.835750260161      3.835750260159     -6.100000000000
    8     -3.835750260161     -3.835750260159     -6.100000000000
    8      3.835750260161     -3.835750260159     -6.100000000000
    8     -3.835750260161      3.835750260159     -6.100000000000
    8      3.835750260161      7.671500520300     -6.100000000000
    8     -3.835750260161      7.671500520300     -6.100000000000
    8      7.671500520300      0.000000000000     -6.100000000000
    8      7.671500520300      3.835750260159     -6.100000000000
    8      7.671500520300     -3.835750260159     -6.100000000000
    8      7.671500520300      7.671500520300     -6.100000000000
   14     -5.754705224602      7.671670292971      5.683017261468
    8     -7.081766553534      7.596312099960      4.708726033005
    8     -4.427729611356     -7.596201251030      4.708577122362
    8     -5.972430180638     -6.355716558689      6.652184901186
    8     -5.537176473703      6.356609726405      6.652934246281
    6     -4.903774693447     -5.577951059524      7.169735393870
    6     -6.605560166915      5.579251583141      7.171598943386
    6     -4.089380810192     -6.340067746819      8.206128494305
    6     -7.421277681901      6.343182678853      8.205631500214
    1     -3.257886476225     -5.726654817881      8.574002957452
    1      7.515070737026      7.264952780746      7.776034113810
    1     -6.792845063654      6.628100719646      9.056448925379
    1     -4.718756259529     -6.622536207969      9.057065940230
    1     -3.683011814860     -7.263107051427      7.778996462663
    1     -4.260983802704     -5.246577099691      6.338279255104
    1     -5.344188535323     -4.671670937006      7.605727160377
    1     -7.247550926831      5.245168971957      6.340520672752
    1     -6.164652752969      4.674451386459      7.610157877043
    1      7.090336896158      5.730052049153      8.574190529325
    6      5.418553792604      5.502044461639      5.907329995519
    6      5.543920728444      4.180927681275      6.656285377826
    1      4.925977540147      3.408017493656      6.187674161651
    1      4.369280575624      5.867305463247      6.019951920345
    1      6.056009122387      6.276131138253      6.359342200503
    1      6.574188768455      3.810031761820      6.637407399128
    1      5.239514529356      4.297157983750      7.703767890941
    6     -1.583772189741     -5.497681253341      5.907716326996
    6     -1.710173297833     -4.175886666181      6.655319932725
    1     -2.740609368506     -3.805433733192      6.635430904670
    1     -2.221227152419     -6.271635156269      6.360073401675
    1     -0.534454026994     -5.862372984034      6.021295603602
    1     -1.092252301405     -3.403150166832      6.186453675657
    1     -1.406663024200     -4.291076527485      7.703164844584
