   2   1   1 E -4.0955947921712E+04 DE-9.7E-08( 13)
  0.153430010406E+02  0.000000000000E+00  0.000000000000E+00
  0.000000000000E+00  0.153430010406E+02  0.000000000000E+00
  0.000000000000E+00  0.000000000000E+00  0.500000000000E+03
    1
  0.100000000000E+01  0.000000000000E+00  0.000000000000E+00
  0.000000000000E+00  0.100000000000E+01  0.000000000000E+00
  0.000000000000E+00  0.000000000000E+00  0.100000000000E+01
  0.000000000000E+00  0.000000000000E+00  0.000000000000E+00
  225
    8      1.738557576009      2.651432120369      3.951589935133
    8     28.874644514717     29.715216320530      3.857731101727
    8      1.923499705931     -1.250039507678      3.972231029387
    8     -1.944074300265      2.288809878080      4.064769555973
    8      2.134857836728      6.357677748403      4.015099802213
    8     28.681340323754     24.021139657892      3.908407848005
    8      1.805279592213     -5.348645136753      4.061948548682
    8     -1.666301964875      5.506515847558      4.105553344386
    8      5.404765671918      2.647837111034      4.001721582717
    8     -5.147316241791     -2.282909895980      4.672935618227
    8      5.706448722169     -1.119732656417      3.919813896687
    8     -6.907346719773      0.478122708187      4.070812636672
    8      5.855268322285      6.230165448588      4.070057805073
    8     -5.285382373853     -4.940047920854      4.392086505371
    8      5.718453721962     -5.596885376457      4.107486763337
    8     -4.593543917272      4.018597490991      3.949501824572
  258      0.018183655754      1.939011560459      3.052739631317
  258      0.030106144737     -1.868430153744      3.017518773076
  258      0.047893150186      5.751332599709      3.053642290999
  258      0.005680649489     -5.734877754570      3.042034167040
  258      3.770262677723      1.955903370041      3.054614376545
  258     -3.602042429283     -1.911912511322      3.061015278315
  258      3.780168883121     -1.839554198967      3.022826264830
  258     -3.693163287069      2.041649094570      3.066893643283
  258      3.810271883282      5.738548966106      3.065746251324
  258     -3.650170595722     -5.754278891812      3.055568738660
  258      3.784732839579     -5.784143635384      3.046388566195
  258     -3.668702531445      5.657801663242      3.092485012678
  258      7.506140870456      1.873439866302      3.069216082267
  258      7.549903302252     -1.750572910633      3.062676340451
  258      7.536529493245      5.833571633559      3.036068205719
  258      7.562803465783     -5.759623266213      3.088936418772
    8      1.926361116642      1.868252077264      1.569399837034
    8     -1.833660889709     -1.964240083199      1.561352359241
    8      1.955274118695     -1.964332894021      1.575615501965
    8     -1.877971028930      1.892768916033      1.601279324968
    8      1.908949658901      5.700160719816      1.590194127672
    8     -1.835805381703     -5.695693444998      1.573295727581
    8      1.965116843350     -5.804676214713      1.597259541304
    8     -1.861191728484      5.788920423177      1.618599454950
    8      5.691684686936      1.861872981403      1.606974480778
    8     -5.802305920399     -1.859179224590      1.889664410073
    8      5.706043000089     -1.973920106375      1.609412613754
    8     -5.725469985298      1.968826141516      1.857233167756
    8      5.710417598608      5.711367085367      1.611295032838
    8     -5.820954621284     -5.753062509782      1.780091091263
    8      5.701473501427     -5.758540381260      1.621671651494
    8     -5.776045625525      5.748408166987      1.857764286680
    8      0.055430468473     -0.011710624496      1.864758428083
    8     -0.004593672593      3.826900673601      1.891880476074
    8      0.094236907586     -3.837133720585      1.905108557591
    8      0.054402715504      7.681238604273      1.930996702911
    8      3.802638659295     -0.017116957832      1.885989827973
    8     -3.810880807390      0.003092810463      1.940469917141
    8      3.791256343567      3.822776938955      1.880442765051
    8     -3.853144288197     -3.805804463317      1.828495523615
    8      3.821014506035     -3.857629449883      2.061028751917
    8     -3.680427870540      3.847982386793      1.691064825363
    8      3.840103271980      7.650909625344      1.938739452601
    8     -3.835950157492      7.656892505659      1.910471288006
    8      7.566354170125      0.001213727118      1.716393156022
    8      7.637936346140      3.840580302834      1.975573188472
    8      7.624597349452     -3.809396903458      2.000951120691
    8      7.529921975471      7.678779829794      1.799415021913
  258      1.912443586809      0.000799072269      0.405214387664
  258     -1.901648368273      0.018919311062      0.429767692602
  258      1.917954208060      3.821246026724      0.422228005777
  258     -1.901150812556     -3.832739131960      0.400352320484
  258      1.915174987684     -3.850961771424      0.429056897682
  258     -1.881457330544      3.843862200383      0.396732781093
  258      1.912942994279      7.648996585189      0.430463104800
  258     -1.907329530390      7.664422201547      0.443606020347
  258      5.724454658007     -0.000228754168      0.395729686075
  258     -5.741668576292      0.023606779419      0.531487888723
  258      5.734195051531      3.819649237703      0.444980502271
  258     -5.756498431911     -3.817342820609      0.548480806986
  258      5.751404395278     -3.839327078498      0.453831568137
  258     -5.748624373347      3.846564318250      0.529163361465
  258      5.729311002504      7.672160404378      0.414630357163
  258     -5.750157431481      7.677322174986      0.537574843078
    8     -0.007302324940      0.001284873642     -0.798439655232
    8      0.017196403201      3.837840134329     -0.808381248695
    8      0.005793169122     -3.840965421142     -0.790306733493
    8     -0.001396138750      7.665504005057     -0.771366003690
    8      3.825238544648     -0.004427318408     -0.809032631376
    8     -3.845752923826      0.009511181543     -0.751069054352
    8      3.839909379362      3.831332245553     -0.790160882509
    8     -3.852053378322     -3.832388931378     -0.786203147478
    8      3.838470265846     -3.842840729307     -0.741891038350
    8     -3.856214168670      3.840592104727     -0.833621854483
    8      3.824097118827      7.671740316827     -0.782982094953
    8     -3.847001599102      7.674609744088     -0.752868253581
    8      7.692632219703      0.004117848596     -0.823586291796
    8      7.682229648544      3.836987691205     -0.739313540120
    8      7.683692936376     -3.834235372791     -0.731257807509
    8      7.684932264400      7.671545890307     -0.793361751778
    8      1.917226269021      1.913149607768     -0.986624604431
    8     -1.924486836210     -1.908293231965     -0.978703832293
    8      1.914296804549     -1.932021451200     -0.979996741844
    8     -1.915623445318      1.916379895556     -0.969312012672
    8      1.921772174519      5.753093185647     -0.973197240021
    8     -1.922715083635     -5.764187217248     -0.972429193138
    8      1.912980376306     -5.762699884545     -0.967950471469
    8     -1.916103238367      5.766677772528     -0.961432607917
    8      5.755185647336      1.920054516651     -0.966077310875
    8     -5.747370936726     -1.907830511121     -0.817415204163
    8      5.754948671549     -1.930316070693     -0.963453907091
    8     -5.754606953646      1.924245678447     -0.830446020965
    8      5.753677746178      5.747682792059     -0.957497822071
    8     -5.749872505234     -5.748741202386     -0.854813272151
    8      5.755255710139     -5.753209293450     -0.957056291597
    8     -5.755502300773      5.757961065324     -0.830385411616
  258     -0.000710548083      1.915989928092     -2.189477028397
  258     -0.002248356124     -1.918153753325     -2.183296076015
  258      0.001254074811      5.756394733961     -2.183602315237
  258     -0.002590282033     -5.758417411724     -2.178921622972
  258      3.837136260178      1.920201496202     -2.186710487909
  258     -3.851986765275     -1.915625203526     -2.147087401401
  258      3.836200663018     -1.924176833191     -2.179753956445
  258     -3.849695266260      1.925843891261     -2.151070862091
  258      3.838993803065      5.747941110289     -2.178240076944
  258     -3.853641188270     -5.752582251998     -2.146329547123
  258      3.836165800813     -5.754933834793     -2.175540534798
  258     -3.850895241597      5.755093937675     -2.148335519669
  258      7.687316987384      1.917813731890     -2.148615428690
  258      7.688405156717     -1.914209482642     -2.143113670402
  258      7.684017565352      5.754685290621     -2.142998247171
  258      7.689380363483     -5.753678371832     -2.143311119252
    8      1.918476449492      1.918393016085     -3.629892829520
    8     -1.918986471734     -1.917926237237     -3.620717457597
    8      1.919747681991     -1.918671578503     -3.624856019925
    8     -1.918280432099      1.918604844296     -3.620096555411
    8      1.918250851131      5.754070051245     -3.622203934082
    8     -1.915498272925     -5.754000892423     -3.619487254035
    8      1.920032121443     -5.753980298732     -3.618354000278
    8     -1.916247939361      5.753537769244     -3.615530475629
    8      5.753865421265      1.918457752259     -3.618694978238
    8     -5.754563540253     -1.917311092041     -3.572529148321
    8      5.753149937568     -1.918386897599     -3.614368981903
    8     -5.754176610387      1.918363601056     -3.579601408902
    8      5.754019121880      5.753561650728     -3.612873360273
    8     -5.756093475519     -5.753491372939     -3.585771501915
    8      5.750785401375     -5.753625586883     -3.611562194749
    8     -5.755850371376      5.753312740063     -3.576614721826
    8      0.000000000000      0.000000000000     -3.390356274875
    8      0.000000000000      3.835750260159     -3.390356274875
    8      0.000000000000     -3.835750260159     -3.390356274875
    8      0.000000000000      7.671500520300     -3.390356274875
    8      3.835750260161      0.000000000000     -3.390356274875
    8     -3.835750260161      0.000000000000     -3.390356274875
    8      3.835750260161      3.835750260159     -3.390356274875
    8     -3.835750260161     -3.835750260159     -3.390356274875
    8      3.835750260161     -3.835750260159     -3.390356274875
    8     -3.835750260161      3.835750260159     -3.390356274875
    8      3.835750260161      7.671500520300     -3.390356274875
    8     -3.835750260161      7.671500520300     -3.390356274875
    8      7.671500520300      0.000000000000     -3.390356274875
    8      7.671500520300      3.835750260159     -3.390356274875
    8      7.671500520300     -3.835750260159     -3.390356274875
    8      7.671500520300      7.671500520300     -3.390356274875
  258      1.917875130081      0.000000000000     -4.746498784825
  258     -1.917875130081      0.000000000000     -4.746498784825
  258      1.917875130081      3.835750260159     -4.746498784825
  258     -1.917875130081     -3.835750260159     -4.746498784825
  258      1.917875130081     -3.835750260159     -4.746498784825
  258     -1.917875130081      3.835750260159     -4.746498784825
  258      1.917875130081      7.671500520300     -4.746498784825
  258     -1.917875130081      7.671500520300     -4.746498784825
  258      5.753625390240      0.000000000000     -4.746498784825
  258     -5.753625390240      0.000000000000     -4.746498784825
  258      5.753625390240      3.835750260159     -4.746498784825
  258     -5.753625390240     -3.835750260159     -4.746498784825
  258      5.753625390240     -3.835750260159     -4.746498784825
  258     -5.753625390240      3.835750260159     -4.746498784825
  258      5.753625390240      7.671500520300     -4.746498784825
  258     -5.753625390240      7.671500520300     -4.746498784825
    8      0.000000000000      0.000000000000     -6.100000000000
    8      0.000000000000      3.835750260159     -6.100000000000
    8      0.000000000000     -3.835750260159     -6.100000000000
    8      0.000000000000      7.671500520300     -6.100000000000
    8      3.835750260161      0.000000000000     -6.100000000000
    8     -3.835750260161      0.000000000000     -6.100000000000
    8      3.835750260161      3.835750260159     -6.100000000000
    8     -3.835750260161     -3.835750260159     -6.100000000000
    8      3.835750260161     -3.835750260159     -6.100000000000
    8     -3.835750260161      3.835750260159     -6.100000000000
    8      3.835750260161      7.671500520300     -6.100000000000
    8     -3.835750260161      7.671500520300     -6.100000000000
    8      7.671500520300      0.000000000000     -6.100000000000
    8      7.671500520300      3.835750260159     -6.100000000000
    8      7.671500520300     -3.835750260159     -6.100000000000
    8      7.671500520300      7.671500520300     -6.100000000000
    1     23.484689808988     21.533612804050      5.949432919151
    6     22.187342459728     27.309801188289      5.839233348596
    6     22.402774194656     28.634019315322      6.551915668323
    1     21.541482101759     28.837985021757      7.198065669664
    1     23.300528201303     28.599878115584      7.170821455354
    1     22.486023685208     29.467110801696      5.849667628414
    1     22.165127766197     26.460368238549      6.528311105155
    1     21.262534171385     27.304094221320      5.254664661836
    1     24.722687292444     23.782058174987      5.806423040436
    6     24.575372205442     21.598843079293      5.822760554079
    1     24.916150402890     20.744977760067      5.215412053613
    1     25.042456242310     21.500622083115      6.807046791760
   14     24.924635889728     27.024683266403      5.226406422534
    8     23.236577911819     27.060363952500      4.853903504109
    8     25.056899336894     26.827922919778      6.847660159583
    8     28.594948465044     26.859406165894      3.822016032417
    6     28.642394279397     26.827539061672      5.241928103730
    6     25.750713413272     27.758991562442      7.687783717494
    6     29.991658575971     27.286047242825      5.788474727571
    6     25.203587814500     27.659702555541      9.099196445971
    1     30.091799149488     27.056790597467      6.854667471099
    1     25.743021649362     28.346495060013      9.762964656237
    1     24.139918325304     27.918308735444      9.125219059091
    1     25.315174070436     26.642708693276      9.487124768408
    1     26.826544887011     27.519758757245      7.671964454542
    1     25.641116926587     28.778196206321      7.288718042376
    1     27.846400935987     27.472778545033      5.658047085046
    1     28.433820456969     25.796208374526      5.573396580287
    1     30.100223758516     28.373179386594      5.684297521999
    1     30.835437656534     26.788790335969      5.279559712107
    8     24.193402464649     23.039865709773      3.943064629833
    6     24.906783712533     22.924831934945      5.140361160231
    1     26.014550597160     22.976034060803      4.943942063455
    0    0
