   2   1   1 E -4.0955954937765E+04 DE 2.2E-09( 14)
  0.153430010406E+02  0.000000000000E+00  0.000000000000E+00
  0.000000000000E+00  0.153430010406E+02  0.000000000000E+00
  0.000000000000E+00  0.000000000000E+00  0.500000000000E+03
    1
  0.100000000000E+01  0.000000000000E+00  0.000000000000E+00
  0.000000000000E+00  0.100000000000E+01  0.000000000000E+00
  0.000000000000E+00  0.000000000000E+00  0.100000000000E+01
  0.000000000000E+00  0.000000000000E+00  0.000000000000E+00
  225
    8      1.851427099535      2.650631026070      3.936656529252
    8     28.775797880985     29.758357315844      3.847650500017
    8      1.748149815924     -1.172879673688      3.954443660220
    8     -1.829973094401      2.316636316054      4.056028685371
    8      2.106711346523      6.387889826009      3.999612966214
    8     28.690878750286     24.043445493932      3.915395510427
    8      1.811399147443     -5.294104064692      4.049773903133
    8     -1.675548879966      5.556268362614      4.113148810491
    8      5.544857735117      2.533629342355      3.996567297191
    8     -5.157741210365     -2.299818456464      4.676418757438
    8      5.470750486973     -1.272389224358      3.998971742376
    8     -7.262980354090      0.125712721073      4.073033281000
    8      5.822486738748      6.162031065395      4.087747917750
    8     -5.295303786837     -4.958216951764      4.393505327777
    8      5.708574809236     -5.644790853101      4.108556622459
    8     -4.476466346072      3.954752868252      3.990198958669
  258      0.060237803439      1.926018179773      3.046316308000
  258      0.015898036696     -1.861515912158      3.022202738893
  258      0.051594938344      5.755320312478      3.052741687324
  258      0.009961072130     -5.728151107341      3.041207904388
  258      3.780939430481      1.944047442223      3.045736185436
  258     -3.609821830554     -1.901320973547      3.063906249583
  258      3.757090907043     -1.850552777162      3.032629786590
  258     -3.625853620118      2.042529390254      3.066175039010
  258      3.795877552927      5.747649017554      3.059525740466
  258     -3.645106521506     -5.746348431680      3.058790464913
  258      3.784775883374     -5.777963466376      3.042561872773
  258     -3.648381809635      5.651204981443      3.094718890164
  258      7.469597140248      1.853590745706      3.048046377508
  258      7.522583417771     -1.736902199259      3.086204675020
  258      7.512976309669      5.834078258459      3.036412232573
  258      7.562119615175     -5.755605012284      3.090851097952
    8      1.930794202535      1.866799143800      1.561715658606
    8     -1.838022985076     -1.961118291631      1.552423025843
    8      1.953585831813     -1.968844839081      1.571889098491
    8     -1.861205242632      1.899958599192      1.598997019992
    8      1.919360691392      5.696730669328      1.585007875232
    8     -1.839527615938     -5.699667960772      1.571917915541
    8      1.959754656535     -5.812857074261      1.598176762113
    8     -1.856816939402      5.777090382776      1.620028105376
    8      5.689480987709      1.867170391622      1.594602511123
    8     -5.809014616519     -1.846150488218      1.886716728670
    8      5.719117481722     -1.948791448049      1.615534138371
    8     -5.753038830312      1.949525444041      1.965117225205
    8      5.707235676087      5.718874129066      1.608878700982
    8     -5.823447566966     -5.765239376380      1.784112692129
    8      5.707931493985     -5.752671558423      1.619948574717
    8     -5.776523466864      5.725654205791      1.897768183109
    8      0.039943729433     -0.001646711297      1.839936498712
    8      0.015204456374      3.823317311262      1.901728069746
    8      0.089539907609     -3.846715633590      1.891621593831
    8      0.050296182899      7.676810812984      1.928984158592
    8      3.798646532892     -0.007332118632      1.885979706529
    8     -3.814897368175      0.027223333745      1.918598545033
    8      3.811656741382      3.818354656085      1.900128974668
    8     -3.859296789481     -3.812906477073      1.826811116531
    8      3.826933578928     -3.864596483724      2.037936974814
    8     -3.681947417109      3.835902432693      1.685529662485
    8      3.843043365257      7.654008028738      1.935330554240
    8     -3.834544224171      7.649442830756      1.923030857386
    8      7.552908511919      0.029996123328      1.675133014623
    8      7.621240465431      3.826804020304      1.987412858798
    8      7.629905855254     -3.814909735837      1.994371526971
    8      7.527269793236      7.672140750624      1.798351240279
  258      1.910358514526     -0.006641249471      0.401917055752
  258     -1.899345432767      0.016317878413      0.426282741568
  258      1.921282665879      3.821016840895      0.418874554767
  258     -1.901316693260     -3.830750622157      0.402748409750
  258      1.913416139581     -3.852162911333      0.427733601034
  258     -1.873014741782      3.843407200259      0.391480249783
  258      1.911955464318      7.651914398379      0.426324085054
  258     -1.905816860621      7.665854885112      0.444608336597
  258      5.717938154629     -0.008107142468      0.381979878637
  258     -5.740647968926      0.018531856081      0.539019149536
  258      5.731753964727      3.825340344713      0.436552394807
  258     -5.758987826664     -3.811055795567      0.557123533050
  258      5.753074778071     -3.829053097829      0.460479428262
  258     -5.748936217185      3.838255139472      0.548750251283
  258      5.729241143327      7.679571601664      0.411795420616
  258     -5.749523838866      7.674944682806      0.546462196036
    8     -0.005587188680      0.001633758399     -0.807730517010
    8      0.021408318294      3.839192307447     -0.805943469227
    8      0.003810640166     -3.842742651740     -0.795981228989
    8     -0.002635422981      7.664894790828     -0.771306837771
    8      3.819303255536     -0.005956158592     -0.814933059494
    8     -3.846858710612      0.011081139276     -0.760611423209
    8      3.838762444924      3.834438293813     -0.785733567050
    8     -3.852733336879     -3.832417183770     -0.787041421814
    8      3.839708607836     -3.841916275895     -0.745850347051
    8     -3.857869178530      3.840840212184     -0.830784036606
    8      3.824340396341      7.671554425687     -0.784794885216
    8     -3.848901962152      7.670555322855     -0.746286807619
    8      7.693188321496      0.003620956113     -0.841855257902
    8      7.685922007757      3.837873194477     -0.730587436863
    8      7.684889247405     -3.832725647317     -0.732030651556
    8      7.688027321138      7.669673922104     -0.792378224159
    8      1.917893073251      1.915577301550     -0.989738558192
    8     -1.924048399345     -1.908070556673     -0.983399254900
    8      1.913011159487     -1.933815077267     -0.982651522137
    8     -1.914694740839      1.920842525992     -0.970706752393
    8      1.921374065606      5.753183484847     -0.975894910725
    8     -1.923764826627     -5.769299394776     -0.972251725443
    8      1.913331496519     -5.764933586322     -0.968157730407
    8     -1.914983681543      5.765559813334     -0.960592881731
    8      5.753341662400      1.925630352710     -0.972372624121
    8     -5.746697555974     -1.907529769668     -0.816808676479
    8      5.752049583661     -1.931785972719     -0.965949522373
    8     -5.753285267751      1.930588379631     -0.789328634366
    8      5.754811294533      5.747646302245     -0.959904002051
    8     -5.749760901981     -5.753226483668     -0.850433303758
    8      5.756500406230     -5.751271597744     -0.956632519909
    8     -5.755332985557      5.750890430457     -0.807924666692
  258      0.000322405246      1.914068238207     -2.191398057255
  258     -0.003653558080     -1.919581109952     -2.185097327942
  258      0.001518637829      5.757616237858     -2.185669685706
  258     -0.004204664200     -5.757173344923     -2.179382738420
  258      3.835841027043      1.919432135156     -2.190112482936
  258     -3.852794307302     -1.916238197978     -2.146256171322
  258      3.834253089381     -1.927641239001     -2.183125014386
  258     -3.849975449624      1.925155921889     -2.147149349058
  258      3.839048225628      5.750896854641     -2.180691965092
  258     -3.855734700829     -5.751491605477     -2.142893338106
  258      3.837825605262     -5.752239840491     -2.175056637439
  258     -3.852715597860      5.754059450892     -2.143480689020
  258      7.688661592044      1.916466210133     -2.145417590581
  258      7.690696386960     -1.914783199321     -2.144568097229
  258      7.687060401950      5.755492805775     -2.139931324900
  258      7.690985789401     -5.751765595841     -2.140241706878
    8      1.918854034187      1.918622796323     -3.631671262760
    8     -1.918486291514     -1.917835961203     -3.623776348140
    8      1.920281114798     -1.919023738525     -3.627612149543
    8     -1.919441136638      1.918987263606     -3.619199137026
    8      1.918412967739      5.754236993298     -3.623399309296
    8     -1.915034490801     -5.754233899225     -3.619164476372
    8      1.920176015020     -5.753898321123     -3.618871060069
    8     -1.916561584376      5.753090010862     -3.614111179243
    8      5.754991449436      1.918642044693     -3.619373616124
    8     -5.754803771034     -1.916621672375     -3.575584949860
    8      5.752412481667     -1.918589046796     -3.616492163440
    8     -5.754287709914      1.918911054239     -3.567038491067
    8      5.754360099578      5.753393340192     -3.612500373684
    8     -5.756138481766     -5.753862439991     -3.585578549017
    8      5.750286941626     -5.753823086098     -3.610985574666
    8     -5.755835954101      5.752477316513     -3.570115774313
    8      0.000000000000      0.000000000000     -3.390356274875
    8      0.000000000000      3.835750260159     -3.390356274875
    8      0.000000000000     -3.835750260159     -3.390356274875
    8      0.000000000000      7.671500520300     -3.390356274875
    8      3.835750260161      0.000000000000     -3.390356274875
    8     -3.835750260161      0.000000000000     -3.390356274875
    8      3.835750260161      3.835750260159     -3.390356274875
    8     -3.835750260161     -3.835750260159     -3.390356274875
    8      3.835750260161     -3.835750260159     -3.390356274875
    8     -3.835750260161      3.835750260159     -3.390356274875
    8      3.835750260161      7.671500520300     -3.390356274875
    8     -3.835750260161      7.671500520300     -3.390356274875
    8      7.671500520300      0.000000000000     -3.390356274875
    8      7.671500520300      3.835750260159     -3.390356274875
    8      7.671500520300     -3.835750260159     -3.390356274875
    8      7.671500520300      7.671500520300     -3.390356274875
  258      1.917875130081      0.000000000000     -4.746498784825
  258     -1.917875130081      0.000000000000     -4.746498784825
  258      1.917875130081      3.835750260159     -4.746498784825
  258     -1.917875130081     -3.835750260159     -4.746498784825
  258      1.917875130081     -3.835750260159     -4.746498784825
  258     -1.917875130081      3.835750260159     -4.746498784825
  258      1.917875130081      7.671500520300     -4.746498784825
  258     -1.917875130081      7.671500520300     -4.746498784825
  258      5.753625390240      0.000000000000     -4.746498784825
  258     -5.753625390240      0.000000000000     -4.746498784825
  258      5.753625390240      3.835750260159     -4.746498784825
  258     -5.753625390240     -3.835750260159     -4.746498784825
  258      5.753625390240     -3.835750260159     -4.746498784825
  258     -5.753625390240      3.835750260159     -4.746498784825
  258      5.753625390240      7.671500520300     -4.746498784825
  258     -5.753625390240      7.671500520300     -4.746498784825
    8      0.000000000000      0.000000000000     -6.100000000000
    8      0.000000000000      3.835750260159     -6.100000000000
    8      0.000000000000     -3.835750260159     -6.100000000000
    8      0.000000000000      7.671500520300     -6.100000000000
    8      3.835750260161      0.000000000000     -6.100000000000
    8     -3.835750260161      0.000000000000     -6.100000000000
    8      3.835750260161      3.835750260159     -6.100000000000
    8     -3.835750260161     -3.835750260159     -6.100000000000
    8      3.835750260161     -3.835750260159     -6.100000000000
    8     -3.835750260161      3.835750260159     -6.100000000000
    8      3.835750260161      7.671500520300     -6.100000000000
    8     -3.835750260161      7.671500520300     -6.100000000000
    8      7.671500520300      0.000000000000     -6.100000000000
    8      7.671500520300      3.835750260159     -6.100000000000
    8      7.671500520300     -3.835750260159     -6.100000000000
    8      7.671500520300      7.671500520300     -6.100000000000
    1     23.526600358358     21.471915793689      5.961724430824
    6     22.166778659241     27.242063444960      5.837816919487
    6     22.344880930206     28.559372214504      6.571482537587
    1     21.471124714875     28.734879694846      7.209118384553
    1     23.236270279687     28.532818411918      7.201755034801
    1     22.424671665109     29.403582370310      5.883011854459
    1     22.179821782392     26.378308592437      6.511336788963
    1     21.241449940976     27.217779855273      5.256641114630
    1     24.738236733548     23.736647974764      5.822516449967
    6     24.610480913154     21.551806739842      5.789962313680
    1     24.930971341652     20.712398942939      5.150845636348
    1     25.123035895409     21.430741943445      6.748846402106
   14     24.910555875699     27.010449276335      5.224120744993
    8     23.223026614961     27.042973617488      4.841610694478
    8     25.032612888458     26.806077860592      6.845693752893
    8     28.604269739807     26.878292771251      3.818960438404
    6     28.642499558710     26.846628109755      5.238958958238
    6     25.742602363051     27.722426244028      7.687506571462
    6     29.987247754951     27.309926982355      5.791375935428
    6     25.205000206713     27.621390951148      9.102374181192
    1     30.082820259143     27.084385345040      6.858708064647
    1     25.764946193454     28.290810898415      9.766999745059
    1     24.147339650003     27.902347052922      9.140218665239
    1     25.298796923809     26.598819171516      9.480920653119
    1     26.815785843878     27.470593571190      7.663322213167
    1     25.643207648906     28.746639533134      7.296522334823
    1     27.841924508309     27.489354836941      5.650086486053
    1     28.435952065508     25.814733191608      5.570692959522
    1     30.097810302993     28.397371180941      5.686283023465
    1     30.833368065818     26.812725597989      5.286272771328
    8     24.136632480723     23.035418291843      3.967712987831
    6     24.900863747167     22.898916569026      5.127910467186
    1     25.999106628855     22.966594321581      4.886855958543
    0    0
