   2   1   1 E -4.0955950811271E+04 DE-1.9E-08( 11)
  0.153430010406E+02  0.000000000000E+00  0.000000000000E+00
  0.000000000000E+00  0.153430010406E+02  0.000000000000E+00
  0.000000000000E+00  0.000000000000E+00  0.500000000000E+03
    1
  0.100000000000E+01  0.000000000000E+00  0.000000000000E+00
  0.000000000000E+00  0.100000000000E+01  0.000000000000E+00
  0.000000000000E+00  0.000000000000E+00  0.100000000000E+01
  0.000000000000E+00  0.000000000000E+00  0.000000000000E+00
  225
    8      1.800538577051      2.656635199752      3.942014597302
    8     28.829307622824     29.725655019440      3.856440909532
    8      1.840561585747     -1.212037371303      3.960441593399
    8     -1.875924595294      2.288636235096      4.065060018103
    8      2.120348298362      6.377283303568      4.006081414907
    8     28.686848454851     24.017863264853      3.904545588006
    8      1.807681372432     -5.317508625467      4.053755972130
    8     -1.669662016231      5.518911519649      4.107069807293
    8      5.470226673489      2.596705351694      3.997308570830
    8     -5.145736482725     -2.289965222928      4.677868038116
    8      5.578741372686     -1.211682705525      3.958927220119
    8     -7.151519621291      0.273072070951      4.083385615118
    8      5.836492113738      6.204947292070      4.076141260556
    8     -5.269456618825     -4.947642477271      4.402460580563
    8      5.711455249433     -5.617851986018      4.107959890669
    8     -4.519278784766      3.981653706674      3.976097809950
  258      0.043589770842      1.933607382206      3.049177531382
  258      0.022894289510     -1.867941789779      3.019245195946
  258      0.050728439123      5.755487151235      3.051445897816
  258      0.005752252658     -5.728974352658      3.040457921270
  258      3.774330014468      1.950390227563      3.050144823628
  258     -3.604194398448     -1.909133180373      3.062119866699
  258      3.764630607865     -1.846030670618      3.027359072952
  258     -3.649636272378      2.043388706083      3.066013383425
  258      3.801895615713      5.742764903070      3.061779840848
  258     -3.645919535122     -5.753753664486      3.055838259160
  258      3.783004362870     -5.781625684635      3.043854026860
  258     -3.655077211420      5.654935954035      3.094936367276
  258      7.480421912584      1.859425109178      3.060212668669
  258      7.526197124853     -1.746036549566      3.076096770993
  258      7.522556908617      5.832802986375      3.036663803674
  258      7.559683113557     -5.758334977298      3.090015255881
    8      1.927634331996      1.867226745476      1.563764780000
    8     -1.835085188200     -1.962729337818      1.555966195538
    8      1.952319885455     -1.967527883691      1.570609463124
    8     -1.867642157289      1.898853344757      1.600119853301
    8      1.915209443286      5.698665563341      1.587188665814
    8     -1.838037710574     -5.698078067192      1.570021754291
    8      1.962479480611     -5.808843057330      1.596149740605
    8     -1.858621144116      5.784673843262      1.618922975435
    8      5.689353260279      1.862484849792      1.600751982315
    8     -5.805580630873     -1.851999629945      1.893447364406
    8      5.712796162476     -1.961295997617      1.609870345000
    8     -5.740131830342      1.952405974027      1.927873514819
    8      5.709815045398      5.713996672485      1.609692502637
    8     -5.820495758792     -5.758634692927      1.786484600588
    8      5.705231365847     -5.756337073158      1.620904335847
    8     -5.777331952596      5.733880550444      1.880299860952
    8      0.047634689059     -0.008043977968      1.854626925595
    8      0.005801579262      3.826816810918      1.897151083986
    8      0.092907282015     -3.842379135222      1.892041081916
    8      0.052928692157      7.680094815990      1.927320422944
    8      3.799783878250     -0.013885811657      1.883828081783
    8     -3.809016761719      0.014226764405      1.934433455251
    8      3.801052164942      3.820921640004      1.888687027887
    8     -3.855180525664     -3.809744592669      1.830530929798
    8      3.823802221375     -3.862486287482      2.046409806397
    8     -3.680734176131      3.842312769797      1.687620859711
    8      3.841626389235      7.652132037840      1.935262268405
    8     -3.837636513036      7.651293171388      1.914792047931
    8      7.555657988306      0.012176054747      1.689126659725
    8      7.628432563648      3.830725782620      1.983506512618
    8      7.626979081694     -3.813956836191      1.997012046479
    8      7.528248688020      7.674893824399      1.799026523253
  258      1.911148880664     -0.003799961568      0.403513097137
  258     -1.899660452155      0.017344687363      0.428032667508
  258      1.919852204344      3.821455393529      0.419007383097
  258     -1.901031286786     -3.831816014327      0.400105537965
  258      1.914300522127     -3.851984165185      0.426731512952
  258     -1.875941375008      3.844890165149      0.393246986684
  258      1.912156626655      7.651187939878      0.427660034594
  258     -1.906479246742      7.665491860031      0.442956635673
  258      5.718807046940     -0.004607027977      0.386463839878
  258     -5.742461241230      0.020130610538      0.538601461314
  258      5.732038372840      3.821938805242      0.440219470108
  258     -5.758760763596     -3.814182064750      0.554841436848
  258      5.751148998206     -3.834173865967      0.457449225635
  258     -5.748245134805      3.840333891360      0.542441937782
  258      5.728743058970      7.675368426274      0.413491615779
  258     -5.750221539549      7.674835723776      0.543062097955
    8     -0.006907374821      0.001164917340     -0.802769875859
    8      0.019641991168      3.839119469586     -0.807746198460
    8      0.003990874076     -3.842577802544     -0.795218715792
    8     -0.002350369326      7.665348530607     -0.772614137917
    8      3.820660004592     -0.005068579257     -0.814149901491
    8     -3.845870372844      0.011028475314     -0.753241366095
    8      3.838695950971      3.832808576399     -0.788421724689
    8     -3.853573697492     -3.832127389037     -0.785085441491
    8      3.840117198679     -3.842785095320     -0.745323034746
    8     -3.856791902747      3.839973985146     -0.831711555826
    8      3.824627779628      7.671816253068     -0.784967629963
    8     -3.849458171833      7.672037013792     -0.749845400630
    8      7.693682170303      0.004038613365     -0.835177510341
    8      7.684251067019      3.836976123055     -0.732459552589
    8      7.684586648010     -3.833086343801     -0.731175945653
    8      7.686679207450      7.668950190034     -0.792640814217
    8      1.917136322443      1.914457543241     -0.988992295331
    8     -1.924719533426     -1.908058317636     -0.981617393012
    8      1.913324532817     -1.933832338463     -0.983351410095
    8     -1.914565712278      1.918915453574     -0.969757098528
    8      1.921329727184      5.753425394383     -0.975101892131
    8     -1.924325898103     -5.766973907292     -0.973651622349
    8      1.913372556915     -5.764116082763     -0.969522531690
    8     -1.915755888125      5.766457449246     -0.961412045226
    8      5.754124301716      1.923421949363     -0.969575481265
    8     -5.746514469890     -1.907288649199     -0.814517322135
    8      5.753024085602     -1.931691841385     -0.965588264242
    8     -5.753481956413      1.927677615377     -0.802686120943
    8      5.753774697468      5.746808367429     -0.959058758637
    8     -5.750712627941     -5.751037421173     -0.850321442120
    8      5.756577687586     -5.752659472572     -0.956684903802
    8     -5.755374875175      5.751932211670     -0.817367070443
  258     -0.000043334724      1.914805902119     -2.190690710482
  258     -0.003053120135     -1.919045198685     -2.184744375653
  258      0.001565670278      5.757470698287     -2.185459399828
  258     -0.003304415580     -5.757672634922     -2.179845010070
  258      3.836047319439      1.919783078601     -2.189035178289
  258     -3.853155998830     -1.915943400315     -2.146252305476
  258      3.834951640233     -1.926228082526     -2.182308286706
  258     -3.849840004063      1.925227824756     -2.147914916440
  258      3.838882248964      5.749632876741     -2.179890512485
  258     -3.855650522279     -5.752166516863     -2.144400358219
  258      3.837436367805     -5.753500849125     -2.175297891336
  258     -3.852439250344      5.754209358136     -2.145842420853
  258      7.688365030631      1.916527937944     -2.146186640216
  258      7.689707970198     -1.914569236956     -2.143501265041
  258      7.685781534456      5.754671489727     -2.140732523063
  258      7.690213517025     -5.752799987385     -2.141083562325
    8      1.918522222352      1.918627226407     -3.631008543152
    8     -1.919170069456     -1.917886390406     -3.622572067293
    8      1.919739476320     -1.918615710932     -3.627080989417
    8     -1.919477563896      1.918700184819     -3.619318940583
    8      1.918316144694      5.753981676643     -3.622720300325
    8     -1.915544940815     -5.754146813069     -3.620173586241
    8      1.920029897248     -5.754016733088     -3.619345176912
    8     -1.916721639646      5.753257904247     -3.615031800735
    8      5.754896912783      1.918479983378     -3.619195958637
    8     -5.754621442120     -1.916961358036     -3.573189154585
    8      5.753149510347     -1.918561683586     -3.615703263540
    8     -5.754100208211      1.918503951198     -3.570931083942
    8      5.754479423352      5.753534333920     -3.613206781960
    8     -5.756006136370     -5.753601602200     -3.584315740204
    8      5.751006796412     -5.753607485737     -3.611452635417
    8     -5.755796345173      5.752720007927     -3.573221182407
    8      0.000000000000      0.000000000000     -3.390356274875
    8      0.000000000000      3.835750260159     -3.390356274875
    8      0.000000000000     -3.835750260159     -3.390356274875
    8      0.000000000000      7.671500520300     -3.390356274875
    8      3.835750260161      0.000000000000     -3.390356274875
    8     -3.835750260161      0.000000000000     -3.390356274875
    8      3.835750260161      3.835750260159     -3.390356274875
    8     -3.835750260161     -3.835750260159     -3.390356274875
    8      3.835750260161     -3.835750260159     -3.390356274875
    8     -3.835750260161      3.835750260159     -3.390356274875
    8      3.835750260161      7.671500520300     -3.390356274875
    8     -3.835750260161      7.671500520300     -3.390356274875
    8      7.671500520300      0.000000000000     -3.390356274875
    8      7.671500520300      3.835750260159     -3.390356274875
    8      7.671500520300     -3.835750260159     -3.390356274875
    8      7.671500520300      7.671500520300     -3.390356274875
  258      1.917875130081      0.000000000000     -4.746498784825
  258     -1.917875130081      0.000000000000     -4.746498784825
  258      1.917875130081      3.835750260159     -4.746498784825
  258     -1.917875130081     -3.835750260159     -4.746498784825
  258      1.917875130081     -3.835750260159     -4.746498784825
  258     -1.917875130081      3.835750260159     -4.746498784825
  258      1.917875130081      7.671500520300     -4.746498784825
  258     -1.917875130081      7.671500520300     -4.746498784825
  258      5.753625390240      0.000000000000     -4.746498784825
  258     -5.753625390240      0.000000000000     -4.746498784825
  258      5.753625390240      3.835750260159     -4.746498784825
  258     -5.753625390240     -3.835750260159     -4.746498784825
  258      5.753625390240     -3.835750260159     -4.746498784825
  258     -5.753625390240      3.835750260159     -4.746498784825
  258      5.753625390240      7.671500520300     -4.746498784825
  258     -5.753625390240      7.671500520300     -4.746498784825
    8      0.000000000000      0.000000000000     -6.100000000000
    8      0.000000000000      3.835750260159     -6.100000000000
    8      0.000000000000     -3.835750260159     -6.100000000000
    8      0.000000000000      7.671500520300     -6.100000000000
    8      3.835750260161      0.000000000000     -6.100000000000
    8     -3.835750260161      0.000000000000     -6.100000000000
    8      3.835750260161      3.835750260159     -6.100000000000
    8     -3.835750260161     -3.835750260159     -6.100000000000
    8      3.835750260161     -3.835750260159     -6.100000000000
    8     -3.835750260161      3.835750260159     -6.100000000000
    8      3.835750260161      7.671500520300     -6.100000000000
    8     -3.835750260161      7.671500520300     -6.100000000000
    8      7.671500520300      0.000000000000     -6.100000000000
    8      7.671500520300      3.835750260159     -6.100000000000
    8      7.671500520300     -3.835750260159     -6.100000000000
    8      7.671500520300      7.671500520300     -6.100000000000
    1     23.505123383078     21.497605733632      5.952047291986
    6     22.181998821601     27.269174520428      5.832997492186
    6     22.379330772167     28.586758580642      6.561348800100
    1     21.505375984571     28.780162700211      7.193211996642
    1     23.265371565858     28.547997559339      7.196671933993
    1     22.474861502597     29.427235425596      5.870308798410
    1     22.169308402220     26.409899378570      6.510991981492
    1     21.260858251787     27.261525858999      5.244792839634
    1     24.729998052716     23.756022018081      5.816539143939
    6     24.593013106673     21.571101056557      5.802996656442
    1     24.925116373130     20.726100971041      5.177626719462
    1     25.083120470685     21.458465225368      6.774861033284
   14     24.926226248415     27.018036088696      5.228973215045
    8     23.239712625595     27.042841142979      4.845443307202
    8     25.047834035440     26.823519552646      6.851601722381
    8     28.627758177451     26.856083709971      3.813005006695
    6     28.656724825452     26.826199622682      5.233822491655
    6     25.757852479801     27.745725055615      7.687263692914
    6     29.997136876785     27.292261682829      5.794744454764
    6     25.229473312189     27.642457868310      9.105400204409
    1     30.085498576234     27.068106649221      6.863024052337
    1     25.783176892150     28.322384057391      9.764700964642
    1     24.168079125766     27.908465355974      9.147289263455
    1     25.338883623742     26.622721225281      9.486919623409
    1     26.832623168780     27.500920369531      7.656044006101
    1     25.649225319228     28.768560952163      7.295715451875
    1     27.852192777025     27.467638394960      5.639031891412
    1     28.449265086891     25.794154058987      5.564768605507
    1     30.104198241567     28.379703603907      5.688591038841
    1     30.847666965763     26.796627102067      5.295859290947
    8     24.162905869287     23.038553774335      3.955590959215
    6     24.902926803691     22.909866560560      5.133698458366
    1     26.006096350265     22.969837826260      4.914117792311
    0    0
