   2   1   1 E -4.0955950661324E+04 DE-1.3E-07( 10)
  0.153430010406E+02  0.000000000000E+00  0.000000000000E+00
  0.000000000000E+00  0.153430010406E+02  0.000000000000E+00
  0.000000000000E+00  0.000000000000E+00  0.500000000000E+03
    1
  0.100000000000E+01  0.000000000000E+00  0.000000000000E+00
  0.000000000000E+00  0.100000000000E+01  0.000000000000E+00
  0.000000000000E+00  0.000000000000E+00  0.100000000000E+01
  0.000000000000E+00  0.000000000000E+00  0.000000000000E+00
  225
    8      1.793589112228      2.663155575209      3.939524133454
    8     28.840914773411     29.711453532289      3.861389079703
    8      1.860289765172     -1.225293644029      3.963756421462
    8     -1.886989010068      2.274041592955      4.070060380830
    8      2.129255700403      6.379921632299      4.006823193060
    8     28.682469470529     24.005109937897      3.899550661611
    8      1.805352211859     -5.326482973596      4.053730414412
    8     -1.663147129850      5.506033464756      4.105453316659
    8      5.467220482775      2.620302580926      3.992354670226
    8     -5.140152719018     -2.283560337953      4.680274091681
    8      5.593338696691     -1.181835234208      3.947546501612
    8     -7.142111573881      0.277774065231      4.076618393071
    8      5.839053239824      6.243284394477      4.063889847684
    8     -5.251644756780     -4.940767008752      4.410075281972
    8      5.710253609791     -5.594147059126      4.104678608178
    8     -4.522676118984      3.993344015898      3.976838732227
  258      0.043058208468      1.936426270941      3.048763715159
  258      0.022609863760     -1.870810785243      3.018588463413
  258      0.051268763694      5.755983980793      3.050134544783
  258      0.001091573621     -5.727282379816      3.040400332277
  258      3.777610432526      1.952459289993      3.049602179911
  258     -3.603481461934     -1.910700175433      3.060645869465
  258      3.764572477830     -1.844029131040      3.028795566697
  258     -3.652157300430      2.044533796628      3.067010002482
  258      3.803725789808      5.742973264247      3.062390573869
  258     -3.646550706571     -5.756155236994      3.054658467854
  258      3.779500002268     -5.783689085232      3.044748157919
  258     -3.655373603394      5.657042032133      3.094470695903
  258      7.482934151714      1.859358850355      3.058996637659
  258      7.524544210764     -1.743996187433      3.076821717751
  258      7.524137514821      5.833890422786      3.036352922861
  258      7.555510478372     -5.757821900013      3.089719636731
    8      1.929713294003      1.867788669157      1.565682731208
    8     -1.834413479616     -1.961745064425      1.556523344205
    8      1.951261306921     -1.964586197044      1.570191622223
    8     -1.865733818857      1.900191542066      1.601914678673
    8      1.912027052050      5.697123125982      1.589068334162
    8     -1.836416904610     -5.698168214362      1.568234156221
    8      1.965564669808     -5.807220017624      1.593381616244
    8     -1.859548966683      5.786757967152      1.619115331211
    8      5.689820829538      1.859854424653      1.602782962097
    8     -5.802917593075     -1.851854043575      1.895866001072
    8      5.709302846908     -1.965220907375      1.610339263379
    8     -5.739024189927      1.951326206695      1.926465829151
    8      5.712369808592      5.707767863114      1.609751330954
    8     -5.818577413677     -5.754980897123      1.790992796637
    8      5.703811925235     -5.761200150291      1.621264927861
    8     -5.780684579413      5.736185747046      1.878257407616
    8      0.049731566472     -0.007018212246      1.860896498915
    8      0.003011200890      3.826982156394      1.892619762217
    8      0.096411881613     -3.841738108296      1.888227496759
    8      0.054659271794      7.681551015818      1.927187329932
    8      3.798047515036     -0.011485811541      1.882945189651
    8     -3.803819433304      0.011776192261      1.938219725431
    8      3.800503729336      3.819646410645      1.883999788759
    8     -3.851493008957     -3.808194526002      1.834063273374
    8      3.820899565562     -3.863407443061      2.049951407297
    8     -3.681771705936      3.843180033777      1.688817916471
    8      3.840164470440      7.649512129272      1.931747835317
    8     -3.840170225554      7.650726977123      1.911433615899
    8      7.556902195930      0.009956921769      1.686824005308
    8      7.632284264381      3.829131961467      1.983568834063
    8      7.625585408275     -3.815141187960      1.993446564608
    8      7.530020439687      7.674996976199      1.797011345991
  258      1.912086613573     -0.003324395391      0.403677703525
  258     -1.899531024341      0.018758083294      0.428147836171
  258      1.920519300046      3.821196670572      0.419463310877
  258     -1.901207739663     -3.832054169545      0.398631646941
  258      1.915295699683     -3.851101997789      0.427238246493
  258     -1.876163356257      3.844991726549      0.392890010502
  258      1.912538608959      7.651598102258      0.428202272958
  258     -1.906374956336      7.664676449653      0.441141717278
  258      5.719492983763     -0.005672091026      0.386992830582
  258     -5.742135303698      0.019253562331      0.537510849979
  258      5.732148163334      3.821087265150      0.439230193045
  258     -5.759870938178     -3.814988375652      0.555720319779
  258      5.751260907229     -3.834597151290      0.458131092007
  258     -5.747879837708      3.841402200627      0.542304161785
  258      5.728467397211      7.674601844978      0.413574736847
  258     -5.750984608012      7.675924328114      0.542496005435
    8     -0.007500980711      0.000877584178     -0.801391047808
    8      0.019198525770      3.839688772673     -0.809806625951
    8      0.003510069183     -3.841580497598     -0.796154337505
    8     -0.002745893831      7.664754808527     -0.772384210257
    8      3.821657366850     -0.006509640270     -0.814818928621
    8     -3.845875149474      0.010987461134     -0.752842440557
    8      3.839429504062      3.832576945900     -0.791247352252
    8     -3.854019381377     -3.831713099261     -0.784647722044
    8      3.840381492291     -3.842377799166     -0.745074252813
    8     -3.856480701550      3.839854592763     -0.832274542681
    8      3.825491137031      7.672869645718     -0.785604002297
    8     -3.848875342611      7.672935946851     -0.751600944407
    8      7.694531823038      0.004124576217     -0.835970951773
    8      7.685098812516      3.836801674014     -0.733148311285
    8      7.685096001963     -3.832090406982     -0.732007830100
    8      7.686774730463      7.669549453969     -0.793540460481
    8      1.917296781804      1.914515189170     -0.986820494704
    8     -1.925215045168     -1.907429801114     -0.980550321402
    8      1.913721362789     -1.933523455418     -0.983283721189
    8     -1.914752519919      1.918437434143     -0.968561994197
    8      1.922673895595      5.754104570397     -0.973882991848
    8     -1.924460304094     -5.765780070253     -0.974595737558
    8      1.912574569417     -5.764546764666     -0.971023852006
    8     -1.915756554614      5.766431369374     -0.961663034029
    8      5.754233807500      1.921775366799     -0.967011297711
    8     -5.746904588227     -1.906665676006     -0.811451633737
    8      5.754225920745     -1.932391361408     -0.965542972651
    8     -5.753354677315      1.928068913354     -0.802224876571
    8      5.754278385767      5.746666786503     -0.958605613548
    8     -5.751021420641     -5.750233905508     -0.847248740075
    8      5.757085438739     -5.752874835227     -0.957018535994
    8     -5.755092638439      5.752268915458     -0.818008249683
  258      0.000159945368      1.915097282959     -2.190452143047
  258     -0.002725394518     -1.918977213542     -2.184271569395
  258      0.002425675201      5.757415621880     -2.184954182053
  258     -0.002783542020     -5.757587904271     -2.179914147539
  258      3.836039788325      1.919629756974     -2.188813080550
  258     -3.852992764564     -1.915906942039     -2.146097796302
  258      3.834582274640     -1.926781900742     -2.182083830112
  258     -3.850434757738      1.925555380826     -2.148107277173
  258      3.839075200657      5.749597782290     -2.179888883474
  258     -3.856022608994     -5.752116590700     -2.144561770441
  258      3.837148373659     -5.753844316044     -2.175114435495
  258     -3.852634572356      5.754586262807     -2.145812027202
  258      7.688540306320      1.916696748083     -2.145481440692
  258      7.689817897821     -1.914971510956     -2.143993334369
  258      7.686250934399      5.754398249316     -2.140920337557
  258      7.690012241169     -5.753024509488     -2.141077915020
    8      1.918319737114      1.918529423574     -3.629413129806
    8     -1.919227416637     -1.917748375783     -3.622871938774
    8      1.919944202224     -1.918502772628     -3.626749615181
    8     -1.919085040680      1.918795812381     -3.619174975669
    8      1.918058333695      5.753838626441     -3.622518150029
    8     -1.915904979616     -5.754092374116     -3.621429510390
    8      1.920209745538     -5.753901783013     -3.619871323347
    8     -1.916485135422      5.753163615924     -3.616075444741
    8      5.755076180218      1.918663880712     -3.618809309187
    8     -5.754149743970     -1.917061913463     -3.571837949762
    8      5.753105926458     -1.918309743326     -3.617018742823
    8     -5.753809905291      1.918477599632     -3.570275962666
    8      5.754258746678      5.753472681183     -3.613739073727
    8     -5.756166565386     -5.753502642874     -3.582796141399
    8      5.750796009010     -5.753580492397     -3.612683401173
    8     -5.755812198309      5.752964305010     -3.572757636003
    8      0.000000000000      0.000000000000     -3.390356274875
    8      0.000000000000      3.835750260159     -3.390356274875
    8      0.000000000000     -3.835750260159     -3.390356274875
    8      0.000000000000      7.671500520300     -3.390356274875
    8      3.835750260161      0.000000000000     -3.390356274875
    8     -3.835750260161      0.000000000000     -3.390356274875
    8      3.835750260161      3.835750260159     -3.390356274875
    8     -3.835750260161     -3.835750260159     -3.390356274875
    8      3.835750260161     -3.835750260159     -3.390356274875
    8     -3.835750260161      3.835750260159     -3.390356274875
    8      3.835750260161      7.671500520300     -3.390356274875
    8     -3.835750260161      7.671500520300     -3.390356274875
    8      7.671500520300      0.000000000000     -3.390356274875
    8      7.671500520300      3.835750260159     -3.390356274875
    8      7.671500520300     -3.835750260159     -3.390356274875
    8      7.671500520300      7.671500520300     -3.390356274875
  258      1.917875130081      0.000000000000     -4.746498784825
  258     -1.917875130081      0.000000000000     -4.746498784825
  258      1.917875130081      3.835750260159     -4.746498784825
  258     -1.917875130081     -3.835750260159     -4.746498784825
  258      1.917875130081     -3.835750260159     -4.746498784825
  258     -1.917875130081      3.835750260159     -4.746498784825
  258      1.917875130081      7.671500520300     -4.746498784825
  258     -1.917875130081      7.671500520300     -4.746498784825
  258      5.753625390240      0.000000000000     -4.746498784825
  258     -5.753625390240      0.000000000000     -4.746498784825
  258      5.753625390240      3.835750260159     -4.746498784825
  258     -5.753625390240     -3.835750260159     -4.746498784825
  258      5.753625390240     -3.835750260159     -4.746498784825
  258     -5.753625390240      3.835750260159     -4.746498784825
  258      5.753625390240      7.671500520300     -4.746498784825
  258     -5.753625390240      7.671500520300     -4.746498784825
    8      0.000000000000      0.000000000000     -6.100000000000
    8      0.000000000000      3.835750260159     -6.100000000000
    8      0.000000000000     -3.835750260159     -6.100000000000
    8      0.000000000000      7.671500520300     -6.100000000000
    8      3.835750260161      0.000000000000     -6.100000000000
    8     -3.835750260161      0.000000000000     -6.100000000000
    8      3.835750260161      3.835750260159     -6.100000000000
    8     -3.835750260161     -3.835750260159     -6.100000000000
    8      3.835750260161     -3.835750260159     -6.100000000000
    8     -3.835750260161      3.835750260159     -6.100000000000
    8      3.835750260161      7.671500520300     -6.100000000000
    8     -3.835750260161      7.671500520300     -6.100000000000
    8      7.671500520300      0.000000000000     -6.100000000000
    8      7.671500520300      3.835750260159     -6.100000000000
    8      7.671500520300     -3.835750260159     -6.100000000000
    8      7.671500520300      7.671500520300     -6.100000000000
    1     23.500095781339     21.505288647603      5.949747132735
    6     22.184569536270     27.273588139203      5.823669376944
    6     22.381222904929     28.588165059329      6.557961666280
    1     21.501684415043     28.780823140084      7.182676591733
    1     23.261599914169     28.544126273582      7.201577565819
    1     22.485147966989     29.431189895146      5.870348652549
    1     22.157009844714     26.411698155476      6.496323163305
    1     21.268348761693     27.274058618637      5.227912959622
    1     24.727790677556     23.762265709567      5.815212634114
    6     24.588531494602     21.577941277038      5.806554477635
    1     24.923871971141     20.730892677279      5.186030851101
    1     25.071997666034     21.468985599385      6.781701146338
   14     24.933281547674     27.023467699044      5.231246644975
    8     23.248347207867     27.042035417061      4.842598560227
    8     25.048090481436     26.832595475341      6.854671763619
    8     28.657956599088     26.844788871110      3.809047203772
    6     28.672874390535     26.821210669848      5.229874164873
    6     25.758099923137     27.755086409674      7.689902268694
    6     30.008882705862     27.290229850888      5.799567300101
    6     25.233817849301     27.644677446881      9.109349783522
    1     30.091026991133     27.067321221942      6.868715610125
    1     25.784129803980     28.326662868982      9.770104325450
    1     24.169908906924     27.902835306107      9.154775426238
    1     25.351767746926     26.624280955228      9.486857267847
    1     26.833380789029     27.513774823434      7.654268757925
    1     25.644572434126     28.778094487246      7.300925085341
    1     27.864131944558     27.463795694061      5.625718709249
    1     28.461887929818     25.790365082570      5.563536922558
    1     30.114615256929     28.377743963194      5.692055449354
    1     30.862922600554     26.795814859262      5.305389018794
    8     24.168238990698     23.042030437575      3.952991457715
    6     24.903098541599     22.914497228368      5.134863459305
    1     26.007474667699     22.972691412399      4.919926429149
    0    0
