   2   1   1 E -4.0955954972524E+04 DE 3.1E-08(  8)
  0.153430010406E+02  0.000000000000E+00  0.000000000000E+00
  0.000000000000E+00  0.153430010406E+02  0.000000000000E+00
  0.000000000000E+00  0.000000000000E+00  0.500000000000E+03
    1
  0.100000000000E+01  0.000000000000E+00  0.000000000000E+00
  0.000000000000E+00  0.100000000000E+01  0.000000000000E+00
  0.000000000000E+00  0.000000000000E+00  0.100000000000E+01
  0.000000000000E+00  0.000000000000E+00  0.000000000000E+00
  225
    8      1.873320938175      2.646359642390      3.939002692330
    8     28.770187447701     29.764835721353      3.847033301622
    8      1.742558739540     -1.166037952514      3.954817756571
    8     -1.811915273544      2.322760085788      4.049720701095
    8      2.107764520243      6.394922921241      3.997854547715
    8     28.693942428357     24.047381850013      3.915827404120
    8      1.813012060345     -5.295757807059      4.049966003358
    8     -1.676952590838      5.562284722451      4.113965929547
    8      5.562093313913      2.536029924291      3.998887922469
    8     -5.152230587786     -2.308529093854      4.678161752706
    8      5.468217635872     -1.221895608817      3.986710769258
    8     -7.221219162865      0.131424504801      4.064507926333
    8      5.821566990421      6.169271231153      4.085076581189
    8     -5.298490541391     -4.966283462229      4.397853937383
    8      5.711206507069     -5.638781212791      4.108009824894
    8     -4.467491396082      3.941872680647      3.992833429854
  258      0.060014950951      1.924482471019      3.046598353864
  258      0.014011382701     -1.860741070870      3.021805401062
  258      0.049958065018      5.756555936035      3.051800159894
  258      0.008395868613     -5.726781919559      3.041586050206
  258      3.781853205581      1.942811008897      3.046405301527
  258     -3.612166056197     -1.899263419504      3.063705453956
  258      3.760513896742     -1.846318976822      3.032126581618
  258     -3.627576797081      2.040265711334      3.065730554446
  258      3.794307473726      5.747039959033      3.059692565303
  258     -3.645739267039     -5.745773767013      3.058847604968
  258      3.782735283623     -5.779122761454      3.043897109280
  258     -3.648349831123      5.649262337641      3.092970817887
  258      7.469179557100      1.853355613873      3.051617057176
  258      7.530578205460     -1.736952835067      3.082247126332
  258      7.511201015898      5.831238261315      3.036349839099
  258      7.561380908841     -5.758680135004      3.091115634824
    8      1.927170969920      1.866605131156      1.562220790536
    8     -1.838661611665     -1.960462417150      1.552882004214
    8      1.956338001934     -1.968111814186      1.574866014757
    8     -1.865189783684      1.899191944254      1.597843054615
    8      1.918259734993      5.696131258024      1.585891879727
    8     -1.839835405317     -5.699092314755      1.572247256466
    8      1.961205523405     -5.812138171136      1.597081194106
    8     -1.856527365535      5.776474334045      1.620839721017
    8      5.686272114438      1.865907863144      1.594996127918
    8     -5.807981375126     -1.846321974479      1.888218784736
    8      5.718861266383     -1.952600714407      1.621196768644
    8     -5.747271500047      1.953368592434      1.958139367521
    8      5.705707733315      5.717375527226      1.609122696367
    8     -5.819762520382     -5.766272721239      1.786068910065
    8      5.708904822348     -5.754743588335      1.620444976033
    8     -5.772370289341      5.725034618832      1.900667688841
    8      0.037499368431     -0.001783034572      1.837181110264
    8      0.016699328700      3.822569002336      1.904722948198
    8      0.090968068394     -3.846142687507      1.890588279919
    8      0.049886322058      7.677679025852      1.928063057168
    8      3.794686572891     -0.007041559354      1.878559356171
    8     -3.816963750589      0.028731183902      1.916523160358
    8      3.811831423797      3.817245570652      1.900541291013
    8     -3.859378702514     -3.813417254823      1.828738109730
    8      3.828144477480     -3.865073966960      2.040991184523
    8     -3.680561048741      3.835920338445      1.687145907129
    8      3.842681408360      7.653659642035      1.933726224034
    8     -3.832557855242      7.648830190634      1.925651252584
    8      7.553520039760      0.029036316484      1.675218072435
    8      7.622319912072      3.827648723351      1.982815049135
    8      7.632466994298     -3.815732692070      1.992186623547
    8      7.528798011578      7.669838788602      1.797341654916
  258      1.910194284824     -0.006901319225      0.401740318095
  258     -1.899878162038      0.016395563459      0.425028556125
  258      1.921572044199      3.820190777401      0.419360131450
  258     -1.901700597199     -3.830149925269      0.402798823633
  258      1.913978899442     -3.851075055396      0.429057365427
  258     -1.872877332131      3.843035349447      0.390856355293
  258      1.911736589147      7.652125635060      0.426754403077
  258     -1.906240607877      7.666520883967      0.444608091338
  258      5.717392392848     -0.008051334527      0.383337603551
  258     -5.740986290936      0.020959284955      0.537995310773
  258      5.732398147224      3.824594115690      0.436489306174
  258     -5.759114515509     -3.812663281847      0.556194993735
  258      5.752853145657     -3.830499557088      0.461455245794
  258     -5.749093557055      3.838002078564      0.547878205344
  258      5.728504807384      7.678667313295      0.411862405929
  258     -5.750000053233      7.673870695623      0.547168706494
    8     -0.006008377934      0.000963758745     -0.809730889887
    8      0.021840486571      3.839284052765     -0.805700810582
    8      0.003678183358     -3.842975278068     -0.795532943946
    8     -0.003276560049      7.665022874230     -0.771546092593
    8      3.819842020386     -0.005988757480     -0.817395724056
    8     -3.846889735749      0.011209331554     -0.761640980012
    8      3.838712148760      3.834250424406     -0.785714518443
    8     -3.853247860566     -3.832511358798     -0.786537817123
    8      3.840196659125     -3.842532445725     -0.745548898785
    8     -3.856938126852      3.840924416952     -0.830465393411
    8      3.824132678130      7.671548154421     -0.785324010360
    8     -3.849017214791      7.670835177638     -0.745609614123
    8      7.692492902780      0.003387472825     -0.841740055800
    8      7.685642244220      3.837626533050     -0.732576425379
    8      7.684390514224     -3.833046166138     -0.732503014088
    8      7.688487937136      7.669367523229     -0.792412542324
    8      1.918268256432      1.915706032791     -0.988742524132
    8     -1.924480803647     -1.909200432428     -0.983534368411
    8      1.913067060529     -1.934936137054     -0.981562871439
    8     -1.914173592480      1.921106125168     -0.971185881735
    8      1.921148184570      5.753641329971     -0.975205964696
    8     -1.924248741079     -5.768987196470     -0.971854272857
    8      1.913163952958     -5.764968102378     -0.968515951249
    8     -1.915283098794      5.765700223484     -0.959841862567
    8      5.753578927101      1.924501738588     -0.971257441569
    8     -5.747051098649     -1.907196866997     -0.816096110686
    8      5.751948790222     -1.932177312366     -0.962581394245
    8     -5.753451859339      1.930359294848     -0.792312737815
    8      5.754580718011      5.747524422281     -0.959802566587
    8     -5.750023934241     -5.753018738007     -0.849005757028
    8      5.756533544105     -5.751883455867     -0.956302891718
    8     -5.755408977676      5.750946976994     -0.806942192203
  258      0.000749764958      1.913967121329     -2.191530808773
  258     -0.003476807051     -1.919785244412     -2.185001505603
  258      0.001857311129      5.757755360802     -2.185403283341
  258     -0.003811391884     -5.756893741304     -2.178971521419
  258      3.835951274197      1.919204701178     -2.189725891479
  258     -3.853281542496     -1.916310102591     -2.146546410058
  258      3.834373990824     -1.927555693482     -2.182620063825
  258     -3.850007515412      1.925279462902     -2.147940832819
  258      3.838816623275      5.750570996135     -2.180577041452
  258     -3.855797730314     -5.751636253492     -2.142934034144
  258      3.837410214963     -5.752328632258     -2.174716055796
  258     -3.852583556822      5.754016772081     -2.143675192545
  258      7.688176866574      1.916359714627     -2.145693488366
  258      7.690299296066     -1.914830343121     -2.143850038799
  258      7.686996452872      5.755283473412     -2.140083341846
  258      7.690774896194     -5.751988337462     -2.140180305953
    8      1.918759308231      1.918638255862     -3.631076295246
    8     -1.918734948617     -1.917834450771     -3.624402272889
    8      1.920292982443     -1.918891465104     -3.626772222811
    8     -1.919466632467      1.919062086956     -3.619652307133
    8      1.918292429262      5.754079302361     -3.622797800480
    8     -1.915397655444     -5.754287037431     -3.619443546563
    8      1.920122077964     -5.753894702873     -3.618897962108
    8     -1.916887102275      5.753149031461     -3.613870484559
    8      5.755076472521      1.918661843416     -3.619500202961
    8     -5.754869333718     -1.916686263594     -3.574894074699
    8      5.752561234055     -1.918563756045     -3.615334991651
    8     -5.753861399682      1.919149306105     -3.567933195937
    8      5.754327688178      5.753413234175     -3.612867858056
    8     -5.756090064342     -5.753698046533     -3.584418945261
    8      5.750565606984     -5.753698787250     -3.611593039207
    8     -5.755677668293      5.752573354352     -3.569291777933
    8      0.000000000000      0.000000000000     -3.390356274875
    8      0.000000000000      3.835750260159     -3.390356274875
    8      0.000000000000     -3.835750260159     -3.390356274875
    8      0.000000000000      7.671500520300     -3.390356274875
    8      3.835750260161      0.000000000000     -3.390356274875
    8     -3.835750260161      0.000000000000     -3.390356274875
    8      3.835750260161      3.835750260159     -3.390356274875
    8     -3.835750260161     -3.835750260159     -3.390356274875
    8      3.835750260161     -3.835750260159     -3.390356274875
    8     -3.835750260161      3.835750260159     -3.390356274875
    8      3.835750260161      7.671500520300     -3.390356274875
    8     -3.835750260161      7.671500520300     -3.390356274875
    8      7.671500520300      0.000000000000     -3.390356274875
    8      7.671500520300      3.835750260159     -3.390356274875
    8      7.671500520300     -3.835750260159     -3.390356274875
    8      7.671500520300      7.671500520300     -3.390356274875
  258      1.917875130081      0.000000000000     -4.746498784825
  258     -1.917875130081      0.000000000000     -4.746498784825
  258      1.917875130081      3.835750260159     -4.746498784825
  258     -1.917875130081     -3.835750260159     -4.746498784825
  258      1.917875130081     -3.835750260159     -4.746498784825
  258     -1.917875130081      3.835750260159     -4.746498784825
  258      1.917875130081      7.671500520300     -4.746498784825
  258     -1.917875130081      7.671500520300     -4.746498784825
  258      5.753625390240      0.000000000000     -4.746498784825
  258     -5.753625390240      0.000000000000     -4.746498784825
  258      5.753625390240      3.835750260159     -4.746498784825
  258     -5.753625390240     -3.835750260159     -4.746498784825
  258      5.753625390240     -3.835750260159     -4.746498784825
  258     -5.753625390240      3.835750260159     -4.746498784825
  258      5.753625390240      7.671500520300     -4.746498784825
  258     -5.753625390240      7.671500520300     -4.746498784825
    8      0.000000000000      0.000000000000     -6.100000000000
    8      0.000000000000      3.835750260159     -6.100000000000
    8      0.000000000000     -3.835750260159     -6.100000000000
    8      0.000000000000      7.671500520300     -6.100000000000
    8      3.835750260161      0.000000000000     -6.100000000000
    8     -3.835750260161      0.000000000000     -6.100000000000
    8      3.835750260161      3.835750260159     -6.100000000000
    8     -3.835750260161     -3.835750260159     -6.100000000000
    8      3.835750260161     -3.835750260159     -6.100000000000
    8     -3.835750260161      3.835750260159     -6.100000000000
    8      3.835750260161      7.671500520300     -6.100000000000
    8     -3.835750260161      7.671500520300     -6.100000000000
    8      7.671500520300      0.000000000000     -6.100000000000
    8      7.671500520300      3.835750260159     -6.100000000000
    8      7.671500520300     -3.835750260159     -6.100000000000
    8      7.671500520300      7.671500520300     -6.100000000000
    1     23.531567225436     21.459342972562      5.961623207169
    6     22.159771645955     27.254083901945      5.822889712898
    6     22.343261348966     28.568345615212      6.559301318968
    1     21.475603530676     28.738962059676      7.206775867340
    1     23.240981745306     28.541015855851      7.180196138465
    1     22.412868268370     29.414974953898      5.872302335538
    1     22.150811027191     26.389168110044      6.493479995147
    1     21.240374921984     27.243840165696      5.231180540924
    1     24.737663237263     23.725694308458      5.826730731927
    6     24.614291495185     21.541087795314      5.784780233273
    1     24.931925777212     20.703727986142      5.141489638001
    1     25.131786089527     21.416046865401      6.740466119579
   14     24.909934839853     27.004924491992      5.225936782817
    8     23.223252639447     27.043481120736      4.838333348034
    8     25.026129458071     26.803490230952      6.848206372542
    8     28.610480039113     26.880356597543      3.818114356442
    6     28.646084263412     26.848369214848      5.238309772427
    6     25.736877217096     27.719747241430      7.689706979950
    6     29.989912041431     27.311936420338      5.792926750301
    6     25.191366884077     27.626811932468      9.102110830579
    1     30.083622034779     27.087074656845      6.860618577378
    1     25.749341849940     28.297759164314      9.767225985108
    1     24.134298097417     27.910457032292      9.132446450431
    1     25.279765041019     26.605421500790      9.485544535570
    1     26.808836402119     27.461991967785      7.671583062744
    1     25.644771906010     28.742582811782      7.294265714824
    1     27.844502044566     27.490410224015      5.648336483070
    1     28.440050765616     25.816101304183      5.569241216146
    1     30.101293329042     28.399389708738      5.687675962982
    1     30.836804170135     26.814366518270      5.289270737542
    8     24.133209875830     23.031717938845      3.969670531776
    6     24.900181690117     22.891533390555      5.127403926610
    1     25.997759630762     22.962697493035      4.884581235971
    0    0
