   2   1   1 E -4.0955950781648E+04 DE-4.4E-08( 12)
  0.153430010406E+02  0.000000000000E+00  0.000000000000E+00
  0.000000000000E+00  0.153430010406E+02  0.000000000000E+00
  0.000000000000E+00  0.000000000000E+00  0.500000000000E+03
    1
  0.100000000000E+01  0.000000000000E+00  0.000000000000E+00
  0.000000000000E+00  0.100000000000E+01  0.000000000000E+00
  0.000000000000E+00  0.000000000000E+00  0.100000000000E+01
  0.000000000000E+00  0.000000000000E+00  0.000000000000E+00
  225
    8      1.797420029856      2.654028761299      3.942589359238
    8     28.834373059103     29.718767327984      3.859474784924
    8      1.849281452367     -1.219594029572      3.961588943823
    8     -1.882041775889      2.282112702843      4.067134964386
    8      2.123288161288      6.375856094968      4.007362872990
    8     28.683482484042     24.010471903514      3.901426692214
    8      1.805977123942     -5.325941417633      4.055213865255
    8     -1.667700512793      5.512351912848      4.105969354514
    8      5.468856684350      2.602629591401      3.996774670056
    8     -5.144131926671     -2.286886287265      4.678799560748
    8      5.584764628541     -1.202714649281      3.956557865059
    8     -7.146032107304      0.280048602374      4.082960172961
    8      5.838553955645      6.220354705960      4.071197439434
    8     -5.263198385860     -4.945231309538      4.406084265988
    8      5.710393108233     -5.614429380685      4.106511256344
    8     -4.525100397861      3.987360029100      3.974867555304
  258      0.042668307429      1.934936228375      3.049784209688
  258      0.023044649219     -1.868908414204      3.019571241955
  258      0.050209833140      5.756499329857      3.051116172155
  258      0.003301857862     -5.728119069522      3.040968275126
  258      3.776161733870      1.950810735337      3.049151391693
  258     -3.603092729544     -1.910477877871      3.062186211545
  258      3.765399297293     -1.845593827159      3.028506832619
  258     -3.651666270484      2.044600376512      3.065938970198
  258      3.802658519362      5.743834484552      3.061247079532
  258     -3.646732022994     -5.755076238793      3.055593502714
  258      3.781764669150     -5.782671217020      3.044349599950
  258     -3.656238228569      5.656486981950      3.094821644907
  258      7.482429880431      1.861950058256      3.060275463847
  258      7.526620918716     -1.743722790623      3.077957158942
  258      7.523839007007      5.833788990753      3.036227830659
  258      7.558987633249     -5.758371551173      3.088814986342
    8      1.928287497895      1.867683755782      1.564344117573
    8     -1.835298470012     -1.961904801370      1.556688916120
    8      1.952431295923     -1.966583117292      1.570425725289
    8     -1.866747877128      1.900354696386      1.600219466902
    8      1.914465751089      5.698058080380      1.588482001835
    8     -1.837572599483     -5.698243453618      1.569225151221
    8      1.963531137752     -5.807647047883      1.594974682244
    8     -1.860053656648      5.785520448937      1.619143868533
    8      5.689991856758      1.862402684982      1.601811600028
    8     -5.804881510038     -1.851400243843      1.893783781040
    8      5.713181153649     -1.962715732710      1.611365504684
    8     -5.737557755790      1.952553850487      1.923897078726
    8      5.711899992666      5.712300840961      1.608901248214
    8     -5.819284661825     -5.757307813889      1.787467549576
    8      5.705505305888     -5.758298161833      1.620577636118
    8     -5.778691289772      5.735169011879      1.877075195525
    8      0.047739030385     -0.007221948726      1.858194525340
    8      0.005137533622      3.827560298402      1.895944500140
    8      0.094683450556     -3.841887291688      1.891150959171
    8      0.053434452768      7.680765207317      1.927258023230
    8      3.799824917776     -0.013919549640      1.883564421401
    8     -3.805600010504      0.012995196488      1.937852041634
    8      3.802010525003      3.820965485964      1.889139831342
    8     -3.853662131507     -3.809077767933      1.833407242647
    8      3.822814955523     -3.862889637024      2.047656727355
    8     -3.681719927103      3.842822473196      1.688493902398
    8      3.840770905342      7.651440001132      1.932438788305
    8     -3.839184517620      7.651127238900      1.912949768799
    8      7.557244825346      0.010904310282      1.689582578025
    8      7.630325040756      3.830939668859      1.982972213017
    8      7.626940438346     -3.814085306876      1.995839094388
    8      7.529807245200      7.675701393668      1.798062796089
  258      1.911702088573     -0.003724659483      0.403968449167
  258     -1.899642846468      0.018006351024      0.428069690787
  258      1.920102659268      3.821199808357      0.419921605068
  258     -1.900853256315     -3.831677365178      0.399901635903
  258      1.915112282059     -3.851611933934      0.427377239500
  258     -1.876098054640      3.845018109221      0.393588865636
  258      1.912455598621      7.651436080523      0.427758995429
  258     -1.906119058381      7.665410360561      0.442088175614
  258      5.719554672478     -0.004968631423      0.387859658116
  258     -5.742393929227      0.019670736049      0.537356643391
  258      5.732599780162      3.821427087170      0.439673569467
  258     -5.759521758519     -3.814548826382      0.555133943425
  258      5.751475117521     -3.833270376853      0.458588065638
  258     -5.747488261491      3.841759509067      0.540660925043
  258      5.728814815589      7.675304106373      0.413078764828
  258     -5.749973559600      7.676150119163      0.541954153464
    8     -0.006698467669      0.000727232982     -0.801652158320
    8      0.019620644181      3.839766239296     -0.808068520119
    8      0.003721048061     -3.842543773232     -0.795241614338
    8     -0.002533025252      7.665280298324     -0.772485178036
    8      3.820971654701     -0.005756468662     -0.813951775775
    8     -3.845471141736      0.010891200215     -0.752784915717
    8      3.838669385719      3.832232849804     -0.788409020271
    8     -3.853102972010     -3.831788634760     -0.784255349075
    8      3.840004384230     -3.842316851308     -0.745164658765
    8     -3.855641654981      3.840363380738     -0.831552296942
    8      3.825027129889      7.672302151276     -0.785442645159
    8     -3.848841406849      7.672945983313     -0.750717730174
    8      7.694112867217      0.003958217479     -0.834747811105
    8      7.684528518009      3.837149163334     -0.732683914082
    8      7.684550992624     -3.832027743173     -0.731737477515
    8      7.686704359284      7.669520767351     -0.793093414809
    8      1.916855379779      1.914720877166     -0.987826703168
    8     -1.924618670166     -1.908357255262     -0.980798861563
    8      1.913228202410     -1.933858405808     -0.983847720118
    8     -1.914544817190      1.919264180536     -0.969725821185
    8      1.922353316743      5.754031783928     -0.973903801991
    8     -1.924358789910     -5.766271754010     -0.974197189318
    8      1.913150709639     -5.764665417806     -0.970488759267
    8     -1.915194216327      5.766682079317     -0.961566161390
    8      5.754157618595      1.922340822078     -0.968831543197
    8     -5.746319488302     -1.906696404746     -0.813538822547
    8      5.753294864768     -1.931537036913     -0.964932194850
    8     -5.753553766310      1.927793134685     -0.804646236117
    8      5.753743323344      5.746844723297     -0.959386209473
    8     -5.750940357199     -5.750190686347     -0.849558310512
    8      5.756625093335     -5.752526978422     -0.957098881407
    8     -5.754993106655      5.752374191960     -0.819917078635
  258      0.000183078646      1.915230313361     -2.190353991412
  258     -0.002872162280     -1.918998388870     -2.184414062422
  258      0.002082596536      5.757222313407     -2.184827423856
  258     -0.003171446216     -5.757426732097     -2.179794073857
  258      3.836069874666      1.919430663833     -2.188795953282
  258     -3.852783841954     -1.916100454396     -2.146208262283
  258      3.835111582096     -1.926419865348     -2.182018303097
  258     -3.849947299193      1.925439629530     -2.148294123473
  258      3.838951148043      5.749478121121     -2.179755460499
  258     -3.855333122816     -5.751977855965     -2.144574337126
  258      3.837488956960     -5.753535887557     -2.175033208400
  258     -3.851716257147      5.754393334630     -2.146169494087
  258      7.688035332760      1.916757606535     -2.146183641130
  258      7.689093388049     -1.914883257960     -2.143798173661
  258      7.685635942951      5.754618385729     -2.141303649022
  258      7.689548261267     -5.752734342527     -2.141122928098
    8      1.918601679129      1.918596965660     -3.629997864398
    8     -1.919119303252     -1.917637895800     -3.622119027284
    8      1.919941888479     -1.918591313851     -3.627218941699
    8     -1.919013306517      1.918761854673     -3.619362106314
    8      1.918273360641      5.753932958695     -3.622585659938
    8     -1.915627285898     -5.753984582262     -3.620577272876
    8      1.920076090638     -5.753857520620     -3.620156807061
    8     -1.916515111959      5.753127654994     -3.615328980056
    8      5.754714611132      1.918612570385     -3.618672186442
    8     -5.754342058110     -1.917060538356     -3.572892506778
    8      5.753076989504     -1.918258627318     -3.615703049100
    8     -5.753801700725      1.918480574281     -3.571403759189
    8      5.754251291254      5.753361026261     -3.613448653710
    8     -5.755939664134     -5.753466920116     -3.584098767385
    8      5.750846045608     -5.753586003160     -3.611834095059
    8     -5.755823761052      5.752927459933     -3.574021191642
    8      0.000000000000      0.000000000000     -3.390356274875
    8      0.000000000000      3.835750260159     -3.390356274875
    8      0.000000000000     -3.835750260159     -3.390356274875
    8      0.000000000000      7.671500520300     -3.390356274875
    8      3.835750260161      0.000000000000     -3.390356274875
    8     -3.835750260161      0.000000000000     -3.390356274875
    8      3.835750260161      3.835750260159     -3.390356274875
    8     -3.835750260161     -3.835750260159     -3.390356274875
    8      3.835750260161     -3.835750260159     -3.390356274875
    8     -3.835750260161      3.835750260159     -3.390356274875
    8      3.835750260161      7.671500520300     -3.390356274875
    8     -3.835750260161      7.671500520300     -3.390356274875
    8      7.671500520300      0.000000000000     -3.390356274875
    8      7.671500520300      3.835750260159     -3.390356274875
    8      7.671500520300     -3.835750260159     -3.390356274875
    8      7.671500520300      7.671500520300     -3.390356274875
  258      1.917875130081      0.000000000000     -4.746498784825
  258     -1.917875130081      0.000000000000     -4.746498784825
  258      1.917875130081      3.835750260159     -4.746498784825
  258     -1.917875130081     -3.835750260159     -4.746498784825
  258      1.917875130081     -3.835750260159     -4.746498784825
  258     -1.917875130081      3.835750260159     -4.746498784825
  258      1.917875130081      7.671500520300     -4.746498784825
  258     -1.917875130081      7.671500520300     -4.746498784825
  258      5.753625390240      0.000000000000     -4.746498784825
  258     -5.753625390240      0.000000000000     -4.746498784825
  258      5.753625390240      3.835750260159     -4.746498784825
  258     -5.753625390240     -3.835750260159     -4.746498784825
  258      5.753625390240     -3.835750260159     -4.746498784825
  258     -5.753625390240      3.835750260159     -4.746498784825
  258      5.753625390240      7.671500520300     -4.746498784825
  258     -5.753625390240      7.671500520300     -4.746498784825
    8      0.000000000000      0.000000000000     -6.100000000000
    8      0.000000000000      3.835750260159     -6.100000000000
    8      0.000000000000     -3.835750260159     -6.100000000000
    8      0.000000000000      7.671500520300     -6.100000000000
    8      3.835750260161      0.000000000000     -6.100000000000
    8     -3.835750260161      0.000000000000     -6.100000000000
    8      3.835750260161      3.835750260159     -6.100000000000
    8     -3.835750260161     -3.835750260159     -6.100000000000
    8      3.835750260161     -3.835750260159     -6.100000000000
    8     -3.835750260161      3.835750260159     -6.100000000000
    8      3.835750260161      7.671500520300     -6.100000000000
    8     -3.835750260161      7.671500520300     -6.100000000000
    8      7.671500520300      0.000000000000     -6.100000000000
    8      7.671500520300      3.835750260159     -6.100000000000
    8      7.671500520300     -3.835750260159     -6.100000000000
    8      7.671500520300      7.671500520300     -6.100000000000
    1     23.504156067806     21.500714712455      5.950696157391
    6     22.181309396800     27.266082974331      5.827827118664
    6     22.371934241861     28.581470256515      6.562870640511
    1     21.491410004778     28.769668697156      7.188210407536
    1     23.254483832919     28.542596088451      7.205442298375
    1     22.471158128228     29.425281042100      5.874801381931
    1     22.163877686866     26.403278831762      6.500645332174
    1     21.262632530032     27.260638258677      5.235248515541
    1     24.729029279041     23.758285761377      5.815355007106
    6     24.591932207352     21.574328575389      5.805469395767
    1     24.927001169553     20.727737765819      5.184317661748
    1     25.077059505470     21.465184006063      6.779641595444
   14     24.928968502388     27.020700192746      5.229839326816
    8     23.243356733422     27.044276541069      4.843833585398
    8     25.046963262295     26.827648052280      6.852734695530
    8     28.637900800832     26.849570858530      3.812160228717
    6     28.661424560804     26.821885436017      5.232986378904
    6     25.757030585560     27.749209580414      7.689837066275
    6     30.000015986140     27.289728112362      5.797372440743
    6     25.230400763870     27.640656388890      9.108326719532
    1     30.086699045794     27.065502298816      6.865919807194
    1     25.779502196005     28.322172471311      9.769950399743
    1     24.167678449403     27.900457546959      9.151176824579
    1     25.345081259453     26.620679592445      9.487842327258
    1     26.832377582061     27.506741865878      7.656189483407
    1     25.644600718440     28.772201697356      7.301278694277
    1     27.855074706168     27.463574399600      5.634838492525
    1     28.453150360393     25.790583834387      5.565584371228
    1     30.105967249628     28.377120165082      5.690426511979
    1     30.851955095404     26.794474637147      5.299899118033
    8     24.167571045634     23.039459677659      3.953392296642
    6     24.904164531142     22.911712839802      5.134192286667
    1     26.008220620669     22.971458057836      4.917893778234
    0    0
