   2   1   1 E -4.0955955031192E+04 DE 1.7E-07(  3)
  0.153430010406E+02  0.000000000000E+00  0.000000000000E+00
  0.000000000000E+00  0.153430010406E+02  0.000000000000E+00
  0.000000000000E+00  0.000000000000E+00  0.500000000000E+03
    1
  0.100000000000E+01  0.000000000000E+00  0.000000000000E+00
  0.000000000000E+00  0.100000000000E+01  0.000000000000E+00
  0.000000000000E+00  0.000000000000E+00  0.100000000000E+01
  0.000000000000E+00  0.000000000000E+00  0.000000000000E+00
  225
    8      1.873833313309      2.646577221156      3.938892179819
    8     28.770251193414     29.764626867970      3.847189017532
    8      1.742760971542     -1.166094489334      3.954828517920
    8     -1.811295157833      2.322771293029      4.049604981900
    8      2.107905204136      6.394482864319      3.997959515665
    8     28.693522797813     24.047270840564      3.915924125055
    8      1.812868024543     -5.295982854976      4.049997082768
    8     -1.677275094939      5.562286137390      4.113891397065
    8      5.561970343456      2.538019377809      3.998250845360
    8     -5.152286999081     -2.308452255027      4.678205818575
    8      5.467989905289     -1.219849638271      3.986099676811
    8     -7.221135257735      0.131671848186      4.064573317794
    8      5.821749638326      6.170441192717      4.084674959222
    8     -5.299019065704     -4.966162496641      4.397614232956
    8      5.711233773947     -5.638218113939      4.107923305623
    8     -4.467459305318      3.941255055899      3.992838016867
  258      0.060013314308      1.924523345441      3.046609677629
  258      0.014033349472     -1.860748168026      3.021787929833
  258      0.050007077742      5.756488633977      3.051767427762
  258      0.008355626190     -5.726768223427      3.041611030049
  258      3.781950043929      1.942893664917      3.046461029467
  258     -3.612121469777     -1.899323193677      3.063745056393
  258      3.760548978352     -1.846118014151      3.032106457976
  258     -3.627664914238      2.040276124253      3.065766436169
  258      3.794445134686      5.746780197524      3.059706782322
  258     -3.645851210132     -5.745858179926      3.058896294724
  258      3.782773181887     -5.779217402293      3.043913086671
  258     -3.648286948724      5.649204966436      3.092888832914
  258      7.469194694031      1.853487830536      3.051559663968
  258      7.530625525831     -1.736762075701      3.082219119619
  258      7.511485347609      5.830961022137      3.036626476208
  258      7.561452252666     -5.758797615188      3.091136422017
    8      1.927016483676      1.866618964315      1.562195869216
    8     -1.838699300185     -1.960489356161      1.552930238331
    8      1.956353442044     -1.968104946205      1.574823719889
    8     -1.865329464105      1.899206929684      1.597778670837
    8      1.918185154241      5.696117485427      1.585916922758
    8     -1.839787268624     -5.699094290436      1.572348162371
    8      1.961314754496     -5.812150818301      1.597085691457
    8     -1.856439746533      5.776479988727      1.620848415979
    8      5.686406511178      1.865774536828      1.595006470212
    8     -5.808159299754     -1.846320494872      1.888279739981
    8      5.719036735553     -1.952811117373      1.621293845358
    8     -5.747172105222      1.953229899677      1.958144240344
    8      5.705862189806      5.717114390361      1.609127881328
    8     -5.819728613120     -5.766395334254      1.785993941474
    8      5.708840974082     -5.754926999401      1.620416038940
    8     -5.772224468274      5.724932696948      1.900710684945
    8      0.037413941307     -0.001851112899      1.837237075283
    8      0.016659133423      3.822635122990      1.904757452612
    8      0.091010436940     -3.846156363839      1.890703870833
    8      0.049932647109      7.677655784992      1.928220250660
    8      3.794586779328     -0.007002601018      1.878159495698
    8     -3.816907345634      0.028648957401      1.916625958992
    8      3.811772411546      3.817183451615      1.900114662639
    8     -3.859400406859     -3.813413264804      1.828749395768
    8      3.828206949808     -3.865089978611      2.041243927806
    8     -3.680439070106      3.835945015765      1.687173227868
    8      3.842656571734      7.653440529877      1.933764624485
    8     -3.832499105535      7.648758805091      1.925557492361
    8      7.553580268081      0.029060302438      1.675249956998
    8      7.622634841450      3.827539044403      1.982714483430
    8      7.632535182392     -3.815949321360      1.992181769091
    8      7.528837911033      7.669607259639      1.797382953969
  258      1.910223142654     -0.006849308121      0.401769335645
  258     -1.899854232235      0.016412391371      0.425042491821
  258      1.921612300790      3.820145946223      0.419343102515
  258     -1.901722269077     -3.830182236644      0.402811170275
  258      1.913986662324     -3.851059788023      0.429066235522
  258     -1.872807855941      3.843079486754      0.390743686894
  258      1.911755826707      7.652106112884      0.426786208913
  258     -1.906257364769      7.666533201726      0.444609747073
  258      5.717386316060     -0.008053670085      0.383346344438
  258     -5.740934494396      0.021016489738      0.537982852441
  258      5.732363473271      3.824545447293      0.436462654150
  258     -5.759126148397     -3.812689941532      0.556191089789
  258      5.752871965363     -3.830550215100      0.461526400507
  258     -5.749070059140      3.838014032755      0.547813466263
  258      5.728356690310      7.678726031737      0.411806769832
  258     -5.750006625616      7.673835105505      0.547176214528
    8     -0.006003970833      0.000958950639     -0.809741453099
    8      0.021896520381      3.839245610650     -0.805711580439
    8      0.003671597404     -3.842972913226     -0.795465881976
    8     -0.003280487516      7.664994977803     -0.771510243773
    8      3.819838967383     -0.006059454536     -0.817473647815
    8     -3.846929435783      0.011252619488     -0.761601942246
    8      3.838746833294      3.834253716776     -0.785860960468
    8     -3.853237807572     -3.832541101172     -0.786536336517
    8      3.840210537171     -3.842570835891     -0.745426769279
    8     -3.856947531640      3.840894161970     -0.830431575985
    8      3.824098882848      7.671564786372     -0.785342300100
    8     -3.848981074305      7.670829743641     -0.745642226634
    8      7.692536591429      0.003384984035     -0.841722934688
    8      7.685655531987      3.837641435613     -0.732613441624
    8      7.684402462911     -3.833031669342     -0.732506850273
    8      7.688440674420      7.669358206355     -0.792379268069
    8      1.918296849200      1.915662930262     -0.988790190823
    8     -1.924507074779     -1.909163522418     -0.983497747783
    8      1.913066092859     -1.935017637119     -0.981619368848
    8     -1.914167395187      1.921071600242     -0.971233994246
    8      1.921151905405      5.753650226004     -0.975214810818
    8     -1.924235129248     -5.768977994265     -0.971785319449
    8      1.913140733792     -5.764985351880     -0.968521674144
    8     -1.915294817055      5.765695458076     -0.959849432054
    8      5.753577174218      1.924427836666     -0.971235353825
    8     -5.747026906555     -1.907232495707     -0.816026140124
    8      5.751958952371     -1.932187062867     -0.962546973171
    8     -5.753476570089      1.930378558342     -0.792315092877
    8      5.754592205149      5.747549228161     -0.959807717857
    8     -5.750036807759     -5.753072595183     -0.849027833437
    8      5.756540114822     -5.751872090047     -0.956337754386
    8     -5.755390792103      5.750933331751     -0.806953693622
  258      0.000767456950      1.913945767084     -2.191558046401
  258     -0.003472475605     -1.919784504270     -2.184984696255
  258      0.001888855493      5.757781577487     -2.185413288979
  258     -0.003809929862     -5.756895389980     -2.178967320490
  258      3.835964003029      1.919192436174     -2.189750847776
  258     -3.853285788009     -1.916318613807     -2.146536852556
  258      3.834386970623     -1.927557496733     -2.182608898338
  258     -3.849982021703      1.925261810094     -2.147958107503
  258      3.838822540990      5.750573846949     -2.180580336392
  258     -3.855820718589     -5.751648389655     -2.142920394232
  258      3.837416192583     -5.752327606580     -2.174712159029
  258     -3.852593443338      5.754020207935     -2.143693321787
  258      7.688178716906      1.916351303894     -2.145712658613
  258      7.690302222129     -1.914837532791     -2.143809010527
  258      7.686968419548      5.755293357089     -2.140072170482
  258      7.690751395380     -5.751994317852     -2.140163163327
    8      1.918754037608      1.918640071749     -3.631107444883
    8     -1.918734360153     -1.917840234874     -3.624384633235
    8      1.920288841032     -1.918881976600     -3.626817002087
    8     -1.919482170328      1.919055993456     -3.619660562131
    8      1.918284550150      5.754082815591     -3.622807322266
    8     -1.915385913668     -5.754289439655     -3.619409677424
    8      1.920117804030     -5.753894146030     -3.618902145911
    8     -1.916883074282      5.753154042088     -3.613872981967
    8      5.755082363422      1.918658494236     -3.619482523244
    8     -5.754871838113     -1.916684591279     -3.574854037201
    8      5.752560495503     -1.918567915413     -3.615332823650
    8     -5.753838930179      1.919147993745     -3.567951899899
    8      5.754330072983      5.753412569509     -3.612874524904
    8     -5.756078591068     -5.753707248770     -3.584357894125
    8      5.750542668159     -5.753700621203     -3.611592311725
    8     -5.755668776032      5.752572438545     -3.569330236661
    8      0.000000000000      0.000000000000     -3.390356274875
    8      0.000000000000      3.835750260159     -3.390356274875
    8      0.000000000000     -3.835750260159     -3.390356274875
    8      0.000000000000      7.671500520300     -3.390356274875
    8      3.835750260161      0.000000000000     -3.390356274875
    8     -3.835750260161      0.000000000000     -3.390356274875
    8      3.835750260161      3.835750260159     -3.390356274875
    8     -3.835750260161     -3.835750260159     -3.390356274875
    8      3.835750260161     -3.835750260159     -3.390356274875
    8     -3.835750260161      3.835750260159     -3.390356274875
    8      3.835750260161      7.671500520300     -3.390356274875
    8     -3.835750260161      7.671500520300     -3.390356274875
    8      7.671500520300      0.000000000000     -3.390356274875
    8      7.671500520300      3.835750260159     -3.390356274875
    8      7.671500520300     -3.835750260159     -3.390356274875
    8      7.671500520300      7.671500520300     -3.390356274875
  258      1.917875130081      0.000000000000     -4.746498784825
  258     -1.917875130081      0.000000000000     -4.746498784825
  258      1.917875130081      3.835750260159     -4.746498784825
  258     -1.917875130081     -3.835750260159     -4.746498784825
  258      1.917875130081     -3.835750260159     -4.746498784825
  258     -1.917875130081      3.835750260159     -4.746498784825
  258      1.917875130081      7.671500520300     -4.746498784825
  258     -1.917875130081      7.671500520300     -4.746498784825
  258      5.753625390240      0.000000000000     -4.746498784825
  258     -5.753625390240      0.000000000000     -4.746498784825
  258      5.753625390240      3.835750260159     -4.746498784825
  258     -5.753625390240     -3.835750260159     -4.746498784825
  258      5.753625390240     -3.835750260159     -4.746498784825
  258     -5.753625390240      3.835750260159     -4.746498784825
  258      5.753625390240      7.671500520300     -4.746498784825
  258     -5.753625390240      7.671500520300     -4.746498784825
    8      0.000000000000      0.000000000000     -6.100000000000
    8      0.000000000000      3.835750260159     -6.100000000000
    8      0.000000000000     -3.835750260159     -6.100000000000
    8      0.000000000000      7.671500520300     -6.100000000000
    8      3.835750260161      0.000000000000     -6.100000000000
    8     -3.835750260161      0.000000000000     -6.100000000000
    8      3.835750260161      3.835750260159     -6.100000000000
    8     -3.835750260161     -3.835750260159     -6.100000000000
    8      3.835750260161     -3.835750260159     -6.100000000000
    8     -3.835750260161      3.835750260159     -6.100000000000
    8      3.835750260161      7.671500520300     -6.100000000000
    8     -3.835750260161      7.671500520300     -6.100000000000
    8      7.671500520300      0.000000000000     -6.100000000000
    8      7.671500520300      3.835750260159     -6.100000000000
    8      7.671500520300     -3.835750260159     -6.100000000000
    8      7.671500520300      7.671500520300     -6.100000000000
    1     23.531824304561     21.459250166248      5.961551796956
    6     22.159392738911     27.254600870921      5.822596256573
    6     22.342948796250     28.568830169372      6.559057771973
    1     21.475276024666     28.739543351641      7.206460642072
    1     23.240618922108     28.541369768357      7.180011647622
    1     22.412736195293     29.415486719854      5.872099898070
    1     22.150088504323     26.389670473939      6.493154827601
    1     21.240083657122     27.244446120882      5.230677899626
    1     24.737742958794     23.725668503731      5.826713779355
    6     24.614578050242     21.541065386565      5.784806602123
    1     24.932295012280     20.703711799912      5.141537624874
    1     25.131977913711     21.416055426149      6.740555066686
   14     24.909693410260     27.005049345256      5.225867355083
    8     23.223008267340     27.043842173775      4.838306517389
    8     25.025857263212     26.803535684934      6.848140120660
    8     28.610554961790     26.880230592145      3.818120805919
    6     28.646125767635     26.848318657597      5.238304120807
    6     25.736710232202     27.719710204747      7.689642163957
    6     29.989926264345     27.311933610724      5.792954462224
    6     25.191203562433     27.626751025248      9.102056219299
    1     30.083610098976     27.087082921468      6.860657668879
    1     25.749105752328     28.297762528049      9.767167453206
    1     24.134110159902     27.910284189507      9.132381558254
    1     25.279684979111     26.605368497217      9.485505659645
    1     26.808652042321     27.461866134159      7.671482437482
    1     25.644678939150     28.742568595470      7.294238250567
    1     27.844507540013     27.490354898672      5.648296835092
    1     28.440100128490     25.816054976390      5.569275871252
    1     30.101282027270     28.399387402279      5.687680807160
    1     30.836849270705     26.814372692345      5.289333398138
    8     24.133633333706     23.031598864806      3.969582142779
    6     24.900448323797     22.891511694149      5.127427737818
    1     25.998066396815     22.962726978765      4.884791780615
    0    0
