   2   1   1 E -4.0955954978655E+04 DE-4.4E-08( 10)
  0.153430010406E+02  0.000000000000E+00  0.000000000000E+00
  0.000000000000E+00  0.153430010406E+02  0.000000000000E+00
  0.000000000000E+00  0.000000000000E+00  0.500000000000E+03
    1
  0.100000000000E+01  0.000000000000E+00  0.000000000000E+00
  0.000000000000E+00  0.100000000000E+01  0.000000000000E+00
  0.000000000000E+00  0.000000000000E+00  0.100000000000E+01
  0.000000000000E+00  0.000000000000E+00  0.000000000000E+00
  225
    8      1.850333037899      2.650032031926      3.937618402198
    8     28.777031658338     29.758296913227      3.848088367465
    8      1.752352418356     -1.173770372101      3.956260554225
    8     -1.832191427709      2.315924784073      4.056045427675
    8      2.107940975900      6.388834852512      3.999681510499
    8     28.690750696701     24.043394966945      3.915357808037
    8      1.810707365074     -5.295965982984      4.050111020306
    8     -1.674508819364      5.555212055333      4.112992345072
    8      5.543556975638      2.536322652906      3.997627196991
    8     -5.158634504450     -2.301057753371      4.675585802872
    8      5.477701580763     -1.267579102094      3.998232833219
    8     -7.248463887376      0.137589893317      4.075820681177
    8      5.823093725092      6.162693578458      4.087102293036
    8     -5.294543214380     -4.959465361215      4.394098761304
    8      5.708609530907     -5.645110204785      4.108051828098
    8     -4.478644200852      3.956073398442      3.989492041771
  258      0.058975281057      1.926123423561      3.046285946156
  258      0.014428432730     -1.861951781947      3.021461812716
  258      0.051438575631      5.755387222715      3.052640216161
  258      0.009511787214     -5.728224670437      3.041147087123
  258      3.780872431332      1.944501406724      3.045639843416
  258     -3.611311807213     -1.901420582940      3.063502575930
  258      3.757032747467     -1.850595027714      3.032084052683
  258     -3.627967398038      2.042148514806      3.066472199495
  258      3.796175674054      5.747387760229      3.059671828454
  258     -3.645415065672     -5.746847585792      3.058574484533
  258      3.784222766574     -5.778642187590      3.042701983319
  258     -3.648816520824      5.651140073126      3.094438612953
  258      7.471470407689      1.853894540474      3.049215639806
  258      7.524390664006     -1.738898055718      3.085551315814
  258      7.513378837035      5.833368611188      3.036400299258
  258      7.561743406929     -5.756776616272      3.090808376279
    8      1.930341436903      1.866782140225      1.562061133650
    8     -1.838761366908     -1.961029055626      1.552772885232
    8      1.952920666297     -1.968095190119      1.572647910223
    8     -1.862117920672      1.899595953958      1.599149517149
    8      1.919012444960      5.696621538220      1.585118218658
    8     -1.839715614582     -5.699638819782      1.571896398226
    8      1.959712285949     -5.812579990063      1.597791135697
    8     -1.856822045102      5.777196422777      1.620097548750
    8      5.689035713348      1.866875464924      1.595263686035
    8     -5.808036878331     -1.847202355605      1.886352687248
    8      5.717249411320     -1.949703373628      1.616831281287
    8     -5.751445433619      1.950678063742      1.961273329648
    8      5.706987781687      5.718423719210      1.608950068880
    8     -5.822988060541     -5.765273736982      1.784352916830
    8      5.707349257610     -5.753129766743      1.619923406083
    8     -5.776161737487      5.726209778426      1.896952594978
    8      0.039720234972     -0.001847196143      1.840248448221
    8      0.014833508505      3.823089093120      1.901691255411
    8      0.089378233759     -3.846341673389      1.891526744676
    8      0.050232274235      7.676941138681      1.928705467872
    8      3.798566737756     -0.007243229594      1.886267281837
    8     -3.815598428270      0.026781302636      1.918433216784
    8      3.811092050341      3.818231800221      1.899614408989
    8     -3.859259015894     -3.813077344695      1.826915138861
    8      3.825820882947     -3.864854180292      2.038655849173
    8     -3.681778626677      3.836117394974      1.685880104248
    8      3.842777382457      7.653779673438      1.934771526989
    8     -3.834377245206      7.649346364148      1.922822821264
    8      7.554579795186      0.029305574382      1.677545063485
    8      7.621766183695      3.827595088014      1.986617551923
    8      7.629553116431     -3.815654959086      1.993891124789
    8      7.527416678060      7.671878747997      1.798005193504
  258      1.910369781784     -0.006574381409      0.402050889304
  258     -1.899824170915      0.016493045761      0.426055018075
  258      1.921107880823      3.820905084846      0.418852763173
  258     -1.901648477558     -3.830943411007      0.402548606968
  258      1.913265828663     -3.852036236554      0.427811671499
  258     -1.873333038500      3.843232881844      0.391698681875
  258      1.911840643221      7.651822972450      0.426336601122
  258     -1.905960802657      7.665763313551      0.444556722739
  258      5.718271473911     -0.008043556615      0.383305809704
  258     -5.740947669111      0.018862532421      0.538628241910
  258      5.731905532197      3.825154291449      0.436689930232
  258     -5.759055256276     -3.811799234034      0.556566955174
  258      5.752744132769     -3.829504720149      0.460443829123
  258     -5.748896487424      3.838592068375      0.548122958601
  258      5.729027962486      7.679205698957      0.411726152006
  258     -5.749662267516      7.674695625780      0.546179277025
    8     -0.005798031542      0.001528630360     -0.807617703613
    8      0.021258788661      3.839049286809     -0.806050140655
    8      0.003679941715     -3.842641852939     -0.795745407703
    8     -0.002715470183      7.664902439981     -0.771455345902
    8      3.819766446461     -0.006087226380     -0.814497486884
    8     -3.847118261994      0.011044169417     -0.760736711956
    8      3.838729619065      3.834299733688     -0.785799492166
    8     -3.852838434312     -3.832638167343     -0.787128715489
    8      3.839459517920     -3.841853634670     -0.745563348784
    8     -3.857751409652      3.840872949224     -0.830956174819
    8      3.824182967562      7.671594911064     -0.785031441488
    8     -3.848815499513      7.670556422016     -0.746512241923
    8      7.692759660187      0.003559382637     -0.840956406761
    8      7.685691669620      3.837829176492     -0.731059754051
    8      7.684567867665     -3.832958404739     -0.732190518860
    8      7.687838030938      7.669687274704     -0.792578249262
    8      1.917990364075      1.915302724884     -0.989495389847
    8     -1.924215128786     -1.908160183061     -0.983401266475
    8      1.913025247183     -1.933810421973     -0.982428968060
    8     -1.914797204014      1.920654679863     -0.970713075321
    8      1.921263483236      5.753092847550     -0.975805674844
    8     -1.923766155221     -5.769165357108     -0.972300751544
    8      1.913197797263     -5.764724873975     -0.968250203844
    8     -1.915050131187      5.765519727404     -0.960547052450
    8      5.753417976105      1.925206150596     -0.971807110045
    8     -5.746999525621     -1.907768876112     -0.817101232579
    8      5.752190321359     -1.931943496707     -0.965102774757
    8     -5.753559503946      1.930434235656     -0.790864370306
    8      5.754651596299      5.747537742166     -0.959889762428
    8     -5.749841287491     -5.753295184445     -0.850425683029
    8      5.756278178256     -5.751288636618     -0.956720773026
    8     -5.755437799889      5.751016236283     -0.808452468117
  258      0.000315666689      1.914037953236     -2.191366288489
  258     -0.003671979804     -1.919576453886     -2.185055217756
  258      0.001482789260      5.757554558155     -2.185628810294
  258     -0.004145502585     -5.757205832347     -2.179397405452
  258      3.835969295043      1.919349794856     -2.189858172755
  258     -3.852960732586     -1.916233852970     -2.146404783159
  258      3.834303955515     -1.927542177894     -2.182820135173
  258     -3.850144149941      1.925176804085     -2.147376095127
  258      3.838905860086      5.750741629353     -2.180706894588
  258     -3.855743833867     -5.751638052186     -2.143092576182
  258      3.837640949806     -5.752320827063     -2.175092710278
  258     -3.852689619901      5.754042971945     -2.143652224170
  258      7.688544340076      1.916420451406     -2.145408034031
  258      7.690540388787     -1.914779815495     -2.144345161224
  258      7.686962448163      5.755382396599     -2.140148710591
  258      7.690896658961     -5.751849878971     -2.140378971548
    8      1.918839081576      1.918622939718     -3.631421708290
    8     -1.918515651684     -1.917868003034     -3.623919401262
    8      1.920327283864     -1.918956409070     -3.627413290314
    8     -1.919406122054      1.918979131703     -3.619342164414
    8      1.918392531850      5.754178229325     -3.623232813298
    8     -1.915109510705     -5.754230145559     -3.619366971968
    8      1.920190799405     -5.753911424544     -3.618801604820
    8     -1.916588990820      5.753129818395     -3.614267691178
    8      5.754943972592      1.918633343868     -3.619365193533
    8     -5.754836814274     -1.916603872304     -3.575448035956
    8      5.752385611493     -1.918562300766     -3.616286159524
    8     -5.754336080603      1.918930262472     -3.567439083418
    8      5.754323304810      5.753424729075     -3.612655203957
    8     -5.756164569520     -5.753832965733     -3.585419598441
    8      5.750298507960     -5.753791434601     -3.611291369209
    8     -5.755820924159      5.752489612678     -3.570188891162
    8      0.000000000000      0.000000000000     -3.390356274875
    8      0.000000000000      3.835750260159     -3.390356274875
    8      0.000000000000     -3.835750260159     -3.390356274875
    8      0.000000000000      7.671500520300     -3.390356274875
    8      3.835750260161      0.000000000000     -3.390356274875
    8     -3.835750260161      0.000000000000     -3.390356274875
    8      3.835750260161      3.835750260159     -3.390356274875
    8     -3.835750260161     -3.835750260159     -3.390356274875
    8      3.835750260161     -3.835750260159     -3.390356274875
    8     -3.835750260161      3.835750260159     -3.390356274875
    8      3.835750260161      7.671500520300     -3.390356274875
    8     -3.835750260161      7.671500520300     -3.390356274875
    8      7.671500520300      0.000000000000     -3.390356274875
    8      7.671500520300      3.835750260159     -3.390356274875
    8      7.671500520300     -3.835750260159     -3.390356274875
    8      7.671500520300      7.671500520300     -3.390356274875
  258      1.917875130081      0.000000000000     -4.746498784825
  258     -1.917875130081      0.000000000000     -4.746498784825
  258      1.917875130081      3.835750260159     -4.746498784825
  258     -1.917875130081     -3.835750260159     -4.746498784825
  258      1.917875130081     -3.835750260159     -4.746498784825
  258     -1.917875130081      3.835750260159     -4.746498784825
  258      1.917875130081      7.671500520300     -4.746498784825
  258     -1.917875130081      7.671500520300     -4.746498784825
  258      5.753625390240      0.000000000000     -4.746498784825
  258     -5.753625390240      0.000000000000     -4.746498784825
  258      5.753625390240      3.835750260159     -4.746498784825
  258     -5.753625390240     -3.835750260159     -4.746498784825
  258      5.753625390240     -3.835750260159     -4.746498784825
  258     -5.753625390240      3.835750260159     -4.746498784825
  258      5.753625390240      7.671500520300     -4.746498784825
  258     -5.753625390240      7.671500520300     -4.746498784825
    8      0.000000000000      0.000000000000     -6.100000000000
    8      0.000000000000      3.835750260159     -6.100000000000
    8      0.000000000000     -3.835750260159     -6.100000000000
    8      0.000000000000      7.671500520300     -6.100000000000
    8      3.835750260161      0.000000000000     -6.100000000000
    8     -3.835750260161      0.000000000000     -6.100000000000
    8      3.835750260161      3.835750260159     -6.100000000000
    8     -3.835750260161     -3.835750260159     -6.100000000000
    8      3.835750260161     -3.835750260159     -6.100000000000
    8     -3.835750260161      3.835750260159     -6.100000000000
    8      3.835750260161      7.671500520300     -6.100000000000
    8     -3.835750260161      7.671500520300     -6.100000000000
    8      7.671500520300      0.000000000000     -6.100000000000
    8      7.671500520300      3.835750260159     -6.100000000000
    8      7.671500520300     -3.835750260159     -6.100000000000
    8      7.671500520300      7.671500520300     -6.100000000000
    1     23.526032108485     21.471239342463      5.961505301032
    6     22.166160845056     27.241431333800      5.836490096769
    6     22.344467862500     28.558114951207      6.570566247499
    1     21.471550345466     28.732543538583      7.209279816611
    1     23.236356316125     28.531470615367      7.199795410566
    1     22.422451818154     29.402489039786      5.882127347133
    1     22.176379926131     26.377817633395      6.509520984866
    1     21.241677480274     27.218866014219      5.254028301734
    1     24.737811005963     23.736106219480      5.823167195276
    6     24.609930743205     21.551189946881      5.790190713645
    1     24.930788956258     20.711771149694      5.151275267499
    1     25.122104126210     21.430214303631      6.749337227166
   14     24.910643707529     27.009135145118      5.224349954120
    8     23.223269403323     27.040657125065      4.841736303234
    8     25.033429047866     26.806072740317      6.845884867261
    8     28.605234654810     26.878124742297      3.818596856716
    6     28.642496563279     26.846902157836      5.238656437004
    6     25.742369359409     27.723468930697      7.687321275698
    6     29.987451578904     27.309017629205      5.791621864339
    6     25.203773533798     27.622473212815      9.101752520510
    1     30.082749095151     27.082806794515      6.858864430846
    1     25.762982489737     28.292211684389      9.766774131469
    1     24.146114597244     27.902608725184      9.138772333046
    1     25.297465258249     26.599787265689      9.480349598560
    1     26.815803699507     27.472006091256      7.663849823045
    1     25.642450797357     28.747185458761      7.295859603631
    1     27.842259552853     27.490373049417      5.649324810743
    1     28.434832783563     25.815263273370      5.570508758419
    1     30.098824217161     28.396480161786      5.687171640762
    1     30.833353262447     26.811635876272      5.286257524119
    8     24.137215085483     23.034925505096      3.967665534361
    6     24.900631890667     22.898261330328      5.128420509380
    1     25.999025838625     22.965796393824      4.887907316794
    0    0
