   2   1   1 E -4.0955946741524E+04 DE-1.8E-07(  7)
  0.153430010406E+02  0.000000000000E+00  0.000000000000E+00
  0.000000000000E+00  0.153430010406E+02  0.000000000000E+00
  0.000000000000E+00  0.000000000000E+00  0.500000000000E+03
    1
  0.100000000000E+01  0.000000000000E+00  0.000000000000E+00
  0.000000000000E+00  0.100000000000E+01  0.000000000000E+00
  0.000000000000E+00  0.000000000000E+00  0.100000000000E+01
  0.000000000000E+00  0.000000000000E+00  0.000000000000E+00
  225
    8      1.736922119974      2.649006914762      3.952128345870
    8     28.874359296555     29.715763848409      3.857035185299
    8      1.924599787996     -1.250781401526      3.971801168538
    8     -1.946144738964      2.288621779902      4.062468635590
    8      2.136378832229      6.356470783309      4.015689113085
    8     28.681308197411     24.021423685634      3.908673832118
    8      1.804528829284     -5.350116822183      4.062039874005
    8     -1.665236222070      5.506925319492      4.105966639456
    8      5.400500131509      2.646591947066      4.001758871197
    8     -5.149393159153     -2.283370760237      4.672154541841
    8      5.710480451571     -1.124473006620      3.917493990239
    8     -6.875526330254      0.533005883688      4.093615088815
    8      5.856390586479      6.228927998888      4.070380723760
    8     -5.286746925277     -4.940559454207      4.391849044634
    8      5.718143227855     -5.598892945709      4.107997964360
    8     -4.594572523150      4.021031701313      3.950664343029
  258      0.016938683162      1.939316945271      3.053172141822
  258      0.028978395233     -1.867700248977      3.017084279192
  258      0.047151706285      5.752019351286      3.053389236729
  258      0.006490199362     -5.735674579975      3.041523637573
  258      3.770309525605      1.955932065984      3.055765140711
  258     -3.602915454547     -1.911086230894      3.061069421093
  258      3.777100943878     -1.839703018537      3.022603905640
  258     -3.697684551349      2.040627620187      3.068041932897
  258      3.810162745637      5.738550889876      3.066006518778
  258     -3.649503773509     -5.753765013274      3.056139598934
  258      3.784526578603     -5.784888818224      3.045790792895
  258     -3.669018913433      5.657708580640      3.092696896225
  258      7.511492094286      1.875007111133      3.074256553072
  258      7.541362813515     -1.769461565927      3.051140316779
  258      7.536687583081      5.832591722379      3.036301862136
  258      7.562940946756     -5.761848774335      3.089056183916
    8      1.926350902801      1.867467594073      1.569256229273
    8     -1.834221914281     -1.964338046240      1.561566319710
    8      1.955510776149     -1.964423962284      1.575314182327
    8     -1.877874411205      1.892042753394      1.600055188342
    8      1.908599904341      5.700387531021      1.590680328047
    8     -1.835888573609     -5.696111835481      1.572988321638
    8      1.964597417721     -5.804433000676      1.597045243387
    8     -1.861559555827      5.789164734542      1.618662058451
    8      5.691460680122      1.861252778142      1.605302925096
    8     -5.804295915010     -1.861633330533      1.888959444296
    8      5.706514771459     -1.977313650734      1.608383937903
    8     -5.722842626398      1.969662922178      1.851092225197
    8      5.709803873656      5.712168878329      1.610910710689
    8     -5.822134117646     -5.752954787417      1.779512988983
    8      5.702094009216     -5.758498463459      1.621302088166
    8     -5.776033279705      5.749110939693      1.856262624269
    8      0.055561726239     -0.012118873255      1.865322894408
    8     -0.003720597673      3.826706512087      1.892219872077
    8      0.094561620632     -3.836683990642      1.905826006097
    8      0.055008122709      7.681282082357      1.930650799117
    8      3.803588669380     -0.018654639503      1.886827654163
    8     -3.811323917972      0.002142607533      1.940883224296
    8      3.790412000661      3.823145501718      1.881499939387
    8     -3.853565339644     -3.805944099559      1.828607384797
    8      3.820500483502     -3.857551848842      2.060621906249
    8     -3.679954894901      3.847379369498      1.692007122276
    8      3.839914969512      7.652577646852      1.939248664636
    8     -3.836804671572      7.657187331872      1.911426863336
    8      7.568521691171     -0.003977884582      1.722373542794
    8      7.637743321788      3.843016573276      1.975209342749
    8      7.623419623315     -3.811445912476      1.998156025786
    8      7.529294753783      7.679338158212      1.799999531606
  258      1.912081136837      0.001336165863      0.405087835647
  258     -1.902045148550      0.019327514602      0.429954005201
  258      1.918089537874      3.821099626732      0.422788273656
  258     -1.901022477734     -3.832896636398      0.400620294741
  258      1.914624402167     -3.850914362235      0.428957243329
  258     -1.881644352913      3.843048364627      0.397114071204
  258      1.912993176467      7.648863836044      0.429942471241
  258     -1.907074282951      7.663548956769      0.442542755473
  258      5.724734206451      0.000710576819      0.396811325678
  258     -5.742036212686      0.023747358456      0.531825763764
  258      5.734678641286      3.819102612599      0.445589080762
  258     -5.755010485289     -3.818680891673      0.546433867910
  258      5.749173720552     -3.841897709573      0.450413835621
  258     -5.748882285835      3.847053175980      0.528805089958
  258      5.729551217984      7.671485939001      0.414800493460
  258     -5.749947887870      7.677018153060      0.537607967320
    8     -0.007380066493      0.001044742649     -0.798493029560
    8      0.016900718155      3.838028433843     -0.808723193579
    8      0.005698109343     -3.841285854631     -0.790118695976
    8     -0.001240818564      7.665481674871     -0.771469784379
    8      3.825507714928     -0.004324282351     -0.808676988100
    8     -3.845886665400      0.009361965873     -0.750887875924
    8      3.839642431503      3.831406736486     -0.789925040997
    8     -3.851890036204     -3.832574156057     -0.786279420531
    8      3.838064657686     -3.843258976840     -0.742483450326
    8     -3.856287740617      3.840517415175     -0.833370559563
    8      3.824099400621      7.671658218589     -0.783069284012
    8     -3.846918420719      7.674760951096     -0.752490704192
    8      7.691914816273      0.003700715393     -0.821980603951
    8      7.681868137025      3.836877325926     -0.739407876613
    8      7.683349692422     -3.834325458940     -0.731379856406
    8      7.684665227627      7.671661949203     -0.793105664682
    8      1.917038656130      1.913150874570     -0.986695535837
    8     -1.924414610872     -1.908692958985     -0.978417805489
    8      1.914413502916     -1.932182695248     -0.979978691772
    8     -1.915726630493      1.915764577859     -0.969663358168
    8      1.921473108981      5.753299604354     -0.972864723204
    8     -1.922634795647     -5.764089576447     -0.972701720609
    8      1.912989733806     -5.763024725896     -0.967996250998
    8     -1.916326008186      5.766690481568     -0.961328183741
    8      5.755277515269      1.919697697386     -0.966208167175
    8     -5.747671661375     -1.908574553675     -0.817634089949
    8      5.754376189651     -1.930910283776     -0.963397767178
    8     -5.755004776650      1.923925074910     -0.832260595400
    8      5.753808506933      5.747430811973     -0.957784707946
    8     -5.749686476168     -5.748532919941     -0.855583340888
    8      5.754914188680     -5.753320668516     -0.957522369039
    8     -5.755352318301      5.758414968340     -0.831440115564
  258     -0.000714136642      1.915857369557     -2.189481018985
  258     -0.002263202734     -1.917916330874     -2.183142692557
  258      0.001392980520      5.756033156333     -2.183697313706
  258     -0.002550738874     -5.758380558762     -2.178954833283
  258      3.837123152533      1.920257766837     -2.186510532145
  258     -3.851963516015     -1.915526539610     -2.147234904193
  258      3.835881869210     -1.923916425298     -2.179891742629
  258     -3.850020395683      1.925803755735     -2.150934316317
  258      3.838963138236      5.747556845351     -2.178047878832
  258     -3.853468062374     -5.752841102986     -2.146636036116
  258      3.835586776865     -5.755456522852     -2.176054705098
  258     -3.851140307043      5.754948698856     -2.148230852309
  258      7.687215225453      1.917767473728     -2.148354894056
  258      7.688292988048     -1.914181498691     -2.143292618080
  258      7.683871173549      5.754519159401     -2.143255642482
  258      7.689580286540     -5.754220793266     -2.143742510136
    8      1.918546703989      1.918328710035     -3.629971567524
    8     -1.918970168270     -1.917973195368     -3.620854224404
    8      1.919854218156     -1.918671910736     -3.624931316235
    8     -1.918131328888      1.918619891767     -3.620559815051
    8      1.918285312945      5.754098573000     -3.622238820363
    8     -1.915498384333     -5.754090216889     -3.619756385376
    8      1.920109861189     -5.753932495927     -3.618496278835
    8     -1.916153511360      5.753572834724     -3.615679463085
    8      5.753879921291      1.918440397758     -3.619111123254
    8     -5.754657700979     -1.917471513449     -3.572345341669
    8      5.753207015481     -1.918427764975     -3.614357426742
    8     -5.754048665512      1.918130400539     -3.579807355069
    8      5.754327369296      5.753644974758     -3.612924187888
    8     -5.756234685729     -5.753733681100     -3.585992422883
    8      5.750655645390     -5.753711080392     -3.611877927253
    8     -5.755771908378      5.753402349507     -3.576433966512
    8      0.000000000000      0.000000000000     -3.390356274875
    8      0.000000000000      3.835750260159     -3.390356274875
    8      0.000000000000     -3.835750260159     -3.390356274875
    8      0.000000000000      7.671500520300     -3.390356274875
    8      3.835750260161      0.000000000000     -3.390356274875
    8     -3.835750260161      0.000000000000     -3.390356274875
    8      3.835750260161      3.835750260159     -3.390356274875
    8     -3.835750260161     -3.835750260159     -3.390356274875
    8      3.835750260161     -3.835750260159     -3.390356274875
    8     -3.835750260161      3.835750260159     -3.390356274875
    8      3.835750260161      7.671500520300     -3.390356274875
    8     -3.835750260161      7.671500520300     -3.390356274875
    8      7.671500520300      0.000000000000     -3.390356274875
    8      7.671500520300      3.835750260159     -3.390356274875
    8      7.671500520300     -3.835750260159     -3.390356274875
    8      7.671500520300      7.671500520300     -3.390356274875
  258      1.917875130081      0.000000000000     -4.746498784825
  258     -1.917875130081      0.000000000000     -4.746498784825
  258      1.917875130081      3.835750260159     -4.746498784825
  258     -1.917875130081     -3.835750260159     -4.746498784825
  258      1.917875130081     -3.835750260159     -4.746498784825
  258     -1.917875130081      3.835750260159     -4.746498784825
  258      1.917875130081      7.671500520300     -4.746498784825
  258     -1.917875130081      7.671500520300     -4.746498784825
  258      5.753625390240      0.000000000000     -4.746498784825
  258     -5.753625390240      0.000000000000     -4.746498784825
  258      5.753625390240      3.835750260159     -4.746498784825
  258     -5.753625390240     -3.835750260159     -4.746498784825
  258      5.753625390240     -3.835750260159     -4.746498784825
  258     -5.753625390240      3.835750260159     -4.746498784825
  258      5.753625390240      7.671500520300     -4.746498784825
  258     -5.753625390240      7.671500520300     -4.746498784825
    8      0.000000000000      0.000000000000     -6.100000000000
    8      0.000000000000      3.835750260159     -6.100000000000
    8      0.000000000000     -3.835750260159     -6.100000000000
    8      0.000000000000      7.671500520300     -6.100000000000
    8      3.835750260161      0.000000000000     -6.100000000000
    8     -3.835750260161      0.000000000000     -6.100000000000
    8      3.835750260161      3.835750260159     -6.100000000000
    8     -3.835750260161     -3.835750260159     -6.100000000000
    8      3.835750260161     -3.835750260159     -6.100000000000
    8     -3.835750260161      3.835750260159     -6.100000000000
    8      3.835750260161      7.671500520300     -6.100000000000
    8     -3.835750260161      7.671500520300     -6.100000000000
    8      7.671500520300      0.000000000000     -6.100000000000
    8      7.671500520300      3.835750260159     -6.100000000000
    8      7.671500520300     -3.835750260159     -6.100000000000
    8      7.671500520300      7.671500520300     -6.100000000000
    1     23.483946071284     21.533583852759      5.949848108394
    6     22.186868247374     27.309906263903      5.839253340637
    6     22.402561123921     28.634496429382      6.551083925842
    1     21.541546219491     28.839330272129      7.197460092097
    1     23.300385045099     28.600143476529      7.170208992992
    1     22.485245175393     29.466672863702      5.848063226585
    1     22.165182703873     26.460405735416      6.528841186690
    1     21.261962380361     27.303796980213      5.255031585704
    1     24.721564277571     23.782326419454      5.805434811442
    6     24.575060501612     21.598890795388      5.823165925296
    1     24.916543900779     20.745293007541      5.215623977599
    1     25.042846214274     21.500368995678      6.807424620417
   14     24.924591043622     27.024207775201      5.226525020140
    8     23.235996173370     27.060581061218      4.852834686006
    8     25.057353135471     26.827551090694      6.847380659273
    8     28.594749977366     26.860072500965      3.822736620797
    6     28.642413481318     26.827763719073      5.242251754271
    6     25.750663782427     27.759165199213      7.687646346089
    6     29.991691632718     27.286082732995      5.788388381228
    6     25.203295533436     27.659640081973      9.098942681525
    1     30.092296068393     27.057034958656      6.854530546262
    1     25.742671884869     28.346861675334      9.762721822479
    1     24.139309093750     27.917734263454      9.124815827376
    1     25.315063538861     26.642177068554      9.486740847297
    1     26.826703734219     27.519822674521      7.672501914439
    1     25.641518078214     28.778893133036      7.288332588584
    1     27.846585049885     27.473092833577      5.658510819115
    1     28.433569781961     25.796567311506      5.574408069127
    1     30.100329928242     28.373324398181      5.684295445458
    1     30.835008319928     26.788764128646      5.278862179978
    8     24.194219104831     23.039443308741      3.942679788749
    6     24.906904993391     22.924832443570      5.140539672551
    1     26.014853104309     22.976802167818      4.944236105681
    0    0
