   2   1   1 E -4.0955954575477E+04 DE-4.4E-07(  4)
  0.153430010406E+02  0.000000000000E+00  0.000000000000E+00
  0.000000000000E+00  0.153430010406E+02  0.000000000000E+00
  0.000000000000E+00  0.000000000000E+00  0.500000000000E+03
    1
  0.100000000000E+01  0.000000000000E+00  0.000000000000E+00
  0.000000000000E+00  0.100000000000E+01  0.000000000000E+00
  0.000000000000E+00  0.000000000000E+00  0.100000000000E+01
  0.000000000000E+00  0.000000000000E+00  0.000000000000E+00
  225
    8      1.865745209042      2.645498904797      3.938727458182
    8     28.770166602748     29.764402032446      3.846829287280
    8      1.742057575324     -1.168864196514      3.956856550612
    8     -1.822426587248      2.319291347407      4.053336246729
    8      2.109070511835      6.396067903594      3.997852622319
    8     28.693728741792     24.045771809049      3.915173659204
    8      1.811865660828     -5.296437387829      4.049992857850
    8     -1.672123285747      5.558325266780      4.114229434149
    8      5.561489919843      2.525490901724      4.001336809988
    8     -5.154390467869     -2.307079763930      4.676865900234
    8      5.468507517562     -1.249040569539      3.996145555758
    8     -7.231459964581      0.125832328362      4.068861262895
    8      5.821576010722      6.161822096657      4.087063491017
    8     -5.292486533603     -4.965133010753      4.398897208066
    8      5.710120894212     -5.645913584024      4.108009600052
    8     -4.470214895589      3.951528560941      3.993007931586
  258      0.060313539374      1.924697576862      3.045630530638
  258      0.012668043881     -1.861571497647      3.021320265992
  258      0.050787948330      5.756819924548      3.052159376706
  258      0.008655355307     -5.726954072399      3.041141662678
  258      3.781300380753      1.943069198120      3.045345417390
  258     -3.613415565794     -1.899353108936      3.062896619448
  258      3.758270576193     -1.849052042280      3.032250950606
  258     -3.626611406176      2.040963443602      3.067059676760
  258      3.795002489212      5.748225814127      3.059682340625
  258     -3.645104771422     -5.746271895253      3.058455358733
  258      3.782940007778     -5.779123390804      3.043244911069
  258     -3.648193298732      5.650214917714      3.093979412386
  258      7.469536125635      1.852628742456      3.050483060251
  258      7.528262142411     -1.737810629480      3.084531228545
  258      7.511951701150      5.831718780263      3.036459130894
  258      7.560961498649     -5.758159484244      3.091156797799
    8      1.928712145013      1.866607091850      1.562488428839
    8     -1.839157101497     -1.960154060538      1.552774245836
    8      1.954137980930     -1.967081372612      1.575021253864
    8     -1.863140880253      1.899601971840      1.599348011401
    8      1.919097406031      5.696132419933      1.585315675799
    8     -1.840125706001     -5.699405260671      1.571589842615
    8      1.960454837813     -5.812162580221      1.596696711393
    8     -1.856620184855      5.776593463444      1.620899157204
    8      5.686047318190      1.866971571977      1.595005331341
    8     -5.805990074753     -1.847470667801      1.886368072254
    8      5.716187837063     -1.949624693071      1.620914975836
    8     -5.749241832863      1.953906886586      1.959972121720
    8      5.705838501313      5.718599932118      1.609185825171
    8     -5.820502218898     -5.765469327197      1.786536498597
    8      5.708123397783     -5.753295124984      1.620202787308
    8     -5.774170244415      5.725426146992      1.900104847089
    8      0.038064666771     -0.000541550064      1.837740657891
    8      0.016564638664      3.821893708635      1.903496635059
    8      0.090627965712     -3.846143687253      1.889307844887
    8      0.049837433838      7.677715480758      1.927401545439
    8      3.795836498314     -0.005881073380      1.883733179027
    8     -3.817411494433      0.029525684498      1.915700939849
    8      3.812072690504      3.817395986239      1.901883813020
    8     -3.858831142715     -3.813619867618      1.827923419031
    8      3.826173522808     -3.865473905816      2.038649025557
    8     -3.681240910734      3.835603406704      1.687059982000
    8      3.842838521027      7.654496553538      1.933329917934
    8     -3.833340476586      7.648656254451      1.924559473238
    8      7.554588660845      0.030532924893      1.675927025054
    8      7.620998541620      3.828258982360      1.984719142205
    8      7.630571068043     -3.814891763315      1.992471141058
    8      7.528462782237      7.671096825339      1.796964823039
  258      1.909972598010     -0.007292405233      0.401661782645
  258     -1.900225435180      0.016592614427      0.425304054852
  258      1.921281307660      3.820592633688      0.418959424685
  258     -1.901895383911     -3.830375057579      0.402643415612
  258      1.913702844504     -3.851356807940      0.428571549893
  258     -1.873208374516      3.842809892126      0.391850874432
  258      1.911822601376      7.652161700605      0.426306433699
  258     -1.905951639647      7.666170747050      0.444434200173
  258      5.717389068431     -0.008522085383      0.383899778276
  258     -5.741453864114      0.019744185076      0.537450273971
  258      5.732477341643      3.825313974960      0.436206733530
  258     -5.759023495542     -3.812783340453      0.556114025553
  258      5.752926895886     -3.829589346437      0.461278492341
  258     -5.748735379381      3.838251321233      0.548585089330
  258      5.728723259071      7.679276160579      0.411510576942
  258     -5.749929034209      7.674179971457      0.546811195789
    8     -0.006068240371      0.001171291276     -0.809017823617
    8      0.021490822020      3.839202949214     -0.805782581261
    8      0.003584401167     -3.842622235060     -0.795968478457
    8     -0.002944333597      7.665095370338     -0.771847977430
    8      3.820273084716     -0.006189576384     -0.815854290172
    8     -3.847083176148      0.010918938325     -0.761947738788
    8      3.838645182479      3.834307963199     -0.785361304917
    8     -3.853227807755     -3.832629434997     -0.786845837219
    8      3.840137897076     -3.841793877175     -0.745973600942
    8     -3.857038980934      3.840904438070     -0.830648382797
    8      3.824158065748      7.671875454163     -0.785631302193
    8     -3.848885604306      7.670554582336     -0.745996330538
    8      7.691512654686      0.003324953347     -0.841372380677
    8      7.685503522767      3.837664306537     -0.731791697603
    8      7.683931117057     -3.833252263815     -0.732430994240
    8      7.688048014246      7.669426288603     -0.792810996523
    8      1.918200543000      1.915371332954     -0.988655755114
    8     -1.924309138509     -1.908758279960     -0.983688169741
    8      1.913161249224     -1.934213641304     -0.981647257825
    8     -1.914569658548      1.921102210378     -0.970581805425
    8      1.921347475736      5.753360673978     -0.975312293068
    8     -1.924050111757     -5.768988743425     -0.972411177975
    8      1.913257112633     -5.764392633907     -0.968618420283
    8     -1.915011720006      5.765472709416     -0.959845540717
    8      5.753181743394      1.924610153143     -0.971413419179
    8     -5.747420915282     -1.907563998290     -0.817397515020
    8      5.752236988769     -1.932246919113     -0.962940682535
    8     -5.753750913588      1.930179697464     -0.791654546419
    8      5.754506469475      5.747618599130     -0.959743950938
    8     -5.750045151203     -5.753191753149     -0.849076946107
    8      5.756296879692     -5.751425411501     -0.956339950282
    8     -5.755499741430      5.750851748821     -0.806959519357
  258      0.000521145296      1.913937687906     -2.191374812626
  258     -0.003643113906     -1.919774289746     -2.185087287914
  258      0.001555853287      5.757602645022     -2.185437700641
  258     -0.003881915783     -5.756905997131     -2.179226460686
  258      3.835990099205      1.919023399616     -2.189636885120
  258     -3.853172639225     -1.916231647744     -2.146585378913
  258      3.834442884178     -1.927603482997     -2.182654628433
  258     -3.850320989547      1.925273577734     -2.147623067894
  258      3.838665538609      5.750679883785     -2.180739836672
  258     -3.855733158323     -5.751659629629     -2.143113232155
  258      3.837455305862     -5.752191400751     -2.174884968397
  258     -3.852576326685      5.753936437885     -2.143521366469
  258      7.688096377167      1.916250494061     -2.145378880315
  258      7.690298459608     -1.914859390446     -2.144107708378
  258      7.687140056169      5.755249071332     -2.140284928922
  258      7.690712576115     -5.751910199364     -2.140244029793
    8      1.918730062769      1.918671814659     -3.630783803116
    8     -1.918565603250     -1.917900719312     -3.624574804079
    8      1.920416119734     -1.918893710594     -3.626772060432
    8     -1.919327399196      1.919081433788     -3.619633990476
    8      1.918384335696      5.754071262015     -3.622674771940
    8     -1.915412980494     -5.754264978624     -3.619854242442
    8      1.920222323750     -5.753922729266     -3.618725537554
    8     -1.916768042621      5.753180359115     -3.614128017597
    8      5.754949084434      1.918666095218     -3.619710290544
    8     -5.754854040788     -1.916582021021     -3.575245860045
    8      5.752415777670     -1.918523064947     -3.615696039315
    8     -5.754231419034      1.919067518518     -3.567459053903
    8      5.754423221799      5.753468515977     -3.613037737939
    8     -5.756113062026     -5.753805313007     -3.584501928417
    8      5.750628625961     -5.753673743811     -3.611852037081
    8     -5.755724894852      5.752496264730     -3.569148179575
    8      0.000000000000      0.000000000000     -3.390356274875
    8      0.000000000000      3.835750260159     -3.390356274875
    8      0.000000000000     -3.835750260159     -3.390356274875
    8      0.000000000000      7.671500520300     -3.390356274875
    8      3.835750260161      0.000000000000     -3.390356274875
    8     -3.835750260161      0.000000000000     -3.390356274875
    8      3.835750260161      3.835750260159     -3.390356274875
    8     -3.835750260161     -3.835750260159     -3.390356274875
    8      3.835750260161     -3.835750260159     -3.390356274875
    8     -3.835750260161      3.835750260159     -3.390356274875
    8      3.835750260161      7.671500520300     -3.390356274875
    8     -3.835750260161      7.671500520300     -3.390356274875
    8      7.671500520300      0.000000000000     -3.390356274875
    8      7.671500520300      3.835750260159     -3.390356274875
    8      7.671500520300     -3.835750260159     -3.390356274875
    8      7.671500520300      7.671500520300     -3.390356274875
  258      1.917875130081      0.000000000000     -4.746498784825
  258     -1.917875130081      0.000000000000     -4.746498784825
  258      1.917875130081      3.835750260159     -4.746498784825
  258     -1.917875130081     -3.835750260159     -4.746498784825
  258      1.917875130081     -3.835750260159     -4.746498784825
  258     -1.917875130081      3.835750260159     -4.746498784825
  258      1.917875130081      7.671500520300     -4.746498784825
  258     -1.917875130081      7.671500520300     -4.746498784825
  258      5.753625390240      0.000000000000     -4.746498784825
  258     -5.753625390240      0.000000000000     -4.746498784825
  258      5.753625390240      3.835750260159     -4.746498784825
  258     -5.753625390240     -3.835750260159     -4.746498784825
  258      5.753625390240     -3.835750260159     -4.746498784825
  258     -5.753625390240      3.835750260159     -4.746498784825
  258      5.753625390240      7.671500520300     -4.746498784825
  258     -5.753625390240      7.671500520300     -4.746498784825
    8      0.000000000000      0.000000000000     -6.100000000000
    8      0.000000000000      3.835750260159     -6.100000000000
    8      0.000000000000     -3.835750260159     -6.100000000000
    8      0.000000000000      7.671500520300     -6.100000000000
    8      3.835750260161      0.000000000000     -6.100000000000
    8     -3.835750260161      0.000000000000     -6.100000000000
    8      3.835750260161      3.835750260159     -6.100000000000
    8     -3.835750260161     -3.835750260159     -6.100000000000
    8      3.835750260161     -3.835750260159     -6.100000000000
    8     -3.835750260161      3.835750260159     -6.100000000000
    8      3.835750260161      7.671500520300     -6.100000000000
    8     -3.835750260161      7.671500520300     -6.100000000000
    8      7.671500520300      0.000000000000     -6.100000000000
    8      7.671500520300      3.835750260159     -6.100000000000
    8      7.671500520300     -3.835750260159     -6.100000000000
    8      7.671500520300      7.671500520300     -6.100000000000
    1     23.528658619296     21.464109209443      5.962034544355
    6     22.163168915133     27.245068864426      5.827326519950
    6     22.344063261654     28.559526919020      6.563974060198
    1     21.474591016858     28.729364867777      7.209015020545
    1     23.240042429640     28.532988704479      7.187274980207
    1     22.414665220987     29.406128191120      5.877144195437
    1     22.160450313337     26.380092667015      6.497996085616
    1     21.242528360349     27.231340598650      5.238342637977
    1     24.738251553259     23.729688924776      5.825412870638
    6     24.611764533469     21.544999355778      5.786868752765
    1     24.930496311970     20.706939670318      5.145082541379
    1     25.127646281453     21.421544921553      6.743588500548
   14     24.911744842046     27.005027465811      5.226101602450
    8     23.224949002692     27.038366104790      4.839262750677
    8     25.030532471634     26.804417455477      6.848194214695
    8     28.612417569199     26.880517801684      3.816878680854
    6     28.646082930602     26.849404494487      5.237166191906
    6     25.738707177471     27.723531199113      7.688930586677
    6     29.990065453469     27.311163582415      5.792886383272
    6     25.195903199277     27.627243346981      9.102099884065
    1     30.082886421039     27.085942092828      6.860557271271
    1     25.753399750797     28.298456673292      9.767139277405
    1     24.138188049682     27.908379659771      9.134965972639
    1     25.287397230819     26.605647017771      9.483725033273
    1     26.811681024293     27.470560433843      7.668872910384
    1     25.641242111649     28.746178404398      7.294121505607
    1     27.845195349698     27.493182195867      5.645928521782
    1     28.437533488405     25.817877859116      5.568852501088
    1     30.102961371051     28.398463795974      5.687930318991
    1     30.836674473836     26.812930869270      5.289524374576
    8     24.132532188746     23.033421546772      3.969760468032
    6     24.899551362721     22.894034288198      5.127767872207
    1     25.997173771521     22.963342347241      4.884305984518
    0    0
