   2   1   1 E -4.0955953540526E+04 DE-8.9E-09( 10)
  0.153430010406E+02  0.000000000000E+00  0.000000000000E+00
  0.000000000000E+00  0.153430010406E+02  0.000000000000E+00
  0.000000000000E+00  0.000000000000E+00  0.500000000000E+03
    1
  0.100000000000E+01  0.000000000000E+00  0.000000000000E+00
  0.000000000000E+00  0.100000000000E+01  0.000000000000E+00
  0.000000000000E+00  0.000000000000E+00  0.100000000000E+01
  0.000000000000E+00  0.000000000000E+00  0.000000000000E+00
  225
    8      1.801278718303      2.662015923098      3.938990121441
    8     28.826787245997     29.733419807948      3.853356058701
    8      1.838321032446     -1.206847269913      3.958579157385
    8     -1.872605732319      2.299557874769      4.062034781877
    8      2.117136741653      6.379316970957      4.004490136532
    8     28.689189053710     24.028723572732      3.908940525791
    8      1.808431047531     -5.313725881908      4.053710433200
    8     -1.671751578497      5.532012603867      4.109004783845
    8      5.472285944932      2.596504234819      3.996640059099
    8     -5.146475932853     -2.291012200921      4.677570367081
    8      5.579127884496     -1.207203187322      3.957688029796
    8     -7.148506036778      0.274042611908      4.082320093371
    8      5.832684249022      6.203035867384      4.076826203738
    8     -5.278211570777     -4.949004080336      4.398411085843
    8      5.711200712627     -5.615415129456      4.107572839360
    8     -4.514949643827      3.977321279448      3.977627399920
  258      0.044367879047      1.933562448664      3.048565946858
  258      0.023285044879     -1.865965211744      3.018431351935
  258      0.051174853047      5.753863443974      3.051790768160
  258      0.006859813742     -5.729853774357      3.041269806492
  258      3.775021078717      1.950802954551      3.049784292483
  258     -3.604348396533     -1.907093075816      3.062482523239
  258      3.764999041112     -1.845133879352      3.026733679715
  258     -3.648522899432      2.043806277750      3.066707111664
  258      3.801133531248      5.743236484061      3.061560648657
  258     -3.645536475207     -5.750582212343      3.056826981599
  258      3.782831358809     -5.781128434379      3.044148975752
  258     -3.654216270492      5.654394087938      3.094772376973
  258      7.480561944774      1.860093074255      3.059924486588
  258      7.525834905330     -1.745071291049      3.076441175039
  258      7.520392099137      5.833419234013      3.036581520608
  258      7.559585937374     -5.757158535302      3.090195234307
    8      1.929133881895      1.867026590060      1.563205165163
    8     -1.834908380421     -1.962418438999      1.556159438115
    8      1.952940239571     -1.967667762917      1.571722732567
    8     -1.867068800180      1.897565677640      1.600130169921
    8      1.914053623129      5.697854977442      1.586818661378
    8     -1.837620414794     -5.697547064624      1.571112543263
    8      1.962284632228     -5.809498689948      1.596836498475
    8     -1.858263080990      5.783155651794      1.619169926777
    8      5.688906527720      1.863036418874      1.600302360027
    8     -5.807017016276     -1.851645981445      1.892479783802
    8      5.710372252090     -1.961570807278      1.610079373222
    8     -5.740395250050      1.954217260226      1.927393564262
    8      5.708475802260      5.714275026963      1.609879124492
    8     -5.821635246601     -5.758900668750      1.785489975665
    8      5.704570750071     -5.756611118228      1.620824868188
    8     -5.776937342863      5.734726635684      1.883692830751
    8      0.048342761261     -0.007496150523      1.852640877073
    8      0.005003707746      3.825682401558      1.895323175223
    8      0.092345048662     -3.841745070737      1.894105275261
    8      0.052455088630      7.679209867147      1.928757384087
    8      3.799381635691     -0.013267057088      1.884326362547
    8     -3.809948276902      0.014905878249      1.931237066837
    8      3.801903941490      3.820903427848      1.887920749134
    8     -3.855360089172     -3.808779478475      1.829959501299
    8      3.823035737251     -3.862097645508      2.046759550127
    8     -3.680870401753      3.841654686577      1.687583351749
    8      3.841095328780      7.651969001927      1.935833486514
    8     -3.835600616787      7.652557998421      1.917631037757
    8      7.554899151946      0.012127045215      1.688941674765
    8      7.628387273636      3.832296728120      1.982525449228
    8      7.625920534977     -3.812900304005      1.996659951169
    8      7.527753635163      7.674445527356      1.798797340726
  258      1.911572514111     -0.003741185122      0.402621040861
  258     -1.899978748953      0.017619661247      0.427606154489
  258      1.920407584285      3.820997951755      0.419027209361
  258     -1.901036071691     -3.831597540087      0.400582628779
  258      1.914269826591     -3.852072505820      0.427250714898
  258     -1.875955946573      3.844133687400      0.392742245841
  258      1.912289182748      7.650922355676      0.427689320170
  258     -1.906296447061      7.665247169974      0.443682953007
  258      5.719559344430     -0.004737615126      0.386117283118
  258     -5.742084427260      0.020330059564      0.538136891045
  258      5.731981161474      3.821949926621      0.440055225719
  258     -5.758914284323     -3.814044613802      0.554750312167
  258      5.751450437524     -3.833926229602      0.456916647628
  258     -5.748370300948      3.840457495517      0.543193738625
  258      5.728787908764      7.675954381647      0.412939197177
  258     -5.750072350483      7.675445205798      0.544064507551
    8     -0.006715226005      0.001379351062     -0.803660965378
    8      0.019603147177      3.838851704784     -0.808049556230
    8      0.004071182839     -3.842021445220     -0.794855227996
    8     -0.002356777199      7.664895321875     -0.771751103130
    8      3.821149349819     -0.005758510977     -0.814271823889
    8     -3.846464919389      0.010403783972     -0.755197929359
    8      3.839198814277      3.832961259334     -0.789412463708
    8     -3.853158606844     -3.832084449003     -0.785745483861
    8      3.839406682440     -3.842554518696     -0.745195181693
    8     -3.857120372926      3.840156365393     -0.832012047981
    8      3.824405608388      7.671866913480     -0.784407822960
    8     -3.848567973277      7.672187029079     -0.748939736105
    8      7.693804534939      0.003958480279     -0.835468045412
    8      7.685003400672      3.837157510039     -0.733357079290
    8      7.684534127100     -3.833067060229     -0.731321875389
    8      7.687043277655      7.670048301286     -0.792536822069
    8      1.917625189381      1.914563367865     -0.989000646394
    8     -1.924520149407     -1.908039645809     -0.981274013903
    8      1.913445623961     -1.933728441151     -0.982088323999
    8     -1.914938924918      1.918935300514     -0.969946297645
    8      1.921865543819      5.753140372237     -0.975082029776
    8     -1.923769892380     -5.766987705188     -0.973010299320
    8      1.913040214006     -5.764237735923     -0.968660178662
    8     -1.915576829435      5.766083883625     -0.961250298085
    8      5.754263084841      1.923444724468     -0.969461019966
    8     -5.747072109698     -1.907547284797     -0.814308001012
    8      5.753567749301     -1.931713073307     -0.965834832415
    8     -5.753675099274      1.927922960658     -0.802632807322
    8      5.754430402116      5.747318663324     -0.958980561209
    8     -5.750206639516     -5.751266073684     -0.850002096602
    8      5.756229039242     -5.752545415323     -0.956987567776
    8     -5.755398282216      5.752976035429     -0.815437352968
  258     -0.000027107021      1.914867527755     -2.190823431818
  258     -0.003041278643     -1.919095713672     -2.184512130613
  258      0.001739707222      5.757314829361     -2.185051662535
  258     -0.003436289296     -5.757743158447     -2.179554146106
  258      3.836211899404      1.919764965124     -2.189152134937
  258     -3.852869935922     -1.915862828882     -2.146070930540
  258      3.834777721232     -1.926442910485     -2.182221507726
  258     -3.850228856317      1.925388307145     -2.148210632818
  258      3.839212344418      5.749610003403     -2.179978230746
  258     -3.855359861471     -5.752061424521     -2.143984210760
  258      3.837165344554     -5.753570646102     -2.175466385198
  258     -3.852407341831      5.754358985328     -2.145110946133
  258      7.688411468553      1.917109364814     -2.145989231759
  258      7.689929050538     -1.914504167781     -2.143871793895
  258      7.686215052525      5.754696482901     -2.140494570281
  258      7.690485929773     -5.752852827489     -2.141213135125
    8      1.918633335346      1.918539113375     -3.631026487783
    8     -1.918807348619     -1.917830428428     -3.622793533638
    8      1.919959247028     -1.918831949263     -3.626351701948
    8     -1.919033373403      1.918848642790     -3.619648140300
    8      1.918278002109      5.754212189121     -3.622962773100
    8     -1.915312852257     -5.754131016152     -3.620036048154
    8      1.920015712165     -5.753896515210     -3.618685353094
    8     -1.916391907956      5.753299806338     -3.615146453325
    8      5.754777523210      1.918634521391     -3.619384907971
    8     -5.754519601364     -1.917007185982     -3.573421768535
    8      5.752723275413     -1.918484580610     -3.616560595278
    8     -5.754085047557      1.918711906116     -3.570908882424
    8      5.754068752141      5.753502572263     -3.613211592976
    8     -5.756105626899     -5.753669282359     -3.584085493710
    8      5.750493762518     -5.753711938617     -3.611722567554
    8     -5.755779269590      5.752904590334     -3.572025287005
    8      0.000000000000      0.000000000000     -3.390356274875
    8      0.000000000000      3.835750260159     -3.390356274875
    8      0.000000000000     -3.835750260159     -3.390356274875
    8      0.000000000000      7.671500520300     -3.390356274875
    8      3.835750260161      0.000000000000     -3.390356274875
    8     -3.835750260161      0.000000000000     -3.390356274875
    8      3.835750260161      3.835750260159     -3.390356274875
    8     -3.835750260161     -3.835750260159     -3.390356274875
    8      3.835750260161     -3.835750260159     -3.390356274875
    8     -3.835750260161      3.835750260159     -3.390356274875
    8      3.835750260161      7.671500520300     -3.390356274875
    8     -3.835750260161      7.671500520300     -3.390356274875
    8      7.671500520300      0.000000000000     -3.390356274875
    8      7.671500520300      3.835750260159     -3.390356274875
    8      7.671500520300     -3.835750260159     -3.390356274875
    8      7.671500520300      7.671500520300     -3.390356274875
  258      1.917875130081      0.000000000000     -4.746498784825
  258     -1.917875130081      0.000000000000     -4.746498784825
  258      1.917875130081      3.835750260159     -4.746498784825
  258     -1.917875130081     -3.835750260159     -4.746498784825
  258      1.917875130081     -3.835750260159     -4.746498784825
  258     -1.917875130081      3.835750260159     -4.746498784825
  258      1.917875130081      7.671500520300     -4.746498784825
  258     -1.917875130081      7.671500520300     -4.746498784825
  258      5.753625390240      0.000000000000     -4.746498784825
  258     -5.753625390240      0.000000000000     -4.746498784825
  258      5.753625390240      3.835750260159     -4.746498784825
  258     -5.753625390240     -3.835750260159     -4.746498784825
  258      5.753625390240     -3.835750260159     -4.746498784825
  258     -5.753625390240      3.835750260159     -4.746498784825
  258      5.753625390240      7.671500520300     -4.746498784825
  258     -5.753625390240      7.671500520300     -4.746498784825
    8      0.000000000000      0.000000000000     -6.100000000000
    8      0.000000000000      3.835750260159     -6.100000000000
    8      0.000000000000     -3.835750260159     -6.100000000000
    8      0.000000000000      7.671500520300     -6.100000000000
    8      3.835750260161      0.000000000000     -6.100000000000
    8     -3.835750260161      0.000000000000     -6.100000000000
    8      3.835750260161      3.835750260159     -6.100000000000
    8     -3.835750260161     -3.835750260159     -6.100000000000
    8      3.835750260161     -3.835750260159     -6.100000000000
    8     -3.835750260161      3.835750260159     -6.100000000000
    8      3.835750260161      7.671500520300     -6.100000000000
    8     -3.835750260161      7.671500520300     -6.100000000000
    8      7.671500520300      0.000000000000     -6.100000000000
    8      7.671500520300      3.835750260159     -6.100000000000
    8      7.671500520300     -3.835750260159     -6.100000000000
    8      7.671500520300      7.671500520300     -6.100000000000
    1     23.510641977957     21.492900925776      5.955240554437
    6     22.180241419730     27.271486935651      5.834523341965
    6     22.376368012363     28.589507567448      6.562641371191
    1     21.503663647715     28.780316582464      7.197539582123
    1     23.265266814196     28.553021397494      7.195216399536
    1     22.467892192915     29.430398634005      5.870965866255
    1     22.170550706618     26.412020802817      6.512254871252
    1     21.257899659508     27.261429201143      5.247796445411
    1     24.732421622734     23.752457566251      5.817617191155
    6     24.597345844344     21.567647438811      5.800067046347
    1     24.926334610795     20.723616530466      5.171656018217
    1     25.093187025919     21.453379783741      6.768633055449
   14     24.923453796770     27.017768868665      5.227239145075
    8     23.236676432437     27.047880309241      4.845469719788
    8     25.046550764875     26.819546339309      6.849294922691
    8     28.615208648499     26.863896853219      3.816546931044
    6     28.651107057647     26.833303980803      5.236965090720
    6     25.756919457947     27.739419124797      7.687562671158
    6     29.994536758489     27.298091671151      5.791656045888
    6     25.222727846659     27.639272975933      9.103704687313
    1     30.088476181667     27.072370372623      6.859126613378
    1     25.779106622333     28.314792903049      9.765533982169
    1     24.163053251946     27.912449094688      9.142464230101
    1     25.324210402767     26.618280198411      9.484954607835
    1     26.830507962943     27.489589870666      7.661228366689
    1     25.654300270366     28.762137034178      7.294856150645
    1     27.849237423588     27.475393146921      5.646385438806
    1     28.444516474325     25.801385550182      5.568594122238
    1     30.101681145083     28.385616224209      5.686181131893
    1     30.842421920288     26.802391478359      5.288135777579
    8     24.156340421034     23.038735629356      3.958518251244
    6     24.902534169978     22.908182803012      5.132049302390
    1     26.004649670201     22.969860142413      4.907041092960
    0    0
