   2   1   1 E -4.0955950794598E+04 DE-3.3E-07(  7)
  0.153430010406E+02  0.000000000000E+00  0.000000000000E+00
  0.000000000000E+00  0.153430010406E+02  0.000000000000E+00
  0.000000000000E+00  0.000000000000E+00  0.500000000000E+03
    1
  0.100000000000E+01  0.000000000000E+00  0.000000000000E+00
  0.000000000000E+00  0.100000000000E+01  0.000000000000E+00
  0.000000000000E+00  0.000000000000E+00  0.100000000000E+01
  0.000000000000E+00  0.000000000000E+00  0.000000000000E+00
  225
    8      1.798733190015      2.654729954469      3.942745945112
    8     28.832182743646     29.720545986214      3.858935926889
    8      1.845618407734     -1.217419848135      3.961478870759
    8     -1.879888614729      2.283903598047      4.066685393469
    8      2.122577636253      6.376741330926      4.006944990150
    8     28.684417464182     24.012150296883      3.902193725739
    8      1.806545810782     -5.323264361823      4.054749004299
    8     -1.668183784791      5.513738314824      4.106181175252
    8      5.469692905468      2.600069687400      3.997118491115
    8     -5.145207135952     -2.287816820845      4.677884620411
    8      5.581592281688     -1.207162921491      3.958126558989
    8     -7.150183311072      0.277179434079      4.084509049644
    8      5.838098499208      6.215230970477      4.072729176845
    8     -5.264551022932     -4.946164580092      4.405290036190
    8      5.710694505525     -5.616333023606      4.107187459496
    8     -4.523017584011      3.985296603035      3.975187783164
  258      0.042971567153      1.934564439077      3.049750568527
  258      0.022953273373     -1.868739185575      3.019680323650
  258      0.050305724829      5.756460788187      3.051216799938
  258      0.004151219400     -5.728267213249      3.040811293231
  258      3.775477312154      1.950685580025      3.049424241046
  258     -3.603609225876     -1.910162916099      3.062111057802
  258      3.764980799570     -1.845931157507      3.028315491595
  258     -3.650934939466      2.044273091783      3.065870667737
  258      3.802442309438      5.743616770333      3.061283552561
  258     -3.646526823468     -5.754922458691      3.055661331882
  258      3.782328114196     -5.782428466764      3.044156953230
  258     -3.655853544871      5.656024841627      3.094907386552
  258      7.481448029954      1.861170845630      3.060138590925
  258      7.526356983088     -1.744616806621      3.077512146841
  258      7.523473773538      5.833425148990      3.036288056482
  258      7.559311048821     -5.758502156735      3.089145237822
    8      1.927853479187      1.867579178807      1.564153276350
    8     -1.835249895888     -1.962207766649      1.556464583196
    8      1.952346191062     -1.966965879682      1.570403181695
    8     -1.867014130805      1.900110317560      1.600182224476
    8      1.914895462113      5.698323855289      1.588131513764
    8     -1.837778017648     -5.698260750221      1.569419642819
    8      1.963252145340     -5.808078732418      1.595351390241
    8     -1.859669118319      5.785370879648      1.619114894196
    8      5.689782211436      1.862517264512      1.601411834282
    8     -5.805161072089     -1.851531716355      1.893547408777
    8      5.713321061120     -1.962122941976      1.610887768153
    8     -5.738368331201      1.952240445478      1.925487234450
    8      5.711408200928      5.712987226447      1.609049815386
    8     -5.819677298610     -5.757844368865      1.787194290120
    8      5.705641042581     -5.757620146353      1.620612974962
    8     -5.778252829073      5.734564259693      1.877948261120
    8      0.047495116024     -0.007497633428      1.857313382691
    8      0.005489042339      3.827507535002      1.896616448743
    8      0.094177269746     -3.842141374461      1.891277476048
    8      0.053221888919      7.680660351668      1.927221677361
    8      3.799770421329     -0.013983975327      1.883729317833
    8     -3.806700699410      0.013486906970      1.936997957175
    8      3.801763590299      3.821127107529      1.889254675765
    8     -3.854307954607     -3.809483431326      1.832483057250
    8      3.823248475144     -3.862930519845      2.047132728839
    8     -3.681440198237      3.842642884437      1.688133637669
    8      3.841194935058      7.651692665811      1.933063632321
    8     -3.838888903752      7.651098503295      1.913344203343
    8      7.556662587206      0.011381774421      1.689337130214
    8      7.629626322741      3.830711463125      1.983128135762
    8      7.627083621047     -3.814265985360      1.996260467794
    8      7.529413159107      7.675442121677      1.798419332162
  258      1.911420172008     -0.003819801230      0.403910064291
  258     -1.899656058011      0.017737154660      0.428144367461
  258      1.919951345972      3.821408924659      0.419622355357
  258     -1.900908377195     -3.831707107559      0.399995764363
  258      1.914883290804     -3.851795433141      0.427156822397
  258     -1.876034855902      3.845076831339      0.393575218889
  258      1.912359446118      7.651437600897      0.427679254779
  258     -1.906231955976      7.665556382980      0.442342925349
  258      5.719179637494     -0.004849773428      0.387387285147
  258     -5.742474802581      0.019736862019      0.537854205564
  258      5.732400193651      3.821670901305      0.439776013282
  258     -5.759289008335     -3.814369648916      0.555085708538
  258      5.751390249446     -3.833484424046      0.458338967318
  258     -5.747692354065      3.841286101709      0.541154091232
  258      5.728842433165      7.675350065438      0.413215300067
  258     -5.749993518503      7.675709830986      0.542239108932
    8     -0.006763601842      0.000800345576     -0.801866501550
    8      0.019682514973      3.839639645467     -0.807896255092
    8      0.003770967563     -3.842639268300     -0.795239329786
    8     -0.002456509348      7.665391842187     -0.772600004137
    8      3.820757058903     -0.005505543899     -0.813976677382
    8     -3.845554742764      0.010986193850     -0.752764153130
    8      3.838561307173      3.832434825780     -0.788269483135
    8     -3.853242005243     -3.831869990258     -0.784398878513
    8      3.840113413459     -3.842450914765     -0.745212932308
    8     -3.855918748229      3.840271680582     -0.831479819781
    8      3.824906036637      7.672163677300     -0.785415447783
    8     -3.849111596238      7.672690317171     -0.750448103586
    8      7.693920091182      0.003973219261     -0.834876915660
    8      7.684330080485      3.837095376647     -0.732466384469
    8      7.684570187016     -3.832403407956     -0.731565943026
    8      7.686702173216      7.669292304818     -0.792970209320
    8      1.916849648849      1.914653040692     -0.988265107109
    8     -1.924689800392     -1.908310989936     -0.981050949028
    8      1.913181643618     -1.933848951885     -0.983883217628
    8     -1.914533319930      1.919212474262     -0.969720574631
    8      1.921985044911      5.753938660989     -0.974270944785
    8     -1.924386465217     -5.766472993528     -0.974056198065
    8      1.913253700422     -5.764533516785     -0.970246408256
    8     -1.915340185047      5.766712542458     -0.961528340603
    8      5.754044628290      1.922695311728     -0.969206755494
    8     -5.746270417804     -1.906879572178     -0.813939406191
    8      5.753131109739     -1.931575116259     -0.965119382522
    8     -5.753557321467      1.927701616045     -0.803991901067
    8      5.753689074367      5.746836547717     -0.959299317945
    8     -5.750899960510     -5.750422343207     -0.849871452754
    8      5.756605953221     -5.752521013247     -0.956934661924
    8     -5.755088647856      5.752174948832     -0.819309047196
  258      0.000140228258      1.915113302651     -2.190447951917
  258     -0.002957326407     -1.919031618810     -2.184510717947
  258      0.001922986909      5.757315825321     -2.185056001510
  258     -0.003225504651     -5.757467526512     -2.179812780211
  258      3.836049394918      1.919512729142     -2.188891358182
  258     -3.852930665882     -1.916074586103     -2.146202133763
  258      3.835110193246     -1.926323186630     -2.182146550385
  258     -3.849869272321      1.925368955221     -2.148104128781
  258      3.838873400197      5.749545812437     -2.179805279582
  258     -3.855454244211     -5.752020347112     -2.144551658652
  258      3.837525153881     -5.753491241578     -2.175096509969
  258     -3.851921846941      5.754319323033     -2.146111604773
  258      7.688062204115      1.916617548058     -2.146211344728
  258      7.689241613595     -1.914793889240     -2.143671297136
  258      7.685615332022      5.754660330793     -2.141154857796
  258      7.689715620850     -5.752746005219     -2.141076747851
    8      1.918584880368      1.918617097012     -3.630325562437
    8     -1.919172678672     -1.917716708106     -3.622168701529
    8      1.919869003761     -1.918575935614     -3.627309075087
    8     -1.919158504542      1.918714128421     -3.619294305047
    8      1.918278832435      5.753939194619     -3.622636846731
    8     -1.915618151656     -5.754032213288     -3.620401512562
    8      1.920072410527     -5.753896109117     -3.620026434176
    8     -1.916641678041      5.753175602653     -3.615182839325
    8      5.754742429830      1.918582919949     -3.618774556883
    8     -5.754435447802     -1.917022453215     -3.573036234284
    8      5.753145350254     -1.918344193875     -3.615535004533
    8     -5.753882279004      1.918451884981     -3.571269670971
    8      5.754341569541      5.753417393498     -3.613326836413
    8     -5.755928605069     -5.753517289717     -3.584246788260
    8      5.750941788273     -5.753590929359     -3.611643059298
    8     -5.755836094915      5.752829262394     -3.573927482347
    8      0.000000000000      0.000000000000     -3.390356274875
    8      0.000000000000      3.835750260159     -3.390356274875
    8      0.000000000000     -3.835750260159     -3.390356274875
    8      0.000000000000      7.671500520300     -3.390356274875
    8      3.835750260161      0.000000000000     -3.390356274875
    8     -3.835750260161      0.000000000000     -3.390356274875
    8      3.835750260161      3.835750260159     -3.390356274875
    8     -3.835750260161     -3.835750260159     -3.390356274875
    8      3.835750260161     -3.835750260159     -3.390356274875
    8     -3.835750260161      3.835750260159     -3.390356274875
    8      3.835750260161      7.671500520300     -3.390356274875
    8     -3.835750260161      7.671500520300     -3.390356274875
    8      7.671500520300      0.000000000000     -3.390356274875
    8      7.671500520300      3.835750260159     -3.390356274875
    8      7.671500520300     -3.835750260159     -3.390356274875
    8      7.671500520300      7.671500520300     -3.390356274875
  258      1.917875130081      0.000000000000     -4.746498784825
  258     -1.917875130081      0.000000000000     -4.746498784825
  258      1.917875130081      3.835750260159     -4.746498784825
  258     -1.917875130081     -3.835750260159     -4.746498784825
  258      1.917875130081     -3.835750260159     -4.746498784825
  258     -1.917875130081      3.835750260159     -4.746498784825
  258      1.917875130081      7.671500520300     -4.746498784825
  258     -1.917875130081      7.671500520300     -4.746498784825
  258      5.753625390240      0.000000000000     -4.746498784825
  258     -5.753625390240      0.000000000000     -4.746498784825
  258      5.753625390240      3.835750260159     -4.746498784825
  258     -5.753625390240     -3.835750260159     -4.746498784825
  258      5.753625390240     -3.835750260159     -4.746498784825
  258     -5.753625390240      3.835750260159     -4.746498784825
  258      5.753625390240      7.671500520300     -4.746498784825
  258     -5.753625390240      7.671500520300     -4.746498784825
    8      0.000000000000      0.000000000000     -6.100000000000
    8      0.000000000000      3.835750260159     -6.100000000000
    8      0.000000000000     -3.835750260159     -6.100000000000
    8      0.000000000000      7.671500520300     -6.100000000000
    8      3.835750260161      0.000000000000     -6.100000000000
    8     -3.835750260161      0.000000000000     -6.100000000000
    8      3.835750260161      3.835750260159     -6.100000000000
    8     -3.835750260161     -3.835750260159     -6.100000000000
    8      3.835750260161     -3.835750260159     -6.100000000000
    8     -3.835750260161      3.835750260159     -6.100000000000
    8      3.835750260161      7.671500520300     -6.100000000000
    8     -3.835750260161      7.671500520300     -6.100000000000
    8      7.671500520300      0.000000000000     -6.100000000000
    8      7.671500520300      3.835750260159     -6.100000000000
    8      7.671500520300     -3.835750260159     -6.100000000000
    8      7.671500520300      7.671500520300     -6.100000000000
    1     23.504458881168     21.499854544514      5.951155321021
    6     22.181921926701     27.265882485407      5.830151561621
    6     22.373970729576     28.582260781412      6.562703411066
    1     21.495789436066     28.772276578228      7.190031359310
    1     23.257374101272     28.543720424104      7.202818494381
    1     22.472122415099     29.424813044209      5.873628779203
    1     22.166417238764     26.404595812468      6.504913104537
    1     21.262328904016     27.259387594983      5.239523881654
    1     24.729708128015     23.757661174297      5.815351257871
    6     24.592354974768     21.573287860875      5.804804138750
    1     24.926722153638     20.727066300246      5.182425231523
    1     25.078927746944     21.463073496217      6.778366917931
   14     24.928454431104     27.019768064103      5.229485182863
    8     23.242508345922     27.042326461976      4.844502022011
    8     25.048023576127     26.827154472908      6.852212005661
    8     28.636261387173     26.851107165791      3.812380748237
    6     28.660758560323     26.823257329856      5.233249714947
    6     25.757981481517     27.749211709174      7.688150317311
    6     29.999688729119     27.290804636587      5.796779308325
    6     25.231458726980     27.642056795209      9.106630825685
    1     30.086916822603     27.066323168441      6.865159502706
    1     25.782015626640     28.323587512749      9.767086550825
    1     24.168953965691     27.903364712488      9.149675339206
    1     25.345221983260     26.622441770559      9.486839429913
    1     26.833276166514     27.506523829650      7.654681027040
    1     25.645946765364     28.772029126772      7.298822058251
    1     27.854635695820     27.464732546706      5.635697929794
    1     28.452796619718     25.791639130858      5.565366028169
    1     30.105492318316     28.378324273155      5.690501749557
    1     30.851404809870     26.796045729833      5.298689090431
    8     24.166765656087     23.038981319908      3.953793633619
    6     24.904133482984     22.911063545076      5.133875793222
    1     26.007962709152     22.970859069704      4.916461508597
    0    0
