   2   1   1 E -4.0955954710843E+04 DE-1.7E-08( 12)
  0.153430010406E+02  0.000000000000E+00  0.000000000000E+00
  0.000000000000E+00  0.153430010406E+02  0.000000000000E+00
  0.000000000000E+00  0.000000000000E+00  0.500000000000E+03
    1
  0.100000000000E+01  0.000000000000E+00  0.000000000000E+00
  0.000000000000E+00  0.100000000000E+01  0.000000000000E+00
  0.000000000000E+00  0.000000000000E+00  0.100000000000E+01
  0.000000000000E+00  0.000000000000E+00  0.000000000000E+00
  225
    8      1.828083342327      2.656535443516      3.937483938990
    8     28.800769306398     29.745615598321      3.850710012923
    8      1.790183592357     -1.189337072760      3.955848797921
    8     -1.849867952665      2.307489735423      4.059412807367
    8      2.111760697737      6.383443400121      4.002106209148
    8     28.690015608830     24.035415035208      3.911815356700
    8      1.810362827712     -5.303185444286      4.051512345376
    8     -1.673708807336      5.543788093179      4.111033874143
    8      5.511993940349      2.563490659324      3.995181984227
    8     -5.150656259435     -2.294186931162      4.677605192953
    8      5.518896427078     -1.240276106826      3.978373964563
    8     -7.214747127400      0.187119446815      4.073288552769
    8      5.827440419302      6.183189952175      4.082541418804
    8     -5.285672778129     -4.952445327643      4.396446004325
    8      5.709920959260     -5.629496198582      4.108461373619
    8     -4.494875620887      3.966123514012      3.984368933515
  258      0.053283088925      1.929702130780      3.047376785864
  258      0.020615598114     -1.863641059644      3.020877016540
  258      0.051503683139      5.754780149719      3.052355528511
  258      0.008579409032     -5.728777273604      3.041252929604
  258      3.778577552964      1.947242779931      3.047412883143
  258     -3.606040096167     -1.903937375083      3.063424307676
  258      3.761537911787     -1.847459363190      3.029903517193
  258     -3.635703715658      2.043338632119      3.066244540443
  258      3.798474220258      5.745766382738      3.060654107151
  258     -3.645067725753     -5.748233940369      3.057822993267
  258      3.784135693121     -5.778994159581      3.043380311348
  258     -3.651114996698      5.653134774644      3.094848169405
  258      7.473975491370      1.856315175069      3.052656694584
  258      7.524091346339     -1.737696174103      3.082507454301
  258      7.516540027390      5.834585626209      3.036597463134
  258      7.561058075384     -5.755213925225      3.090712295738
    8      1.930257692867      1.867100611118      1.562562862025
    8     -1.835813214193     -1.961687531048      1.554156849682
    8      1.953769381214     -1.968303951721      1.571528076499
    8     -1.863495739686      1.899228578987      1.599665541689
    8      1.916923286185      5.697420710451      1.585875972226
    8     -1.838341956102     -5.698607323327      1.571421578044
    8      1.961279738700     -5.811185237756      1.597594423701
    8     -1.857558806227      5.780214567370      1.619616967243
    8      5.689620825605      1.865433996135      1.597190981452
    8     -5.807627824495     -1.847914259972      1.889683647267
    8      5.715726021772     -1.953967398071      1.612331994961
    8     -5.747793917875      1.951426468814      1.948915903525
    8      5.708160707475      5.716734970851      1.609415125125
    8     -5.822432034893     -5.761756701770      1.785055636432
    8      5.706673873772     -5.754208889461      1.620515744462
    8     -5.777085778536      5.729991300338      1.891395233966
    8      0.044300599136     -0.004152408785      1.846196755997
    8      0.010484197406      3.824674067985      1.898655494249
    8      0.091400580431     -3.844495430454      1.892545662182
    8      0.051478317395      7.678095555783      1.928950153730
    8      3.799070818660     -0.009690743348      1.884821102835
    8     -3.811788503171      0.021754551411      1.924860153804
    8      3.807256855994      3.819681536091      1.894237727155
    8     -3.856959531195     -3.810748188156      1.828525221511
    8      3.825814033482     -3.863020816838      2.041893295946
    8     -3.681539262633      3.838786888756      1.686379778867
    8      3.842339890864      7.653150547647      1.935798874032
    8     -3.835284297749      7.651058187496      1.920248365520
    8      7.553366264777      0.022683526038      1.679778880961
    8      7.624619035771      3.828877949312      1.985694455759
    8      7.628444592585     -3.813277980185      1.995725247756
    8      7.527692625081      7.673735039316      1.798652155130
  258      1.911079238634     -0.005244790153      0.402288306508
  258     -1.899215641302      0.016954380557      0.427064906857
  258      1.920975440118      3.821172258259      0.418931817105
  258     -1.900855071317     -3.830999572235      0.401736211563
  258      1.914154509658     -3.851989304841      0.427507974403
  258     -1.874267794563      3.843986860934      0.391977201042
  258      1.912258397507      7.651622348621      0.427086166156
  258     -1.905928920758      7.665730128002      0.444124378175
  258      5.718674543553     -0.006601401640      0.383320346151
  258     -5.741040130645      0.019358069617      0.538487234249
  258      5.731801090331      3.823926430018      0.438056964088
  258     -5.758878394327     -3.811953714021      0.556397649297
  258      5.752716014642     -3.830783595742      0.459148562791
  258     -5.748714281569      3.839379805323      0.546310793001
  258      5.729131925265      7.678203535036      0.412467802986
  258     -5.749743992970      7.675565974052      0.545415278034
    8     -0.005941210114      0.001605632762     -0.805729669287
    8      0.020646333858      3.839142008756     -0.806909226891
    8      0.004107473060     -3.842327645194     -0.795596631438
    8     -0.002395560018      7.664988093204     -0.771460392176
    8      3.820073157953     -0.005738807655     -0.814790912100
    8     -3.846410896158      0.010890839984     -0.757900229888
    8      3.839059057924      3.833841148245     -0.787572799002
    8     -3.852841321168     -3.832053920117     -0.786309255968
    8      3.839888681629     -3.842115418870     -0.745620192971
    8     -3.857552353198      3.840592020330     -0.831335166675
    8      3.824536354636      7.671833889978     -0.784486550382
    8     -3.848774367196      7.671450795558     -0.747552758105
    8      7.693754563581      0.003926423630     -0.839392569809
    8      7.685580254710      3.837640920406     -0.731727768004
    8      7.684985737674     -3.832613306964     -0.731659456738
    8      7.687609009517      7.669921566237     -0.792395328498
    8      1.917778098440      1.915219229897     -0.989371307773
    8     -1.924080797359     -1.907891947138     -0.982329889075
    8      1.913390341244     -1.933655649092     -0.982479838686
    8     -1.914692757054      1.920043160917     -0.970242622660
    8      1.921721971003      5.753281080172     -0.975518850936
    8     -1.923698987630     -5.768163154656     -0.972633207005
    8      1.913354875759     -5.764579367918     -0.968431368832
    8     -1.915208936069      5.765880973941     -0.960924892309
    8      5.753745969310      1.924758651572     -0.971145441040
    8     -5.746595025268     -1.907230867674     -0.815470632966
    8      5.752819625292     -1.931518161127     -0.966274705108
    8     -5.753291179482      1.929479392653     -0.795099343643
    8      5.754689977668      5.747616757937     -0.959418952033
    8     -5.749923776429     -5.752125250677     -0.850049569799
    8      5.756608802494     -5.751764450605     -0.956636048347
    8     -5.755319158030      5.751919103247     -0.811308037951
  258      0.000232889370      1.914474690574     -2.191112725898
  258     -0.003244165167     -1.919320274743     -2.184818189775
  258      0.001699007759      5.757555500775     -2.185388284728
  258     -0.003759017622     -5.757391311456     -2.179448398345
  258      3.835978529301      1.919629729493     -2.189732148918
  258     -3.852689991576     -1.916040502581     -2.146093618594
  258      3.834553675542     -1.927079835153     -2.182800094338
  258     -3.849981216396      1.925298623097     -2.147591182284
  258      3.839173999415      5.750421435150     -2.180333254055
  258     -3.855565402018     -5.751639099513     -2.143329121582
  258      3.837659474740     -5.752755173112     -2.175146410053
  258     -3.852591702108      5.754302381626     -2.144234506865
  258      7.688607121340      1.916804582931     -2.145770102448
  258      7.690449491348     -1.914627737795     -2.144356357680
  258      7.686701129459      5.755237146291     -2.140105053584
  258      7.690756465362     -5.752154518965     -2.140591615386
    8      1.918759709738      1.918596568449     -3.631394415930
    8     -1.918598290792     -1.917801575162     -3.623246359690
    8      1.920118898275     -1.918938260364     -3.627084520671
    8     -1.919252723380      1.918935229095     -3.619319180575
    8      1.918358173736      5.754250400560     -3.623237629676
    8     -1.915137120983     -5.754170523907     -3.619544015758
    8      1.920119937534     -5.753876968645     -3.618834331260
    8     -1.916465726286      5.753183462662     -3.614559451436
    8      5.754918426246      1.918643685224     -3.619372715947
    8     -5.754610198565     -1.916786886494     -3.574539706198
    8      5.752623310086     -1.918529186305     -3.616608614572
    8     -5.754173277081      1.918804711117     -3.568736004361
    8      5.754259424686      5.753455466078     -3.612836739132
    8     -5.756095779353     -5.753738324039     -3.584905221712
    8      5.750437227974     -5.753749323175     -3.611206962375
    8     -5.755813072646      5.752701171589     -3.571018510317
    8      0.000000000000      0.000000000000     -3.390356274875
    8      0.000000000000      3.835750260159     -3.390356274875
    8      0.000000000000     -3.835750260159     -3.390356274875
    8      0.000000000000      7.671500520300     -3.390356274875
    8      3.835750260161      0.000000000000     -3.390356274875
    8     -3.835750260161      0.000000000000     -3.390356274875
    8      3.835750260161      3.835750260159     -3.390356274875
    8     -3.835750260161     -3.835750260159     -3.390356274875
    8      3.835750260161     -3.835750260159     -3.390356274875
    8     -3.835750260161      3.835750260159     -3.390356274875
    8      3.835750260161      7.671500520300     -3.390356274875
    8     -3.835750260161      7.671500520300     -3.390356274875
    8      7.671500520300      0.000000000000     -3.390356274875
    8      7.671500520300      3.835750260159     -3.390356274875
    8      7.671500520300     -3.835750260159     -3.390356274875
    8      7.671500520300      7.671500520300     -3.390356274875
  258      1.917875130081      0.000000000000     -4.746498784825
  258     -1.917875130081      0.000000000000     -4.746498784825
  258      1.917875130081      3.835750260159     -4.746498784825
  258     -1.917875130081     -3.835750260159     -4.746498784825
  258      1.917875130081     -3.835750260159     -4.746498784825
  258     -1.917875130081      3.835750260159     -4.746498784825
  258      1.917875130081      7.671500520300     -4.746498784825
  258     -1.917875130081      7.671500520300     -4.746498784825
  258      5.753625390240      0.000000000000     -4.746498784825
  258     -5.753625390240      0.000000000000     -4.746498784825
  258      5.753625390240      3.835750260159     -4.746498784825
  258     -5.753625390240     -3.835750260159     -4.746498784825
  258      5.753625390240     -3.835750260159     -4.746498784825
  258     -5.753625390240      3.835750260159     -4.746498784825
  258      5.753625390240      7.671500520300     -4.746498784825
  258     -5.753625390240      7.671500520300     -4.746498784825
    8      0.000000000000      0.000000000000     -6.100000000000
    8      0.000000000000      3.835750260159     -6.100000000000
    8      0.000000000000     -3.835750260159     -6.100000000000
    8      0.000000000000      7.671500520300     -6.100000000000
    8      3.835750260161      0.000000000000     -6.100000000000
    8     -3.835750260161      0.000000000000     -6.100000000000
    8      3.835750260161      3.835750260159     -6.100000000000
    8     -3.835750260161     -3.835750260159     -6.100000000000
    8      3.835750260161     -3.835750260159     -6.100000000000
    8     -3.835750260161      3.835750260159     -6.100000000000
    8      3.835750260161      7.671500520300     -6.100000000000
    8     -3.835750260161      7.671500520300     -6.100000000000
    8      7.671500520300      0.000000000000     -6.100000000000
    8      7.671500520300      3.835750260159     -6.100000000000
    8      7.671500520300     -3.835750260159     -6.100000000000
    8      7.671500520300      7.671500520300     -6.100000000000
    1     23.518127409244     21.483428476794      5.958790505106
    6     22.174706249454     27.259043597094      5.836268126706
    6     22.362051286299     28.577198615276      6.566295338098
    1     21.488770359620     28.761139238138      7.202287940527
    1     23.252156113664     28.545456464859      7.197963351967
    1     22.448573293003     29.419410744842      5.876054366713
    1     22.176891583114     26.397890709430      6.512633404589
    1     21.250563184121     27.241527491646      5.252593083057
    1     24.735330702011     23.745564779440      5.820494098284
    6     24.603437006161     21.560590786441      5.795445105481
    1     24.928163222263     20.719062242651      5.161450094137
    1     25.107636870320     21.442520452418      6.759234915680
   14     24.917975090455     27.015456852925      5.225865842388
    8     23.230921274325     27.047137824366      4.843316673214
    8     25.040136680883     26.814421145018      6.847865750185
    8     28.610810665319     26.870507431261      3.817586533799
    6     28.647663101319     26.839192048212      5.237791352397
    6     25.750629157651     27.732684095169      7.687393279382
    6     29.991551197349     27.303382075772      5.791696370203
    6     25.215364546585     27.632410208456      9.103226831689
    1     30.086179989143     27.077570183673      6.859057252035
    1     25.773730454592     28.305270519557      9.766098064348
    1     24.156718895465     27.909092254672      9.141757462109
    1     25.313145824686     26.610436948472      9.483479383772
    1     26.824128795266     27.481876591898      7.661650128044
    1     25.649335063583     28.756014794072      7.295468926230
    1     27.846262309448     27.481382139082      5.647995596672
    1     28.441224328666     25.807218994028      5.569372671538
    1     30.100210691836     28.390893781614      5.686682620771
    1     30.838744255724     26.807256870999      5.287443476177
    8     24.146254021012     23.038042268285      3.963417892596
    6     24.901333599695     22.904424778189      5.130311661386
    1     26.001532096879     22.968645117892      4.897245331016
    0    0
