   2   1   1 E -4.0955950830888E+04 DE-7.9E-08(  8)
  0.153430010406E+02  0.000000000000E+00  0.000000000000E+00
  0.000000000000E+00  0.153430010406E+02  0.000000000000E+00
  0.000000000000E+00  0.000000000000E+00  0.500000000000E+03
    1
  0.100000000000E+01  0.000000000000E+00  0.000000000000E+00
  0.000000000000E+00  0.100000000000E+01  0.000000000000E+00
  0.000000000000E+00  0.000000000000E+00  0.100000000000E+01
  0.000000000000E+00  0.000000000000E+00  0.000000000000E+00
  225
    8      1.801298217310      2.659786095559      3.939817816889
    8     28.827650619974     29.731512478260      3.853606148112
    8      1.839031433968     -1.207567520635      3.958405497609
    8     -1.873472556091      2.296147309589      4.062813363233
    8      2.117240510133      6.377314102962      4.005198249423
    8     28.688894284322     24.026073744119      3.907766091696
    8      1.808233161981     -5.314543895963      4.053688117170
    8     -1.671576463549      5.528583314534      4.108406566697
    8      5.471923708296      2.596124509643      3.997098363548
    8     -5.146392581703     -2.290641232066      4.677710355870
    8      5.579723708288     -1.208662742099      3.957915223302
    8     -7.148313631967      0.273941277947      4.082123222982
    8      5.833432042011      6.201360773313      4.077323475528
    8     -5.276339653951     -4.948568709088      4.398590688221
    8      5.711469233034     -5.616233956917      4.107440326059
    8     -4.516183840686      3.978438332526      3.977247442327
  258      0.044166942453      1.933362230521      3.048621648021
  258      0.023168941715     -1.866409514000      3.018505681209
  258      0.051063871878      5.754070622550      3.051601319118
  258      0.006615515225     -5.729767341538      3.040890904215
  258      3.775025551642      1.950514678005      3.050103553433
  258     -3.604388197648     -1.907638503629      3.062403465263
  258      3.765126788642     -1.845327664704      3.026720362620
  258     -3.648814620017      2.043613593692      3.066593729606
  258      3.801299320947      5.742931829889      3.061820409329
  258     -3.645490392790     -5.751221502077      3.056375829807
  258      3.782823767243     -5.780905815292      3.043996422878
  258     -3.654482256482      5.654581889110      3.094735523382
  258      7.480599143519      1.860129922226      3.060354575223
  258      7.526248121612     -1.745098455238      3.076157914325
  258      7.520871719857      5.833387878335      3.036669519016
  258      7.559746882495     -5.757206432633      3.090057493256
    8      1.929074920770      1.867029054398      1.563290006452
    8     -1.835177033148     -1.962491118955      1.555981893636
    8      1.952921403493     -1.967642346807      1.571472644846
    8     -1.867385361290      1.897700515410      1.600090626133
    8      1.914473632083      5.698159803475      1.586677180309
    8     -1.837786012700     -5.697602137860      1.570730629851
    8      1.962060201454     -5.809240234398      1.596714329715
    8     -1.858216498102      5.783499846011      1.618891802397
    8      5.689188797865      1.862835733463      1.600324024398
    8     -5.806653990109     -1.851896425232      1.892644035125
    8      5.711267734599     -1.961434394135      1.609939021178
    8     -5.740375034784      1.954024735959      1.927482707021
    8      5.708542725641      5.714289885893      1.609959421062
    8     -5.821294106483     -5.758765723678      1.785381395906
    8      5.704673691625     -5.756301291479      1.620953890918
    8     -5.777069513020      5.734603658344      1.882686251012
    8      0.048277345208     -0.007611180044      1.852726759148
    8      0.005253509612      3.825821893992      1.895830410078
    8      0.092271849203     -3.841826566095      1.893577666665
    8      0.052735624127      7.679266479749      1.928130352345
    8      3.799857126708     -0.013416776186      1.884147309795
    8     -3.809778680895      0.014654302786      1.931924910801
    8      3.801737987217      3.820643682193      1.888222522442
    8     -3.855231690486     -3.808873167354      1.830087037214
    8      3.823370790178     -3.861891918472      2.046408214298
    8     -3.680678622914      3.841960589333      1.687813709062
    8      3.841222349483      7.652200275919      1.936468734001
    8     -3.835988693590      7.652194654035      1.916981233835
    8      7.555297075175      0.012244165822      1.689023375045
    8      7.628347493249      3.832193646459      1.983074824066
    8      7.626206959084     -3.812847732455      1.996894500576
    8      7.527589665797      7.674751062113      1.798870335732
  258      1.911633624182     -0.003665759822      0.402873889440
  258     -1.899885600564      0.017584051290      0.427591651886
  258      1.920432284963      3.820884617729      0.419064953616
  258     -1.900997924557     -3.831641735647      0.400329241205
  258      1.914190468960     -3.851925446480      0.427010507670
  258     -1.875958469962      3.844265721236      0.392750651022
  258      1.912289398250      7.650865749328      0.427698667269
  258     -1.906320992307      7.665140908265      0.443419530297
  258      5.719640550325     -0.004725685876      0.386174196405
  258     -5.742141238913      0.020409999046      0.538103571516
  258      5.732084642315      3.821814872570      0.440194014566
  258     -5.758797872475     -3.814248984403      0.554581118286
  258      5.751291058486     -3.834100855115      0.456839933944
  258     -5.748359627543      3.840419616080      0.543132843955
  258      5.728697358836      7.675723752916      0.413071966167
  258     -5.750194475050      7.675235267525      0.543787396370
    8     -0.006720743510      0.001465387703     -0.803705860370
    8      0.019587847632      3.838756285955     -0.807838525957
    8      0.004130958667     -3.842114820256     -0.795012751350
    8     -0.002261585589      7.664924860495     -0.771980847838
    8      3.821161314063     -0.005474713164     -0.814316267289
    8     -3.846319534943      0.010586715874     -0.754777848421
    8      3.839236693650      3.832817932454     -0.789117870304
    8     -3.853279797964     -3.832178865295     -0.785765013779
    8      3.839541750077     -3.842677605499     -0.745408222541
    8     -3.857114256052      3.840006106173     -0.832026799842
    8      3.824530016279      7.671722617856     -0.784310593546
    8     -3.848791752619      7.672013489898     -0.749191631213
    8      7.693973596943      0.003959672649     -0.835435336928
    8      7.684973571542      3.837113531923     -0.733156033155
    8      7.684473639023     -3.832969823936     -0.731209237451
    8      7.686861979478      7.669639548445     -0.792455262530
    8      1.917691983273      1.914505328172     -0.988959993141
    8     -1.924479138462     -1.907988012902     -0.981517602640
    8      1.913576500353     -1.933796071823     -0.982106518464
    8     -1.914791415174      1.918906558928     -0.970017515790
    8      1.921754430783      5.752953732206     -0.975125034131
    8     -1.923874409769     -5.767133768695     -0.973291389747
    8      1.913250147241     -5.764084668331     -0.968787490532
    8     -1.915630977111      5.765946175605     -0.961335276414
    8      5.754531466684      1.923568978721     -0.969436356239
    8     -5.747068278708     -1.907461279848     -0.814460378974
    8      5.753431257442     -1.931675991928     -0.965836666082
    8     -5.753564871582      1.928010947073     -0.802609052384
    8      5.754274239650      5.747072633020     -0.959110666581
    8     -5.750361991133     -5.751326350736     -0.850141697834
    8      5.756379611061     -5.752716839905     -0.956970024657
    8     -5.755456851790      5.752582595154     -0.815790863345
  258     -0.000077219398      1.914789463747     -2.190796879141
  258     -0.002960633291     -1.919031623506     -2.184644146224
  258      0.001694108143      5.757328765509     -2.185181274110
  258     -0.003338594301     -5.757781548449     -2.179687732815
  258      3.836195557790      1.919827292284     -2.189081324436
  258     -3.852896221114     -1.915855647306     -2.146205131301
  258      3.834741115728     -1.926428056283     -2.182203282990
  258     -3.850162810685      1.925320467423     -2.148217584416
  258      3.839207885245      5.749590203126     -2.179963554495
  258     -3.855369488976     -5.752125868998     -2.144082031289
  258      3.837195027162     -5.753593912907     -2.175482328104
  258     -3.852417846057      5.754302431409     -2.145301166442
  258      7.688567764043      1.917051554660     -2.146054694971
  258      7.689919827007     -1.914508740524     -2.143788943885
  258      7.686196780121      5.754617971687     -2.140539406506
  258      7.690468981329     -5.752827320897     -2.141226544830
    8      1.918622011254      1.918560030312     -3.631104781332
    8     -1.918833398143     -1.917840944928     -3.623020575174
    8      1.919868250317     -1.918822573357     -3.626359377225
    8     -1.919213350078      1.918861262082     -3.619743576241
    8      1.918342942580      5.754162487006     -3.622873197785
    8     -1.915342915848     -5.754142435747     -3.620275069928
    8      1.919983100408     -5.753978551428     -3.618666826278
    8     -1.916363187930      5.753267049834     -3.615221663169
    8      5.754896937749      1.918549642985     -3.619620124799
    8     -5.754524172694     -1.917009801468     -3.573346667609
    8      5.752793638093     -1.918531289359     -3.616657829324
    8     -5.754133877682      1.918746445450     -3.570890837047
    8      5.754186196240      5.753529822006     -3.613408210450
    8     -5.756129051727     -5.753617847646     -3.584097386130
    8      5.750613187929     -5.753671477727     -3.611835349423
    8     -5.755726891538      5.752925601079     -3.572168185595
    8      0.000000000000      0.000000000000     -3.390356274875
    8      0.000000000000      3.835750260159     -3.390356274875
    8      0.000000000000     -3.835750260159     -3.390356274875
    8      0.000000000000      7.671500520300     -3.390356274875
    8      3.835750260161      0.000000000000     -3.390356274875
    8     -3.835750260161      0.000000000000     -3.390356274875
    8      3.835750260161      3.835750260159     -3.390356274875
    8     -3.835750260161     -3.835750260159     -3.390356274875
    8      3.835750260161     -3.835750260159     -3.390356274875
    8     -3.835750260161      3.835750260159     -3.390356274875
    8      3.835750260161      7.671500520300     -3.390356274875
    8     -3.835750260161      7.671500520300     -3.390356274875
    8      7.671500520300      0.000000000000     -3.390356274875
    8      7.671500520300      3.835750260159     -3.390356274875
    8      7.671500520300     -3.835750260159     -3.390356274875
    8      7.671500520300      7.671500520300     -3.390356274875
  258      1.917875130081      0.000000000000     -4.746498784825
  258     -1.917875130081      0.000000000000     -4.746498784825
  258      1.917875130081      3.835750260159     -4.746498784825
  258     -1.917875130081     -3.835750260159     -4.746498784825
  258      1.917875130081     -3.835750260159     -4.746498784825
  258     -1.917875130081      3.835750260159     -4.746498784825
  258      1.917875130081      7.671500520300     -4.746498784825
  258     -1.917875130081      7.671500520300     -4.746498784825
  258      5.753625390240      0.000000000000     -4.746498784825
  258     -5.753625390240      0.000000000000     -4.746498784825
  258      5.753625390240      3.835750260159     -4.746498784825
  258     -5.753625390240     -3.835750260159     -4.746498784825
  258      5.753625390240     -3.835750260159     -4.746498784825
  258     -5.753625390240      3.835750260159     -4.746498784825
  258      5.753625390240      7.671500520300     -4.746498784825
  258     -5.753625390240      7.671500520300     -4.746498784825
    8      0.000000000000      0.000000000000     -6.100000000000
    8      0.000000000000      3.835750260159     -6.100000000000
    8      0.000000000000     -3.835750260159     -6.100000000000
    8      0.000000000000      7.671500520300     -6.100000000000
    8      3.835750260161      0.000000000000     -6.100000000000
    8     -3.835750260161      0.000000000000     -6.100000000000
    8      3.835750260161      3.835750260159     -6.100000000000
    8     -3.835750260161     -3.835750260159     -6.100000000000
    8      3.835750260161     -3.835750260159     -6.100000000000
    8     -3.835750260161      3.835750260159     -6.100000000000
    8      3.835750260161      7.671500520300     -6.100000000000
    8     -3.835750260161      7.671500520300     -6.100000000000
    8      7.671500520300      0.000000000000     -6.100000000000
    8      7.671500520300      3.835750260159     -6.100000000000
    8      7.671500520300     -3.835750260159     -6.100000000000
    8      7.671500520300      7.671500520300     -6.100000000000
    1     23.509511409838     21.493789773826      5.954230930130
    6     22.180970269845     27.271214127582      5.834415316478
    6     22.378265650633     28.589147499981      6.562185737979
    1     21.505453931938     28.781185420334      7.196565491037
    1     23.266690989168     28.551718468698      7.195437028104
    1     22.470982405707     29.429799824670      5.870273300581
    1     22.170781494550     26.411945607000      6.512409063407
    1     21.258705731929     27.261558873215      5.247567275508
    1     24.731039067986     23.753621894019      5.817457806610
    6     24.596532968172     21.568712061801      5.800747700126
    1     24.926385615808     20.724502074547      5.173088056117
    1     25.090788611695     21.455132328418      6.770280389356
   14     24.924069799571     27.017766125492      5.227350055447
    8     23.237376186938     27.046528651776      4.845531791461
    8     25.047341838243     26.819603429621      6.849519299172
    8     28.617139073449     26.861914574123      3.815800621918
    6     28.651868374540     26.831276491769      5.236265666506
    6     25.757533712591     27.740235840335      7.687258483877
    6     29.994621536183     27.296552664731      5.792310971769
    6     25.224523127874     27.639759017409      9.103911234798
    1     30.087279822775     27.071216310401      6.860045238971
    1     25.780389985093     28.316016075004      9.765130565738
    1     24.164418960016     27.911559240412      9.143563542819
    1     25.327819748706     26.619013209046      9.485309519888
    1     26.831315946091     27.491350483804      7.660199977286
    1     25.653774733308     28.762736744794      7.294425294493
    1     27.849338063444     27.473021778888      5.644989885255
    1     28.445432601414     25.799287869499      5.567650185050
    1     30.101684959689     28.384062616480      5.686499267676
    1     30.843184017815     26.800704957208      5.289916901177
    8     24.158156209165     23.038701934913      3.957549827788
    6     24.902505825919     22.908893672639      5.132569246208
    1     26.005001842630     22.970500262396      4.909428415246
    0    0
