   2   1   1 E -4.0955954971433E+04 DE-2.1E-08(  8)
  0.153430010406E+02  0.000000000000E+00  0.000000000000E+00
  0.000000000000E+00  0.153430010406E+02  0.000000000000E+00
  0.000000000000E+00  0.000000000000E+00  0.500000000000E+03
    1
  0.100000000000E+01  0.000000000000E+00  0.000000000000E+00
  0.000000000000E+00  0.100000000000E+01  0.000000000000E+00
  0.000000000000E+00  0.000000000000E+00  0.100000000000E+01
  0.000000000000E+00  0.000000000000E+00  0.000000000000E+00
  225
    8      1.872125473474      2.646323439245      3.939013985697
    8     28.770540702979     29.764663715606      3.846957659854
    8      1.742902147059     -1.166479057201      3.954950955525
    8     -1.813422728558      2.322309811364      4.049996658776
    8      2.108288226750      6.395446315667      3.997744801910
    8     28.694174446058     24.046833959716      3.915499360996
    8      1.813135666399     -5.295770442333      4.049885475108
    8     -1.675967719921      5.561447722759      4.114047817624
    8      5.561822183954      2.534374758383      3.999521209451
    8     -5.151759718521     -2.308342380043      4.678332712028
    8      5.468867225407     -1.224779789847      3.987488149027
    8     -7.221533354482      0.130962247903      4.064448923201
    8      5.821946587339      6.169025916518      4.085031012010
    8     -5.297076743168     -4.966093868460      4.398388722796
    8      5.711182823951     -5.639259863140      4.108038612385
    8     -4.468060067080      3.943526152062      3.992858631424
  258      0.060034014788      1.924570031074      3.046467994469
  258      0.014010980826     -1.860833283016      3.021825366966
  258      0.050069663493      5.756665606711      3.051870740780
  258      0.008313816439     -5.726736030402      3.041535873986
  258      3.781778384296      1.942841424557      3.046248202308
  258     -3.612167605392     -1.899360426039      3.063600634999
  258      3.760402990834     -1.846614157937      3.032204178920
  258     -3.627316737377      2.040364387718      3.065640714152
  258      3.794549410162      5.747318787474      3.059601775017
  258     -3.645639446990     -5.745913847289      3.058733657293
  258      3.782638894683     -5.779110772945      3.043868238723
  258     -3.648394254960      5.649344184613      3.093128948670
  258      7.469193847117      1.853109194419      3.051562157516
  258      7.530313195719     -1.737309969680      3.082299243683
  258      7.511661122725      5.831136412583      3.036706564622
  258      7.561193312297     -5.758800386365      3.091070204842
    8      1.927473456077      1.866585098113      1.562311393037
    8     -1.838549918134     -1.960448188963      1.552827730385
    8      1.956206196394     -1.968045418590      1.574886247644
    8     -1.864881641831      1.899206473231      1.598049219162
    8      1.918383577573      5.696118493861      1.585850148659
    8     -1.839835168504     -5.699130195979      1.572084595935
    8      1.961180408341     -5.812091206201      1.596968689583
    8     -1.856668580215      5.776491968390      1.620917497039
    8      5.686161300786      1.866050600194      1.595110278431
    8     -5.807552336993     -1.846399023795      1.888260591505
    8      5.718500570645     -1.952318205522      1.621003503894
    8     -5.747400457147      1.953479397378      1.958223193210
    8      5.705780251745      5.717542686458      1.609106455507
    8     -5.819773233538     -5.766086727353      1.786307858257
    8      5.708944409216     -5.754643450268      1.620464134678
    8     -5.772576781371      5.725089034914      1.900554946750
    8      0.037710311766     -0.001656682802      1.837308630883
    8      0.016691398918      3.822484452017      1.904500156463
    8      0.091030950389     -3.846153845050      1.890299917924
    8      0.049893848420      7.677780895312      1.927916454936
    8      3.794855556145     -0.007029472110      1.879173679075
    8     -3.816864810482      0.028803858843      1.916506908464
    8      3.811912131660      3.817308850548      1.900830110401
    8     -3.859201696772     -3.813460922870      1.828759383041
    8      3.828013515356     -3.865099565524      2.040671685269
    8     -3.680705281621      3.835803883047      1.687140991556
    8      3.842729384167      7.653848472177      1.933557472959
    8     -3.832729907583      7.648831858615      1.925542186577
    8      7.553483918789      0.029001950024      1.675123108977
    8      7.622072934908      3.827618115037      1.983094127901
    8      7.632255055166     -3.815585150317      1.992179040786
    8      7.528741185520      7.669815870521      1.797373122444
  258      1.910174001260     -0.006996780112      0.401713921484
  258     -1.899898347449      0.016410574374      0.425070739568
  258      1.921560277534      3.820261401881      0.419340523334
  258     -1.901688801176     -3.830155269859      0.402759111046
  258      1.913977722481     -3.851095383777      0.429043645058
  258     -1.872983095798      3.842958411223      0.391038326854
  258      1.911697579312      7.652135859674      0.426721409779
  258     -1.906232943156      7.666467805265      0.444600084115
  258      5.717368572318     -0.008089183882      0.383337587072
  258     -5.741046617452      0.020759761440      0.537953167289
  258      5.732495852753      3.824726500246      0.436529735439
  258     -5.759176435054     -3.812647658681      0.556271907441
  258      5.752825621523     -3.830429676860      0.461408022142
  258     -5.749021442263      3.837916014188      0.547983314958
  258      5.728328007469      7.678900723666      0.411610000856
  258     -5.750060885607      7.673869998496      0.547163399631
    8     -0.006016713172      0.000949657619     -0.809635338159
    8      0.021783317411      3.839327073929     -0.805762716294
    8      0.003672946964     -3.842962547750     -0.795674230357
    8     -0.003297251336      7.664972994438     -0.771612829608
    8      3.819866727106     -0.005912906400     -0.817267124887
    8     -3.846832615313      0.011113044640     -0.761625262917
    8      3.838707460266      3.834244646323     -0.785643033799
    8     -3.853322476591     -3.832485357181     -0.786504511659
    8      3.840196319566     -3.842468711161     -0.745722221829
    8     -3.856975460061      3.840903682791     -0.830478095039
    8      3.824049099667      7.671603145622     -0.785453479709
    8     -3.849103741942      7.670829522143     -0.745630000069
    8      7.692425321046      0.003394880328     -0.841765374091
    8      7.685668975722      3.837574332641     -0.732492428928
    8      7.684363669117     -3.833063769628     -0.732484645975
    8      7.688506969364      7.669342028496     -0.792405862284
    8      1.918226855797      1.915733516662     -0.988630664557
    8     -1.924468864386     -1.909224443876     -0.983560453862
    8      1.913078835137     -1.934823772965     -0.981529472032
    8     -1.914212653908      1.921094196806     -0.970976140242
    8      1.921188995003      5.753661155152     -0.975203766621
    8     -1.924295109919     -5.768985399542     -0.971951387516
    8      1.913130239058     -5.764929812524     -0.968592161817
    8     -1.915309993456      5.765696795800     -0.959788818482
    8      5.753590773153      1.924567749490     -0.971232745186
    8     -5.747084480616     -1.907153273564     -0.816122981818
    8      5.751952194447     -1.932172292807     -0.962653406391
    8     -5.753390185601      1.930263994120     -0.792225242735
    8      5.754587793791      5.747547837241     -0.959757038666
    8     -5.750057945967     -5.752930263459     -0.848904414408
    8      5.756524191045     -5.751820227130     -0.956297370552
    8     -5.755426302231      5.750909329045     -0.806945079264
  258      0.000731725738      1.913968863837     -2.191476232622
  258     -0.003492010174     -1.919795017051     -2.185014303981
  258      0.001825119891      5.757756142293     -2.185385729457
  258     -0.003824423905     -5.756889490357     -2.178988955852
  258      3.835950752721      1.919217166259     -2.189691763119
  258     -3.853260287015     -1.916314018273     -2.146543415983
  258      3.834363742717     -1.927568108840     -2.182643195943
  258     -3.850062274673      1.925272162743     -2.147875265162
  258      3.838805504348      5.750563339580     -2.180593092627
  258     -3.855800514363     -5.751636389061     -2.142944550845
  258      3.837349907122     -5.752295366957     -2.174760072102
  258     -3.852610527871      5.754013821655     -2.143655057996
  258      7.688178481575      1.916357320493     -2.145649185338
  258      7.690292294150     -1.914843916425     -2.143926768405
  258      7.687032745174      5.755266063925     -2.140058135266
  258      7.690789497824     -5.751981685310     -2.140198788307
    8      1.918757579224      1.918637816107     -3.630997558799
    8     -1.918745565963     -1.917831985271     -3.624398802077
    8      1.920297180246     -1.918897202109     -3.626738196528
    8     -1.919450544200      1.919058039709     -3.619589036535
    8      1.918305149599      5.754066435668     -3.622785200898
    8     -1.915429707895     -5.754288840838     -3.619498944978
    8      1.920115422559     -5.753892399339     -3.618943920114
    8     -1.916885558778      5.753139591855     -3.613865416131
    8      5.755070626100      1.918663343410     -3.619483884935
    8     -5.754867177156     -1.916695827299     -3.574920554979
    8      5.752570621447     -1.918554935401     -3.615333354691
    8     -5.753909907722      1.919122342129     -3.567874783927
    8      5.754336800430      5.753409026179     -3.612863336275
    8     -5.756092495025     -5.753756183298     -3.584391007408
    8      5.750610933309     -5.753684281144     -3.611609123510
    8     -5.755697228151      5.752574084723     -3.569277267141
    8      0.000000000000      0.000000000000     -3.390356274875
    8      0.000000000000      3.835750260159     -3.390356274875
    8      0.000000000000     -3.835750260159     -3.390356274875
    8      0.000000000000      7.671500520300     -3.390356274875
    8      3.835750260161      0.000000000000     -3.390356274875
    8     -3.835750260161      0.000000000000     -3.390356274875
    8      3.835750260161      3.835750260159     -3.390356274875
    8     -3.835750260161     -3.835750260159     -3.390356274875
    8      3.835750260161     -3.835750260159     -3.390356274875
    8     -3.835750260161      3.835750260159     -3.390356274875
    8      3.835750260161      7.671500520300     -3.390356274875
    8     -3.835750260161      7.671500520300     -3.390356274875
    8      7.671500520300      0.000000000000     -3.390356274875
    8      7.671500520300      3.835750260159     -3.390356274875
    8      7.671500520300     -3.835750260159     -3.390356274875
    8      7.671500520300      7.671500520300     -3.390356274875
  258      1.917875130081      0.000000000000     -4.746498784825
  258     -1.917875130081      0.000000000000     -4.746498784825
  258      1.917875130081      3.835750260159     -4.746498784825
  258     -1.917875130081     -3.835750260159     -4.746498784825
  258      1.917875130081     -3.835750260159     -4.746498784825
  258     -1.917875130081      3.835750260159     -4.746498784825
  258      1.917875130081      7.671500520300     -4.746498784825
  258     -1.917875130081      7.671500520300     -4.746498784825
  258      5.753625390240      0.000000000000     -4.746498784825
  258     -5.753625390240      0.000000000000     -4.746498784825
  258      5.753625390240      3.835750260159     -4.746498784825
  258     -5.753625390240     -3.835750260159     -4.746498784825
  258      5.753625390240     -3.835750260159     -4.746498784825
  258     -5.753625390240      3.835750260159     -4.746498784825
  258      5.753625390240      7.671500520300     -4.746498784825
  258     -5.753625390240      7.671500520300     -4.746498784825
    8      0.000000000000      0.000000000000     -6.100000000000
    8      0.000000000000      3.835750260159     -6.100000000000
    8      0.000000000000     -3.835750260159     -6.100000000000
    8      0.000000000000      7.671500520300     -6.100000000000
    8      3.835750260161      0.000000000000     -6.100000000000
    8     -3.835750260161      0.000000000000     -6.100000000000
    8      3.835750260161      3.835750260159     -6.100000000000
    8     -3.835750260161     -3.835750260159     -6.100000000000
    8      3.835750260161     -3.835750260159     -6.100000000000
    8     -3.835750260161      3.835750260159     -6.100000000000
    8      3.835750260161      7.671500520300     -6.100000000000
    8     -3.835750260161      7.671500520300     -6.100000000000
    8      7.671500520300      0.000000000000     -6.100000000000
    8      7.671500520300      3.835750260159     -6.100000000000
    8      7.671500520300     -3.835750260159     -6.100000000000
    8      7.671500520300      7.671500520300     -6.100000000000
    1     23.531379932810     21.460173242609      5.961944317149
    6     22.160639406343     27.253413329675      5.823287062295
    6     22.343903616651     28.567722409221      6.559720891532
    1     21.475984952761     28.738329411160      7.206847406482
    1     23.241378310791     28.540463451446      7.180951516894
    1     22.413769895262     29.414295789343      5.872732503917
    1     22.152052714243     26.388512776195      6.493874784172
    1     21.241209356166     27.243062453460      5.231790813996
    1     24.738055677791     23.726279749945      5.826595101311
    6     24.614135501158     21.541707297817      5.785217931384
    1     24.931807004329     20.704175577906      5.142188882256
    1     25.131492067809     21.416881469157      6.741000984399
   14     24.910616977965     27.005009153865      5.226171434473
    8     23.224003895842     27.043012333718      4.838429600053
    8     25.026709308779     26.803746043962      6.848476945502
    8     28.611295330656     26.880006982000      3.817921760993
    6     28.646402636621     26.848020929511      5.238168508060
    6     25.737222467917     27.720256348775      7.689892060843
    6     29.990042513568     27.311701726530      5.793157957043
    6     25.192032720411     27.626985296255      9.102398622307
    1     30.083437568457     27.086941526311      6.860893898598
    1     25.749923341799     28.298059463905      9.767461023212
    1     24.134868674881     27.910291549582      9.132978232366
    1     25.280837109051     26.605598766655      9.485705762858
    1     26.809283991007     27.463047498367      7.671532169995
    1     25.644545344985     28.743087733428      7.294546552104
    1     27.844649625635     27.490015225664      5.647903249673
    1     28.440343619523     25.815745313226      5.569045091966
    1     30.101396622996     28.399149040136      5.687867928833
    1     30.837101550752     26.814167598334      5.289762223870
    8     24.133356030096     23.032030907050      3.969744808178
    6     24.900317884383     22.891921921538      5.127503993208
    1     25.997868466297     22.962762836239      4.884598261121
    0    0
