   2   1   1 E -4.0955955443489E+04 DE-5.9E-08(  7)
  0.153430010406E+02  0.000000000000E+00  0.000000000000E+00
  0.000000000000E+00  0.153430010406E+02  0.000000000000E+00
  0.000000000000E+00  0.000000000000E+00  0.500000000000E+03
    1
  0.100000000000E+01  0.000000000000E+00  0.000000000000E+00
  0.000000000000E+00  0.100000000000E+01  0.000000000000E+00
  0.000000000000E+00  0.000000000000E+00  0.100000000000E+01
  0.000000000000E+00  0.000000000000E+00  0.000000000000E+00
  225
    8      1.871579634898      2.646454935750      3.938903773767
    8     28.770591795920     29.764750852898      3.846911285480
    8      1.742986465429     -1.166505815214      3.954983900785
    8     -1.814084630713      2.322465383239      4.050011405386
    8      2.108473969915      6.395721395952      3.997653581105
    8     28.694288441331     24.046892501758      3.915505056931
    8      1.813190302150     -5.295711594325      4.049856283814
    8     -1.675580175086      5.561344566716      4.114102970448
    8      5.561702005093      2.533672150008      3.999787715010
    8     -5.151610488267     -2.308378533553      4.678350161117
    8      5.469142454918     -1.225690561999      3.987721715953
    8     -7.221419230243      0.130806710449      4.064368206381
    8      5.821991950823      6.169022425751      4.084988806171
    8     -5.296831430087     -4.966142495982      4.398517056302
    8      5.711143350347     -5.639454710827      4.108054799876
    8     -4.468290489093      3.944045115941      3.992843482485
  258      0.059933216565      1.924632623901      3.046372382036
  258      0.013986678569     -1.860825588453      3.021828470764
  258      0.050145152775      5.756648122376      3.051895130484
  258      0.008313389534     -5.726743625382      3.041535861676
  258      3.781697465138      1.942847655405      3.046192255544
  258     -3.612190178073     -1.899361812742      3.063560300015
  258      3.760362342495     -1.846701964078      3.032216951096
  258     -3.627478687176      2.040194418793      3.065906692666
  258      3.794657707488      5.747430917494      3.059553477004
  258     -3.645603701905     -5.745915470568      3.058717738476
  258      3.782619892754     -5.779122066292      3.043877609037
  258     -3.648359693560      5.649252028376      3.093143478064
  258      7.469150842847      1.852954333367      3.051558128507
  258      7.530221069568     -1.737455495443      3.082287856351
  258      7.511869876925      5.831032558031      3.036890024091
  258      7.561134239465     -5.758894718363      3.091055470974
    8      1.927577037099      1.866561568595      1.562317894010
    8     -1.838522560518     -1.960428072606      1.552834063216
    8      1.956151123983     -1.968024284171      1.574932262892
    8     -1.864814442160      1.899183446151      1.598125850348
    8      1.918406820183      5.696098596137      1.585816188486
    8     -1.839844839757     -5.699143079917      1.572053761600
    8      1.961148793230     -5.812094368088      1.596941825365
    8     -1.856716931960      5.776454811299      1.620946231163
    8      5.686071872563      1.866101876739      1.595163738993
    8     -5.807433673696     -1.846417022547      1.888234068557
    8      5.718293038231     -1.952240731690      1.620943511329
    8     -5.747490577439      1.953521456210      1.958228864549
    8      5.705814776974      5.717582001068      1.609103170465
    8     -5.819827530550     -5.766053562187      1.786374516765
    8      5.708975419924     -5.754622631251      1.620477779980
    8     -5.772622260610      5.725073607222      1.900548381865
    8      0.037759686807     -0.001592438050      1.837334327758
    8      0.016659098543      3.822418507443      1.904329086397
    8      0.091026991019     -3.846143718740      1.890246264461
    8      0.049870879715      7.677788410608      1.927903455978
    8      3.794885997145     -0.007017487072      1.879417488405
    8     -3.816896809181      0.028832266025      1.916452001331
    8      3.811947397519      3.817321127783      1.900936163373
    8     -3.859169311061     -3.813480878683      1.828762515211
    8      3.827947208505     -3.865115486617      2.040565917836
    8     -3.680671911636      3.835600997742      1.687152404614
    8      3.842750194015      7.653906639926      1.933471887052
    8     -3.832764459114      7.648835676281      1.925592991547
    8      7.553394656534      0.028988616354      1.675100796907
    8      7.621996941764      3.827594867153      1.983227544084
    8      7.632166716936     -3.815540456060      1.992176786262
    8      7.528703967464      7.669717463643      1.797401370719
  258      1.910143661584     -0.007029485063      0.401690523040
  258     -1.899942817646      0.016452141282      0.425104866356
  258      1.921569804203      3.820273897957      0.419322213309
  258     -1.901696032663     -3.830150391250      0.402762928485
  258      1.913968591282     -3.851109272579      0.429063385128
  258     -1.872925723523      3.843029681053      0.390953512953
  258      1.911683507155      7.652133616025      0.426709572380
  258     -1.906233719709      7.666454440869      0.444615501277
  258      5.717341132423     -0.008108882231      0.383338187826
  258     -5.741094802060      0.020683037590      0.537918313619
  258      5.732533090622      3.824778037430      0.436566396936
  258     -5.759223022616     -3.812637287981      0.556300969941
  258      5.752808410395     -3.830409211184      0.461385786523
  258     -5.748966554896      3.837853664059      0.548051754995
  258      5.728233439485      7.679018252810      0.411479984919
  258     -5.750083196288      7.673850132264      0.547186916270
    8     -0.006033294250      0.000949656426     -0.809604860760
    8      0.021819799008      3.839350221607     -0.805836620261
    8      0.003665063522     -3.842950848245     -0.795706742521
    8     -0.003309568359      7.664953644625     -0.771626401982
    8      3.819865290230     -0.005894440334     -0.817208160124
    8     -3.846836877115      0.011077787962     -0.761637982139
    8      3.838719056036      3.834242867361     -0.785629990225
    8     -3.853353130199     -3.832476248418     -0.786488296015
    8      3.840176475598     -3.842445593647     -0.745779477034
    8     -3.856986643835      3.840881495287     -0.830484139403
    8      3.824001228846      7.671625621790     -0.785516808068
    8     -3.849136415209      7.670832090407     -0.745598779047
    8      7.692367174488      0.003395461579     -0.841757566042
    8      7.685685484130      3.837537996633     -0.732448164683
    8      7.684348015608     -3.833070853497     -0.732476180705
    8      7.688528852005      7.669344441612     -0.792381548013
    8      1.918214906539      1.915738839223     -0.988599856077
    8     -1.924471318988     -1.909231667983     -0.983557191693
    8      1.913073651541     -1.934785900420     -0.981492027043
    8     -1.914226730868      1.921105582147     -0.970896726902
    8      1.921218640183      5.753673177832     -0.975213466359
    8     -1.924308706377     -5.768974826997     -0.971970198146
    8      1.913104126282     -5.764916394582     -0.968606705336
    8     -1.915345160100      5.765746136073     -0.959783097616
    8      5.753585792086      1.924581224150     -0.971217156756
    8     -5.747105802006     -1.907134334712     -0.816150886953
    8      5.751947165462     -1.932172788164     -0.962674379675
    8     -5.753387410251      1.930212824166     -0.792230325653
    8      5.754611608664      5.747562981504     -0.959728069473
    8     -5.750062573624     -5.752893259211     -0.848859636330
    8      5.756516139896     -5.751779911964     -0.956297555178
    8     -5.755425559723      5.750894205404     -0.806927097686
  258      0.000731902443      1.913963931043     -2.191466479684
  258     -0.003507544315     -1.919795055303     -2.185009183264
  258      0.001826435605      5.757773481812     -2.185390119362
  258     -0.003835060768     -5.756882885217     -2.178986712491
  258      3.835953153396      1.919217929015     -2.189678663006
  258     -3.853252380056     -1.916309925406     -2.146541183845
  258      3.834355230858     -1.927578021370     -2.182649406617
  258     -3.850091925015      1.925269356484     -2.147853947081
  258      3.838808958329      5.750552763306     -2.180601407389
  258     -3.855806518672     -5.751626898236     -2.142934467583
  258      3.837311780333     -5.752277948346     -2.174785466357
  258     -3.852633361519      5.754015979158     -2.143645438151
  258      7.688155658025      1.916357804826     -2.145619975883
  258      7.690288476984     -1.914845806047     -2.143967415673
  258      7.687054590784      5.755254726903     -2.140035852193
  258      7.690808910734     -5.751975680553     -2.140200812610
    8      1.918760816120      1.918633951200     -3.630972518771
    8     -1.918745293664     -1.917833249195     -3.624395136923
    8      1.920303431360     -1.918897422787     -3.626715264773
    8     -1.919433876528      1.919058061064     -3.619578082648
    8      1.918312031764      5.754067239725     -3.622788323169
    8     -1.915440916616     -5.754287950698     -3.619516223457
    8      1.920114311504     -5.753886148452     -3.618953341686
    8     -1.916878623641      5.753143806008     -3.613874378164
    8      5.755060956286      1.918665062667     -3.619477036439
    8     -5.754868913156     -1.916700068454     -3.574932749218
    8      5.752569116504     -1.918552889963     -3.615335108029
    8     -5.753910790223      1.919107233842     -3.567892798839
    8      5.754334749193      5.753407835047     -3.612859766726
    8     -5.756091838272     -5.753708848911     -3.584322904249
    8      5.750623595010     -5.753678782174     -3.611625917709
    8     -5.755706571625      5.752581069209     -3.569261866632
    8      0.000000000000      0.000000000000     -3.390356274875
    8      0.000000000000      3.835750260159     -3.390356274875
    8      0.000000000000     -3.835750260159     -3.390356274875
    8      0.000000000000      7.671500520300     -3.390356274875
    8      3.835750260161      0.000000000000     -3.390356274875
    8     -3.835750260161      0.000000000000     -3.390356274875
    8      3.835750260161      3.835750260159     -3.390356274875
    8     -3.835750260161     -3.835750260159     -3.390356274875
    8      3.835750260161     -3.835750260159     -3.390356274875
    8     -3.835750260161      3.835750260159     -3.390356274875
    8      3.835750260161      7.671500520300     -3.390356274875
    8     -3.835750260161      7.671500520300     -3.390356274875
    8      7.671500520300      0.000000000000     -3.390356274875
    8      7.671500520300      3.835750260159     -3.390356274875
    8      7.671500520300     -3.835750260159     -3.390356274875
    8      7.671500520300      7.671500520300     -3.390356274875
  258      1.917875130081      0.000000000000     -4.746498784825
  258     -1.917875130081      0.000000000000     -4.746498784825
  258      1.917875130081      3.835750260159     -4.746498784825
  258     -1.917875130081     -3.835750260159     -4.746498784825
  258      1.917875130081     -3.835750260159     -4.746498784825
  258     -1.917875130081      3.835750260159     -4.746498784825
  258      1.917875130081      7.671500520300     -4.746498784825
  258     -1.917875130081      7.671500520300     -4.746498784825
  258      5.753625390240      0.000000000000     -4.746498784825
  258     -5.753625390240      0.000000000000     -4.746498784825
  258      5.753625390240      3.835750260159     -4.746498784825
  258     -5.753625390240     -3.835750260159     -4.746498784825
  258      5.753625390240     -3.835750260159     -4.746498784825
  258     -5.753625390240      3.835750260159     -4.746498784825
  258      5.753625390240      7.671500520300     -4.746498784825
  258     -5.753625390240      7.671500520300     -4.746498784825
    8      0.000000000000      0.000000000000     -6.100000000000
    8      0.000000000000      3.835750260159     -6.100000000000
    8      0.000000000000     -3.835750260159     -6.100000000000
    8      0.000000000000      7.671500520300     -6.100000000000
    8      3.835750260161      0.000000000000     -6.100000000000
    8     -3.835750260161      0.000000000000     -6.100000000000
    8      3.835750260161      3.835750260159     -6.100000000000
    8     -3.835750260161     -3.835750260159     -6.100000000000
    8      3.835750260161     -3.835750260159     -6.100000000000
    8     -3.835750260161      3.835750260159     -6.100000000000
    8      3.835750260161      7.671500520300     -6.100000000000
    8     -3.835750260161      7.671500520300     -6.100000000000
    8      7.671500520300      0.000000000000     -6.100000000000
    8      7.671500520300      3.835750260159     -6.100000000000
    8      7.671500520300     -3.835750260159     -6.100000000000
    8      7.671500520300      7.671500520300     -6.100000000000
    1     23.531399531979     21.460444330748      5.962174544243
    6     22.160874189021     27.253219519683      5.823467934511
    6     22.344058328599     28.567548329895      6.559905174645
    1     21.476084591523     28.738126609125      7.206962660018
    1     23.241490350611     28.540323422582      7.181200201025
    1     22.413950896106     29.414093049106      5.872895085142
    1     22.152497490989     26.388322793360      6.494060825893
    1     21.241390814216     27.242806556670      5.232079932116
    1     24.738297865530     23.726460404732      5.826547399119
    6     24.614152052479     21.541889736429      5.785383933708
    1     24.931762859821     20.704304885620      5.142397966901
    1     25.131555694494     21.417119638640      6.741142278118
   14     24.910762701783     27.004975822327      5.226214773587
    8     23.224160759108     27.042934313110      4.838462199761
    8     25.026855961662     26.803759480708      6.848530000683
    8     28.611426235399     26.880093343714      3.817879863440
    6     28.646459141081     26.848119314535      5.238129958168
    6     25.737343960298     27.720312193790      7.689924581041
    6     29.990119106053     27.311681885440      5.793177771087
    6     25.192202288238     27.627013903380      9.102448038611
    1     30.083456768970     27.086907127280      6.860915153315
    1     25.750127592380     28.298062200089      9.767512355930
    1     24.135043560437     27.910341286879      9.133072285526
    1     25.280995906108     26.605626926545      9.485723376949
    1     26.809413877865     27.463179363809      7.671538781714
    1     25.644594734341     28.743147086257      7.294574285102
    1     27.844755111206     27.490200092332      5.647820769072
    1     28.440276348587     25.815872787709      5.569023471901
    1     30.101569680541     28.399123742451      5.687913105607
    1     30.837161955400     26.814105018431      5.289803747993
    8     24.133337292185     23.032098949953      3.969829078471
    6     24.900395012993     22.892020808417      5.127528225078
    1     25.997916569480     22.962726651478      4.884492878673
    0    0
