   2   1   1 E -4.0955954962876E+04 DE-1.8E-08( 12)
  0.153430010406E+02  0.000000000000E+00  0.000000000000E+00
  0.000000000000E+00  0.153430010406E+02  0.000000000000E+00
  0.000000000000E+00  0.000000000000E+00  0.500000000000E+03
    1
  0.100000000000E+01  0.000000000000E+00  0.000000000000E+00
  0.000000000000E+00  0.100000000000E+01  0.000000000000E+00
  0.000000000000E+00  0.000000000000E+00  0.100000000000E+01
  0.000000000000E+00  0.000000000000E+00  0.000000000000E+00
  225
    8      1.848364514917      2.651139590867      3.937076661108
    8     28.778485730617     29.757300071668      3.847957775968
    8      1.753899199919     -1.174699145170      3.955557821033
    8     -1.832844245876      2.315663430220      4.056318616352
    8      2.107680711639      6.387951259634      3.999777299570
    8     28.690692527849     24.042945279246      3.915201068415
    8      1.810980680294     -5.295531588049      4.050059529095
    8     -1.675123135145      5.555040800562      4.112894990431
    8      5.540501556881      2.537888139477      3.996909214571
    8     -5.157785736649     -2.300191851451      4.676079082795
    8      5.479379972059     -1.267930362058      3.997525886142
    8     -7.252297793430      0.138205368305      4.075930540460
    8      5.823277552184      6.164087808653      4.086997389010
    8     -5.294466867424     -4.958381146705      4.393772203716
    8      5.708722464119     -5.643707434795      4.108289045908
    8     -4.479332908474      3.956612798157      3.989251590671
  258      0.058909953292      1.926371457600      3.046395203952
  258      0.015519436093     -1.861876615546      3.021737249869
  258      0.051507647064      5.755267599652      3.052695861534
  258      0.009695073565     -5.728325026177      3.041208922134
  258      3.780510992170      1.944648082376      3.045840615142
  258     -3.610154568505     -1.901796671553      3.063613821820
  258      3.757321371157     -1.850428858724      3.032289371278
  258     -3.627774811797      2.042194971515      3.066352881405
  258      3.796253833425      5.747346732552      3.059658709063
  258     -3.645254956708     -5.746730645073      3.058609143252
  258      3.784500229804     -5.778396947850      3.042686228131
  258     -3.648864185617      5.651450680437      3.094609709550
  258      7.470890009718      1.854158435354      3.049031373460
  258      7.523702349563     -1.738596572352      3.085427499626
  258      7.513488001360      5.833914432328      3.036379561165
  258      7.561914973107     -5.756209450074      3.090776528574
    8      1.930476127275      1.866820285649      1.561926751853
    8     -1.838162563490     -1.961216489210      1.552702944547
    8      1.953187822327     -1.968540759478      1.572241076474
    8     -1.861872437854      1.899605371799      1.599114654655
    8      1.918947759596      5.696730126643      1.585139033274
    8     -1.839486464120     -5.699580542776      1.571909969091
    8      1.959851114893     -5.812659038166      1.598023447369
    8     -1.856882642803      5.777399065177      1.620028800967
    8      5.689291885559      1.866934914422      1.595203072440
    8     -5.808469452940     -1.846936922675      1.886751926347
    8      5.717983151711     -1.949811158014      1.615829346665
    8     -5.751826084397      1.950116422625      1.961890825583
    8      5.707187367873      5.718551050936      1.608946281208
    8     -5.823234911639     -5.765038118658      1.784146530734
    8      5.707518718890     -5.753057149532      1.619946383422
    8     -5.776346746277      5.726381585888      1.896804858491
    8      0.040195053625     -0.002040402695      1.840611434244
    8      0.014508764444      3.823332958169      1.901375973338
    8      0.089528097873     -3.846377625612      1.891798996432
    8      0.050337652964      7.676959339317      1.928938660959
    8      3.798664737668     -0.007579957797      1.886155205279
    8     -3.814975026222      0.026297795101      1.919058642891
    8      3.810947957780      3.818490014823      1.899253518297
    8     -3.859099490491     -3.812850337070      1.826846545748
    8      3.826271471138     -3.864659064284      2.038715173991
    8     -3.681869343792      3.836253815981      1.685774507142
    8      3.842847806380      7.653793217849      1.935105091915
    8     -3.834457001236      7.649604708688      1.922667196539
    8      7.553849290967      0.028796460498      1.677072201049
    8      7.621842392262      3.827490163280      1.986804092723
    8      7.629606219071     -3.815241464841      1.994321433322
    8      7.527343326467      7.672129345121      1.798220198046
  258      1.910381795985     -0.006466551180      0.402007132185
  258     -1.899587226915      0.016393157456      0.426269561292
  258      1.921137962823      3.821002129292      0.418863227122
  258     -1.901450202172     -3.830907629305      0.402569039566
  258      1.913357509170     -3.852162183647      0.427762086081
  258     -1.873310953903      3.843363769866      0.391621600124
  258      1.911909175761      7.651799307473      0.426395604340
  258     -1.905906805521      7.665787765644      0.444560708921
  258      5.718223861072     -0.007923794250      0.382796717222
  258     -5.740788483046      0.018659472432      0.538932078470
  258      5.731849996195      3.825140721029      0.436802338243
  258     -5.758968901426     -3.811491489082      0.556760918471
  258      5.752879929416     -3.829503090232      0.460283053216
  258     -5.748913236715      3.838466956717      0.548253582378
  258      5.729148178922      7.679260621634      0.411806114951
  258     -5.749597665231      7.674882470248      0.546219574705
    8     -0.005727903599      0.001577587661     -0.807475546003
    8      0.021245967215      3.839113225768     -0.806092536970
    8      0.003761966570     -3.842681910982     -0.795819634377
    8     -0.002670068173      7.664887916139     -0.771370037131
    8      3.819571574143     -0.006009101918     -0.814654103550
    8     -3.846966027228      0.010990469015     -0.760427483775
    8      3.838771833080      3.834329375876     -0.785947161847
    8     -3.852772849426     -3.832514936136     -0.787070710053
    8      3.839557496631     -3.841928320330     -0.745658901411
    8     -3.857815116113      3.840817659044     -0.830901730261
    8      3.824248945346      7.671574118825     -0.784871574505
    8     -3.848842253235      7.670633067649     -0.746510713058
    8      7.693078521267      0.003603831630     -0.841105390231
    8      7.685798693838      3.837824098277     -0.730929099251
    8      7.684781150888     -3.832876762584     -0.732058414028
    8      7.687928035681      7.669724111994     -0.792470942324
    8      1.917899810883      1.915418172550     -0.989637839789
    8     -1.924144587902     -1.908120418219     -0.983306888205
    8      1.913016996262     -1.933800040955     -0.982522895561
    8     -1.914776193885      1.920662539184     -0.970656186686
    8      1.921330719274      5.753144824946     -0.975845423409
    8     -1.923753269607     -5.769148419754     -0.972275812951
    8      1.913236349092     -5.764831391432     -0.968191495246
    8     -1.915058644871      5.765571057067     -0.960600264398
    8      5.753439056830      1.925378327497     -0.971990292195
    8     -5.746816346555     -1.907673268973     -0.816814880691
    8      5.752201622748     -1.931849678273     -0.965595722700
    8     -5.753401006111      1.930376460869     -0.790507190849
    8      5.754746409873      5.747600350042     -0.959849570281
    8     -5.749792166614     -5.753186462808     -0.850488327455
    8      5.756382482668     -5.751336974325     -0.956702888872
    8     -5.755368876920      5.751071420699     -0.808486022223
  258      0.000290593524      1.914100043445     -2.191358896513
  258     -0.003648997137     -1.919561627615     -2.185049378924
  258      0.001493798917      5.757575479682     -2.185624294926
  258     -0.004171264124     -5.757226514793     -2.179393538560
  258      3.835923553319      1.919425642301     -2.189966886021
  258     -3.852864707698     -1.916228365463     -2.146299888680
  258      3.834313595978     -1.927541414267     -2.182942616147
  258     -3.850049555729      1.925166282616     -2.147275447843
  258      3.839006393182      5.750777111222     -2.180667030432
  258     -3.855712370652     -5.751582066123     -2.143035506557
  258      3.837719760238     -5.752343808874     -2.175097766816
  258     -3.852690098469      5.754068234812     -2.143618115347
  258      7.688608827054      1.916476953947     -2.145413499649
  258      7.690607090071     -1.914771028628     -2.144422833925
  258      7.686973090168      5.755420242274     -2.140043638722
  258      7.690933655704     -5.751851015637     -2.140357426465
    8      1.918839773146      1.918619065921     -3.631565542032
    8     -1.918512868437     -1.917844998889     -3.623746388393
    8      1.920286467465     -1.918994233129     -3.627486852676
    8     -1.919409043224      1.918971894030     -3.619240008043
    8      1.918391653987      5.754222482905     -3.623335770475
    8     -1.915066012118     -5.754232798549     -3.619225891648
    8      1.920167911816     -5.753902206112     -3.618838768353
    8     -1.916570880438      5.753112806961     -3.614192131533
    8      5.754959110997      1.918643477931     -3.619318017509
    8     -5.754805569968     -1.916634123397     -3.575459515960
    8      5.752410364651     -1.918571375618     -3.616367252048
    8     -5.754294677741      1.918902785834     -3.567375181373
    8      5.754325543971      5.753404135856     -3.612544728386
    8     -5.756147417296     -5.753852023654     -3.585503161496
    8      5.750286961932     -5.753813829002     -3.611095642097
    8     -5.755834453393      5.752500337915     -3.570262326407
    8      0.000000000000      0.000000000000     -3.390356274875
    8      0.000000000000      3.835750260159     -3.390356274875
    8      0.000000000000     -3.835750260159     -3.390356274875
    8      0.000000000000      7.671500520300     -3.390356274875
    8      3.835750260161      0.000000000000     -3.390356274875
    8     -3.835750260161      0.000000000000     -3.390356274875
    8      3.835750260161      3.835750260159     -3.390356274875
    8     -3.835750260161     -3.835750260159     -3.390356274875
    8      3.835750260161     -3.835750260159     -3.390356274875
    8     -3.835750260161      3.835750260159     -3.390356274875
    8      3.835750260161      7.671500520300     -3.390356274875
    8     -3.835750260161      7.671500520300     -3.390356274875
    8      7.671500520300      0.000000000000     -3.390356274875
    8      7.671500520300      3.835750260159     -3.390356274875
    8      7.671500520300     -3.835750260159     -3.390356274875
    8      7.671500520300      7.671500520300     -3.390356274875
  258      1.917875130081      0.000000000000     -4.746498784825
  258     -1.917875130081      0.000000000000     -4.746498784825
  258      1.917875130081      3.835750260159     -4.746498784825
  258     -1.917875130081     -3.835750260159     -4.746498784825
  258      1.917875130081     -3.835750260159     -4.746498784825
  258     -1.917875130081      3.835750260159     -4.746498784825
  258      1.917875130081      7.671500520300     -4.746498784825
  258     -1.917875130081      7.671500520300     -4.746498784825
  258      5.753625390240      0.000000000000     -4.746498784825
  258     -5.753625390240      0.000000000000     -4.746498784825
  258      5.753625390240      3.835750260159     -4.746498784825
  258     -5.753625390240     -3.835750260159     -4.746498784825
  258      5.753625390240     -3.835750260159     -4.746498784825
  258     -5.753625390240      3.835750260159     -4.746498784825
  258      5.753625390240      7.671500520300     -4.746498784825
  258     -5.753625390240      7.671500520300     -4.746498784825
    8      0.000000000000      0.000000000000     -6.100000000000
    8      0.000000000000      3.835750260159     -6.100000000000
    8      0.000000000000     -3.835750260159     -6.100000000000
    8      0.000000000000      7.671500520300     -6.100000000000
    8      3.835750260161      0.000000000000     -6.100000000000
    8     -3.835750260161      0.000000000000     -6.100000000000
    8      3.835750260161      3.835750260159     -6.100000000000
    8     -3.835750260161     -3.835750260159     -6.100000000000
    8      3.835750260161     -3.835750260159     -6.100000000000
    8     -3.835750260161      3.835750260159     -6.100000000000
    8      3.835750260161      7.671500520300     -6.100000000000
    8     -3.835750260161      7.671500520300     -6.100000000000
    8      7.671500520300      0.000000000000     -6.100000000000
    8      7.671500520300      3.835750260159     -6.100000000000
    8      7.671500520300     -3.835750260159     -6.100000000000
    8      7.671500520300      7.671500520300     -6.100000000000
    1     23.525698623489     21.472140836958      5.961400114145
    6     22.167214514863     27.242001847695      5.837965664672
    6     22.345779327643     28.559036639382      6.571518844820
    1     21.472238674049     28.734673374951      7.209376664488
    1     23.237256924695     28.532014190334      7.201728478767
    1     22.425185777559     29.402955385618      5.882995141535
    1     22.178651863220     26.378591826250      6.511502315234
    1     21.242131066528     27.218791292526      5.256270983652
    1     24.737308822155     23.737096356766      5.823032818478
    6     24.609601983200     21.552104818245      5.790656648739
    1     24.930838149393     20.712699521477      5.152023798269
    1     25.121220256473     21.431190087649      6.750095557715
   14     24.911140648929     27.009973853468      5.224510345428
    8     23.223660743583     27.041624621778      4.842414436509
    8     25.033925815819     26.806140848891      6.846050621000
    8     28.604454253984     26.878142926917      3.818808712847
    6     28.642508225153     26.846416751330      5.238829800676
    6     25.743435086671     27.722877461286      7.687655567297
    6     29.987417773377     27.308998519651      5.791488347513
    6     25.205873934413     27.621693732728      9.102543793686
    1     30.082785707568     27.083177815181      6.858781051188
    1     25.765866871693     28.291251087381      9.767395961464
    1     24.148306808374     27.902003669700      9.140338154043
    1     25.299555079199     26.598608587677      9.480971644224
    1     26.816831879687     27.471210635092      7.663353300557
    1     25.643539170862     28.746876347423      7.296609963335
    1     27.842169031497     27.489453140594      5.649936713717
    1     28.435481709990     25.814603531458      5.570493248384
    1     30.098381992077     28.396417346947      5.686626160759
    1     30.833403750290     26.811576471569      5.286366391300
    8     24.137677637314     23.035452773008      3.967443855018
    6     24.900416613231     22.899131063785      5.128551005476
    1     25.998825193318     22.966606987831      4.888504763293
    0    0
