   2   1   1 E -4.0955950576539E+04 DE 1.6E-08( 14)
  0.153430010406E+02  0.000000000000E+00  0.000000000000E+00
  0.000000000000E+00  0.153430010406E+02  0.000000000000E+00
  0.000000000000E+00  0.000000000000E+00  0.500000000000E+03
    1
  0.100000000000E+01  0.000000000000E+00  0.000000000000E+00
  0.000000000000E+00  0.100000000000E+01  0.000000000000E+00
  0.000000000000E+00  0.000000000000E+00  0.100000000000E+01
  0.000000000000E+00  0.000000000000E+00  0.000000000000E+00
  225
    8      1.793083057095      2.667531653984      3.938017662474
    8     28.842271492627     29.708967475366      3.861960961834
    8      1.862057194832     -1.227231189049      3.964806532494
    8     -1.887152318932      2.270387134318      4.071033885222
    8      2.131920509259      6.383587469726      4.006297208477
    8     28.682796624536     24.002715178046      3.898646002724
    8      1.805157216425     -5.324609401603      4.052589554172
    8     -1.661166599154      5.503286137633      4.105441853722
    8      5.466938183693      2.626104446724      3.989558629382
    8     -5.138689212560     -2.282089379369      4.681114076905
    8      5.593316236679     -1.177089824163      3.944986409275
    8     -7.143026262597      0.276247460182      4.076721173446
    8      5.838963237237      6.251391717223      4.061670662576
    8     -5.245589298449     -4.938999285136      4.412775779995
    8      5.709833977461     -5.586280749534      4.104319774556
    8     -4.520025492234      3.994809449794      3.978621782327
  258      0.043581578414      1.936855532892      3.048113678172
  258      0.022332780400     -1.871733778304      3.018175222681
  258      0.051751426393      5.756096031739      3.049840881572
  258      0.000635067549     -5.726793382917      3.039984797775
  258      3.777385164318      1.952942686197      3.049522787757
  258     -3.603642460779     -1.910614738858      3.059913807672
  258      3.763430945115     -1.843909315879      3.028803799341
  258     -3.651355760797      2.044178573702      3.067357546470
  258      3.804074859389      5.742631998115      3.062980516787
  258     -3.646014908989     -5.756717348948      3.054403275409
  258      3.778696936118     -5.784122026557      3.044749651108
  258     -3.654614224514      5.657149798424      3.094616149372
  258      7.482959205655      1.857896291115      3.058562367389
  258      7.522311596788     -1.745688892279      3.076082620192
  258      7.524063101932      5.833902959207      3.036647476308
  258      7.553871749957     -5.757796729492      3.090391682494
    8      1.929740672587      1.867708408137      1.566099840281
    8     -1.833750231699     -1.961836687850      1.556170468874
    8      1.950543292435     -1.963961239971      1.569859527083
    8     -1.865217868669      1.900113547948      1.602609354325
    8      1.911198595399      5.696836766119      1.589259499319
    8     -1.835905814003     -5.698169662637      1.567787706445
    8      1.966327422590     -5.807399004268      1.592819364646
    8     -1.859015528595      5.787367412971      1.619277338293
    8      5.689370981097      1.858669319326      1.603134705699
    8     -5.802256504635     -1.852262645182      1.896850291206
    8      5.707394879700     -1.966226734756      1.609359588218
    8     -5.739982898508      1.950231054740      1.929239335278
    8      5.712322262934      5.706215228185      1.610214519792
    8     -5.818551146239     -5.754259203137      1.792760299152
    8      5.703051382021     -5.762223182640      1.621457165729
    8     -5.781263232428      5.736149278052      1.879569753781
    8      0.050384686272     -0.007109759676      1.861767849384
    8      0.002386124711      3.826768729095      1.891686614397
    8      0.097071669848     -3.841897178378      1.886500953889
    8      0.055119615161      7.681932674870      1.927033266311
    8      3.796861480651     -0.010476286914      1.882880649251
    8     -3.803488076160      0.011510341562      1.938037304500
    8      3.799558224481      3.819086297300      1.881782157570
    8     -3.850753524174     -3.808103012010      1.834041183781
    8      3.820098521184     -3.863992837266      2.050499856943
    8     -3.681452062609      3.843121073133      1.688556256426
    8      3.840164577347      7.648779772261      1.931422266495
    8     -3.840655533806      7.650531450185      1.910981082417
    8      7.556528388114      0.009530660868      1.685908244530
    8      7.632736981597      3.828158057851      1.984091788417
    8      7.624822821993     -3.816164584845      1.992283306941
    8      7.529840945134      7.674460260906      1.796778123986
  258      1.911973384077     -0.003282419297      0.403468003168
  258     -1.899442855584      0.018865470035      0.428274009298
  258      1.920573696186      3.821414411837      0.419021892892
  258     -1.901367008597     -3.832205792145      0.398074824589
  258      1.915219517721     -3.851115240725      0.426927684665
  258     -1.876088982731      3.845010587013      0.392572310619
  258      1.912485813245      7.651685917341      0.428345371191
  258     -1.906556468482      7.664536311757      0.440873388832
  258      5.719106303249     -0.006056967093      0.386348798499
  258     -5.742020195978      0.018960214807      0.538213075928
  258      5.731772374921      3.821137649678      0.439122721160
  258     -5.759893171065     -3.815053010453      0.556101692655
  258      5.750946321643     -3.835431797454      0.457610475894
  258     -5.748149045045      3.840848858138      0.543473309796
  258      5.728235703900      7.674320056063      0.413927848900
  258     -5.751437046538      7.675580987196      0.543068206108
    8     -0.007916490014      0.000932388440     -0.801279166833
    8      0.019042857546      3.839596322498     -0.810494653957
    8      0.003377513488     -3.841209897053     -0.796699724468
    8     -0.002866088616      7.664590107587     -0.772471032328
    8      3.821722116944     -0.006743055212     -0.815195362794
    8     -3.846103615545      0.011087766331     -0.752735672646
    8      3.839606945801      3.832887422600     -0.792402226563
    8     -3.854483987191     -3.831647223630     -0.784803522650
    8      3.840627645136     -3.842525713730     -0.745145693069
    8     -3.856979112035      3.839534548975     -0.832449552145
    8      3.825586370333      7.673035548415     -0.785836055409
    8     -3.849101866170      7.672813469220     -0.751803390573
    8      7.694574532063      0.004165380263     -0.836590677636
    8      7.685202889058      3.836594553825     -0.733066678237
    8      7.685403413001     -3.832397699139     -0.732027030039
    8      7.686807840971      7.669426855133     -0.793673572122
    8      1.917420837347      1.914365659830     -0.986730074048
    8     -1.925526945019     -1.906978038234     -0.980591666595
    8      1.913875717071     -1.933373060103     -0.983252389820
    8     -1.914794292338      1.918012713250     -0.967998154724
    8      1.922538276605      5.754112840730     -0.974065027548
    8     -1.924553292065     -5.765637255687     -0.974701040546
    8      1.912330040785     -5.764463143914     -0.971162465677
    8     -1.916137300406      5.766352730509     -0.961620050478
    8      5.754121880589      1.921783051489     -0.966373667017
    8     -5.747087914006     -1.906778179926     -0.810636125461
    8      5.754490902313     -1.932855013984     -0.965994750834
    8     -5.753228581517      1.928108551076     -0.800471110366
    8      5.754448202690      5.746560122973     -0.958203649180
    8     -5.751000730869     -5.750402789518     -0.846259834570
    8      5.757246355354     -5.753012350883     -0.956908471659
    8     -5.755176021941      5.752037595344     -0.816669467832
  258      0.000137935052      1.914952011120     -2.190586202443
  258     -0.002749797942     -1.919032442853     -2.184270872853
  258      0.002469743939      5.757574060946     -2.185186471341
  258     -0.002670782472     -5.757666896253     -2.180006910435
  258      3.836019480702      1.919732965431     -2.188883890955
  258     -3.853168357556     -1.915798119715     -2.145974210764
  258      3.834351859921     -1.926858240402     -2.182258320999
  258     -3.850546957395      1.925567415994     -2.147842306822
  258      3.839070425620      5.749721881781     -2.179996300485
  258     -3.856415208741     -5.752192258205     -2.144508622982
  258      3.837028788027     -5.753977801073     -2.175212518578
  258     -3.853191285127      5.754589487311     -2.145571330223
  258      7.688724517330      1.916529475827     -2.145074604283
  258      7.690208463189     -1.914971943759     -2.143959468037
  258      7.686435115013      5.754358027586     -2.140617812372
  258      7.690291989643     -5.753164436513     -2.140984732512
    8      1.918184167360      1.918508286316     -3.629392372293
    8     -1.919335173536     -1.917824619920     -3.623130083163
    8      1.919907608937     -1.918461092184     -3.626702166367
    8     -1.919219518873      1.918769719193     -3.618930789197
    8      1.917960681242      5.753812986113     -3.622553802375
    8     -1.915999466974     -5.754168185200     -3.621610265469
    8      1.920254525516     -5.753936926150     -3.619754145000
    8     -1.916552441142      5.753194588873     -3.616220370783
    8      5.755257796134      1.918688622431     -3.618766714059
    8     -5.754136927736     -1.917065030602     -3.571469391382
    8      5.753150609645     -1.918375973132     -3.617424241217
    8     -5.753847300153      1.918429379961     -3.569622854940
    8      5.754309038862      5.753537630511     -3.613683271822
    8     -5.756247210736     -5.753552799395     -3.582293704120
    8      5.750799433063     -5.753617493172     -3.612826509187
    8     -5.755809384966      5.752920495452     -3.572173186692
    8      0.000000000000      0.000000000000     -3.390356274875
    8      0.000000000000      3.835750260159     -3.390356274875
    8      0.000000000000     -3.835750260159     -3.390356274875
    8      0.000000000000      7.671500520300     -3.390356274875
    8      3.835750260161      0.000000000000     -3.390356274875
    8     -3.835750260161      0.000000000000     -3.390356274875
    8      3.835750260161      3.835750260159     -3.390356274875
    8     -3.835750260161     -3.835750260159     -3.390356274875
    8      3.835750260161     -3.835750260159     -3.390356274875
    8     -3.835750260161      3.835750260159     -3.390356274875
    8      3.835750260161      7.671500520300     -3.390356274875
    8     -3.835750260161      7.671500520300     -3.390356274875
    8      7.671500520300      0.000000000000     -3.390356274875
    8      7.671500520300      3.835750260159     -3.390356274875
    8      7.671500520300     -3.835750260159     -3.390356274875
    8      7.671500520300      7.671500520300     -3.390356274875
  258      1.917875130081      0.000000000000     -4.746498784825
  258     -1.917875130081      0.000000000000     -4.746498784825
  258      1.917875130081      3.835750260159     -4.746498784825
  258     -1.917875130081     -3.835750260159     -4.746498784825
  258      1.917875130081     -3.835750260159     -4.746498784825
  258     -1.917875130081      3.835750260159     -4.746498784825
  258      1.917875130081      7.671500520300     -4.746498784825
  258     -1.917875130081      7.671500520300     -4.746498784825
  258      5.753625390240      0.000000000000     -4.746498784825
  258     -5.753625390240      0.000000000000     -4.746498784825
  258      5.753625390240      3.835750260159     -4.746498784825
  258     -5.753625390240     -3.835750260159     -4.746498784825
  258      5.753625390240     -3.835750260159     -4.746498784825
  258     -5.753625390240      3.835750260159     -4.746498784825
  258      5.753625390240      7.671500520300     -4.746498784825
  258     -5.753625390240      7.671500520300     -4.746498784825
    8      0.000000000000      0.000000000000     -6.100000000000
    8      0.000000000000      3.835750260159     -6.100000000000
    8      0.000000000000     -3.835750260159     -6.100000000000
    8      0.000000000000      7.671500520300     -6.100000000000
    8      3.835750260161      0.000000000000     -6.100000000000
    8     -3.835750260161      0.000000000000     -6.100000000000
    8      3.835750260161      3.835750260159     -6.100000000000
    8     -3.835750260161     -3.835750260159     -6.100000000000
    8      3.835750260161     -3.835750260159     -6.100000000000
    8     -3.835750260161      3.835750260159     -6.100000000000
    8      3.835750260161      7.671500520300     -6.100000000000
    8     -3.835750260161      7.671500520300     -6.100000000000
    8      7.671500520300      0.000000000000     -6.100000000000
    8      7.671500520300      3.835750260159     -6.100000000000
    8      7.671500520300     -3.835750260159     -6.100000000000
    8      7.671500520300      7.671500520300     -6.100000000000
    1     23.494663210546     21.508127563762      5.949751836451
    6     22.186401541581     27.276453214277      5.822132578340
    6     22.387572829803     28.590667073455      6.556061871604
    1     21.509449648454     28.786876635360      7.181478612876
    1     23.267241066986     28.543965404926      7.198333517106
    1     22.493261317383     29.432877561189      5.868948905810
    1     22.154638876748     26.414732538622      6.495133635550
    1     21.271262067328     27.280315466773      5.224618279107
    1     24.726918934870     23.763467643912      5.815825451755
    6     24.583872603757     21.578575208160      5.806507892873
    1     24.918463406873     20.731249602148      5.185344103356
    1     25.068203816051     21.468071110687      6.781880783882
   14     24.935538823072     27.024527389162      5.232706353542
    8     23.250690598992     27.041123496734      4.842760222836
    8     25.050038093725     26.836933216132      6.856570531462
    8     28.668916318006     26.842482330708      3.807245584343
    6     28.680162933468     26.820402145650      5.228108416296
    6     25.760688478973     27.760813153586      7.689168245626
    6     30.014535128181     27.291041756094      5.800015568780
    6     25.241060410122     27.649915598255      9.110109571323
    1     30.095178597000     27.068566996943      6.869180309487
    1     25.794747050197     28.331984121467      9.769590795379
    1     24.176585902387     27.907913753271      9.158913401138
    1     25.360685968699     26.628550632885      9.485917712305
    1     26.835977368568     27.520985509613      7.650693912889
    1     25.645620766151     28.784102681338      7.300018617979
    1     27.870183774470     27.463042350505      5.621110123477
    1     28.468030934865     25.789774186777      5.562175803676
    1     30.118884109005     28.378726356188      5.693083574816
    1     30.869769033737     26.798605073274      5.306767915296
    8     24.166865517607     23.043055049375      3.953644113025
    6     24.900868117605     22.914802614337      5.135636012959
    1     26.005272102342     22.970773346774      4.921416939068
    0    0
