   2   1   1 E -4.0955954566716E+04 DE-5.3E-08(  9)
  0.153430010406E+02  0.000000000000E+00  0.000000000000E+00
  0.000000000000E+00  0.153430010406E+02  0.000000000000E+00
  0.000000000000E+00  0.000000000000E+00  0.500000000000E+03
    1
  0.100000000000E+01  0.000000000000E+00  0.000000000000E+00
  0.000000000000E+00  0.100000000000E+01  0.000000000000E+00
  0.000000000000E+00  0.000000000000E+00  0.100000000000E+01
  0.000000000000E+00  0.000000000000E+00  0.000000000000E+00
  225
    8      1.865084648307      2.645201307382      3.938708021970
    8     28.769796939410     29.764428152539      3.846858886867
    8      1.741491324063     -1.169114068540      3.957255967713
    8     -1.823561655488      2.318810057553      4.053952651221
    8      2.109063920677      6.395903273237      3.997947474637
    8     28.693378101160     24.045710472335      3.915241508737
    8      1.811502143588     -5.296569454157      4.050018299610
    8     -1.671734358904      5.557981417928      4.114227898905
    8      5.561732334452      2.524504461620      4.001348401145
    8     -5.155307984076     -2.306731622056      4.676466721625
    8      5.467689406909     -1.253332679101      3.997871306252
    8     -7.233995125218      0.124515679438      4.070046764795
    8      5.821404374565      6.160619243903      4.087395851711
    8     -5.292116732321     -4.964822570186      4.398675763493
    8      5.709878614214     -5.647243669334      4.107977323318
    8     -4.470534517424      3.952615214981      3.993030669528
  258      0.060562037668      1.924644596881      3.045510834839
  258      0.012280947489     -1.861704835897      3.021144852561
  258      0.050919355683      5.756812879709      3.052214483801
  258      0.008729899369     -5.727007050083      3.041051529707
  258      3.781366118648      1.943099223038      3.045189252078
  258     -3.613765872929     -1.899329327187      3.062793345892
  258      3.757760832481     -1.849488204614      3.032208376283
  258     -3.626285140686      2.041277125582      3.067185097309
  258      3.795025795546      5.748298729978      3.059700261394
  258     -3.645090772340     -5.746322350150      3.058423608353
  258      3.783038470051     -5.779149135405      3.043115768458
  258     -3.648120392030      5.650450836931      3.094107539501
  258      7.469710092319      1.852681921716      3.050213764728
  258      7.527907573239     -1.737715872727      3.085011377692
  258      7.511819762884      5.831885366307      3.036270015533
  258      7.560975754540     -5.758020645146      3.091201931695
    8      1.928903611781      1.866634659344      1.562488636531
    8     -1.839415325692     -1.960104069690      1.552756205986
    8      1.953688505088     -1.966870864596      1.574982633272
    8     -1.862839485954      1.899680356269      1.599543449898
    8      1.919210497781      5.696151037362      1.585193184661
    8     -1.840198248095     -5.699466952954      1.571564456413
    8      1.960313790522     -5.812220290802      1.596662248486
    8     -1.856558669750      5.776571143671      1.620896968322
    8      5.686204955948      1.867064608499      1.594944382707
    8     -5.805858645904     -1.847670479742      1.885922108460
    8      5.715888277126     -1.949100338782      1.621010792626
    8     -5.749552056924      1.953896892718      1.960464322374
    8      5.705857655660      5.718669172589      1.609178728503
    8     -5.820667262850     -5.765470130342      1.786466399712
    8      5.707907051070     -5.753089567434      1.620146959277
    8     -5.774469218364      5.725460992205      1.900011277183
    8      0.038013524088     -0.000383710604      1.837746386060
    8      0.016562006672      3.821834784753      1.903449143257
    8      0.090459253965     -3.846177924597      1.889203936840
    8      0.049815734813      7.677651055228      1.927372380663
    8      3.796050450211     -0.005580633690      1.884427350490
    8     -3.817525275219      0.029698247215      1.915482736081
    8      3.812094221672      3.817350189554      1.901920638322
    8     -3.858853252118     -3.813678538175      1.827671065656
    8      3.825826750968     -3.865572049640      2.038343790495
    8     -3.681312414043      3.835681937014      1.687039459224
    8      3.842874055670      7.654498978868      1.933325008184
    8     -3.833399437875      7.648576394589      1.924326008720
    8      7.554987676284      0.031035838865      1.676160411663
    8      7.620886517512      3.828369287021      1.984966205001
    8      7.630287297368     -3.814899032938      1.992474829741
    8      7.528401295096      7.671337614201      1.796874651422
  258      1.909971602848     -0.007309172279      0.401703254789
  258     -1.900260582376      0.016634461158      0.425302556081
  258      1.921221004559      3.820615731892      0.418888557552
  258     -1.901969485373     -3.830441114368      0.402611117334
  258      1.913625010367     -3.851401653463      0.428446891779
  258     -1.873255961946      3.842710886270      0.392041303583
  258      1.911841465326      7.652156828655      0.426235408809
  258     -1.905909385160      7.666112434464      0.444418223982
  258      5.717435410403     -0.008612784979      0.384044966773
  258     -5.741472828855      0.019628722211      0.537332423315
  258      5.732434571964      3.825408313350      0.436101601318
  258     -5.759008340408     -3.812813094242      0.556085780877
  258      5.752946433398     -3.829422100248      0.461320911195
  258     -5.748716150828      3.838410896599      0.548624010702
  258      5.728884364182      7.679267472812      0.411572025722
  258     -5.749902252440      7.674248372866      0.546714541476
    8     -0.006049392651      0.001225357636     -0.808932847333
    8      0.021422922027      3.839105659089     -0.805723227703
    8      0.003561501637     -3.842539072652     -0.795957166494
    8     -0.002867421584      7.665110658129     -0.771860419055
    8      3.820373007354     -0.006283346317     -0.815567973902
    8     -3.847207675628      0.010945169495     -0.762052238697
    8      3.838629471257      3.834336626263     -0.785337480705
    8     -3.853173541424     -3.832710428399     -0.786960477829
    8      3.840098095806     -3.841693515316     -0.745898413401
    8     -3.857084781256      3.840924130329     -0.830662304590
    8      3.824219910561      7.671889234351     -0.785619378427
    8     -3.848786237745      7.670475798062     -0.746089682835
    8      7.691371303733      0.003331082350     -0.841297440903
    8      7.685483474453      3.837719726193     -0.731699065966
    8      7.683847811839     -3.833288426093     -0.732471160970
    8      7.687943273391      7.669447913927     -0.792893094003
    8      1.918220919625      1.915248730802     -0.988720409231
    8     -1.924290789492     -1.908623548458     -0.983738243607
    8      1.913191008121     -1.934130950822     -0.981742629878
    8     -1.914657246167      1.921064044364     -0.970566619234
    8      1.921337702239      5.753270060815     -0.975356508490
    8     -1.923961315230     -5.769019250805     -0.972464536361
    8      1.913286249250     -5.764299293446     -0.968611743347
    8     -1.914926542707      5.765374500971     -0.959868708056
    8      5.753099733849      1.924591140863     -0.971462874660
    8     -5.747487635715     -1.907720294063     -0.817652735337
    8      5.752292407511     -1.932293064170     -0.962974675882
    8     -5.753857647014      1.930248224745     -0.791487766386
    8      5.754496779582      5.747589195036     -0.959770036417
    8     -5.750021705155     -5.753315144912     -0.849187343439
    8      5.756275784836     -5.751350376400     -0.956339081095
    8     -5.755511057214      5.750849611179     -0.806977379017
  258      0.000489198704      1.913904771159     -2.191379670697
  258     -0.003670213393     -1.919759267678     -2.185103206382
  258      0.001517797653      5.757568935861     -2.185468608279
  258     -0.003906083642     -5.756918869943     -2.179280392475
  258      3.836012950834      1.918971940275     -2.189634045882
  258     -3.853171721874     -1.916231852384     -2.146596542893
  258      3.834468552867     -1.927600792311     -2.182633922616
  258     -3.850364905604      1.925254457474     -2.147591939370
  258      3.838628073599      5.750700587556     -2.180770180564
  258     -3.855731226235     -5.751678708340     -2.143141008579
  258      3.837502310075     -5.752174422579     -2.174904237625
  258     -3.852558023843      5.753923189937     -2.143501139566
  258      7.688098015452      1.916221854145     -2.145361141003
  258      7.690308464698     -1.914858722736     -2.144092186971
  258      7.687139623650      5.755257077665     -2.140346976025
  258      7.690702295520     -5.751879162868     -2.140245266626
    8      1.918726347174      1.918682449670     -3.630759473237
    8     -1.918515483400     -1.917921628133     -3.624627991435
    8      1.920452633834     -1.918889714643     -3.626828225017
    8     -1.919323394001      1.919084316051     -3.619652100003
    8      1.918393694025      5.754070389900     -3.622655675834
    8     -1.915385023602     -5.754257879282     -3.619905760336
    8      1.920267688666     -5.753934696563     -3.618660753987
    8     -1.916738898090      5.753187335025     -3.614200369894
    8      5.754920827094      1.918657509827     -3.619758262512
    8     -5.754858856284     -1.916546787853     -3.575285270884
    8      5.752379591844     -1.918512256667     -3.615777975302
    8     -5.754318056528      1.919063027850     -3.567354872673
    8      5.754433357428      5.753482302722     -3.613082902661
    8     -5.756120641203     -5.753839747157     -3.584588226206
    8      5.750596372205     -5.753681889745     -3.611901763924
    8     -5.755710804521      5.752476334469     -3.569158104700
    8      0.000000000000      0.000000000000     -3.390356274875
    8      0.000000000000      3.835750260159     -3.390356274875
    8      0.000000000000     -3.835750260159     -3.390356274875
    8      0.000000000000      7.671500520300     -3.390356274875
    8      3.835750260161      0.000000000000     -3.390356274875
    8     -3.835750260161      0.000000000000     -3.390356274875
    8      3.835750260161      3.835750260159     -3.390356274875
    8     -3.835750260161     -3.835750260159     -3.390356274875
    8      3.835750260161     -3.835750260159     -3.390356274875
    8     -3.835750260161      3.835750260159     -3.390356274875
    8      3.835750260161      7.671500520300     -3.390356274875
    8     -3.835750260161      7.671500520300     -3.390356274875
    8      7.671500520300      0.000000000000     -3.390356274875
    8      7.671500520300      3.835750260159     -3.390356274875
    8      7.671500520300     -3.835750260159     -3.390356274875
    8      7.671500520300      7.671500520300     -3.390356274875
  258      1.917875130081      0.000000000000     -4.746498784825
  258     -1.917875130081      0.000000000000     -4.746498784825
  258      1.917875130081      3.835750260159     -4.746498784825
  258     -1.917875130081     -3.835750260159     -4.746498784825
  258      1.917875130081     -3.835750260159     -4.746498784825
  258     -1.917875130081      3.835750260159     -4.746498784825
  258      1.917875130081      7.671500520300     -4.746498784825
  258     -1.917875130081      7.671500520300     -4.746498784825
  258      5.753625390240      0.000000000000     -4.746498784825
  258     -5.753625390240      0.000000000000     -4.746498784825
  258      5.753625390240      3.835750260159     -4.746498784825
  258     -5.753625390240     -3.835750260159     -4.746498784825
  258      5.753625390240     -3.835750260159     -4.746498784825
  258     -5.753625390240      3.835750260159     -4.746498784825
  258      5.753625390240      7.671500520300     -4.746498784825
  258     -5.753625390240      7.671500520300     -4.746498784825
    8      0.000000000000      0.000000000000     -6.100000000000
    8      0.000000000000      3.835750260159     -6.100000000000
    8      0.000000000000     -3.835750260159     -6.100000000000
    8      0.000000000000      7.671500520300     -6.100000000000
    8      3.835750260161      0.000000000000     -6.100000000000
    8     -3.835750260161      0.000000000000     -6.100000000000
    8      3.835750260161      3.835750260159     -6.100000000000
    8     -3.835750260161     -3.835750260159     -6.100000000000
    8      3.835750260161     -3.835750260159     -6.100000000000
    8     -3.835750260161      3.835750260159     -6.100000000000
    8      3.835750260161      7.671500520300     -6.100000000000
    8     -3.835750260161      7.671500520300     -6.100000000000
    8      7.671500520300      0.000000000000     -6.100000000000
    8      7.671500520300      3.835750260159     -6.100000000000
    8      7.671500520300     -3.835750260159     -6.100000000000
    8      7.671500520300      7.671500520300     -6.100000000000
    1     23.528233568616     21.464648673600      5.961906604538
    6     22.163243224412     27.243395275926      5.828012696620
    6     22.343543949709     28.557903598531      6.564710503624
    1     21.473748286925     28.727510634501      7.209317991129
    1     23.239216125415     28.531537808977      7.188421765360
    1     22.414223587678     29.404551999727      5.877920774222
    1     22.161825731583     26.378395702873      6.498699903346
    1     21.242343943987     27.228743970182      5.239506957437
    1     24.738125625999     23.730300826047      5.825162285111
    6     24.611406600815     21.545543396915      5.787048122891
    1     24.930404470301     20.707435173807      5.145452665653
    1     25.127017041049     21.422360296688      6.743948013722
   14     24.911587042662     27.005111940736      5.225936808554
    8     23.224734220499     27.037542400629      4.839352970817
    8     25.030981665623     26.804508331233      6.847964259857
    8     28.612151852407     26.880742600242      3.816727218560
    6     28.645691877316     26.849797481982      5.237016847342
    6     25.738700009529     27.724064101960      7.688649321511
    6     29.989795674869     27.311178524640      5.792757964859
    6     25.196273200705     27.627066349194      9.101911096676
    1     30.082599772649     27.085858481500      6.860413993205
    1     25.753635322793     28.298210186288      9.767062872560
    1     24.138462353863     27.907786252417      9.135189188879
    1     25.288226849800     26.605384470726      9.483101302249
    1     26.811843145563     27.471869425448      7.668291579685
    1     25.640347724964     28.746686165856      7.294011486666
    1     27.845010451240     27.493924013287      5.645685558853
    1     28.436689789864     25.818417946417      5.568880717867
    1     30.102999439289     28.398446461879      5.687837812076
    1     30.836280013037     26.812783289340      5.289339908164
    8     24.132399884041     23.033587327445      3.969672410091
    6     24.899387322237     22.894403793915      5.127775581262
    1     25.997064104922     22.963506929139      4.884279923658
    0    0
