   2   1   1 E -4.0955950751646E+04 DE-2.1E-08( 11)
  0.153430010406E+02  0.000000000000E+00  0.000000000000E+00
  0.000000000000E+00  0.153430010406E+02  0.000000000000E+00
  0.000000000000E+00  0.000000000000E+00  0.500000000000E+03
    1
  0.100000000000E+01  0.000000000000E+00  0.000000000000E+00
  0.000000000000E+00  0.100000000000E+01  0.000000000000E+00
  0.000000000000E+00  0.000000000000E+00  0.100000000000E+01
  0.000000000000E+00  0.000000000000E+00  0.000000000000E+00
  225
    8      1.795721013323      2.655734175504      3.942049498840
    8     28.836952452376     29.716682719840      3.859765647809
    8      1.853946781108     -1.221898951848      3.962024753073
    8     -1.884776146037      2.279525277424      4.068299426157
    8      2.125014634146      6.376220272356      4.007546457312
    8     28.682407649469     24.008945634948      3.901011799470
    8      1.805482279383     -5.327246373948      4.055135768430
    8     -1.666960465473      5.510675646683      4.106058849366
    8      5.468765646446      2.607554730439      3.995366315473
    8     -5.142806490531     -2.285315574094      4.679944284662
    8      5.588944483420     -1.195831378693      3.953587122214
    8     -7.144913921080      0.279736765683      4.081539742587
    8      5.839056193308      6.227652115765      4.068863836065
    8     -5.261388876157     -4.943422535779      4.407023988269
    8      5.710023077874     -5.609079665392      4.105554628317
    8     -4.527884564292      3.990315064833      3.973794876203
  258      0.042582185538      1.935370450038      3.049675150553
  258      0.023069443729     -1.869336661427      3.019166340946
  258      0.050282475566      5.756283364630      3.051008149326
  258      0.002286867142     -5.727723390469      3.040996148691
  258      3.777303580242      1.951226303999      3.048920601410
  258     -3.602824927074     -1.910567908317      3.061841469213
  258      3.765899361013     -1.845070723599      3.028432636452
  258     -3.652396130878      2.044532900248      3.066393710152
  258      3.803173805655      5.743743008757      3.061544385287
  258     -3.647054218571     -5.755181503510      3.055401516613
  258      3.781038197736     -5.782872942408      3.044567638711
  258     -3.656925697179      5.657135569313      3.094580020210
  258      7.482171143964      1.862581774301      3.059937235712
  258      7.527580712337     -1.741573147577      3.078531399804
  258      7.524344548786      5.834172095446      3.036171749044
  258      7.558053718430     -5.757888931142      3.088741984034
    8      1.929004468809      1.867790593949      1.564803512451
    8     -1.835219187944     -1.961652123489      1.556742327680
    8      1.952254090634     -1.965892332414      1.570356524515
    8     -1.866492292214      1.900306079059      1.600748621356
    8      1.913602025056      5.697724029043      1.588828901613
    8     -1.837253389964     -5.698091520257      1.569026142816
    8      1.963995665800     -5.807272115921      1.594466041297
    8     -1.860312501808      5.785863689965      1.619263075937
    8      5.690237871588      1.861877946271      1.602199720615
    8     -5.804284380586     -1.851420431132      1.894108468846
    8      5.712378764039     -1.963346920037      1.611264049752
    8     -5.737761335136      1.952639803658      1.923636250518
    8      5.712280329520      5.710965995794      1.609054975426
    8     -5.819094139388     -5.756458904487      1.788141626758
    8      5.704891498600     -5.759150629549      1.620620164395
    8     -5.779471956640      5.735877103496      1.876545510134
    8      0.048366789730     -0.007018559989      1.859122256480
    8      0.004309927208      3.827450110160      1.894902972390
    8      0.095196694901     -3.841644171786      1.890545018308
    8      0.053703307139      7.680966091519      1.927432772595
    8      3.799716356858     -0.013379479724      1.883302706431
    8     -3.804779745752      0.012350927795      1.938334824225
    8      3.801956771939      3.820592793720      1.887803480379
    8     -3.852928981885     -3.808492708821      1.834031720813
    8      3.822183485402     -3.862859077154      2.048362784774
    8     -3.682109091337      3.843072330523      1.688914494467
    8      3.840380225830      7.650854221327      1.931939174481
    8     -3.839584154747      7.651176363589      1.912366834927
    8      7.557190715147      0.010827692688      1.688955522820
    8      7.631060684525      3.830792203702      1.983027172136
    8      7.626600590242     -3.814042372655      1.994980247660
    8      7.529997204363      7.675725594845      1.797657854357
  258      1.912039770209     -0.003601096857      0.403905715325
  258     -1.899652924034      0.018253574722      0.428013117718
  258      1.920277039789      3.821110639889      0.419963493744
  258     -1.900988019396     -3.831712730386      0.399569537468
  258      1.915278163171     -3.851397378119      0.427432567998
  258     -1.876277944503      3.845002615864      0.393507827947
  258      1.912503806208      7.651459577057      0.428029325325
  258     -1.906232385127      7.665271829463      0.441941644382
  258      5.719856142516     -0.005206575547      0.387790324095
  258     -5.742388117297      0.019543318098      0.536976489541
  258      5.732571251279      3.821287195253      0.439525340196
  258     -5.759900114969     -3.814630736669      0.555280466968
  258      5.751628419968     -3.833259993809      0.458698567213
  258     -5.747515441895      3.842031117255      0.540668471418
  258      5.728658114073      7.675208243087      0.413145936728
  258     -5.750221974231      7.676430002227      0.541839264523
    8     -0.006828832452      0.000751490133     -0.801464394995
    8      0.019433035663      3.839782549940     -0.808449996381
    8      0.003645746326     -3.842210917204     -0.795412573760
    8     -0.002695822627      7.665094806729     -0.772314641078
    8      3.821284910013     -0.006056469239     -0.814092114436
    8     -3.845575482363      0.010866818545     -0.752822599910
    8      3.838929342734      3.832219172738     -0.789147446276
    8     -3.853252784192     -3.831690547311     -0.784319146659
    8      3.839996128612     -3.842242815272     -0.745109456984
    8     -3.855725049707      3.840289536349     -0.831749121087
    8      3.825176524941      7.672506795805     -0.785484575562
    8     -3.848705883987      7.673084418653     -0.751089466261
    8      7.694271979060      0.003997139439     -0.834884236728
    8      7.684750940821      3.837129509368     -0.732976407941
    8      7.684682447474     -3.831787534126     -0.732010146597
    8      7.686671909296      7.669688246784     -0.793286735726
    8      1.916989943790      1.914688853682     -0.987346878668
    8     -1.924720749983     -1.908125405412     -0.980627791556
    8      1.913380344901     -1.933772343498     -0.983708152683
    8     -1.914616137449      1.919094922837     -0.969447499056
    8      1.922606749586      5.754060083888     -0.973695564535
    8     -1.924385393850     -5.766061133058     -0.974313938271
    8      1.912932221316     -5.764663409230     -0.970688326438
    8     -1.915286585403      5.766625904988     -0.961569963618
    8      5.754252449842      1.922055093170     -0.968226359153
    8     -5.746524219471     -1.906512011896     -0.812982586502
    8      5.753610279039     -1.931645717962     -0.965032297848
    8     -5.753544201553      1.927933720084     -0.804611164571
    8      5.753889346074      5.746846009807     -0.959263890543
    8     -5.750974792469     -5.750081639903     -0.848994336349
    8      5.756755774343     -5.752551074108     -0.957217474855
    8     -5.755006452203      5.752465244680     -0.819947630543
  258      0.000173724223      1.915271115623     -2.190319511393
  258     -0.002823019400     -1.918993514817     -2.184341557085
  258      0.002188340543      5.757251907624     -2.184681550704
  258     -0.003088415614     -5.757464459846     -2.179797012671
  258      3.836092707162      1.919453098824     -2.188754999898
  258     -3.852742189776     -1.916075054103     -2.146209615486
  258      3.835014926069     -1.926554379154     -2.181973424619
  258     -3.850052549032      1.925488580105     -2.148411649317
  258      3.839045877984      5.749505246964     -2.179744385484
  258     -3.855416489490     -5.751974413931     -2.144575800138
  258      3.837427414167     -5.753606631138     -2.174978145397
  258     -3.851773191735      5.754505459204     -2.146152562978
  258      7.688107243082      1.916855363780     -2.146065456780
  258      7.689143197509     -1.914959839619     -2.143966270507
  258      7.685739489649      5.754596735962     -2.141284025644
  258      7.689517475916     -5.752755728319     -2.141160752445
    8      1.918538913036      1.918577238070     -3.629683771951
    8     -1.919112154832     -1.917616630470     -3.622252186612
    8      1.919977958083     -1.918570294231     -3.627033689860
    8     -1.918995781214      1.918797197385     -3.619319577309
    8      1.918231288770      5.753896849953     -3.622510784224
    8     -1.915677495895     -5.753971491390     -3.620843124680
    8      1.920079414372     -5.753854296739     -3.620104212672
    8     -1.916422895565      5.753107464614     -3.615556811547
    8      5.754789351706      1.918621382182     -3.618624143821
    8     -5.754289384112     -1.917078589712     -3.572594876488
    8      5.753031943318     -1.918240719041     -3.616132517795
    8     -5.753798093608      1.918499664785     -3.571325276052
    8      5.754176413698      5.753343208216     -3.613598732627
    8     -5.755990391404     -5.753411955646     -3.583738860882
    8      5.750758757457     -5.753584967824     -3.612128456741
    8     -5.755797320576      5.752993721063     -3.573869454043
    8      0.000000000000      0.000000000000     -3.390356274875
    8      0.000000000000      3.835750260159     -3.390356274875
    8      0.000000000000     -3.835750260159     -3.390356274875
    8      0.000000000000      7.671500520300     -3.390356274875
    8      3.835750260161      0.000000000000     -3.390356274875
    8     -3.835750260161      0.000000000000     -3.390356274875
    8      3.835750260161      3.835750260159     -3.390356274875
    8     -3.835750260161     -3.835750260159     -3.390356274875
    8      3.835750260161     -3.835750260159     -3.390356274875
    8     -3.835750260161      3.835750260159     -3.390356274875
    8      3.835750260161      7.671500520300     -3.390356274875
    8     -3.835750260161      7.671500520300     -3.390356274875
    8      7.671500520300      0.000000000000     -3.390356274875
    8      7.671500520300      3.835750260159     -3.390356274875
    8      7.671500520300     -3.835750260159     -3.390356274875
    8      7.671500520300      7.671500520300     -3.390356274875
  258      1.917875130081      0.000000000000     -4.746498784825
  258     -1.917875130081      0.000000000000     -4.746498784825
  258      1.917875130081      3.835750260159     -4.746498784825
  258     -1.917875130081     -3.835750260159     -4.746498784825
  258      1.917875130081     -3.835750260159     -4.746498784825
  258     -1.917875130081      3.835750260159     -4.746498784825
  258      1.917875130081      7.671500520300     -4.746498784825
  258     -1.917875130081      7.671500520300     -4.746498784825
  258      5.753625390240      0.000000000000     -4.746498784825
  258     -5.753625390240      0.000000000000     -4.746498784825
  258      5.753625390240      3.835750260159     -4.746498784825
  258     -5.753625390240     -3.835750260159     -4.746498784825
  258      5.753625390240     -3.835750260159     -4.746498784825
  258     -5.753625390240      3.835750260159     -4.746498784825
  258      5.753625390240      7.671500520300     -4.746498784825
  258     -5.753625390240      7.671500520300     -4.746498784825
    8      0.000000000000      0.000000000000     -6.100000000000
    8      0.000000000000      3.835750260159     -6.100000000000
    8      0.000000000000     -3.835750260159     -6.100000000000
    8      0.000000000000      7.671500520300     -6.100000000000
    8      3.835750260161      0.000000000000     -6.100000000000
    8     -3.835750260161      0.000000000000     -6.100000000000
    8      3.835750260161      3.835750260159     -6.100000000000
    8     -3.835750260161     -3.835750260159     -6.100000000000
    8      3.835750260161     -3.835750260159     -6.100000000000
    8     -3.835750260161      3.835750260159     -6.100000000000
    8      3.835750260161      7.671500520300     -6.100000000000
    8     -3.835750260161      7.671500520300     -6.100000000000
    8      7.671500520300      0.000000000000     -6.100000000000
    8      7.671500520300      3.835750260159     -6.100000000000
    8      7.671500520300     -3.835750260159     -6.100000000000
    8      7.671500520300      7.671500520300     -6.100000000000
    1     23.498109516726     21.505554780857      5.950644520516
    6     22.180807156196     27.271242141422      5.826219878099
    6     22.372321008358     28.586305504194      6.561454032376
    1     21.492848708453     28.775745536152      7.187772816578
    1     23.254684458127     28.547792273295      7.201864378533
    1     22.470798111175     29.429341650638      5.874199331940
    1     22.160817870945     26.407878299797      6.497964328342
    1     21.263093897388     27.267697141235      5.231260406255
    1     24.729037572266     23.760128917318      5.815836226690
    6     24.586870366356     21.575946298373      5.805648171277
    1     24.920554249780     20.727945530274      5.184822026833
    1     25.072384173695     21.466499387109      6.780593270232
   14     24.928614491015     27.022279514674      5.230380655475
    8     23.243105860159     27.048274536996      4.843557616307
    8     25.044559827415     26.829396890912      6.853623936495
    8     28.642211636490     26.848086129493      3.811161810320
    6     28.663037662221     26.821713094390      5.232013495504
    6     25.753515189610     27.751187182004      7.691563551690
    6     30.000650308180     27.290474613964      5.798295011653
    6     25.224773599007     27.641471684231      9.109381998362
    1     30.085998497881     27.066656112307      6.867058312154
    1     25.772466261942     28.323019420275      9.771722126132
    1     24.161708182544     27.900387553779      9.150835345349
    1     25.339941130554     26.620956772856      9.488581856129
    1     26.828429879218     27.510040017151      7.659665971865
    1     25.641466632067     28.774783607730      7.303010228064
    1     27.855749769119     27.463664421237      5.631961428942
    1     28.454213469243     25.790700674539      5.565302707530
    1     30.106230178398     28.377838926701      5.690968308501
    1     30.853407525029     26.795476947668      5.302004147609
    8     24.168995360849     23.039921717208      3.953234944094
    6     24.902879378276     22.912110134523      5.135177005625
    1     26.007234498757     22.968569173740      4.921937421949
    0    0
