   2   1   1 E -4.0955950336532E+04 DE 4.3E-08( 15)
  0.153430010406E+02  0.000000000000E+00  0.000000000000E+00
  0.000000000000E+00  0.153430010406E+02  0.000000000000E+00
  0.000000000000E+00  0.000000000000E+00  0.500000000000E+03
    1
  0.100000000000E+01  0.000000000000E+00  0.000000000000E+00
  0.000000000000E+00  0.100000000000E+01  0.000000000000E+00
  0.000000000000E+00  0.000000000000E+00  0.100000000000E+01
  0.000000000000E+00  0.000000000000E+00  0.000000000000E+00
  225
    8      1.776507830770      2.673716725223      3.940369478972
    8     28.852764737318     29.706227802270      3.861421142266
    8      1.881307848848     -1.243311933649      3.971912256812
    8     -1.903109227393      2.267336958623      4.075021363194
    8      2.140084001379      6.390786894090      4.005637993326
    8     28.681650599058     23.998471828028      3.897741286030
    8      1.804341859686     -5.324438380573      4.052724665087
    8     -1.656998367354      5.493439528019      4.103685191727
    8      5.450952344228      2.641649040994      3.986003947549
    8     -5.136402524470     -2.277437147924      4.681263514736
    8      5.617508404576     -1.155881032023      3.934664001488
    8     -7.104857699167      0.305018664847      4.082862064611
    8      5.844837094650      6.260721672941      4.061561405036
    8     -5.234762232310     -4.933997330190      4.414162245197
    8      5.712535117324     -5.577074614072      4.105151003115
    8     -4.535304263704      4.003356536498      3.971857771977
  258      0.038157443017      1.939367746187      3.047472088675
  258      0.026170741680     -1.873781667252      3.017720542687
  258      0.052224100112      5.755679836302      3.050297090388
  258      0.001433026341     -5.727574801049      3.040426115087
  258      3.773409584590      1.954932202355      3.048072450145
  258     -3.601134318027     -1.913283275357      3.060224400701
  258      3.768670703522     -1.844047905279      3.026188982660
  258     -3.656943252702      2.044053458265      3.067093053885
  258      3.808066118631      5.741384029418      3.064108988713
  258     -3.645607269039     -5.759673676118      3.053316826262
  258      3.779486089551     -5.785390480785      3.045728182874
  258     -3.655964676875      5.657609379173      3.094149843978
  258      7.482593609722      1.865147462513      3.058558693688
  258      7.531423214185     -1.737182970608      3.082841560706
  258      7.528922850089      5.836259670220      3.037111595925
  258      7.554222093820     -5.757272776538      3.090381376071
    8      1.927125760750      1.868898479732      1.567901503597
    8     -1.830709722151     -1.962965378347      1.556984734569
    8      1.950429159739     -1.962939105889      1.570877355884
    8     -1.868339832699      1.899126305267      1.605378329747
    8      1.909556375402      5.697182481864      1.589344843009
    8     -1.833801668224     -5.697410047065      1.569148903086
    8      1.968480267403     -5.808365594860      1.593911449058
    8     -1.856530324876      5.789294622783      1.619382738389
    8      5.689249500972      1.858138073373      1.607155044258
    8     -5.798991999986     -1.855320712950      1.897032215392
    8      5.699725594053     -1.968231296043      1.606041801849
    8     -5.739750540980      1.953424123056      1.921074363061
    8      5.712299302546      5.705520513502      1.611887412956
    8     -5.818461045741     -5.753170073040      1.792745490772
    8      5.700088966305     -5.763267825188      1.621624407459
    8     -5.779700302484      5.739512471471      1.876177073837
    8      0.053201718072     -0.007921117146      1.864942784807
    8     -0.000988616838      3.827391934024      1.890832017531
    8      0.098145188154     -3.841721388530      1.887052056835
    8      0.055709349448      7.682347123619      1.927556840950
    8      3.794403363328     -0.009531768268      1.884534358210
    8     -3.804969992742      0.009314774544      1.939730351698
    8      3.795775549154      3.819222841918      1.875208574681
    8     -3.848512795584     -3.807952012902      1.832512462191
    8      3.818753000247     -3.864395573813      2.055185261324
    8     -3.679390264828      3.844640707080      1.687682100077
    8      3.841333344726      7.646272550729      1.930924343508
    8     -3.839103290998      7.651700128627      1.906934833388
    8      7.556385992667      0.010439620363      1.689598540033
    8      7.634682626492      3.829424449252      1.982969028079
    8      7.622759891375     -3.818072483571      1.994149029537
    8      7.530240263104      7.674379822895      1.796948622487
  258      1.912089888458     -0.002556660658      0.403615796356
  258     -1.899042317485      0.018246689585      0.429640656483
  258      1.919754762626      3.822647818447      0.417899257759
  258     -1.901308034217     -3.832903210057      0.397627113734
  258      1.915491897600     -3.852028282904      0.426479101115
  258     -1.877238425718      3.845753853505      0.393185842340
  258      1.912463049894      7.650579404884      0.429887159241
  258     -1.907284178051      7.665280430500      0.442506477395
  258      5.719578905664     -0.006353787581      0.386818185903
  258     -5.741381129398      0.019291451998      0.538925114246
  258      5.731139096904      3.822099828486      0.440357923054
  258     -5.759999497348     -3.814749124180      0.557002863355
  258      5.752231646154     -3.836412527217      0.457893575158
  258     -5.748358757956      3.841013463746      0.541933567541
  258      5.727554889413      7.673826942844      0.414938321972
  258     -5.751817286952      7.675909764527      0.542296621753
    8     -0.008083763843      0.001546221519     -0.799184157891
    8      0.018677240349      3.838380189652     -0.810660981512
    8      0.004043282219     -3.839854311928     -0.796379022380
    8     -0.002737958155      7.664458890866     -0.772775178118
    8      3.822370572454     -0.006483298215     -0.813839827156
    8     -3.846363392435      0.011002480471     -0.750905754888
    8      3.840196083795      3.833238645721     -0.794392259241
    8     -3.854279751830     -3.831392643105     -0.785233025262
    8      3.840760233986     -3.842869780729     -0.743580396796
    8     -3.857573298931      3.839124290613     -0.832726902691
    8      3.824760128279      7.672865416804     -0.786087279965
    8     -3.848794654035      7.672641873705     -0.753584215978
    8      7.694537909787      0.004561566863     -0.834817727527
    8      7.684622564808      3.836540423761     -0.734673722837
    8      7.686198749360     -3.834183375249     -0.731860182500
    8      7.686577696877      7.669683169345     -0.794335453598
    8      1.917803505654      1.913409849298     -0.987114303716
    8     -1.925525555518     -1.905867641642     -0.980221106433
    8      1.914278661416     -1.932453346971     -0.982894518474
    8     -1.914750582322      1.917128394453     -0.966192040398
    8      1.922032774475      5.753257070716     -0.974803249857
    8     -1.923864729321     -5.764947944304     -0.973554001201
    8      1.911957750310     -5.763156776904     -0.969862796621
    8     -1.916669896944      5.766021872579     -0.961238109526
    8      5.754063205662      1.922387179786     -0.964764793752
    8     -5.747123404904     -1.906784276805     -0.811272605940
    8      5.755559411254     -1.932600189975     -0.966867482830
    8     -5.752646102814      1.927112721440     -0.803703943593
    8      5.754210467249      5.747033294849     -0.956787319395
    8     -5.750048715010     -5.750866530758     -0.846848897228
    8      5.757099301942     -5.753276111036     -0.956305241155
    8     -5.755452052129      5.752879115839     -0.817316189684
  258     -0.000069763367      1.915102714871     -2.190537325216
  258     -0.002747231128     -1.919325549229     -2.184160804881
  258      0.001877589587      5.758076646516     -2.185267087585
  258     -0.002578268312     -5.758168036893     -2.179878130846
  258      3.836631161386      1.920121217596     -2.188607619518
  258     -3.852949754642     -1.915646744786     -2.145479561467
  258      3.835160824748     -1.926219113168     -2.181931168317
  258     -3.849450769927      1.925601141027     -2.148006876366
  258      3.839123840261      5.750007201041     -2.179936358141
  258     -3.856137106748     -5.752346885996     -2.144523074150
  258      3.837317366497     -5.754138157594     -2.174909239365
  258     -3.853039106183      5.754806861570     -2.145947708482
  258      7.688448768903      1.916397993467     -2.145256569973
  258      7.690425273684     -1.914724038443     -2.143329168591
  258      7.685609285421      5.754921294006     -2.140426765528
  258      7.690217737953     -5.752912837379     -2.141214955144
    8      1.918012726539      1.918550283969     -3.630109801050
    8     -1.919433159618     -1.917872550702     -3.622037150301
    8      1.919732260673     -1.918537020038     -3.626455501167
    8     -1.919503195564      1.918611765026     -3.617484888442
    8      1.918014598892      5.753961108834     -3.622662410782
    8     -1.915609363432     -5.754185746301     -3.620235003024
    8      1.920060071790     -5.754059181683     -3.618888014507
    8     -1.916304911847      5.753274272622     -3.615504710804
    8      5.755129976087      1.918669225389     -3.617336513153
    8     -5.754390943974     -1.917127216176     -3.571820325583
    8      5.753008493632     -1.918581116353     -3.616911265859
    8     -5.754240431936      1.918353406283     -3.571222910750
    8      5.754037518713      5.753439864549     -3.612574139727
    8     -5.756143107372     -5.753496368998     -3.582690362971
    8      5.750673580827     -5.753881274522     -3.611324895767
    8     -5.755809316108      5.752795965174     -3.573222519935
    8      0.000000000000      0.000000000000     -3.390356274875
    8      0.000000000000      3.835750260159     -3.390356274875
    8      0.000000000000     -3.835750260159     -3.390356274875
    8      0.000000000000      7.671500520300     -3.390356274875
    8      3.835750260161      0.000000000000     -3.390356274875
    8     -3.835750260161      0.000000000000     -3.390356274875
    8      3.835750260161      3.835750260159     -3.390356274875
    8     -3.835750260161     -3.835750260159     -3.390356274875
    8      3.835750260161     -3.835750260159     -3.390356274875
    8     -3.835750260161      3.835750260159     -3.390356274875
    8      3.835750260161      7.671500520300     -3.390356274875
    8     -3.835750260161      7.671500520300     -3.390356274875
    8      7.671500520300      0.000000000000     -3.390356274875
    8      7.671500520300      3.835750260159     -3.390356274875
    8      7.671500520300     -3.835750260159     -3.390356274875
    8      7.671500520300      7.671500520300     -3.390356274875
  258      1.917875130081      0.000000000000     -4.746498784825
  258     -1.917875130081      0.000000000000     -4.746498784825
  258      1.917875130081      3.835750260159     -4.746498784825
  258     -1.917875130081     -3.835750260159     -4.746498784825
  258      1.917875130081     -3.835750260159     -4.746498784825
  258     -1.917875130081      3.835750260159     -4.746498784825
  258      1.917875130081      7.671500520300     -4.746498784825
  258     -1.917875130081      7.671500520300     -4.746498784825
  258      5.753625390240      0.000000000000     -4.746498784825
  258     -5.753625390240      0.000000000000     -4.746498784825
  258      5.753625390240      3.835750260159     -4.746498784825
  258     -5.753625390240     -3.835750260159     -4.746498784825
  258      5.753625390240     -3.835750260159     -4.746498784825
  258     -5.753625390240      3.835750260159     -4.746498784825
  258      5.753625390240      7.671500520300     -4.746498784825
  258     -5.753625390240      7.671500520300     -4.746498784825
    8      0.000000000000      0.000000000000     -6.100000000000
    8      0.000000000000      3.835750260159     -6.100000000000
    8      0.000000000000     -3.835750260159     -6.100000000000
    8      0.000000000000      7.671500520300     -6.100000000000
    8      3.835750260161      0.000000000000     -6.100000000000
    8     -3.835750260161      0.000000000000     -6.100000000000
    8      3.835750260161      3.835750260159     -6.100000000000
    8     -3.835750260161     -3.835750260159     -6.100000000000
    8      3.835750260161     -3.835750260159     -6.100000000000
    8     -3.835750260161      3.835750260159     -6.100000000000
    8      3.835750260161      7.671500520300     -6.100000000000
    8     -3.835750260161      7.671500520300     -6.100000000000
    8      7.671500520300      0.000000000000     -6.100000000000
    8      7.671500520300      3.835750260159     -6.100000000000
    8      7.671500520300     -3.835750260159     -6.100000000000
    8      7.671500520300      7.671500520300     -6.100000000000
    1     23.491717814056     21.518969451153      5.950375854708
    6     22.198298236891     27.288828585207      5.827674505023
    6     22.412369924753     28.605534663560      6.553606703198
    1     21.538424128598     28.812379964449      7.181883334065
    1     23.294066273547     28.553468192911      7.193004144238
    1     22.521226838402     29.445583554059      5.862719853856
    1     22.160823635219     26.434071217898      6.510891409820
    1     21.282738008269     27.296558139012      5.231761719183
    1     24.728862641012     23.771879969658      5.810519673768
    6     24.582243149817     21.586989291631      5.813366402385
    1     24.920301118348     20.738158388538      5.196651958117
    1     25.059919839361     21.479589016633      6.792471688329
   14     24.945701382426     27.027075880486      5.235736466679
    8     23.260424896012     27.036557023715      4.850924755633
    8     25.071333685962     26.843678101259      6.859008850649
    8     28.666600193916     26.841874809187      3.806218863033
    6     28.679866691939     26.815545710007      5.227785130598
    6     25.780698375306     27.774991630205      7.683611339610
    6     30.015179147919     27.282277461233      5.799982994799
    6     25.273855353228     27.665412068069      9.108357592762
    1     30.094428213979     27.059621552334      6.869045645671
    1     25.826416804924     28.355962192549      9.759362186565
    1     24.208473246394     27.912807249892      9.163546929501
    1     25.405458908797     26.647892957831      9.489843472641
    1     26.858846560205     27.544421272828      7.637571724457
    1     25.653685219245     28.796004559252      7.294195245850
    1     27.871979440290     27.458704544285      5.623362342234
    1     28.466738429719     25.784656467915      5.559345364063
    1     30.122187908730     28.369540437583      5.693938927737
    1     30.869532586953     26.788005289049      5.307530325054
    8     24.176846001388     23.043447803147      3.950250851756
    6     24.904835530163     22.919672125273      5.136664522428
    1     26.010128887239     22.972834073260      4.926188329463
    0    0
