   2   1   1 E -4.0955946559979E+04 DE 9.6E-08(  6)
  0.153430010406E+02  0.000000000000E+00  0.000000000000E+00
  0.000000000000E+00  0.153430010406E+02  0.000000000000E+00
  0.000000000000E+00  0.000000000000E+00  0.500000000000E+03
    1
  0.100000000000E+01  0.000000000000E+00  0.000000000000E+00
  0.000000000000E+00  0.100000000000E+01  0.000000000000E+00
  0.000000000000E+00  0.000000000000E+00  0.100000000000E+01
  0.000000000000E+00  0.000000000000E+00  0.000000000000E+00
  225
    8      1.736935868737      2.648750422768      3.952156861542
    8     28.874361372983     29.715876418611      3.856898681576
    8      1.924763022765     -1.250886329590      3.971625995641
    8     -1.946060672735      2.288529642818      4.062249805465
    8      2.136646547686      6.356259353411      4.015652141483
    8     28.681259118300     24.021421630883      3.908679833492
    8      1.804461209774     -5.350275132008      4.062013725336
    8     -1.665134520674      5.506866165444      4.105997056602
    8      5.400174628651      2.646485018344      4.001584739253
    8     -5.149536231085     -2.283283459806      4.672105461670
    8      5.710755361461     -1.124743965732      3.917392561800
    8     -6.872321348836      0.539034697169      4.095970912595
    8      5.856646579532      6.228875913815      4.070304525331
    8     -5.286776911650     -4.940543025516      4.391891880089
    8      5.718160327517     -5.599013437709      4.108038598621
    8     -4.594609441700      4.021446030518      3.950874047230
  258      0.016920987295      1.939391319778      3.053257390765
  258      0.028859704903     -1.867519501323      3.017144277755
  258      0.047026408219      5.752219483197      3.053347186107
  258      0.006639094051     -5.735834980595      3.041423347257
  258      3.770270313860      1.955961943269      3.056024802863
  258     -3.603131066889     -1.910982223140      3.061047744954
  258      3.776572289437     -1.839575018432      3.022752446880
  258     -3.698108096924      2.040258619673      3.068205392160
  258      3.809954594153      5.738564237266      3.066094430882
  258     -3.649491226974     -5.753623899523      3.056294402206
  258      3.784390184142     -5.785064794329      3.045647934422
  258     -3.669108217637      5.657639347957      3.092832472250
  258      7.511732651935      1.874526238969      3.074612693285
  258      7.538999626843     -1.773925899517      3.048724859481
  258      7.536521580721      5.832496951823      3.036442669217
  258      7.562884801171     -5.761923150528      3.089164436595
    8      1.926341512128      1.867351229613      1.569292876264
    8     -1.834246759400     -1.964352818377      1.561540346871
    8      1.955615395718     -1.964501468355      1.575267579549
    8     -1.877828194401      1.892017590844      1.599904552115
    8      1.908583956098      5.700384718743      1.590751757625
    8     -1.835918864247     -5.696171371060      1.572960396858
    8      1.964636670198     -5.804393104421      1.596992041268
    8     -1.861643621386      5.789225551491      1.618686288277
    8      5.691470904285      1.861262349214      1.605061064376
    8     -5.804434168322     -1.861637186277      1.889082336345
    8      5.706604696014     -1.977565875358      1.608372380261
    8     -5.722741873182      1.969661705810      1.850750863482
    8      5.709733996917      5.712285870785      1.610861150114
    8     -5.822173266776     -5.752900900618      1.779489835047
    8      5.702203601986     -5.758535923838      1.621313393602
    8     -5.775999214692      5.749208555074      1.856203493804
    8      0.055580980722     -0.012135885497      1.865364146138
    8     -0.003506229555      3.826667561129      1.892246014164
    8      0.094675714373     -3.836684354063      1.905911071167
    8      0.055108416854      7.681387190851      1.930636538272
    8      3.803696223351     -0.018761111727      1.886873770369
    8     -3.811289503629      0.002069599073      1.940929890263
    8      3.790254510653      3.823216981701      1.881609528846
    8     -3.853588999029     -3.805950783623      1.828545215106
    8      3.820516000423     -3.857485830247      2.060619229394
    8     -3.679917795668      3.847370526764      1.692020335433
    8      3.839883449261      7.652900808052      1.939456784177
    8     -3.836867267276      7.657154131407      1.911454545231
    8      7.568647637118     -0.004417386101      1.722489485547
    8      7.637671547621      3.843158334113      1.975207277996
    8      7.623401445054     -3.811493463597      1.997974867184
    8      7.529232411398      7.679474101729      1.800052084126
  258      1.911984123316      0.001421043477      0.405061810893
  258     -1.902034210286      0.019390382477      0.430086323002
  258      1.918119368355      3.821072462066      0.422900483659
  258     -1.900988298904     -3.832874625667      0.400702083219
  258      1.914550559740     -3.850836319821      0.428998015316
  258     -1.881568000266      3.842972688078      0.397047261246
  258      1.912986545641      7.648833834389      0.429833214214
  258     -1.906916677125      7.663280940453      0.442103609035
  258      5.724763385911      0.000715506555      0.397116913166
  258     -5.741993240623      0.023806477148      0.531874133406
  258      5.734800286639      3.819041391921      0.445569300392
  258     -5.754784895868     -3.818741935680      0.546208469721
  258      5.748899523148     -3.842087322911      0.450017802756
  258     -5.749059268450      3.847036333255      0.528798733072
  258      5.729636510287      7.671447499384      0.414817222517
  258     -5.750001138287      7.677024955924      0.537530028921
    8     -0.007388280901      0.001040820288     -0.798563658391
    8      0.016861965877      3.838071805280     -0.808807262000
    8      0.005693093958     -3.841333733334     -0.790131328196
    8     -0.001185472373      7.665483473690     -0.771476701512
    8      3.825537793265     -0.004274263818     -0.808703567181
    8     -3.845850814849      0.009376110674     -0.750922655634
    8      3.839620426295      3.831435859441     -0.789923785954
    8     -3.851918389355     -3.832590887890     -0.786303283638
    8      3.838105679839     -3.843291367173     -0.742510913019
    8     -3.856338847531      3.840513081136     -0.833338629710
    8      3.824076572507      7.671678867159     -0.783034154911
    8     -3.846924830792      7.674790715537     -0.752467925159
    8      7.691855787944      0.003711195282     -0.821966277634
    8      7.681834551484      3.836881387441     -0.739449485133
    8      7.683323351845     -3.834306223610     -0.731302235141
    8      7.684661066832      7.671662146824     -0.793079831643
    8      1.917021299042      1.913213381676     -0.986708895842
    8     -1.924406489418     -1.908732387756     -0.978399262555
    8      1.914451923759     -1.932215261303     -0.979955518268
    8     -1.915752952178      1.915693625082     -0.969670685693
    8      1.921416391809      5.753372231277     -0.972825617165
    8     -1.922651985201     -5.764039843610     -0.972703650871
    8      1.912993860590     -5.763061811063     -0.967992310726
    8     -1.916375893009      5.766655958376     -0.961286508017
    8      5.755285894169      1.919684147679     -0.966232749981
    8     -5.747719172869     -1.908634544671     -0.817587743940
    8      5.754325367310     -1.930921876919     -0.963391032725
    8     -5.754997530845      1.923916428672     -0.832269582543
    8      5.753840299181      5.747399151878     -0.957802386488
    8     -5.749694934815     -5.748505331159     -0.855598545536
    8      5.754916733262     -5.753344869605     -0.957503803296
    8     -5.755303822150      5.758482231026     -0.831466324033
  258     -0.000698752900      1.915814322849     -2.189473121043
  258     -0.002209732406     -1.917836053546     -2.183141926913
  258      0.001408109843      5.755973083421     -2.183727967512
  258     -0.002539934973     -5.758347253692     -2.178947252854
  258      3.837121536964      1.920250517339     -2.186480393867
  258     -3.851967800874     -1.915491694319     -2.147232570448
  258      3.835856427324     -1.923887244503     -2.179865232097
  258     -3.850061065027      1.925830325506     -2.150885653034
  258      3.838962874877      5.747505046118     -2.178032436118
  258     -3.853457127704     -5.752841102788     -2.146624865175
  258      3.835513104469     -5.755481551157     -2.176090602253
  258     -3.851189426706      5.754937446118     -2.148179918406
  258      7.687183219942      1.917746371809     -2.148288495007
  258      7.688290354279     -1.914140934832     -2.143305325209
  258      7.683840693624      5.754511006697     -2.143347338208
  258      7.689602402865     -5.754245616643     -2.143769914314
    8      1.918553867907      1.918309764727     -3.629977283343
    8     -1.918979011466     -1.917979205162     -3.620878679114
    8      1.919865574459     -1.918691528909     -3.624947957379
    8     -1.918114188366      1.918627778272     -3.620592034333
    8      1.918285975030      5.754121547154     -3.622269319804
    8     -1.915508996722     -5.754117824189     -3.619765547709
    8      1.920131493257     -5.753914825068     -3.618507085668
    8     -1.916147332017      5.753583082826     -3.615682018448
    8      5.753876650268      1.918439290248     -3.619153287944
    8     -5.754656849206     -1.917484907601     -3.572329248148
    8      5.753205337268     -1.918428828805     -3.614355903665
    8     -5.754011652665      1.918096035042     -3.579691257252
    8      5.754404090023      5.753659041957     -3.612883221973
    8     -5.756262308068     -5.753803480338     -3.586030630985
    8      5.750638928562     -5.753723359323     -3.611877996786
    8     -5.755762911186      5.753423661364     -3.576306422010
    8      0.000000000000      0.000000000000     -3.390356274875
    8      0.000000000000      3.835750260159     -3.390356274875
    8      0.000000000000     -3.835750260159     -3.390356274875
    8      0.000000000000      7.671500520300     -3.390356274875
    8      3.835750260161      0.000000000000     -3.390356274875
    8     -3.835750260161      0.000000000000     -3.390356274875
    8      3.835750260161      3.835750260159     -3.390356274875
    8     -3.835750260161     -3.835750260159     -3.390356274875
    8      3.835750260161     -3.835750260159     -3.390356274875
    8     -3.835750260161      3.835750260159     -3.390356274875
    8      3.835750260161      7.671500520300     -3.390356274875
    8     -3.835750260161      7.671500520300     -3.390356274875
    8      7.671500520300      0.000000000000     -3.390356274875
    8      7.671500520300      3.835750260159     -3.390356274875
    8      7.671500520300     -3.835750260159     -3.390356274875
    8      7.671500520300      7.671500520300     -3.390356274875
  258      1.917875130081      0.000000000000     -4.746498784825
  258     -1.917875130081      0.000000000000     -4.746498784825
  258      1.917875130081      3.835750260159     -4.746498784825
  258     -1.917875130081     -3.835750260159     -4.746498784825
  258      1.917875130081     -3.835750260159     -4.746498784825
  258     -1.917875130081      3.835750260159     -4.746498784825
  258      1.917875130081      7.671500520300     -4.746498784825
  258     -1.917875130081      7.671500520300     -4.746498784825
  258      5.753625390240      0.000000000000     -4.746498784825
  258     -5.753625390240      0.000000000000     -4.746498784825
  258      5.753625390240      3.835750260159     -4.746498784825
  258     -5.753625390240     -3.835750260159     -4.746498784825
  258      5.753625390240     -3.835750260159     -4.746498784825
  258     -5.753625390240      3.835750260159     -4.746498784825
  258      5.753625390240      7.671500520300     -4.746498784825
  258     -5.753625390240      7.671500520300     -4.746498784825
    8      0.000000000000      0.000000000000     -6.100000000000
    8      0.000000000000      3.835750260159     -6.100000000000
    8      0.000000000000     -3.835750260159     -6.100000000000
    8      0.000000000000      7.671500520300     -6.100000000000
    8      3.835750260161      0.000000000000     -6.100000000000
    8     -3.835750260161      0.000000000000     -6.100000000000
    8      3.835750260161      3.835750260159     -6.100000000000
    8     -3.835750260161     -3.835750260159     -6.100000000000
    8      3.835750260161     -3.835750260159     -6.100000000000
    8     -3.835750260161      3.835750260159     -6.100000000000
    8      3.835750260161      7.671500520300     -6.100000000000
    8     -3.835750260161      7.671500520300     -6.100000000000
    8      7.671500520300      0.000000000000     -6.100000000000
    8      7.671500520300      3.835750260159     -6.100000000000
    8      7.671500520300     -3.835750260159     -6.100000000000
    8      7.671500520300      7.671500520300     -6.100000000000
    1     23.483963520943     21.533600567786      5.949839378547
    6     22.186903622984     27.309953273963      5.839264755479
    6     22.402564300817     28.634629590425      6.550985014106
    1     21.541571809564     28.839369403370      7.197463480183
    1     23.300338131991     28.600144989176      7.170189925892
    1     22.485147825282     29.466511934831      5.848087666881
    1     22.165143061343     26.460449390022      6.528827879904
    1     21.262016052949     27.303838341175      5.255052199926
    1     24.721564480402     23.782322041403      5.805420711562
    6     24.575007930244     21.598903532393      5.823185966456
    1     24.916567538756     20.745319820161      5.215627360528
    1     25.042875229024     21.500362947800      6.807401973631
   14     24.924654385222     27.024243913197      5.226540816331
    8     23.235993039482     27.060558241637      4.852690180931
    8     25.057367553768     26.827505218716      6.847383677005
    8     28.594816084744     26.860033744181      3.822917928885
    6     28.642454715060     26.827785104714      5.242237963956
    6     25.750707003426     27.759120722285      7.687641045314
    6     29.991698323661     27.286079531192      5.788409931559
    6     25.203350462615     27.659571926816      9.098950697546
    1     30.092303769254     27.057062867170      6.854541193341
    1     25.742681880757     28.346918794873      9.762760541064
    1     24.139170779583     27.917751492802      9.124802263543
    1     25.315094653348     26.642144608237      9.486719990793
    1     26.826658692143     27.519874416656      7.672535064390
    1     25.641491592414     28.778942881737      7.288278427705
    1     27.846604185110     27.473088763678      5.658447812986
    1     28.433585792899     25.796608962149      5.574449747487
    1     30.100326637378     28.373337734455      5.684314024941
    1     30.834992984542     26.788747376153      5.278851790460
    8     24.194198684400     23.039514932548      3.942639088568
    6     24.906924948992     22.924811381136      5.140555757550
    1     26.014846655544     22.976819543231      4.944266958631
    0    0
