   2   1   1 E -4.0955946546485E+04 DE-2.1E-08(  7)
  0.153430010406E+02  0.000000000000E+00  0.000000000000E+00
  0.000000000000E+00  0.153430010406E+02  0.000000000000E+00
  0.000000000000E+00  0.000000000000E+00  0.500000000000E+03
    1
  0.100000000000E+01  0.000000000000E+00  0.000000000000E+00
  0.000000000000E+00  0.100000000000E+01  0.000000000000E+00
  0.000000000000E+00  0.000000000000E+00  0.100000000000E+01
  0.000000000000E+00  0.000000000000E+00  0.000000000000E+00
  225
    8      1.736938639854      2.648733140742      3.952156500456
    8     28.874360329946     29.715884278581      3.856888291839
    8      1.924775993406     -1.250895772268      3.971609733767
    8     -1.946050471267      2.288524048876      4.062234717150
    8      2.136668377755      6.356242484115      4.015644981097
    8     28.681254962128     24.021421066588      3.908679160627
    8      1.804455088834     -5.350285428616      4.062010864787
    8     -1.665131143410      5.506861724744      4.105998025946
    8      5.400159979521      2.646476796035      4.001569955395
    8     -5.149545501249     -2.283273792142      4.672102997202
    8      5.710775615023     -1.124753188418      3.917390816800
    8     -6.872115717019      0.539431535843      4.096125435219
    8      5.856669300259      6.228870906085      4.070295086563
    8     -5.286776845671     -4.940542208087      4.391896251207
    8      5.718158472297     -5.599024304050      4.108042837047
    8     -4.594612545232      4.021475980638      3.950888309768
  258      0.016922236053      1.939394702701      3.053264310089
  258      0.028856444904     -1.867503388702      3.017152415444
  258      0.047021908537      5.752237430560      3.053345980673
  258      0.006654962412     -5.735848830152      3.041417835432
  258      3.770262944959      1.955961667439      3.056044680469
  258     -3.603146156711     -1.910974596328      3.061045023531
  258      3.776539377809     -1.839565108041      3.022762846088
  258     -3.698136192542      2.040223932093      3.068219557708
  258      3.809932501320      5.738569718389      3.066105938045
  258     -3.649495269660     -5.753605775358      3.056311864643
  258      3.784380530599     -5.785079610307      3.045637102624
  258     -3.669113616832      5.657634022964      3.092849025944
  258      7.511743025564      1.874498309653      3.074630747754
  258      7.538810092082     -1.774290074594      3.048542466431
  258      7.536502725998      5.832496285685      3.036458508667
  258      7.562879162162     -5.761907349731      3.089170132082
    8      1.926340805297      1.867343948328      1.569296978397
    8     -1.834247919483     -1.964353708586      1.561537373844
    8      1.955622540080     -1.964508212949      1.575263858637
    8     -1.877824486856      1.892017268035      1.599893534622
    8      1.908583255606      5.700382474162      1.590757091864
    8     -1.835921640412     -5.696175993313      1.572959142040
    8      1.964639118893     -5.804390536217      1.596988677367
    8     -1.861652581876      5.789229771601      1.618688775274
    8      5.691476352950      1.861266113911      1.605047890732
    8     -5.804438279782     -1.861627996319      1.889093239482
    8      5.706611274346     -1.977573054109      1.608374102945
    8     -5.722739964377      1.969661456256      1.850733633113
    8      5.709731394935      5.712292792778      1.610858113526
    8     -5.822172541001     -5.752901039599      1.779487236517
    8      5.702210247071     -5.758543532828      1.621314516283
    8     -5.775995838574      5.749214995118      1.856200213567
    8      0.055581395811     -0.012135491713      1.865367125289
    8     -0.003490824491      3.826662960178      1.892247439819
    8      0.094683688726     -3.836686256191      1.905915945672
    8      0.055114292643      7.681396425595      1.930636725803
    8      3.803702857906     -0.018764988974      1.886876252516
    8     -3.811286077507      0.002066026916      1.940932864080
    8      3.790244251188      3.823221259847      1.881616803440
    8     -3.853589150896     -3.805952570043      1.828540112261
    8      3.820513838161     -3.857481374972      2.060618665112
    8     -3.679915362443      3.847372628259      1.692017719835
    8      3.839881425314      7.652924942062      1.939472416696
    8     -3.836871400663      7.657149095977      1.911455256847
    8      7.568655878144     -0.004429704579      1.722485114090
    8      7.637667158586      3.843162718502      1.975210037078
    8      7.623406732990     -3.811491744179      1.997968682016
    8      7.529229019487      7.679480885243      1.800055302402
  258      1.911975459442      0.001424969202      0.405060390910
  258     -1.902032227886      0.019393555277      0.430098975657
  258      1.918120521755      3.821070773007      0.422909109010
  258     -1.900986418399     -3.832870373074      0.400708292757
  258      1.914547395281     -3.850829142055      0.429002579655
  258     -1.881556633738      3.842968437363      0.397036256168
  258      1.912984931623      7.648831973978      0.429826273922
  258     -1.906898080262      7.663256783393      0.442062035388
  258      5.724766041448      0.000701547411      0.397145921685
  258     -5.741983778121      0.023809851153      0.531872569839
  258      5.734808735263      3.819038220053      0.445562357616
  258     -5.754777766736     -3.818742583758      0.546198371638
  258      5.748891053985     -3.842086943419      0.450004037545
  258     -5.749074720197      3.847033808029      0.528794329567
  258      5.729642371189      7.671448936066      0.414818310875
  258     -5.750008514263      7.677029902828      0.537519822537
    8     -0.007389386401      0.001041016285     -0.798569375245
    8      0.016859031019      3.838074710453     -0.808813294634
    8      0.005692207001     -3.841337338376     -0.790132860162
    8     -0.001181670698      7.665483867944     -0.771476064896
    8      3.825540386060     -0.004269588577     -0.808706836226
    8     -3.845848836381      0.009378755562     -0.750925857739
    8      3.839619787255      3.831437882871     -0.789923797222
    8     -3.851920448811     -3.832592476356     -0.786305240129
    8      3.838108513760     -3.843293593083     -0.742513219515
    8     -3.856343638352      3.840512819094     -0.833335186131
    8      3.824074593704      7.671680080377     -0.783032161057
    8     -3.846925969947      7.674792204045     -0.752464889390
    8      7.691852671709      0.003714506267     -0.821966238941
    8      7.681832495573      3.836882139627     -0.739451561944
    8      7.683323422271     -3.834305916399     -0.731299240686
    8      7.684661739595      7.671660663624     -0.793077819583
    8      1.917020386576      1.913218537166     -0.986710495147
    8     -1.924406201872     -1.908734881493     -0.978397963874
    8      1.914454461602     -1.932217600558     -0.979954417459
    8     -1.915755852162      1.915688655641     -0.969670327587
    8      1.921412227262      5.753377207711     -0.972822773539
    8     -1.922653856146     -5.764036042067     -0.972702592701
    8      1.912993860109     -5.763064619433     -0.967992058711
    8     -1.916380762027      5.766653050537     -0.961282378380
    8      5.755286560392      1.919683905745     -0.966233187105
    8     -5.747721357266     -1.908636704913     -0.817585187325
    8      5.754321721113     -1.930919464161     -0.963393048337
    8     -5.754995454050      1.923916650888     -0.832268472799
    8      5.753842926957      5.747395674519     -0.957802692987
    8     -5.749694915968     -5.748505530604     -0.855598884763
    8      5.754917419875     -5.753348342840     -0.957502258763
    8     -5.755299112773      5.758486330379     -0.831466683261
  258     -0.000697590088      1.915810095964     -2.189472440332
  258     -0.002204382361     -1.917828983035     -2.183142126559
  258      0.001407310457      5.755969956317     -2.183728958080
  258     -0.002539538623     -5.758345792390     -2.178945901038
  258      3.837120890241      1.920249638957     -2.186479170695
  258     -3.851969136586     -1.915490183491     -2.147232081740
  258      3.835856081469     -1.923887414565     -2.179861100249
  258     -3.850062969417      1.925832126598     -2.150883283459
  258      3.838963103891      5.747501994871     -2.178032364742
  258     -3.853456737286     -5.752840081656     -2.146623287650
  258      3.835509212978     -5.755481431642     -2.176091660111
  258     -3.851190540696      5.754938137224     -2.148176572939
  258      7.687179962624      1.917744673650     -2.148284144607
  258      7.688289090156     -1.914140502291     -2.143304525646
  258      7.683836786618      5.754511771227     -2.143356331042
  258      7.689602939534     -5.754245245658     -2.143770170884
    8      1.918554596136      1.918308433755     -3.629976909735
    8     -1.918979829954     -1.917979553554     -3.620878984253
    8      1.919866294268     -1.918693253697     -3.624949001909
    8     -1.918113362008      1.918628373589     -3.620592441939
    8      1.918286108465      5.754123507494     -3.622271155534
    8     -1.915509870338     -5.754120130959     -3.619764681125
    8      1.920132943381     -5.753913509059     -3.618507601234
    8     -1.916147351559      5.753583684786     -3.615680774887
    8      5.753876525735      1.918439369450     -3.619154394600
    8     -5.754656542710     -1.917485749203     -3.572328107173
    8      5.753204950138     -1.918428470513     -3.614355147924
    8     -5.754008861174      1.918093440310     -3.579681002159
    8      5.754409963413      5.753659790713     -3.612878310195
    8     -5.756263936927     -5.753809433974     -3.586033256009
    8      5.750637547722     -5.753724663675     -3.611877047802
    8     -5.755762031129      5.753425432445     -3.576295303508
    8      0.000000000000      0.000000000000     -3.390356274875
    8      0.000000000000      3.835750260159     -3.390356274875
    8      0.000000000000     -3.835750260159     -3.390356274875
    8      0.000000000000      7.671500520300     -3.390356274875
    8      3.835750260161      0.000000000000     -3.390356274875
    8     -3.835750260161      0.000000000000     -3.390356274875
    8      3.835750260161      3.835750260159     -3.390356274875
    8     -3.835750260161     -3.835750260159     -3.390356274875
    8      3.835750260161     -3.835750260159     -3.390356274875
    8     -3.835750260161      3.835750260159     -3.390356274875
    8      3.835750260161      7.671500520300     -3.390356274875
    8     -3.835750260161      7.671500520300     -3.390356274875
    8      7.671500520300      0.000000000000     -3.390356274875
    8      7.671500520300      3.835750260159     -3.390356274875
    8      7.671500520300     -3.835750260159     -3.390356274875
    8      7.671500520300      7.671500520300     -3.390356274875
  258      1.917875130081      0.000000000000     -4.746498784825
  258     -1.917875130081      0.000000000000     -4.746498784825
  258      1.917875130081      3.835750260159     -4.746498784825
  258     -1.917875130081     -3.835750260159     -4.746498784825
  258      1.917875130081     -3.835750260159     -4.746498784825
  258     -1.917875130081      3.835750260159     -4.746498784825
  258      1.917875130081      7.671500520300     -4.746498784825
  258     -1.917875130081      7.671500520300     -4.746498784825
  258      5.753625390240      0.000000000000     -4.746498784825
  258     -5.753625390240      0.000000000000     -4.746498784825
  258      5.753625390240      3.835750260159     -4.746498784825
  258     -5.753625390240     -3.835750260159     -4.746498784825
  258      5.753625390240     -3.835750260159     -4.746498784825
  258     -5.753625390240      3.835750260159     -4.746498784825
  258      5.753625390240      7.671500520300     -4.746498784825
  258     -5.753625390240      7.671500520300     -4.746498784825
    8      0.000000000000      0.000000000000     -6.100000000000
    8      0.000000000000      3.835750260159     -6.100000000000
    8      0.000000000000     -3.835750260159     -6.100000000000
    8      0.000000000000      7.671500520300     -6.100000000000
    8      3.835750260161      0.000000000000     -6.100000000000
    8     -3.835750260161      0.000000000000     -6.100000000000
    8      3.835750260161      3.835750260159     -6.100000000000
    8     -3.835750260161     -3.835750260159     -6.100000000000
    8      3.835750260161     -3.835750260159     -6.100000000000
    8     -3.835750260161      3.835750260159     -6.100000000000
    8      3.835750260161      7.671500520300     -6.100000000000
    8     -3.835750260161      7.671500520300     -6.100000000000
    8      7.671500520300      0.000000000000     -6.100000000000
    8      7.671500520300      3.835750260159     -6.100000000000
    8      7.671500520300     -3.835750260159     -6.100000000000
    8      7.671500520300      7.671500520300     -6.100000000000
    1     23.483967657264     21.533602010437      5.949838071273
    6     22.186907001893     27.309955418370      5.839264486022
    6     22.402566725920     28.634647554293      6.550972525886
    1     21.541572683217     28.839372476621      7.197464532234
    1     23.300335170280     28.600144321445      7.170189069111
    1     22.485139064756     29.466493658392      5.848097614586
    1     22.165139605145     26.460452174790      6.528827311204
    1     21.262020378007     27.303841072628      5.255053611388
    1     24.721564706004     23.782320987436      5.805419249923
    6     24.575001307339     21.598904709129      5.823188183007
    1     24.916569401545     20.745321932554      5.215627390290
    1     25.042877192435     21.500362527030      6.807399620179
   14     24.924656600974     27.024242314859      5.226540747061
    8     23.235995070988     27.060557069970      4.852681327702
    8     25.057369135162     26.827502920995      6.847385078990
    8     28.594822236382     26.860029789706      3.822936880851
    6     28.642457965340     26.827786931768      5.242233809929
    6     25.750713595087     27.759112459420      7.687641268670
    6     29.991698580236     27.286078904167      5.788411514747
    6     25.203359763643     27.659562479919      9.098951178048
    1     30.092303972627     27.057065084228      6.854540323003
    1     25.742683205712     28.346923464850      9.762763693749
    1     24.139156278410     27.917754566419      9.124801399665
    1     25.315096523300     26.642144652101      9.486717524721
    1     26.826651945030     27.519879144250      7.672537916702
    1     25.641489385916     28.778949011364      7.288273502738
    1     27.846606483283     27.473087475752      5.658442244268
    1     28.433587190538     25.796612987204      5.574451264939
    1     30.100326018880     28.373337574283      5.684315167969
    1     30.834990994240     26.788746554702      5.278851499071
    8     24.194197161403     23.039517769395      3.942634665087
    6     24.906928742529     22.924809061861      5.140558085038
    1     26.014844780136     22.976820626875      4.944269297352
    0    0
