   2   1   1 E -4.0955954999320E+04 DE-3.8E-07(  4)
  0.153430010406E+02  0.000000000000E+00  0.000000000000E+00
  0.000000000000E+00  0.153430010406E+02  0.000000000000E+00
  0.000000000000E+00  0.000000000000E+00  0.500000000000E+03
    1
  0.100000000000E+01  0.000000000000E+00  0.000000000000E+00
  0.000000000000E+00  0.100000000000E+01  0.000000000000E+00
  0.000000000000E+00  0.000000000000E+00  0.100000000000E+01
  0.000000000000E+00  0.000000000000E+00  0.000000000000E+00
  225
    8      1.865003315536      2.645201449748      3.938718938235
    8     28.769724206926     29.764408936347      3.846883364596
    8      1.741422714780     -1.169188368965      3.957306284462
    8     -1.823628525716      2.318761155655      4.053975482361
    8      2.109057802929      6.395892025696      3.997949816313
    8     28.693332233404     24.045693983857      3.915249355837
    8      1.811448514723     -5.296581997004      4.050019922689
    8     -1.671716708792      5.557936001463      4.114215755860
    8      5.561697043913      2.524453535018      4.001361689853
    8     -5.155460099432     -2.306697079254      4.676410250105
    8      5.467621093064     -1.253803324464      3.998047788179
    8     -7.234224423946      0.124479282200      4.070133226666
    8      5.821395601003      6.160503509655      4.087413113587
    8     -5.292094784958     -4.964800621372      4.398645663648
    8      5.709831367022     -5.647427394410      4.107965858006
    8     -4.470562330844      3.952651266687      3.993018303643
  258      0.060560845561      1.924653648273      3.045513609764
  258      0.012229573391     -1.861720494073      3.021131637560
  258      0.050932094173      5.756809853621      3.052212582977
  258      0.008737014892     -5.727020270302      3.041044914268
  258      3.781366362951      1.943108656543      3.045186607466
  258     -3.613815517377     -1.899333921068      3.062795246543
  258      3.757703052737     -1.849550555214      3.032202426005
  258     -3.626284136049      2.041281021282      3.067187227391
  258      3.795030601218      5.748299861956      3.059692629745
  258     -3.645095134670     -5.746336457770      3.058419455990
  258      3.783037997831     -5.779169326876      3.043097762494
  258     -3.648112457001      5.650454220240      3.094107115414
  258      7.469730600156      1.852677539610      3.050204701542
  258      7.527867204777     -1.737756441738      3.085046783295
  258      7.511821077179      5.831867442230      3.036267640298
  258      7.560970350944     -5.758049472547      3.091193342634
    8      1.928921096924      1.866634094941      1.562485406138
    8     -1.839453697206     -1.960097985819      1.552753633392
    8      1.953654007953     -1.966855184104      1.574974051681
    8     -1.862830774959      1.899691451623      1.599544577729
    8      1.919216028896      5.696152642140      1.585180223097
    8     -1.840210609520     -5.699474201601      1.571566675825
    8      1.960291265828     -5.812233503024      1.596663819786
    8     -1.856567014807      5.776570438549      1.620890148080
    8      5.686213779671      1.867070596305      1.594940263365
    8     -5.805870604925     -1.847685531523      1.885874144184
    8      5.715853825070     -1.949062280676      1.621036255687
    8     -5.749576209913      1.953880024075      1.960491492943
    8      5.705862256360      5.718664680684      1.609168488550
    8     -5.820701876267     -5.765483781219      1.786453189790
    8      5.707890621413     -5.753084921256      1.620136886718
    8     -5.774489055691      5.725451980261      1.899998473633
    8      0.037998494968     -0.000383416811      1.837771140917
    8      0.016563606630      3.821842159696      1.903439575211
    8      0.090435742232     -3.846183122335      1.889199359892
    8      0.049808737845      7.677638556445      1.927365732815
    8      3.796075667305     -0.005564243985      1.884518058988
    8     -3.817541899346      0.029701734330      1.915465488397
    8      3.812086020699      3.817350046687      1.901918603480
    8     -3.858874227591     -3.813691609973      1.827651028469
    8      3.825790702364     -3.865594648210      2.038310513762
    8     -3.681315533949      3.835675533127      1.687030641590
    8      3.842874654050      7.654489163890      1.933315101804
    8     -3.833418454880      7.648560455729      1.924303875772
    8      7.555020054770      0.031066525378      1.676198460211
    8      7.620881774173      3.828368272387      1.984988405740
    8      7.630256599830     -3.814918163231      1.992476455861
    8      7.528389465166      7.671331262258      1.796867517084
  258      1.909970211018     -0.007309625434      0.401717222534
  258     -1.900273811017      0.016639360955      0.425301815366
  258      1.921213352722      3.820612295817      0.418882483217
  258     -1.901978985104     -3.830449426747      0.402610955791
  258      1.913612328935     -3.851409122104      0.428432499824
  258     -1.873259837455      3.842710520853      0.392040102507
  258      1.911836971596      7.652153172988      0.426222301573
  258     -1.905908699666      7.666106619838      0.444414281594
  258      5.717441984793     -0.008622179275      0.384072570698
  258     -5.741479999893      0.019625854844      0.537330204194
  258      5.732427193844      3.825410899332      0.436090813341
  258     -5.759014409700     -3.812815049616      0.556085276475
  258      5.752940782827     -3.829413955360      0.461320123616
  258     -5.748717414943      3.838426260813      0.548620196841
  258      5.728885879350      7.679269544043      0.411558465934
  258     -5.749902050674      7.674247903346      0.546706584269
    8     -0.006050257121      0.001229259992     -0.808915603155
    8      0.021419886509      3.839091526169     -0.805724962070
    8      0.003555672131     -3.842533472038     -0.795954351337
    8     -0.002863459716      7.665108736844     -0.771865117900
    8      3.820378933165     -0.006293255947     -0.815525416865
    8     -3.847222515990      0.010949070110     -0.762058392396
    8      3.838626683181      3.834332677911     -0.785336838424
    8     -3.853171729386     -3.832721758771     -0.786968119363
    8      3.840087464841     -3.841685878059     -0.745887955932
    8     -3.857094886518      3.840928953296     -0.830667957729
    8      3.824216786407      7.671885189959     -0.785624462691
    8     -3.848780581186      7.670470475516     -0.746097598351
    8      7.691355491417      0.003328609870     -0.841284086202
    8      7.685479723329      3.837723683445     -0.731690661633
    8      7.683834763895     -3.833291750363     -0.732470291675
    8      7.687929395003      7.669450686318     -0.792898811138
    8      1.918221394487      1.915232131518     -0.988729386879
    8     -1.924292287879     -1.908613405823     -0.983743173912
    8      1.913189979135     -1.934125804584     -0.981754752498
    8     -1.914670883248      1.921056834866     -0.970575947957
    8      1.921332372977      5.753257632056     -0.975363749554
    8     -1.923954829476     -5.769022407960     -0.972465626119
    8      1.913286240547     -5.764295018752     -0.968609496316
    8     -1.914921875270      5.765368455106     -0.959878161678
    8      5.753091590672      1.924581159984     -0.971469149658
    8     -5.747496724809     -1.907736469949     -0.817682544886
    8      5.752293037805     -1.932295656573     -0.962975079631
    8     -5.753874112250      1.930253792480     -0.791484498905
    8      5.754493151218      5.747583813734     -0.959778736713
    8     -5.750022095369     -5.753327118586     -0.849201803523
    8      5.756268505038     -5.751339993944     -0.956342043855
    8     -5.755516144227      5.750847213743     -0.806984890429
  258      0.000485855441      1.913899263312     -2.191380257957
  258     -0.003673882780     -1.919756068633     -2.185102808863
  258      0.001515220836      5.757564639870     -2.185475312356
  258     -0.003911060364     -5.756921175820     -2.179287054568
  258      3.836014539855      1.918964968563     -2.189630759566
  258     -3.853173515972     -1.916233565233     -2.146598474666
  258      3.834468082225     -1.927598457505     -2.182630245609
  258     -3.850373022756      1.925251609977     -2.147590519290
  258      3.838623792377      5.750697976052     -2.180776176611
  258     -3.855734222627     -5.751680792994     -2.143141470225
  258      3.837502684800     -5.752173590727     -2.174911575707
  258     -3.852559933239      5.753921871443     -2.143502619816
  258      7.688097007258      1.916218496443     -2.145360216721
  258      7.690308189659     -1.914857668488     -2.144089682323
  258      7.687137592581      5.755255830297     -2.140353425484
  258      7.690701913012     -5.751875140039     -2.140246062982
    8      1.918727824523      1.918682064257     -3.630760702462
    8     -1.918511799349     -1.917923265290     -3.624633233402
    8      1.920456718393     -1.918889302112     -3.626835606769
    8     -1.919321843520      1.919083437123     -3.619658796421
    8      1.918394733827      5.754070453455     -3.622659302858
    8     -1.915382267404     -5.754256552829     -3.619909991550
    8      1.920271383135     -5.753935067076     -3.618657003000
    8     -1.916736268610      5.753188350355     -3.614210676532
    8      5.754915748837      1.918655906511     -3.619762054048
    8     -5.754861133884     -1.916543020832     -3.575292235869
    8      5.752375053101     -1.918511009328     -3.615785012038
    8     -5.754324758955      1.919062539048     -3.567352571796
    8      5.754433159270      5.753482834512     -3.613089697197
    8     -5.756121835109     -5.753837525008     -3.584596644105
    8      5.750592015384     -5.753682458645     -3.611906285256
    8     -5.755710307423      5.752474409379     -3.569163161330
    8      0.000000000000      0.000000000000     -3.390356274875
    8      0.000000000000      3.835750260159     -3.390356274875
    8      0.000000000000     -3.835750260159     -3.390356274875
    8      0.000000000000      7.671500520300     -3.390356274875
    8      3.835750260161      0.000000000000     -3.390356274875
    8     -3.835750260161      0.000000000000     -3.390356274875
    8      3.835750260161      3.835750260159     -3.390356274875
    8     -3.835750260161     -3.835750260159     -3.390356274875
    8      3.835750260161     -3.835750260159     -3.390356274875
    8     -3.835750260161      3.835750260159     -3.390356274875
    8      3.835750260161      7.671500520300     -3.390356274875
    8     -3.835750260161      7.671500520300     -3.390356274875
    8      7.671500520300      0.000000000000     -3.390356274875
    8      7.671500520300      3.835750260159     -3.390356274875
    8      7.671500520300     -3.835750260159     -3.390356274875
    8      7.671500520300      7.671500520300     -3.390356274875
  258      1.917875130081      0.000000000000     -4.746498784825
  258     -1.917875130081      0.000000000000     -4.746498784825
  258      1.917875130081      3.835750260159     -4.746498784825
  258     -1.917875130081     -3.835750260159     -4.746498784825
  258      1.917875130081     -3.835750260159     -4.746498784825
  258     -1.917875130081      3.835750260159     -4.746498784825
  258      1.917875130081      7.671500520300     -4.746498784825
  258     -1.917875130081      7.671500520300     -4.746498784825
  258      5.753625390240      0.000000000000     -4.746498784825
  258     -5.753625390240      0.000000000000     -4.746498784825
  258      5.753625390240      3.835750260159     -4.746498784825
  258     -5.753625390240     -3.835750260159     -4.746498784825
  258      5.753625390240     -3.835750260159     -4.746498784825
  258     -5.753625390240      3.835750260159     -4.746498784825
  258      5.753625390240      7.671500520300     -4.746498784825
  258     -5.753625390240      7.671500520300     -4.746498784825
    8      0.000000000000      0.000000000000     -6.100000000000
    8      0.000000000000      3.835750260159     -6.100000000000
    8      0.000000000000     -3.835750260159     -6.100000000000
    8      0.000000000000      7.671500520300     -6.100000000000
    8      3.835750260161      0.000000000000     -6.100000000000
    8     -3.835750260161      0.000000000000     -6.100000000000
    8      3.835750260161      3.835750260159     -6.100000000000
    8     -3.835750260161     -3.835750260159     -6.100000000000
    8      3.835750260161     -3.835750260159     -6.100000000000
    8     -3.835750260161      3.835750260159     -6.100000000000
    8      3.835750260161      7.671500520300     -6.100000000000
    8     -3.835750260161      7.671500520300     -6.100000000000
    8      7.671500520300      0.000000000000     -6.100000000000
    8      7.671500520300      3.835750260159     -6.100000000000
    8      7.671500520300     -3.835750260159     -6.100000000000
    8      7.671500520300      7.671500520300     -6.100000000000
    1     23.528231380012     21.464652923812      5.961892529198
    6     22.163219206856     27.243143019110      5.828092831411
    6     22.343413800403     28.557646620978      6.564828698347
    1     21.473556609504     28.727209176082      7.209352894826
    1     23.239030764452     28.531306688976      7.188617833194
    1     22.414121065561     29.404312973477      5.878045634984
    1     22.161966100594     26.378127101772      6.498759045838
    1     21.242286086178     27.228370992624      5.239637878472
    1     24.738108088263     23.730328578684      5.825145991398
    6     24.611410204630     21.545567010091      5.787053425122
    1     24.930441713208     20.707457592385      5.145471546846
    1     25.127004059546     21.422411456472      6.743969585065
   14     24.911547423949     27.005105197600      5.225914866358
    8     23.224684445731     27.037438835295      4.839368276366
    8     25.031017520848     26.804510141525      6.847936573078
    8     28.612079706940     26.880730188786      3.816726489597
    6     28.645607073155     26.849810126903      5.237015440157
    6     25.738728368980     27.724098400583      7.688602563125
    6     29.989717868022     27.311175502555      5.792751786699
    6     25.196385729505     27.627020489007      9.101891475393
    1     30.082531203151     27.085847819742      6.860407819523
    1     25.753755621623     28.298154123540      9.767044507271
    1     24.138562854971     27.907691195300      9.135249781094
    1     25.288400822412     26.605324723867      9.483024768147
    1     26.811884841422     27.471971020603      7.668182768435
    1     25.640290513832     28.746722706826      7.293987859350
    1     27.844937211041     27.493965589212      5.645669890957
    1     28.436568805039     25.818442923282      5.568899296370
    1     30.102935698402     28.398442713089      5.687827647401
    1     30.836193466079     26.812772457073      5.289322456183
    8     24.132412353138     23.033584410795      3.969658878217
    6     24.899389789837     22.894419587884      5.127775992744
    1     25.997070916190     22.963526278668      4.884299102126
    0    0
