   2   1   1 E -4.0955949605221E+04 DE-1.7E-08( 11)
  0.153430010406E+02  0.000000000000E+00  0.000000000000E+00
  0.000000000000E+00  0.153430010406E+02  0.000000000000E+00
  0.000000000000E+00  0.000000000000E+00  0.500000000000E+03
    1
  0.100000000000E+01  0.000000000000E+00  0.000000000000E+00
  0.000000000000E+00  0.100000000000E+01  0.000000000000E+00
  0.000000000000E+00  0.000000000000E+00  0.100000000000E+01
  0.000000000000E+00  0.000000000000E+00  0.000000000000E+00
  225
    8      1.751953365141      2.662392937180      3.948484589023
    8     28.871358257928     29.713268237082      3.857476487074
    8      1.912931292988     -1.250842468259      3.974002544652
    8     -1.928526638930      2.281369099107      4.074283633013
    8      2.134980357894      6.370982437603      4.010178403851
    8     28.681087433664     24.011819620370      3.903773868739
    8      1.806150559010     -5.339291427095      4.059504442197
    8     -1.664962795520      5.497346432143      4.103485134927
    8      5.421603570881      2.653281638967      3.994957514819
    8     -5.134413879665     -2.277145295262      4.681300457508
    8      5.677643479001     -1.115313918696      3.927433222505
    8     -7.019422418106      0.328398868070      4.029720518508
    8      5.852550403944      6.242510197490      4.067158127646
    8     -5.262835941612     -4.934367499614      4.400461618327
    8      5.719560134637     -5.586212935943      4.105886804834
    8     -4.577393557144      4.010888104915      3.951549431129
  258      0.026680335549      1.939945817308      3.050803049469
  258      0.030993163816     -1.871238989775      3.018551150349
  258      0.049860260613      5.752095664244      3.053202360669
  258      0.002643198034     -5.731629787062      3.042463024334
  258      3.770199148807      1.956273056942      3.050213198557
  258     -3.599499673707     -1.915213386062      3.061144277370
  258      3.781376169808     -1.839980163354      3.024336129579
  258     -3.673525505369      2.043411134071      3.065412666057
  258      3.809672713147      5.738968122772      3.064478763373
  258     -3.650036929931     -5.757813052775      3.053397524662
  258      3.782748125961     -5.783297374178      3.047197103329
  258     -3.665581087427      5.657383903159      3.093143884909
  258      7.483297117474      1.862880305684      3.054515015071
  258      7.553389561377     -1.722315615051      3.083996721351
  258      7.534107186045      5.835566645898      3.036562772220
  258      7.559897814760     -5.755233106474      3.089654604100
    8      1.925248767217      1.870170272590      1.569462063601
    8     -1.831034229922     -1.963698102185      1.559298035350
    8      1.953505213225     -1.964160185787      1.575106212107
    8     -1.876411600013      1.896532694587      1.605802198273
    8      1.910004334196      5.699075566663      1.588920375178
    8     -1.834751509440     -5.695250575294      1.573055604113
    8      1.968475201359     -5.806183436741      1.596952651027
    8     -1.858639975955      5.789085611500      1.618663650235
    8      5.690036462604      1.861770057216      1.609587792115
    8     -5.796647629938     -1.853773763736      1.894667710395
    8      5.700103816671     -1.967203410386      1.609936371989
    8     -5.735639152272      1.962332954806      1.888794274486
    8      5.711667141751      5.708778913943      1.612385858698
    8     -5.816728270998     -5.752702848022      1.785085966246
    8      5.699129833580     -5.760362691497      1.622407030949
    8     -5.776039920518      5.745091024782      1.866586518135
    8      0.054923475350     -0.009896417802      1.863768632629
    8     -0.004826199027      3.828234969164      1.890832281032
    8      0.095295883964     -3.839423187304      1.898849195599
    8      0.053981000826      7.682382873049      1.930305490163
    8      3.796977393747     -0.012315102761      1.883206918443
    8     -3.807526423867      0.006048429305      1.940829771814
    8      3.792679562025      3.821444322225      1.875134392916
    8     -3.849857861348     -3.805678171442      1.828195507478
    8      3.820960216992     -3.859254729824      2.061863543800
    8     -3.681154197692      3.848620143259      1.688465751446
    8      3.841033344922      7.646753928716      1.936306301152
    8     -3.833920487518      7.654249785210      1.905168729367
    8      7.556533658811      0.011268823477      1.692799234852
    8      7.635914920139      3.831786265776      1.977682196140
    8      7.625038423721     -3.807537871975      2.005282011713
    8      7.531839614279      7.676978013149      1.797482435742
  258      1.912832200075     -0.000684721098      0.404779829217
  258     -1.899555508493      0.017730985895      0.430272573435
  258      1.918171885659      3.822139686241      0.420038065835
  258     -1.901262983829     -3.832593295318      0.399402575364
  258      1.916013771284     -3.851300805847      0.428748614303
  258     -1.879876480718      3.846511667794      0.394960663812
  258      1.912733815314      7.649050025162      0.431115107669
  258     -1.907524692889      7.665746634603      0.444140463375
  258      5.721404736470     -0.004446294774      0.391528376092
  258     -5.741184633666      0.021464735880      0.534097648477
  258      5.732744878982      3.821155414551      0.442799820603
  258     -5.759590460952     -3.813846788169      0.554848532119
  258      5.754654798543     -3.834623496079      0.460346846802
  258     -5.749697803951      3.843155711015      0.534309148210
  258      5.728550456068      7.673667804958      0.414374866567
  258     -5.751483708385      7.677701968687      0.538451491769
    8     -0.007038015763      0.002345894311     -0.798498798628
    8      0.018005855602      3.837491174757     -0.808415542844
    8      0.005765918436     -3.839866479613     -0.792618988412
    8     -0.001718873879      7.665196502923     -0.772109590015
    8      3.823736250420     -0.004869004798     -0.811645425515
    8     -3.845223350870      0.009976656431     -0.751027436299
    8      3.840704454902      3.831863548436     -0.792160916072
    8     -3.853021737615     -3.831873376866     -0.786096327739
    8      3.839987724586     -3.842413499201     -0.740694877339
    8     -3.857048650015      3.840138433212     -0.833475037833
    8      3.823712160719      7.672099826421     -0.783373399074
    8     -3.847601790957      7.673800406065     -0.754937321054
    8      7.694000894769      0.005256580599     -0.831345660302
    8      7.683394502193      3.837039649205     -0.738764357355
    8      7.684495818412     -3.834704396175     -0.730429430507
    8      7.686045535533      7.670759609645     -0.794388103100
    8      1.917715982155      1.913536604142     -0.986953277048
    8     -1.924756656383     -1.906651584943     -0.979933200976
    8      1.913992487457     -1.931804090949     -0.980844092599
    8     -1.915304980262      1.917975895526     -0.966933751497
    8      1.922313587899      5.752783289950     -0.974508547277
    8     -1.923208472125     -5.764076896836     -0.971740232659
    8      1.912534050399     -5.761664120176     -0.968011507536
    8     -1.915974220068      5.765867625752     -0.961214367076
    8      5.754199177659      1.921447030950     -0.966043136576
    8     -5.747108731914     -1.906390377377     -0.814892359097
    8      5.755862243785     -1.929889555933     -0.964954228681
    8     -5.753115713781      1.925186882858     -0.817906830088
    8      5.753580238107      5.748152630513     -0.956178086214
    8     -5.750236409014     -5.749693701378     -0.850690627341
    8      5.756211277233     -5.753383263621     -0.955284400762
    8     -5.755855387973      5.755916295820     -0.823645893777
  258     -0.000690985663      1.916205950992     -2.189640905104
  258     -0.002221662996     -1.918695151059     -2.184104468629
  258      0.000963806138      5.757366957146     -2.184134455376
  258     -0.002865213266     -5.758223680809     -2.179194380176
  258      3.837201628516      1.920074918400     -2.187725220896
  258     -3.852111399359     -1.915569499280     -2.145987702107
  258      3.836861227812     -1.924971861397     -2.179912186543
  258     -3.848780191684      1.925900273912     -2.149956842981
  258      3.839352218593      5.749068602814     -2.179008334490
  258     -3.854351893433     -5.751889919921     -2.144915572359
  258      3.837560407200     -5.753754849563     -2.174278049768
  258     -3.851037494085      5.755151068368     -2.147549596942
  258      7.687314328299      1.917203442093     -2.148065586499
  258      7.688760170406     -1.913968809064     -2.142432787207
  258      7.684367812959      5.755040037306     -2.142047818807
  258      7.688947175922     -5.751987841649     -2.141785341027
    8      1.918078120928      1.918517769863     -3.629986273306
    8     -1.919118150717     -1.917716343910     -3.620298180770
    8      1.919462577357     -1.918870335444     -3.625200669661
    8     -1.918943105615      1.918659324022     -3.617633436946
    8      1.918251029379      5.754150039450     -3.622438166462
    8     -1.915451908689     -5.753906631590     -3.618291755082
    8      1.919925031789     -5.754087848251     -3.617877926475
    8     -1.916248724052      5.753318022332     -3.614666895549
    8      5.753968403918      1.918446456857     -3.617047084768
    8     -5.754312269844     -1.916852750842     -3.573026008941
    8      5.752590501996     -1.918350122972     -3.614842681319
    8     -5.754426106912      1.918812483012     -3.575777585548
    8      5.753696463054      5.753201353904     -3.611661880542
    8     -5.755962180235     -5.753218132040     -3.584773280121
    8      5.750755353482     -5.753675037995     -3.609698477600
    8     -5.756099319635      5.752949429511     -3.575415588494
    8      0.000000000000      0.000000000000     -3.390356274875
    8      0.000000000000      3.835750260159     -3.390356274875
    8      0.000000000000     -3.835750260159     -3.390356274875
    8      0.000000000000      7.671500520300     -3.390356274875
    8      3.835750260161      0.000000000000     -3.390356274875
    8     -3.835750260161      0.000000000000     -3.390356274875
    8      3.835750260161      3.835750260159     -3.390356274875
    8     -3.835750260161     -3.835750260159     -3.390356274875
    8      3.835750260161     -3.835750260159     -3.390356274875
    8     -3.835750260161      3.835750260159     -3.390356274875
    8      3.835750260161      7.671500520300     -3.390356274875
    8     -3.835750260161      7.671500520300     -3.390356274875
    8      7.671500520300      0.000000000000     -3.390356274875
    8      7.671500520300      3.835750260159     -3.390356274875
    8      7.671500520300     -3.835750260159     -3.390356274875
    8      7.671500520300      7.671500520300     -3.390356274875
  258      1.917875130081      0.000000000000     -4.746498784825
  258     -1.917875130081      0.000000000000     -4.746498784825
  258      1.917875130081      3.835750260159     -4.746498784825
  258     -1.917875130081     -3.835750260159     -4.746498784825
  258      1.917875130081     -3.835750260159     -4.746498784825
  258     -1.917875130081      3.835750260159     -4.746498784825
  258      1.917875130081      7.671500520300     -4.746498784825
  258     -1.917875130081      7.671500520300     -4.746498784825
  258      5.753625390240      0.000000000000     -4.746498784825
  258     -5.753625390240      0.000000000000     -4.746498784825
  258      5.753625390240      3.835750260159     -4.746498784825
  258     -5.753625390240     -3.835750260159     -4.746498784825
  258      5.753625390240     -3.835750260159     -4.746498784825
  258     -5.753625390240      3.835750260159     -4.746498784825
  258      5.753625390240      7.671500520300     -4.746498784825
  258     -5.753625390240      7.671500520300     -4.746498784825
    8      0.000000000000      0.000000000000     -6.100000000000
    8      0.000000000000      3.835750260159     -6.100000000000
    8      0.000000000000     -3.835750260159     -6.100000000000
    8      0.000000000000      7.671500520300     -6.100000000000
    8      3.835750260161      0.000000000000     -6.100000000000
    8     -3.835750260161      0.000000000000     -6.100000000000
    8      3.835750260161      3.835750260159     -6.100000000000
    8     -3.835750260161     -3.835750260159     -6.100000000000
    8      3.835750260161     -3.835750260159     -6.100000000000
    8     -3.835750260161      3.835750260159     -6.100000000000
    8      3.835750260161      7.671500520300     -6.100000000000
    8     -3.835750260161      7.671500520300     -6.100000000000
    8      7.671500520300      0.000000000000     -6.100000000000
    8      7.671500520300      3.835750260159     -6.100000000000
    8      7.671500520300     -3.835750260159     -6.100000000000
    8      7.671500520300      7.671500520300     -6.100000000000
    1     23.488180234647     21.532103931090      5.945866605791
    6     22.196233669696     27.307770790743      5.835900207838
    6     22.412285377433     28.626345986566      6.558187463938
    1     21.546753810291     28.826302689377      7.198691742553
    1     23.304965908153     28.586284815827      7.184230667946
    1     22.504449021054     29.465135922702      5.863396928485
    1     22.165406573669     26.455883300430      6.520149906749
    1     21.274514518240     27.310036129834      5.245894080729
    1     24.732689521334     23.777898646400      5.810962900398
    6     24.577812702130     21.595871306951      5.818082830742
    1     24.915726654153     20.741596521983      5.210456809603
    1     25.043988081329     21.496776496854      6.801880273004
   14     24.935235217468     27.028880370666      5.230677128748
    8     23.249216766508     27.055325355296      4.856937548412
    8     25.064252105238     26.833720786723      6.853927352929
    8     28.615574180913     26.851360948567      3.815801769997
    6     28.650378047276     26.821210345985      5.236845725766
    6     25.763405419483     27.764893777966      7.689223379807
    6     29.993575828268     27.284710784500      5.794537580506
    6     25.232217717090     27.662563255311      9.106047771427
    1     30.083642777118     27.058549854587      6.862250997714
    1     25.774534217278     28.350934795752      9.765770414547
    1     24.167962259470     27.917124900464      9.142980669057
    1     25.352361012223     26.647245132416      9.492544326409
    1     26.839736257480     27.531718271106      7.660602555191
    1     25.643578217957     28.783047688663      7.293921661600
    1     27.848529518533     27.463984767473      5.645279587157
    1     28.442414550326     25.789597676735      5.565866506529
    1     30.100703348169     28.371284292774      5.687622523625
    1     30.843085741862     26.787895527237      5.295117926643
    8     24.188835281914     23.044201489743      3.946247701885
    6     24.908672795479     22.923227866010      5.138867457775
    1     26.015393094899     22.970042682721      4.938338250345
    0    0
