   2   1   1 E -4.0955947290197E+04 DE 7.0E-08( 12)
  0.153430010406E+02  0.000000000000E+00  0.000000000000E+00
  0.000000000000E+00  0.153430010406E+02  0.000000000000E+00
  0.000000000000E+00  0.000000000000E+00  0.500000000000E+03
    1
  0.100000000000E+01  0.000000000000E+00  0.000000000000E+00
  0.000000000000E+00  0.100000000000E+01  0.000000000000E+00
  0.000000000000E+00  0.000000000000E+00  0.100000000000E+01
  0.000000000000E+00  0.000000000000E+00  0.000000000000E+00
  225
    8      1.737232850217      2.649947381395      3.951903504343
    8     28.874436087843     29.715458821913      3.857438464790
    8      1.924178195028     -1.250506830666      3.972068444428
    8     -1.945789098526      2.288876012660      4.063346385347
    8      2.135643585429      6.357015372941      4.015532596416
    8     28.681375639815     24.021426595941      3.908616611655
    8      1.804783419896     -5.349529106031      4.062053986961
    8     -1.665762190773      5.507006108323      4.105834509509
    8      5.402288372944      2.646914928340      4.002015240982
    8     -5.148862666809     -2.283418798442      4.672299439204
    8      5.709176148956     -1.122695945936      3.918321165131
    8     -6.888488069286      0.509968595985      4.084250715742
    8      5.855812446444      6.229213645223      4.070368505300
    8     -5.286498446038     -4.940513692313      4.391831685682
    8      5.718077009726     -5.598277921481      4.107815275263
    8     -4.594405404320      4.019811957851      3.950012901262
  258      0.017257476749      1.939080109995      3.052918756403
  258      0.029573151530     -1.868063152875      3.017175213742
  258      0.047575924748      5.751599592994      3.053520006803
  258      0.006176958694     -5.735310722496      3.041799967781
  258      3.770269458250      1.955826143944      3.055139539316
  258     -3.602403976847     -1.911413926951      3.061062973660
  258      3.778819591871     -1.839824289189      3.022496649355
  258     -3.695953451128      2.041250409627      3.067474683717
  258      3.810385705688      5.738604247293      3.065876603842
  258     -3.649744342524     -5.753967106408      3.055887734044
  258      3.784763452451     -5.784519189255      3.046126901772
  258     -3.668790976112      5.657803226728      3.092513810983
  258      7.509733598147      1.875621716490      3.072389476580
  258      7.546760858901     -1.758975366240      3.057496118368
  258      7.536801972809      5.833156892240      3.036088087041
  258      7.562985277054     -5.760819627630      3.088837911233
    8      1.926391969179      1.867827568664      1.569274467832
    8     -1.834045740328     -1.964293776514      1.561530321236
    8      1.955365491819     -1.964329693891      1.575422379145
    8     -1.877941553501      1.892260478724      1.600547561182
    8      1.908715515621      5.700282203759      1.590467602776
    8     -1.835840413807     -5.695925828900      1.573118422099
    8      1.964645973355     -5.804565511461      1.597181381375
    8     -1.861390818297      5.789009964153      1.618625901873
    8      5.691681784743      1.861504475673      1.606229279316
    8     -5.803509116238     -1.860785892428      1.888956930031
    8      5.706397178780     -1.975848011533      1.608770642778
    8     -5.723760526715      1.969534575807      1.853151743098
    8      5.710114489389      5.711783432520      1.611092631591
    8     -5.821773083112     -5.753088984167      1.779644312922
    8      5.701804723992     -5.758477946591      1.621420286656
    8     -5.776074564355      5.748812987190      1.856688793648
    8      0.055501447553     -0.011964613365      1.865130257568
    8     -0.004235750191      3.826765165672      1.892092362318
    8      0.094316193000     -3.836829190250      1.905540093756
    8      0.054698636617      7.681124609716      1.930799574001
    8      3.803275221809     -0.018051253399      1.886575743135
    8     -3.811262372722      0.002502735667      1.940701948392
    8      3.790882001956      3.822940059267      1.881124378192
    8     -3.853457061125     -3.805914503893      1.828709144273
    8      3.820645814084     -3.857666503217      2.060716683012
    8     -3.680097195600      3.847612310748      1.691660733787
    8      3.840010127631      7.651711729930      1.938826358065
    8     -3.836498101734      7.657134654627      1.911179808833
    8      7.567812741174     -0.001542589886      1.720535676376
    8      7.637963298730      3.842188243875      1.975381749756
    8      7.623933874478     -3.810697217440      1.999291340008
    8      7.529527082310      7.679012382782      1.799767227523
  258      1.912266461769      0.001043036364      0.405148499853
  258     -1.901952928815      0.019122828981      0.429771382507
  258      1.917993409491      3.821159275416      0.422499618816
  258     -1.901105424423     -3.832850742119      0.400456278457
  258      1.914880979092     -3.851008553813      0.428942719657
  258     -1.881633403651      3.843361163061      0.397014652840
  258      1.912969020653      7.648933686947      0.430235522644
  258     -1.907248759808      7.664057011857      0.443270121026
  258      5.724723282777      0.000301579266      0.396274847029
  258     -5.741871905469      0.023688438989      0.531557305691
  258      5.734392560683      3.819357648736      0.445364338320
  258     -5.755796788338     -3.818175791733      0.547337124956
  258      5.750311422449     -3.840711919412      0.452060636615
  258     -5.748575094960      3.846980452448      0.528788516599
  258      5.729372011873      7.671773281001      0.414721550539
  258     -5.749961841719      7.677144466334      0.537611046925
    8     -0.007371690845      0.001103900766     -0.798384715544
    8      0.017026347740      3.837911828242     -0.808513902879
    8      0.005717378802     -3.841144530082     -0.790153507438
    8     -0.001362033354      7.665481893750     -0.771399500563
    8      3.825402652460     -0.004435406612     -0.808707920808
    8     -3.845900632226      0.009398179957     -0.750916860362
    8      3.839741785231      3.831326177403     -0.789973166820
    8     -3.851905618625     -3.832501616149     -0.786219497265
    8      3.838128021924     -3.843068355414     -0.742266336871
    8     -3.856184374196      3.840554428043     -0.833488713287
    8      3.824118881184      7.671655375564     -0.783103310105
    8     -3.846929504456      7.674677541159     -0.752588642240
    8      7.692235528484      0.003804077208     -0.822380749834
    8      7.682015110043      3.836910758907     -0.739297699726
    8      7.683533388576     -3.834298825546     -0.731456464451
    8      7.684747532969      7.671627143264     -0.793207254002
    8      1.917115993306      1.913064389872     -0.986670391482
    8     -1.924456754000     -1.908535062180     -0.978506964939
    8      1.914335720941     -1.932099158576     -0.980018031273
    8     -1.915672439519      1.916011290987     -0.969579949063
    8      1.921616434810      5.753142180052     -0.972998704506
    8     -1.922640625462     -5.764198096044     -0.972615323855
    8      1.912978613570     -5.762907326974     -0.967985602324
    8     -1.916200412327      5.766732487335     -0.961408619459
    8      5.755271406429      1.919816676051     -0.966089464840
    8     -5.747525585105     -1.908255981162     -0.817662629693
    8      5.754647163121     -1.930669636227     -0.963398484017
    8     -5.754884973887      1.924053015015     -0.831854795100
    8      5.753724605261      5.747516913952     -0.957702419006
    8     -5.749731578486     -5.748658908230     -0.855363879210
    8      5.755029537077     -5.753263486677     -0.957418133197
    8     -5.755435243731      5.758201493944     -0.831178339868
  258     -0.000723666520      1.915920100567     -2.189487693874
  258     -0.002301858123     -1.918071690842     -2.183186430021
  258      0.001318395650      5.756216537229     -2.183609166020
  258     -0.002572879273     -5.758443391851     -2.178939467408
  258      3.837118268605      1.920233612082     -2.186597512914
  258     -3.851979213509     -1.915615972431     -2.147205962905
  258      3.836006918904     -1.924055682150     -2.179859978374
  258     -3.849867433255      1.925792110334     -2.151068527057
  258      3.838959165688      5.747736650468     -2.178133256498
  258     -3.853535762724     -5.752758394748     -2.146550792035
  258      3.835852680753     -5.755245308613     -2.175845507267
  258     -3.850978916104      5.755021300555     -2.148331842602
  258      7.687283265910      1.917810105079     -2.148516415236
  258      7.688335387487     -1.914269351503     -2.143238669041
  258      7.683933737349      5.754598210188     -2.143101999680
  258      7.689487303924     -5.754026612716     -2.143581613745
    8      1.918525125044      1.918369505154     -3.629963480485
    8     -1.918967760685     -1.917953673537     -3.620794326448
    8      1.919809392889     -1.918655443919     -3.624915892312
    8     -1.918198662746      1.918605075615     -3.620412773199
    8      1.918268841439      5.754069872784     -3.622214348148
    8     -1.915484881747     -5.754042649267     -3.619681248693
    8      1.920052157445     -5.753970067119     -3.618477183049
    8     -1.916196019469      5.753552088811     -3.615639821080
    8      5.753878774104      1.918449524535     -3.618939513642
    8     -5.754634534371     -1.917424381221     -3.572444030336
    8      5.753199247456     -1.918415512178     -3.614364129558
    8     -5.754126642563      1.918237448325     -3.579959642659
    8      5.754141461898      5.753603058292     -3.612974594278
    8     -5.756150298815     -5.753593482607     -3.585916126678
    8      5.750715733602     -5.753674354769     -3.611812023980
    8     -5.755793898811      5.753366108886     -3.576677374337
    8      0.000000000000      0.000000000000     -3.390356274875
    8      0.000000000000      3.835750260159     -3.390356274875
    8      0.000000000000     -3.835750260159     -3.390356274875
    8      0.000000000000      7.671500520300     -3.390356274875
    8      3.835750260161      0.000000000000     -3.390356274875
    8     -3.835750260161      0.000000000000     -3.390356274875
    8      3.835750260161      3.835750260159     -3.390356274875
    8     -3.835750260161     -3.835750260159     -3.390356274875
    8      3.835750260161     -3.835750260159     -3.390356274875
    8     -3.835750260161      3.835750260159     -3.390356274875
    8      3.835750260161      7.671500520300     -3.390356274875
    8     -3.835750260161      7.671500520300     -3.390356274875
    8      7.671500520300      0.000000000000     -3.390356274875
    8      7.671500520300      3.835750260159     -3.390356274875
    8      7.671500520300     -3.835750260159     -3.390356274875
    8      7.671500520300      7.671500520300     -3.390356274875
  258      1.917875130081      0.000000000000     -4.746498784825
  258     -1.917875130081      0.000000000000     -4.746498784825
  258      1.917875130081      3.835750260159     -4.746498784825
  258     -1.917875130081     -3.835750260159     -4.746498784825
  258      1.917875130081     -3.835750260159     -4.746498784825
  258     -1.917875130081      3.835750260159     -4.746498784825
  258      1.917875130081      7.671500520300     -4.746498784825
  258     -1.917875130081      7.671500520300     -4.746498784825
  258      5.753625390240      0.000000000000     -4.746498784825
  258     -5.753625390240      0.000000000000     -4.746498784825
  258      5.753625390240      3.835750260159     -4.746498784825
  258     -5.753625390240     -3.835750260159     -4.746498784825
  258      5.753625390240     -3.835750260159     -4.746498784825
  258     -5.753625390240      3.835750260159     -4.746498784825
  258      5.753625390240      7.671500520300     -4.746498784825
  258     -5.753625390240      7.671500520300     -4.746498784825
    8      0.000000000000      0.000000000000     -6.100000000000
    8      0.000000000000      3.835750260159     -6.100000000000
    8      0.000000000000     -3.835750260159     -6.100000000000
    8      0.000000000000      7.671500520300     -6.100000000000
    8      3.835750260161      0.000000000000     -6.100000000000
    8     -3.835750260161      0.000000000000     -6.100000000000
    8      3.835750260161      3.835750260159     -6.100000000000
    8     -3.835750260161     -3.835750260159     -6.100000000000
    8      3.835750260161     -3.835750260159     -6.100000000000
    8     -3.835750260161      3.835750260159     -6.100000000000
    8      3.835750260161      7.671500520300     -6.100000000000
    8     -3.835750260161      7.671500520300     -6.100000000000
    8      7.671500520300      0.000000000000     -6.100000000000
    8      7.671500520300      3.835750260159     -6.100000000000
    8      7.671500520300     -3.835750260159     -6.100000000000
    8      7.671500520300      7.671500520300     -6.100000000000
    1     23.484122185922     21.533562566805      5.949787730453
    6     22.186917295937     27.309775677314      5.839235387230
    6     22.402610564290     28.634313290741      6.551315749347
    1     21.541468873972     28.839037176590      7.197595734031
    1     23.300500953647     28.600100330783      7.170277756093
    1     22.485469435028     29.466933716984      5.848481525504
    1     22.165246223466     26.460337886975      6.528812365527
    1     21.261985133256     27.303715937610      5.254971709005
    1     24.721719457299     23.782275876069      5.805590183396
    6     24.575179696232     21.598859644911      5.823094378679
    1     24.916431681759     20.745158706496      5.215612683499
    1     25.042707335293     21.500431166972      6.807431257384
   14     24.924473036191     27.024178560266      5.226461599001
    8     23.236146010911     27.060549160576      4.853312970901
    8     25.057254963692     26.827709490062      6.847452538251
    8     28.594618202055     26.859981471945      3.822443929743
    6     28.642327688076     26.827706768156      5.242181981202
    6     25.750678116378     27.759112497720      7.687669665846
    6     29.991664769895     27.286073580707      5.788347276911
    6     25.203334787909     27.659672250477      9.098945021794
    1     30.092206288070     27.056924719709      6.854496596007
    1     25.742723215798     28.346695916460      9.762681738857
    1     24.139552163525     27.917856190838      9.124857790405
    1     25.315041868571     26.642367942408      9.486828808207
    1     26.826709121608     27.519738994387      7.672371244887
    1     25.641501841797     28.778674270204      7.288477800611
    1     27.846528258476     27.473035379000      5.658547162699
    1     28.433576732336     25.796459941299      5.574110111980
    1     30.100309986937     28.373269213420      5.684239217605
    1     30.835111180100     26.788783218063      5.278973623793
    8     24.194096463362     23.039313977206      3.942741050438
    6     24.906866341803     22.924820672090      5.140462692638
    1     26.014792640353     22.976651515502      4.944195553947
    0    0
