   2   1   1 E -4.0955954993571E+04 DE 6.8E-09( 11)
  0.153430010406E+02  0.000000000000E+00  0.000000000000E+00
  0.000000000000E+00  0.153430010406E+02  0.000000000000E+00
  0.000000000000E+00  0.000000000000E+00  0.500000000000E+03
    1
  0.100000000000E+01  0.000000000000E+00  0.000000000000E+00
  0.000000000000E+00  0.100000000000E+01  0.000000000000E+00
  0.000000000000E+00  0.000000000000E+00  0.100000000000E+01
  0.000000000000E+00  0.000000000000E+00  0.000000000000E+00
  225
    8      1.857804440768      2.646566325670      3.938638832118
    8     28.771961886484     29.761264864273      3.847904984414
    8      1.745352469215     -1.171871043332      3.957834345459
    8     -1.828047317794      2.316232971801      4.055378052478
    8      2.108454120608      6.392326890730      3.998884278354
    8     28.691339477106     24.044619982003      3.915542963933
    8      1.810170434074     -5.296645200492      4.050062189528
    8     -1.672881124961      5.556050045941      4.113454096461
    8      5.553685054590      2.529481970854      4.000061758566
    8     -5.159332210799     -2.304310450891      4.675169034747
    8      5.471989315943     -1.265621513730      4.001308814299
    8     -7.243028154910      0.130568190305      4.075222850308
    8      5.822067186257      6.159247998160      4.087547147261
    8     -5.293250048214     -4.962361249702      4.395951141418
    8      5.708553868602     -5.649076932147      4.107649750003
    8     -4.475313724080      3.954906339860      3.990849457500
  258      0.059977739832      1.925264588137      3.045905553463
  258      0.011976007558     -1.862145201621      3.020873353469
  258      0.051248485245      5.756035719901      3.052466655274
  258      0.009039024064     -5.727758489563      3.040955564353
  258      3.781641654390      1.943779515044      3.045219224129
  258     -3.613611576994     -1.900609831236      3.063235674552
  258      3.756322702506     -1.851027012182      3.032098261832
  258     -3.626970217621      2.041261672250      3.067110090709
  258      3.795600089397      5.747845067185      3.059552375293
  258     -3.645486297081     -5.746899186508      3.058369091785
  258      3.783365848802     -5.779248897613      3.042698824881
  258     -3.648505792042      5.650849358903      3.094174514662
  258      7.470945578979      1.852888151847      3.049582999815
  258      7.526609102972     -1.739230931747      3.085880730848
  258      7.512499108328      5.832131166501      3.036392594844
  258      7.561233208406     -5.758178580121      3.090919111403
    8      1.929884800808      1.866728178717      1.562265878169
    8     -1.839852917447     -1.960504450920      1.552695241555
    8      1.952647057636     -1.967079428936      1.573864583663
    8     -1.862438022385      1.899638226112      1.599340600718
    8      1.919219203040      5.696315616623      1.585010238490
    8     -1.840206387150     -5.699713735348      1.571763108448
    8      1.959613919346     -5.812514664745      1.597184841699
    8     -1.856689071521      5.776727643983      1.620444113277
    8      5.687740332559      1.866914203199      1.595047211259
    8     -5.806720575364     -1.847809276151      1.885268102344
    8      5.715715183533     -1.949096946307      1.619838511031
    8     -5.750653509864      1.952163650442      1.961100647467
    8      5.706357324181      5.718385678243      1.608968112396
    8     -5.822086759677     -5.765748669810      1.785259560498
    8      5.707282053604     -5.753214061605      1.619944000996
    8     -5.775489694588      5.725753214287      1.898288205794
    8      0.038490056106     -0.001183242483      1.839141434898
    8      0.015934681852      3.822426913049      1.902710836933
    8      0.089399111620     -3.846369133997      1.890263685920
    8      0.049905765035      7.677096050348      1.927889275234
    8      3.797714718118     -0.006149970903      1.886453290087
    8     -3.816961471076      0.028220282757      1.916549117419
    8      3.811681850743      3.817602752154      1.900917405628
    8     -3.859341523505     -3.813690737065      1.827051557716
    8      3.825086231822     -3.865597470427      2.038320695177
    8     -3.681517483313      3.835693342002      1.686590767555
    8      3.842749253041      7.653936240864      1.933783404942
    8     -3.834041181349      7.648712370542      1.923263924591
    8      7.555844071928      0.030764574411      1.677777893122
    8      7.621216813196      3.827920041398      1.986051428135
    8      7.629606732190     -3.816075103021      1.993002831625
    8      7.527783475322      7.671330334248      1.797276279418
  258      1.910262859494     -0.007019007975      0.402107572541
  258     -1.900246742246      0.016597130016      0.425542535487
  258      1.921062096997      3.820624779458      0.418819192512
  258     -1.901973870114     -3.830900697180      0.402522940385
  258      1.913157784894     -3.851710003094      0.428003182159
  258     -1.873306574870      3.842896691078      0.391912376837
  258      1.911694125420      7.651935356962      0.426112630210
  258     -1.905986750061      7.665826309418      0.444477195616
  258      5.718090992060     -0.008454297839      0.384391332821
  258     -5.741325746522      0.019250267518      0.537952845147
  258      5.732075630845      3.825307475342      0.436244487152
  258     -5.759076806304     -3.812487702309      0.556193242719
  258      5.752649008263     -3.829409030638      0.461014352590
  258     -5.748874749544      3.838798738973      0.548250662753
  258      5.728839227285      7.679211197857      0.411432576663
  258     -5.749833563444      7.674382446767      0.546268910433
    8     -0.005912308765      0.001409870202     -0.808126450660
    8      0.021345932586      3.838911531450     -0.805863032154
    8      0.003519404347     -3.842539761050     -0.795809894991
    8     -0.002805481136      7.664972333113     -0.771732440007
    8      3.820242259201     -0.006339972029     -0.814342254807
    8     -3.847409098524      0.011060261699     -0.761576677312
    8      3.838647181965      3.834265416428     -0.785450032987
    8     -3.852959362064     -3.832926044250     -0.787231702374
    8      3.839436691974     -3.841651019467     -0.745426212293
    8     -3.857562731102      3.841021690464     -0.830916250733
    8      3.824037866882      7.671684960417     -0.785442313364
    8     -3.848721567511      7.670364260121     -0.746447280008
    8      7.691827810110      0.003433189949     -0.840847004154
    8      7.685524914154      3.837895327453     -0.731390594318
    8      7.684040700146     -3.833159364728     -0.732400944235
    8      7.687710992827      7.669609003250     -0.792831137407
    8      1.918195894692      1.915024271386     -0.989123952295
    8     -1.924287297247     -1.908332070388     -0.983737204489
    8      1.913090630535     -1.933926130329     -0.982126499580
    8     -1.914862725646      1.920762197481     -0.970781931424
    8      1.921173376623      5.752959395010     -0.975659265602
    8     -1.923770908973     -5.769182327692     -0.972373855478
    8      1.913189280118     -5.764403078663     -0.968374595245
    8     -1.914967293427      5.765356309106     -0.960246630482
    8      5.753230440717      1.924762568979     -0.971561456878
    8     -5.747417155471     -1.908010868725     -0.817872661393
    8      5.752234323575     -1.932181406078     -0.963781264969
    8     -5.753916231585      1.930535966247     -0.791232940995
    8      5.754459646372      5.747493696873     -0.959935460144
    8     -5.749922144260     -5.753524548320     -0.850074413396
    8      5.756117230586     -5.751204224556     -0.956617676977
    8     -5.755579830312      5.750886140796     -0.807833401993
  258      0.000375066946      1.913871606551     -2.191370334393
  258     -0.003720535811     -1.919629500728     -2.185103248428
  258      0.001459230097      5.757521606459     -2.185605379972
  258     -0.004077739651     -5.757083886131     -2.179412098620
  258      3.836043370761      1.919096569781     -2.189650420431
  258     -3.853130818337     -1.916267009803     -2.146608288492
  258      3.834354609837     -1.927599734252     -2.182551375409
  258     -3.850379843824      1.925146978504     -2.147535413364
  258      3.838681202967      5.750688153571     -2.180814545857
  258     -3.855759975467     -5.751731489684     -2.143155927843
  258      3.837512524857     -5.752231768171     -2.175047979487
  258     -3.852640010479      5.753987142950     -2.143607537759
  258      7.688346227778      1.916266148210     -2.145357922098
  258      7.690409849805     -1.914815898055     -2.144142295159
  258      7.687009857393      5.755305070720     -2.140369051145
  258      7.690800014392     -5.751777314577     -2.140369927093
    8      1.918828559832      1.918653613185     -3.631067429624
    8     -1.918480811329     -1.917921572209     -3.624387810261
    8      1.920458881543     -1.918890862103     -3.627170503843
    8     -1.919369312038      1.919023435385     -3.619580683947
    8      1.918427020557      5.754099162935     -3.622913599364
    8     -1.915220445817     -5.754220763124     -3.619722320179
    8      1.920258685182     -5.753936311897     -3.618642886258
    8     -1.916598743621      5.753177920876     -3.614366136005
    8      5.754881297969      1.918605798476     -3.619546110943
    8     -5.754905045243     -1.916525767424     -3.575473319997
    8      5.752298576663     -1.918551990229     -3.616072665734
    8     -5.754430758987      1.919016053723     -3.567402564170
    8      5.754362779623      5.753472788029     -3.612934541960
    8     -5.756191321025     -5.753808943193     -3.585123700158
    8      5.750374816534     -5.753737075857     -3.611689477880
    8     -5.755767121139      5.752456117369     -3.569776142228
    8      0.000000000000      0.000000000000     -3.390356274875
    8      0.000000000000      3.835750260159     -3.390356274875
    8      0.000000000000     -3.835750260159     -3.390356274875
    8      0.000000000000      7.671500520300     -3.390356274875
    8      3.835750260161      0.000000000000     -3.390356274875
    8     -3.835750260161      0.000000000000     -3.390356274875
    8      3.835750260161      3.835750260159     -3.390356274875
    8     -3.835750260161     -3.835750260159     -3.390356274875
    8      3.835750260161     -3.835750260159     -3.390356274875
    8     -3.835750260161      3.835750260159     -3.390356274875
    8      3.835750260161      7.671500520300     -3.390356274875
    8     -3.835750260161      7.671500520300     -3.390356274875
    8      7.671500520300      0.000000000000     -3.390356274875
    8      7.671500520300      3.835750260159     -3.390356274875
    8      7.671500520300     -3.835750260159     -3.390356274875
    8      7.671500520300      7.671500520300     -3.390356274875
  258      1.917875130081      0.000000000000     -4.746498784825
  258     -1.917875130081      0.000000000000     -4.746498784825
  258      1.917875130081      3.835750260159     -4.746498784825
  258     -1.917875130081     -3.835750260159     -4.746498784825
  258      1.917875130081     -3.835750260159     -4.746498784825
  258     -1.917875130081      3.835750260159     -4.746498784825
  258      1.917875130081      7.671500520300     -4.746498784825
  258     -1.917875130081      7.671500520300     -4.746498784825
  258      5.753625390240      0.000000000000     -4.746498784825
  258     -5.753625390240      0.000000000000     -4.746498784825
  258      5.753625390240      3.835750260159     -4.746498784825
  258     -5.753625390240     -3.835750260159     -4.746498784825
  258      5.753625390240     -3.835750260159     -4.746498784825
  258     -5.753625390240      3.835750260159     -4.746498784825
  258      5.753625390240      7.671500520300     -4.746498784825
  258     -5.753625390240      7.671500520300     -4.746498784825
    8      0.000000000000      0.000000000000     -6.100000000000
    8      0.000000000000      3.835750260159     -6.100000000000
    8      0.000000000000     -3.835750260159     -6.100000000000
    8      0.000000000000      7.671500520300     -6.100000000000
    8      3.835750260161      0.000000000000     -6.100000000000
    8     -3.835750260161      0.000000000000     -6.100000000000
    8      3.835750260161      3.835750260159     -6.100000000000
    8     -3.835750260161     -3.835750260159     -6.100000000000
    8      3.835750260161     -3.835750260159     -6.100000000000
    8     -3.835750260161      3.835750260159     -6.100000000000
    8      3.835750260161      7.671500520300     -6.100000000000
    8     -3.835750260161      7.671500520300     -6.100000000000
    8      7.671500520300      0.000000000000     -6.100000000000
    8      7.671500520300      3.835750260159     -6.100000000000
    8      7.671500520300     -3.835750260159     -6.100000000000
    8      7.671500520300      7.671500520300     -6.100000000000
    1     23.527594118742     21.466228523348      5.960942170684
    6     22.163857787597     27.237655451940      5.833567408346
    6     22.341096040276     28.553050421117      6.569469039957
    1     21.469192829516     28.723782078840      7.210578767770
    1     23.234575011640     28.527225587874      7.196394934830
    1     22.414513242285     29.398679082028      5.882236683676
    1     22.170049850547     26.373207052754      6.504875254406
    1     21.241051641875     27.217634950736      5.248262368579
    1     24.736231480280     23.733136209358      5.824935801044
    6     24.610915130007     21.547987328409      5.788633187534
    1     24.932078075929     20.709804916643      5.148341215921
    1     25.124073435945     21.426071147747      6.746907446929
   14     24.910288482116     27.006207192318      5.225227851513
    8     23.223093134668     27.036583440722      4.841510198464
    8     25.033058917870     26.804606545921      6.846840975066
    8     28.607922699666     26.880452091424      3.817541774047
    6     28.643304431342     26.849549517233      5.237741437437
    6     25.740937902405     27.723456032718      7.687876827096
    6     29.988222814236     27.310380583267      5.792023445235
    6     25.201866105126     27.623049936167      9.102205408046
    1     30.082400099338     27.084360500527      6.859465792622
    1     25.760731174184     28.292998685945      9.767956657944
    1     24.144143337756     27.902395686752      9.138703512198
    1     25.295284918843     26.600109456741      9.480643740084
    1     26.814764966715     27.472162638375      7.664876498374
    1     25.640554171955     28.746557122496      7.295368091418
    1     27.843277443776     27.494001635984      5.647433585775
    1     28.434073205350     25.818217892794      5.569751265597
    1     30.101406299911     28.397699017319      5.687299579609
    1     30.834021007105     26.811939709127      5.287381348872
    8     24.134645150336     23.034157434095      3.968848422906
    6     24.899167948407     22.896487431927      5.128637836064
    1     25.997172165726     22.965562082156      4.887147695878
    0    0
