   2   1   1 E -4.0955954580700E+04 DE-5.1E-08( 10)
  0.153430010406E+02  0.000000000000E+00  0.000000000000E+00
  0.000000000000E+00  0.153430010406E+02  0.000000000000E+00
  0.000000000000E+00  0.000000000000E+00  0.500000000000E+03
    1
  0.100000000000E+01  0.000000000000E+00  0.000000000000E+00
  0.000000000000E+00  0.100000000000E+01  0.000000000000E+00
  0.000000000000E+00  0.000000000000E+00  0.100000000000E+01
  0.000000000000E+00  0.000000000000E+00  0.000000000000E+00
  225
    8      1.866208889074      2.645577651194      3.938770294565
    8     28.770244668967     29.764374109946      3.846842876943
    8      1.742233670342     -1.168700650498      3.956616517818
    8     -1.821591255377      2.319541450544      4.052939098514
    8      2.109032356303      6.396055205948      3.997812038372
    8     28.693845322540     24.045815812148      3.915176740591
    8      1.812051851862     -5.296311494299      4.049968692006
    8     -1.672469729295      5.558560280383      4.114219857102
    8      5.561350818353      2.526100676039      4.001291405625
    8     -5.154058134840     -2.307235353952      4.677011235115
    8      5.468786237899     -1.246806139550      3.995242675157
    8     -7.230244828393      0.126617213538      4.068287814747
    8      5.821695606085      6.162438847022      4.086872301000
    8     -5.292889433311     -4.965272586356      4.398900092059
    8      5.710225786804     -5.645294227585      4.108008124408
    8     -4.470114110336      3.950767210394      3.992946343797
  258      0.060183671368      1.924711124096      3.045731381304
  258      0.012860347254     -1.861481132499      3.021419510470
  258      0.050706800145      5.756806297899      3.052124718743
  258      0.008624339120     -5.726934188674      3.041192909382
  258      3.781297887509      1.943028108538      3.045447404097
  258     -3.613240462041     -1.899392013918      3.062980427683
  258      3.758536279374     -1.848837540281      3.032267717349
  258     -3.626814181090      2.040746541777      3.066973002038
  258      3.794988096055      5.748156320684      3.059649848768
  258     -3.645142403290     -5.746249723822      3.058477359835
  258      3.782894159805     -5.779124953827      3.043311861392
  258     -3.648248114074      5.650063657187      3.093883149457
  258      7.469451556186      1.852618431482      3.050639900241
  258      7.528460182820     -1.737913793751      3.084234097251
  258      7.512046266771      5.831566513004      3.036585233023
  258      7.560980065745     -5.758298350164      3.091113958969
    8      1.928603797371      1.866586328359      1.562471152278
    8     -1.839049440610     -1.960189239723      1.552771039814
    8      1.954406507855     -1.967220064535      1.575004303509
    8     -1.863358700405      1.899549207520      1.599190876685
    8      1.919039824461      5.696127138552      1.585376626640
    8     -1.840089420602     -5.699376166732      1.571624803384
    8      1.960514919962     -5.812151544451      1.596731050646
    8     -1.856665514687      5.776587766615      1.620890508356
    8      5.686001537553      1.866894747698      1.595031211160
    8     -5.806146614902     -1.847348408963      1.886600648715
    8      5.716429249389     -1.949945764808      1.620874654508
    8     -5.749052370092      1.953834017468      1.959722668361
    8      5.705840822220      5.718531306213      1.609169579647
    8     -5.820445860291     -5.765521274646      1.786516641470
    8      5.708256513750     -5.753435461191      1.620223757787
    8     -5.773976035838      5.725371687351      1.900108531912
    8      0.038053237493     -0.000670984481      1.837732855401
    8      0.016586460358      3.821957799400      1.903557202723
    8      0.090687802199     -3.846142945589      1.889401030691
    8      0.049849180861      7.677727921299      1.927433520424
    8      3.795758199513     -0.006084178465      1.883322891632
    8     -3.817348583942      0.029404683379      1.915836550258
    8      3.812073701751      3.817413918029      1.901849267052
    8     -3.858866077606     -3.813609585309      1.828056665261
    8      3.826399249084     -3.865440423735      2.038827477518
    8     -3.681175865112      3.835535157423      1.687071482875
    8      3.842831323417      7.654465513018      1.933332046025
    8     -3.833319058886      7.648684335281      1.924688812196
    8      7.554377058266      0.030253698853      1.675853188698
    8      7.621078390490      3.828161380653      1.984570282630
    8      7.630752166128     -3.814957390364      1.992461690142
    8      7.528478467455      7.670903164843      1.797037197534
  258      1.909982895918     -0.007273085405      0.401663328968
  258     -1.900204257226      0.016566949423      0.425293743010
  258      1.921316726329      3.820561814330      0.419007111608
  258     -1.901860729317     -3.830343632802      0.402661207879
  258      1.913732872210     -3.851334317508      0.428628784700
  258     -1.873164630481      3.842872058312      0.391710870004
  258      1.911799629625      7.652152104494      0.426345690445
  258     -1.905989925833      7.666203884362      0.444452814643
  258      5.717381091408     -0.008466025690      0.383829498102
  258     -5.741438632884      0.019827634455      0.537534027657
  258      5.732500826307      3.825250702924      0.436270606353
  258     -5.759049823473     -3.812757451872      0.556134611028
  258      5.752900780216     -3.829697169642      0.461256045527
  258     -5.748752459370      3.838162195026      0.548528793229
  258      5.728619113415      7.679275532005      0.411458641890
  258     -5.749950661304      7.674126676411      0.546857015960
    8     -0.006070221398      0.001138137967     -0.809066560446
    8      0.021541299462      3.839243393373     -0.805811563368
    8      0.003592323095     -3.842677750834     -0.795963142635
    8     -0.002997259795      7.665077455338     -0.771838469528
    8      3.820209966261     -0.006132385536     -0.816000811868
    8     -3.847029121304      0.010919354328     -0.761884453698
    8      3.838653831256      3.834285868911     -0.785367941505
    8     -3.853256853429     -3.832596998113     -0.786783772581
    8      3.840139824152     -3.841867580759     -0.745997050452
    8     -3.857024788257      3.840894985568     -0.830636350949
    8      3.824115176938      7.671846147401     -0.785643162287
    8     -3.848945866099      7.670597157106     -0.745943504418
    8      7.691611810294      0.003321924062     -0.841409220646
    8      7.685522966104      3.837636552811     -0.731849690537
    8      7.683979899636     -3.833227710457     -0.732415892592
    8      7.688107645342      7.669412211490     -0.792750570291
    8      1.918191043497      1.915430576082     -0.988635060976
    8     -1.924326997505     -1.908835953217     -0.983672292918
    8      1.913139619538     -1.934270978894     -0.981615058348
    8     -1.914520579166      1.921114816432     -0.970612111385
    8      1.921335825178      5.753401567412     -0.975298911175
    8     -1.924100067747     -5.768984206809     -0.972368181942
    8      1.913236653315     -5.764460929194     -0.968618666182
    8     -1.915070041804      5.765529705069     -0.959845371813
    8      5.753241062776      1.924617663186     -0.971391691774
    8     -5.747379155981     -1.907487405898     -0.817257599944
    8      5.752189200233     -1.932223132624     -0.962924009031
    8     -5.753693361653      1.930156645923     -0.791749560905
    8      5.754515516193      5.747620470627     -0.959742884344
    8     -5.750057687532     -5.753130454361     -0.849049687664
    8      5.756312828405     -5.751462177548     -0.956348578673
    8     -5.755494877648      5.750841133248     -0.806979700831
  258      0.000542627405      1.913944764391     -2.191376041289
  258     -0.003631392169     -1.919774360238     -2.185080194406
  258      0.001583266885      5.757621446596     -2.185428857201
  258     -0.003877306744     -5.756900885621     -2.179195850035
  258      3.835982287305      1.919051140802     -2.189636127813
  258     -3.853182482919     -1.916234723531     -2.146586235055
  258      3.834425698139     -1.927598412364     -2.182662554264
  258     -3.850296639371      1.925272386846     -2.147648572249
  258      3.838689357732      5.750658161714     -2.180723509153
  258     -3.855741740661     -5.751648474190     -2.143092149807
  258      3.837427361229     -5.752200349303     -2.174879419641
  258     -3.852590317927      5.753941902937     -2.143542609856
  258      7.688103715056      1.916261268384     -2.145399982117
  258      7.690294818056     -1.914856087497     -2.144110442629
  258      7.687134788756      5.755242034364     -2.140249317414
  258      7.690727457889     -5.751919107561     -2.140242237042
    8      1.918739300432      1.918666708757     -3.630812724320
    8     -1.918593179080     -1.917891414139     -3.624547732859
    8      1.920398669826     -1.918898214886     -3.626761031945
    8     -1.919334941049      1.919079566353     -3.619626637902
    8      1.918380560190      5.754074192568     -3.622696247728
    8     -1.915421783253     -5.754270220784     -3.619813430040
    8      1.920197676533     -5.753918719033     -3.618769655992
    8     -1.916780734221      5.753178131820     -3.614090952358
    8      5.754962000441      1.918669391522     -3.619678176553
    8     -5.754857711593     -1.916607026818     -3.575228053929
    8      5.752435800866     -1.918530225798     -3.615649374643
    8     -5.754183160070      1.919074441355     -3.567530643336
    8      5.754411162770      5.753460727175     -3.613009330511
    8     -5.756110834476     -5.753782409591     -3.584469191307
    8      5.750636535248     -5.753674291092     -3.611821195729
    8     -5.755731539713      5.752514528280     -3.569172593943
    8      0.000000000000      0.000000000000     -3.390356274875
    8      0.000000000000      3.835750260159     -3.390356274875
    8      0.000000000000     -3.835750260159     -3.390356274875
    8      0.000000000000      7.671500520300     -3.390356274875
    8      3.835750260161      0.000000000000     -3.390356274875
    8     -3.835750260161      0.000000000000     -3.390356274875
    8      3.835750260161      3.835750260159     -3.390356274875
    8     -3.835750260161     -3.835750260159     -3.390356274875
    8      3.835750260161     -3.835750260159     -3.390356274875
    8     -3.835750260161      3.835750260159     -3.390356274875
    8      3.835750260161      7.671500520300     -3.390356274875
    8     -3.835750260161      7.671500520300     -3.390356274875
    8      7.671500520300      0.000000000000     -3.390356274875
    8      7.671500520300      3.835750260159     -3.390356274875
    8      7.671500520300     -3.835750260159     -3.390356274875
    8      7.671500520300      7.671500520300     -3.390356274875
  258      1.917875130081      0.000000000000     -4.746498784825
  258     -1.917875130081      0.000000000000     -4.746498784825
  258      1.917875130081      3.835750260159     -4.746498784825
  258     -1.917875130081     -3.835750260159     -4.746498784825
  258      1.917875130081     -3.835750260159     -4.746498784825
  258     -1.917875130081      3.835750260159     -4.746498784825
  258      1.917875130081      7.671500520300     -4.746498784825
  258     -1.917875130081      7.671500520300     -4.746498784825
  258      5.753625390240      0.000000000000     -4.746498784825
  258     -5.753625390240      0.000000000000     -4.746498784825
  258      5.753625390240      3.835750260159     -4.746498784825
  258     -5.753625390240     -3.835750260159     -4.746498784825
  258      5.753625390240     -3.835750260159     -4.746498784825
  258     -5.753625390240      3.835750260159     -4.746498784825
  258      5.753625390240      7.671500520300     -4.746498784825
  258     -5.753625390240      7.671500520300     -4.746498784825
    8      0.000000000000      0.000000000000     -6.100000000000
    8      0.000000000000      3.835750260159     -6.100000000000
    8      0.000000000000     -3.835750260159     -6.100000000000
    8      0.000000000000      7.671500520300     -6.100000000000
    8      3.835750260161      0.000000000000     -6.100000000000
    8     -3.835750260161      0.000000000000     -6.100000000000
    8      3.835750260161      3.835750260159     -6.100000000000
    8     -3.835750260161     -3.835750260159     -6.100000000000
    8      3.835750260161     -3.835750260159     -6.100000000000
    8     -3.835750260161      3.835750260159     -6.100000000000
    8      3.835750260161      7.671500520300     -6.100000000000
    8     -3.835750260161      7.671500520300     -6.100000000000
    8      7.671500520300      0.000000000000     -6.100000000000
    8      7.671500520300      3.835750260159     -6.100000000000
    8      7.671500520300     -3.835750260159     -6.100000000000
    8      7.671500520300      7.671500520300     -6.100000000000
    1     23.528889607225     21.463753253294      5.962160599783
    6     22.163009515738     27.245830004945      5.826984398849
    6     22.344104133114     28.560247510321      6.563655797402
    1     21.474754635656     28.730161896057      7.208865788502
    1     23.240211178153     28.533644135302      7.186803544909
    1     22.414674076026     29.406836832684      5.876813747517
    1     22.159743695276     26.380821365498      6.497627685566
    1     21.242497377443     27.232444804603      5.237797259460
    1     24.738213443842     23.729367586576      5.825587142163
    6     24.611958155060     21.544688227766      5.786800606177
    1     24.930550647715     20.706654117034      5.144894566974
    1     25.128032174775     21.421081692850      6.743428008506
   14     24.911697161362     27.005006501716      5.226139512589
    8     23.224923739552     27.038862188655      4.839201460959
    8     25.030193845887     26.804371195912      6.848265856246
    8     28.612331627381     26.880389320043      3.816980309201
    6     28.646134099882     26.849177346848      5.237271390431
    6     25.738676494381     27.723193116843      7.689038457554
    6     29.990062604973     27.311164781671      5.792948972404
    6     25.195735404010     27.627227038383      9.102189027525
    1     30.082920747516     27.085976556338      6.860627328497
    1     25.753341533058     28.298435696831      9.767189506170
    1     24.138079503900     27.908595735657      9.134888000275
    1     25.286959920469     26.605618962254      9.483998255935
    1     26.811559866240     27.469764538970      7.669074694995
    1     25.641706015906     28.745871962619      7.294191729945
    1     27.845127270946     27.492739833696      5.646127604342
    1     28.437875924497     25.817557054498      5.568862235127
    1     30.102771302632     28.398488813158      5.687989864638
    1     30.836741790794     26.813033724418      5.289593330928
    8     24.132625801323     23.033294608088      3.969798627946
    6     24.899595113873     22.893836606797      5.127797846759
    1     25.997214852333     22.963295022952      4.884389260372
    0    0
