   2   1   1 E -4.0955946539596E+04 DE-4.2E-08(  3)
  0.153430010406E+02  0.000000000000E+00  0.000000000000E+00
  0.000000000000E+00  0.153430010406E+02  0.000000000000E+00
  0.000000000000E+00  0.000000000000E+00  0.500000000000E+03
    1
  0.100000000000E+01  0.000000000000E+00  0.000000000000E+00
  0.000000000000E+00  0.100000000000E+01  0.000000000000E+00
  0.000000000000E+00  0.000000000000E+00  0.100000000000E+01
  0.000000000000E+00  0.000000000000E+00  0.000000000000E+00
  225
    8      1.736939765790      2.648724484542      3.952156062036
    8     28.874359376503     29.715888216176      3.856883505526
    8      1.924782009174     -1.250900615522      3.971601965204
    8     -1.946045193191      2.288521196088      4.062227780589
    8      2.136679671181      6.356234335289      4.015641158383
    8     28.681252838055     24.021420728108      3.908679084615
    8      1.804451786267     -5.350290491819      4.062009283822
    8     -1.665128972496      5.506859182301      4.105998741977
    8      5.400152169350      2.646472444750      4.001562322309
    8     -5.149551084000     -2.283269302005      4.672101425720
    8      5.710786517640     -1.124759198441      3.917389099281
    8     -6.872014261812      0.539631573637      4.096200973159
    8      5.856680506047      6.228868252201      4.070290230820
    8     -5.286776563093     -4.940541488574      4.391898192096
    8      5.718157609178     -5.599029319356      4.108044651677
    8     -4.594614367105      4.021491403147      3.950895522980
  258      0.016923098588      1.939396749236      3.053267509113
  258      0.028855352069     -1.867495233720      3.017155770575
  258      0.047019527516      5.752246710724      3.053345082169
  258      0.006663236834     -5.735855611418      3.041415195837
  258      3.770260019190      1.955961807063      3.056054550813
  258     -3.603152427658     -1.910970387572      3.061044007566
  258      3.776523168264     -1.839559907801      3.022768080876
  258     -3.698149901978      2.040206987689      3.068226244666
  258      3.809921325430      5.738572542005      3.066111191969
  258     -3.649497709296     -5.753596586590      3.056320746521
  258      3.784375727415     -5.785088108528      3.045631532782
  258     -3.669116300216      5.657631215447      3.092856565923
  258      7.511750040268      1.874484793885      3.074641417846
  258      7.538715599660     -1.774472660407      3.048452702470
  258      7.536493113732      5.832496078157      3.036466502089
  258      7.562875979598     -5.761899340188      3.089172820273
    8      1.926340573201      1.867340180630      1.569299163673
    8     -1.834248628076     -1.964354100141      1.561535858988
    8      1.955626224637     -1.964511722104      1.575261743028
    8     -1.877822856747      1.892016976249      1.599888014784
    8      1.908582510135      5.700381101356      1.590760271704
    8     -1.835922827919     -5.696178237169      1.572958495003
    8      1.964640321414     -5.804389435067      1.596987101301
    8     -1.861656934498      5.789231822517      1.618689824549
    8      5.691479350371      1.861267349328      1.605041694933
    8     -5.804441900572     -1.861624143340      1.889098348392
    8      5.706614663282     -1.977576496143      1.608374739072
    8     -5.722739851928      1.969660967331      1.850724633104
    8      5.709729995733      5.712296230655      1.610856777849
    8     -5.822172398146     -5.752900716396      1.779485960307
    8      5.702213748418     -5.758547202066      1.621315383241
    8     -5.775994164977      5.749218162406      1.856198537347
    8      0.055581733133     -0.012135383227      1.865368745086
    8     -0.003483388679      3.826660607888      1.892248155246
    8      0.094687806579     -3.836687185093      1.905918353174
    8      0.055117293693      7.681400931690      1.930636710398
    8      3.803706722320     -0.018767052630      1.886877761808
    8     -3.811285108314      0.002063820374      1.940934186023
    8      3.790239174913      3.823223430915      1.881620343328
    8     -3.853589665229     -3.805953244231      1.828537654010
    8      3.820513056372     -3.857479148509      2.060618615792
    8     -3.679914459220      3.847373639661      1.692016892649
    8      3.839880611554      7.652937419834      1.939480383305
    8     -3.836873425026      7.657146369526      1.911455578318
    8      7.568660161063     -0.004437584995      1.722483586363
    8      7.637664934189      3.843164810365      1.975211529756
    8      7.623408698326     -3.811491190629      1.997965253596
    8      7.529227147338      7.679484156638      1.800056784286
  258      1.911970946970      0.001427150690      0.405059365816
  258     -1.902030994180      0.019395382030      0.430104673522
  258      1.918121144570      3.821070007983      0.422913004875
  258     -1.900985371440     -3.832868435425      0.400711146959
  258      1.914545719754     -3.850825790611      0.429004344133
  258     -1.881550814577      3.842966312325      0.397031034719
  258      1.912983887927      7.648831362965      0.429822572255
  258     -1.906888787425      7.663244643545      0.442041798107
  258      5.724767217866      0.000695751810      0.397159426504
  258     -5.741978471268      0.023812883840      0.531871239812
  258      5.734812660967      3.819036880779      0.445558752727
  258     -5.754773994145     -3.818743227081      0.546193389506
  258      5.748887187033     -3.842086728565      0.449997670828
  258     -5.749081772802      3.847032912673      0.528791729682
  258      5.729645314825      7.671449556930      0.414818890186
  258     -5.750011938861      7.677032106293      0.537514714036
    8     -0.007390153168      0.001041001919     -0.798572215144
    8      0.016857314223      3.838076151426     -0.808816152148
    8      0.005691531265     -3.841339054184     -0.790133499560
    8     -0.001179882226      7.665484049821     -0.771475745774
    8      3.825541771588     -0.004267439194     -0.808708068548
    8     -3.845847887569      0.009379976959     -0.750927366729
    8      3.839619665391      3.831438789242     -0.789923813090
    8     -3.851921288536     -3.832593143851     -0.786306153924
    8      3.838109653297     -3.843294451587     -0.742514277047
    8     -3.856346032820      3.840512642420     -0.833333492538
    8      3.824073687922      7.671680818383     -0.783031152964
    8     -3.846926308293      7.674792981116     -0.752463602058
    8      7.691851108964      0.003715805557     -0.821965573728
    8      7.681831359529      3.836882352285     -0.739452441313
    8      7.683323498799     -3.834305440683     -0.731297756990
    8      7.684662014518      7.671660136412     -0.793076746898
    8      1.917020019612      1.913221100973     -0.986711108594
    8     -1.924406099820     -1.908736066260     -0.978397199258
    8      1.914455795196     -1.932218700975     -0.979953592740
    8     -1.915757234790      1.915686192611     -0.969670343652
    8      1.921410145429      5.753379601776     -0.972821032441
    8     -1.922654705980     -5.764034253276     -0.972702301425
    8      1.912993828929     -5.763066020031     -0.967991561131
    8     -1.916382969821      5.766651645013     -0.961280663309
    8      5.755286970058      1.919683602765     -0.966233459920
    8     -5.747722629994     -1.908637671273     -0.817583707148
    8      5.754320057136     -1.930918231434     -0.963393634217
    8     -5.754994711600      1.923916615143     -0.832267943745
    8      5.753844305290      5.747393876516     -0.957802971530
    8     -5.749694984718     -5.748505550872     -0.855599078905
    8      5.754917755901     -5.753350038808     -0.957501592093
    8     -5.755296950274      5.758488318220     -0.831467004687
  258     -0.000696340971      1.915807990477     -2.189472111159
  258     -0.002201096290     -1.917825460150     -2.183142297099
  258      0.001407519334      5.755968395400     -2.183729374397
  258     -0.002538705242     -5.758345169162     -2.178945250510
  258      3.837119793297      1.920249546556     -2.186478919756
  258     -3.851970121160     -1.915489497422     -2.147231944275
  258      3.835855159380     -1.923887607489     -2.179859534496
  258     -3.850064289612      1.925832945119     -2.150881816060
  258      3.838962532397      5.747500350357     -2.178032467419
  258     -3.853456884598     -5.752839794817     -2.146622460742
  258      3.835506623197     -5.755481585218     -2.176092438390
  258     -3.851191403254      5.754938563454     -2.148174588668
  258      7.687178709043      1.917744137622     -2.148282173850
  258      7.688288786312     -1.914140242530     -2.143304493672
  258      7.683835225810      5.754512037012     -2.143360619356
  258      7.689603618866     -5.754245425025     -2.143770318454
    8      1.918554968592      1.918307727599     -3.629976370814
    8     -1.918980305840     -1.917979904014     -3.620879962090
    8      1.919866673230     -1.918693973454     -3.624949204232
    8     -1.918113093901      1.918628633003     -3.620593330733
    8      1.918286159085      5.754124356518     -3.622271684916
    8     -1.915510480533     -5.754121246386     -3.619765180333
    8      1.920133684539     -5.753912819818     -3.618507410654
    8     -1.916147516160      5.753584173651     -3.615681009848
    8      5.753876578254      1.918439291670     -3.619155568306
    8     -5.754656339595     -1.917486038479     -3.572327116735
    8      5.753204931875     -1.918428415699     -3.614355436407
    8     -5.754007444294      1.918092057600     -3.579675635603
    8      5.754412985844      5.753660318296     -3.612876647670
    8     -5.756264727185     -5.753812338895     -3.586034121616
    8      5.750636976013     -5.753725194822     -3.611877477124
    8     -5.755761566321      5.753426174112     -3.576289524770
    8      0.000000000000      0.000000000000     -3.390356274875
    8      0.000000000000      3.835750260159     -3.390356274875
    8      0.000000000000     -3.835750260159     -3.390356274875
    8      0.000000000000      7.671500520300     -3.390356274875
    8      3.835750260161      0.000000000000     -3.390356274875
    8     -3.835750260161      0.000000000000     -3.390356274875
    8      3.835750260161      3.835750260159     -3.390356274875
    8     -3.835750260161     -3.835750260159     -3.390356274875
    8      3.835750260161     -3.835750260159     -3.390356274875
    8     -3.835750260161      3.835750260159     -3.390356274875
    8      3.835750260161      7.671500520300     -3.390356274875
    8     -3.835750260161      7.671500520300     -3.390356274875
    8      7.671500520300      0.000000000000     -3.390356274875
    8      7.671500520300      3.835750260159     -3.390356274875
    8      7.671500520300     -3.835750260159     -3.390356274875
    8      7.671500520300      7.671500520300     -3.390356274875
  258      1.917875130081      0.000000000000     -4.746498784825
  258     -1.917875130081      0.000000000000     -4.746498784825
  258      1.917875130081      3.835750260159     -4.746498784825
  258     -1.917875130081     -3.835750260159     -4.746498784825
  258      1.917875130081     -3.835750260159     -4.746498784825
  258     -1.917875130081      3.835750260159     -4.746498784825
  258      1.917875130081      7.671500520300     -4.746498784825
  258     -1.917875130081      7.671500520300     -4.746498784825
  258      5.753625390240      0.000000000000     -4.746498784825
  258     -5.753625390240      0.000000000000     -4.746498784825
  258      5.753625390240      3.835750260159     -4.746498784825
  258     -5.753625390240     -3.835750260159     -4.746498784825
  258      5.753625390240     -3.835750260159     -4.746498784825
  258     -5.753625390240      3.835750260159     -4.746498784825
  258      5.753625390240      7.671500520300     -4.746498784825
  258     -5.753625390240      7.671500520300     -4.746498784825
    8      0.000000000000      0.000000000000     -6.100000000000
    8      0.000000000000      3.835750260159     -6.100000000000
    8      0.000000000000     -3.835750260159     -6.100000000000
    8      0.000000000000      7.671500520300     -6.100000000000
    8      3.835750260161      0.000000000000     -6.100000000000
    8     -3.835750260161      0.000000000000     -6.100000000000
    8      3.835750260161      3.835750260159     -6.100000000000
    8     -3.835750260161     -3.835750260159     -6.100000000000
    8      3.835750260161     -3.835750260159     -6.100000000000
    8     -3.835750260161      3.835750260159     -6.100000000000
    8      3.835750260161      7.671500520300     -6.100000000000
    8     -3.835750260161      7.671500520300     -6.100000000000
    8      7.671500520300      0.000000000000     -6.100000000000
    8      7.671500520300      3.835750260159     -6.100000000000
    8      7.671500520300     -3.835750260159     -6.100000000000
    8      7.671500520300      7.671500520300     -6.100000000000
    1     23.483969855554     21.533602646994      5.949837334075
    6     22.186908249948     27.309956292337      5.839264326385
    6     22.402567556116     28.634656628801      6.550965868243
    1     21.541573704191     28.839373831970      7.197464546029
    1     23.300333733559     28.600144071758      7.170188816696
    1     22.485134672320     29.466483956723      5.848103149170
    1     22.165137987291     26.460454100828      6.528826588160
    1     21.262023054906     27.303842559790      5.255054471393
    1     24.721564828788     23.782320428856      5.805418471496
    6     24.574997753277     21.598905481864      5.823189563338
    1     24.916570437410     20.745322725647      5.215627274993
    1     25.042878146787     21.500362387029      6.807398501901
   14     24.924657392937     27.024241023351      5.226540796597
    8     23.235995918271     27.060557412573      4.852677098710
    8     25.057369952189     26.827501716220      6.847385590058
    8     28.594825454544     26.860027718514      3.822946539218
    6     28.642459579131     26.827788051226      5.242231862562
    6     25.750716930375     27.759108297313      7.687641466902
    6     29.991698647296     27.286078471718      5.788412303135
    6     25.203364086724     27.659557974497      9.098951348538
    1     30.092304089663     27.057066102142      6.854539959253
    1     25.742683843182     28.346925639153      9.762765176178
    1     24.139149394436     27.917756155021      9.124801037376
    1     25.315097366560     26.642144548145      9.486716368790
    1     26.826648711137     27.519881417166      7.672539356261
    1     25.641488234222     28.778952265321      7.288270981381
    1     27.846607409073     27.473086964043      5.658439631686
    1     28.433587695719     25.796614804464      5.574452012376
    1     30.100325767674     28.373337865385      5.684315666435
    1     30.834990185088     26.788746168651      5.278851169760
    8     24.194196515712     23.039519232260      3.942632557646
    6     24.906930453565     22.924807888743      5.140559472077
    1     26.014844129989     22.976821234928      4.944270443390
    0    0
