   2   1   1 E -4.0955954569245E+04 DE-1.7E-07(  4)
  0.153430010406E+02  0.000000000000E+00  0.000000000000E+00
  0.000000000000E+00  0.153430010406E+02  0.000000000000E+00
  0.000000000000E+00  0.000000000000E+00  0.500000000000E+03
    1
  0.100000000000E+01  0.000000000000E+00  0.000000000000E+00
  0.000000000000E+00  0.100000000000E+01  0.000000000000E+00
  0.000000000000E+00  0.000000000000E+00  0.100000000000E+01
  0.000000000000E+00  0.000000000000E+00  0.000000000000E+00
  225
    8      1.865216322389      2.645263757365      3.938726614417
    8     28.769921351112     29.764412361405      3.846843471551
    8      1.741651828077     -1.169072905161      3.957135637778
    8     -1.823313240276      2.318893192405      4.053805830837
    8      2.109056215815      6.395936052906      3.997926726080
    8     28.693487415281     24.045696832128      3.915205157811
    8      1.811605576842     -5.296548981278      4.050015835823
    8     -1.671819316471      5.558052603467      4.114235842202
    8      5.561644169426      2.524690467726      4.001374698120
    8     -5.155028453415     -2.306826234246      4.676593236030
    8      5.467927852906     -1.252297795498      3.997434138780
    8     -7.233326032328      0.124901029113      4.069725949965
    8      5.821447755669      6.160875682101      4.087343081405
    8     -5.292159875176     -4.964915628374      4.398761837551
    8      5.709946708829     -5.646930760301      4.107997046322
    8     -4.470445448072      3.952372792065      3.993034200580
  258      0.060482184484      1.924655282793      3.045546874240
  258      0.012403625262     -1.861673313703      3.021199886771
  258      0.050880154701      5.756827212166      3.052205384391
  258      0.008717669033     -5.726990983358      3.041076027712
  258      3.781337171143      1.943092016202      3.045240590043
  258     -3.613654666705     -1.899332682015      3.062819390412
  258      3.757890756285     -1.849375560622      3.032226752820
  258     -3.626372225772      2.041183069087      3.067158780145
  258      3.795012952806      5.748285190641      3.059702521866
  258     -3.645081033582     -5.746310447726      3.058434391687
  258      3.783019124832     -5.779136056727      3.043145151731
  258     -3.648144571901      5.650401459991      3.094089845429
  258      7.469657606609      1.852671315742      3.050285903869
  258      7.527970805220     -1.737765968090      3.084880500146
  258      7.511859825615      5.831842482997      3.036321958983
  258      7.560978169214     -5.758041502152      3.091192756471
    8      1.928846379546      1.866627300575      1.562490356037
    8     -1.839333011975     -1.960118361011      1.552765562499
    8      1.953807257648     -1.966931655673      1.574997101316
    8     -1.862908781266      1.899661231318      1.599500528456
    8      1.919188701595      5.696150610938      1.585227417666
    8     -1.840178894257     -5.699451807583      1.571564497744
    8      1.960350110729     -5.812200586455      1.596671234632
    8     -1.856576680076      5.776587498219      1.620898735873
    8      5.686151816494      1.867052730162      1.594949749835
    8     -5.805884535111     -1.847624499962      1.886045077982
    8      5.715976183344     -1.949224466465      1.620978509197
    8     -5.749473840215      1.953906923494      1.960323950517
    8      5.705851336255      5.718673998695      1.609182326299
    8     -5.820618008395     -5.765458853216      1.786489193226
    8      5.707970120568     -5.753123309354      1.620159267814
    8     -5.774391272511      5.725453555950      1.900035053077
    8      0.038034105886     -0.000418371500      1.837751288984
    8      0.016558780091      3.821847073672      1.903467261707
    8      0.090516486513     -3.846164651071      1.889221117486
    8      0.049822297262      7.677673616708      1.927373157395
    8      3.795992114612     -0.005668061581      1.884258272421
    8     -3.817493291531      0.029648513371      1.915549177800
    8      3.812087719082      3.817370492618      1.901933020117
    8     -3.858836225344     -3.813659924030      1.827742521721
    8      3.825922611491     -3.865538928353      2.038405864792
    8     -3.681300882579      3.835666931684      1.687050391091
    8      3.842864753486      7.654518169752      1.933331839720
    8     -3.833386762140      7.648601625221      1.924385300755
    8      7.554872412896      0.030888383746      1.676107974603
    8      7.620905745469      3.828351978620      1.984899469818
    8      7.630358308646     -3.814870098346      1.992489927898
    8      7.528420964585      7.671297341860      1.796898008889
  258      1.909965796855     -0.007306499952      0.401689113574
  258     -1.900251791096      0.016619551025      0.425311054643
  258      1.921235979606      3.820615710146      0.418908546496
  258     -1.901944536144     -3.830421454975      0.402622492358
  258      1.913650020305     -3.851393457315      0.428478892747
  258     -1.873248250042      3.842735932169      0.392004852245
  258      1.911842180711      7.652160720773      0.426251083636
  258     -1.905914662610      7.666128302318      0.444418129017
  258      5.717414699191     -0.008583446336      0.384005403436
  258     -5.741471570992      0.019650023193      0.537366051712
  258      5.732448357713      3.825381830637      0.436130173899
  258     -5.759001207769     -3.812807776266      0.556090826065
  258      5.752941947868     -3.829465732580      0.461303361900
  258     -5.748719139162      3.838364515555      0.548620596019
  258      5.728846870403      7.679271774326      0.411558876560
  258     -5.749903422968      7.674233490157      0.546739702000
    8     -0.006053972050      0.001211270579     -0.808951493878
    8      0.021438234956      3.839136562651     -0.805733263585
    8      0.003570975588     -3.842564821104     -0.795964351274
    8     -0.002881652066      7.665110787496     -0.771860396990
    8      3.820344029409     -0.006256478045     -0.815645270968
    8     -3.847167067684      0.010933214730     -0.762017317747
    8      3.838629288932      3.834328270512     -0.785334725003
    8     -3.853185782705     -3.832686235619     -0.786925260630
    8      3.840116597922     -3.841717591187     -0.745929093422
    8     -3.857065165417      3.840916705306     -0.830655027123
    8      3.824207186694      7.671888910857     -0.785621302034
    8     -3.848812829622      7.670496181693     -0.746064462612
    8      7.691401706318      0.003325535231     -0.841310379616
    8      7.685482811716      3.837703344732     -0.731716540352
    8      7.683866353510     -3.833280079302     -0.732452973589
    8      7.687966765362      7.669439842640     -0.792874010381
    8      1.918211565302      1.915284931484     -0.988704136575
    8     -1.924290850062     -1.908661783284     -0.983722424014
    8      1.913183704823     -1.934152091538     -0.981717368831
    8     -1.914634394221      1.921079206278     -0.970568497947
    8      1.921343691181      5.753296876123     -0.975340922937
    8     -1.923985042506     -5.769010813320     -0.972456538695
    8      1.913284469131     -5.764321580492     -0.968615075820
    8     -1.914944111724      5.765399634894     -0.959859817681
    8      5.753116731562      1.924597879854     -0.971457071924
    8     -5.747467165484     -1.907678632696     -0.817588717409
    8      5.752277028421     -1.932279859257     -0.962965906149
    8     -5.753829657454      1.930222650425     -0.791534005475
    8      5.754495787881      5.747600300764     -0.959764622273
    8     -5.750029489898     -5.753279727116     -0.849156815169
    8      5.756278585798     -5.751372173861     -0.956339018805
    8     -5.755505812017      5.750850278897     -0.806975830282
  258      0.000496594670      1.913916933901     -2.191376645628
  258     -0.003661635724     -1.919764455154     -2.185100262079
  258      0.001525184246      5.757575397484     -2.185458106728
  258     -0.003897802897     -5.756914133013     -2.179267460521
  258      3.836004126425      1.918984835749     -2.189635933157
  258     -3.853170386928     -1.916230791623     -2.146592357084
  258      3.834462806764     -1.927600758298     -2.182643225301
  258     -3.850353690772      1.925261022103     -2.147597294431
  258      3.838637200872      5.750696274526     -2.180760059559
  258     -3.855728534775     -5.751672662278     -2.143135835881
  258      3.837492296967     -5.752179408609     -2.174897636468
  258     -3.852559921829      5.753923970428     -2.143505666908
  258      7.688095376517      1.916229482617     -2.145365250218
  258      7.690304478923     -1.914860023576     -2.144097205704
  258      7.687140076761      5.755253426916     -2.140332728251
  258      7.690701069730     -5.751888949781     -2.140244030261
    8      1.918725501858      1.918680891042     -3.630765189310
    8     -1.918527589886     -1.917915345978     -3.624611938056
    8      1.920441440249     -1.918891710749     -3.626811690434
    8     -1.919323024070      1.919085107134     -3.619648226308
    8      1.918391442391      5.754071304160     -3.622656658525
    8     -1.915392546399     -5.754260318678     -3.619893069078
    8      1.920255382894     -5.753932701046     -3.618676512743
    8     -1.916747481935      5.753184386776     -3.614177207976
    8      5.754927780005      1.918660385397     -3.619749953679
    8     -5.754856257591     -1.916557200067     -3.575275497864
    8      5.752389144790     -1.918516805741     -3.615754238864
    8     -5.754294495542      1.919064331021     -3.567378954993
    8      5.754433784094      5.753480765199     -3.613071647948
    8     -5.756118123012     -5.753833181596     -3.584565035029
    8      5.750607983213     -5.753679255444     -3.611886466396
    8     -5.755714535285      5.752481135248     -3.569152013894
    8      0.000000000000      0.000000000000     -3.390356274875
    8      0.000000000000      3.835750260159     -3.390356274875
    8      0.000000000000     -3.835750260159     -3.390356274875
    8      0.000000000000      7.671500520300     -3.390356274875
    8      3.835750260161      0.000000000000     -3.390356274875
    8     -3.835750260161      0.000000000000     -3.390356274875
    8      3.835750260161      3.835750260159     -3.390356274875
    8     -3.835750260161     -3.835750260159     -3.390356274875
    8      3.835750260161     -3.835750260159     -3.390356274875
    8     -3.835750260161      3.835750260159     -3.390356274875
    8      3.835750260161      7.671500520300     -3.390356274875
    8     -3.835750260161      7.671500520300     -3.390356274875
    8      7.671500520300      0.000000000000     -3.390356274875
    8      7.671500520300      3.835750260159     -3.390356274875
    8      7.671500520300     -3.835750260159     -3.390356274875
    8      7.671500520300      7.671500520300     -3.390356274875
  258      1.917875130081      0.000000000000     -4.746498784825
  258     -1.917875130081      0.000000000000     -4.746498784825
  258      1.917875130081      3.835750260159     -4.746498784825
  258     -1.917875130081     -3.835750260159     -4.746498784825
  258      1.917875130081     -3.835750260159     -4.746498784825
  258     -1.917875130081      3.835750260159     -4.746498784825
  258      1.917875130081      7.671500520300     -4.746498784825
  258     -1.917875130081      7.671500520300     -4.746498784825
  258      5.753625390240      0.000000000000     -4.746498784825
  258     -5.753625390240      0.000000000000     -4.746498784825
  258      5.753625390240      3.835750260159     -4.746498784825
  258     -5.753625390240     -3.835750260159     -4.746498784825
  258      5.753625390240     -3.835750260159     -4.746498784825
  258     -5.753625390240      3.835750260159     -4.746498784825
  258      5.753625390240      7.671500520300     -4.746498784825
  258     -5.753625390240      7.671500520300     -4.746498784825
    8      0.000000000000      0.000000000000     -6.100000000000
    8      0.000000000000      3.835750260159     -6.100000000000
    8      0.000000000000     -3.835750260159     -6.100000000000
    8      0.000000000000      7.671500520300     -6.100000000000
    8      3.835750260161      0.000000000000     -6.100000000000
    8     -3.835750260161      0.000000000000     -6.100000000000
    8      3.835750260161      3.835750260159     -6.100000000000
    8     -3.835750260161     -3.835750260159     -6.100000000000
    8      3.835750260161     -3.835750260159     -6.100000000000
    8     -3.835750260161      3.835750260159     -6.100000000000
    8      3.835750260161      7.671500520300     -6.100000000000
    8     -3.835750260161      7.671500520300     -6.100000000000
    8      7.671500520300      0.000000000000     -6.100000000000
    8      7.671500520300      3.835750260159     -6.100000000000
    8      7.671500520300     -3.835750260159     -6.100000000000
    8      7.671500520300      7.671500520300     -6.100000000000
    1     23.528296286792     21.464515230025      5.961941100512
    6     22.163261398790     27.243774986808      5.827855513305
    6     22.343713768047     28.558258807345      6.564553991210
    1     21.473995489287     28.727925804091      7.209267487240
    1     23.239460913000     28.531850972291      7.188170202982
    1     22.414389729514     29.404900286207      5.877755468057
    1     22.161502708869     26.378772689255      6.498537154946
    1     21.242430695552     27.229370563086      5.239228615916
    1     24.738112406578     23.730136378467      5.825234206550
    6     24.611454741505     21.545400496685      5.787009360913
    1     24.930388490228     20.707302931684      5.145370310650
    1     25.127127090497     21.422143197091      6.743869391505
   14     24.911668306194     27.005083047842      5.226000820689
    8     23.224825780982     27.037723679007      4.839345278046
    8     25.030895934605     26.804483096220      6.848048874159
    8     28.612279970207     26.880659642397      3.816757093594
    6     28.645838006014     26.849670046216      5.237048487180
    6     25.738723930267     27.723938129650      7.688743305392
    6     29.989908550269     27.311150536333      5.792786032077
    6     25.196210354811     27.627126164642      9.101985308524
    1     30.082715387291     27.085851556269      6.860444021946
    1     25.753615656549     28.298293953301      9.767103407785
    1     24.138422483826     27.907954316244      9.135158792708
    1     25.288048562059     26.605457664372      9.483292125448
    1     26.811824576578     27.471554012804      7.668458369614
    1     25.640589673748     28.746571167641      7.294055780261
    1     27.845099179178     27.493706858371      5.645736975641
    1     28.436954011589     25.818251107999      5.568863812347
    1     30.103028139143     28.398427668235      5.687863031162
    1     30.836422883735     26.812801010606      5.289378702799
    8     24.132424353101     23.033556234553      3.969695542128
    6     24.899398087114     22.894309056431      5.127782823008
    1     25.997055773600     22.963480523047      4.884312403518
    0    0
