   2   1   1 E -4.0955946585948E+04 DE 1.0E-06(  3)
  0.153430010406E+02  0.000000000000E+00  0.000000000000E+00
  0.000000000000E+00  0.153430010406E+02  0.000000000000E+00
  0.000000000000E+00  0.000000000000E+00  0.500000000000E+03
    1
  0.100000000000E+01  0.000000000000E+00  0.000000000000E+00
  0.000000000000E+00  0.100000000000E+01  0.000000000000E+00
  0.000000000000E+00  0.000000000000E+00  0.100000000000E+01
  0.000000000000E+00  0.000000000000E+00  0.000000000000E+00
  225
    8      1.736931299607      2.648785866692      3.952156255314
    8     28.874362441078     29.715860309846      3.856919281960
    8      1.924737451023     -1.250868881124      3.971656192772
    8     -1.946078900183      2.288541601235      4.062280867862
    8      2.136604782039      6.356291916845      4.015663334294
    8     28.681267219978     24.021422457224      3.908680379997
    8      1.804472222314     -5.350253656468      4.062018786508
    8     -1.665144359451      5.506874812194      4.105994474693
    8      5.400209740502      2.646501736187      4.001613527686
    8     -5.149515316007     -2.283298184612      4.672111189759
    8      5.710716115829     -1.124717647416      3.917400503373
    8     -6.872749091619      0.538215541099      4.095651253439
    8      5.856604270884      6.228884795795      4.070320651762
    8     -5.286774929063     -4.940546054742      4.391883617238
    8      5.718162079831     -5.598993364663      4.108031103453
    8     -4.594603376613      4.021386187591      3.950844269785
  258      0.016920482387      1.939382946009      3.053243808033
  258      0.028870179126     -1.867549726094      3.017130469761
  258      0.047039492384      5.752186240970      3.053350755535
  258      0.006611559983     -5.735808828778      3.041435630161
  258      3.770281460572      1.955960072293      3.055985427008
  258     -3.603100297170     -1.910997773787      3.061051953093
  258      3.776642615262     -1.839594989191      3.022730490335
  258     -3.698049874476      2.040321983298      3.068179039857
  258      3.809993248998      5.738557111769      3.066075109371
  258     -3.649487634048     -5.753653581390      3.056264292955
  258      3.784410100541     -5.785035892160      3.045669250364
  258     -3.669096355196      5.657650108469      3.092804322355
  258      7.511706332756      1.874586789918      3.074570265148
  258      7.539366097822     -1.773226381195      3.049083118101
  258      7.536553926239      5.832502517936      3.036415333439
  258      7.562894543029     -5.761937978661      3.089150593694
    8      1.926342881554      1.867366692166      1.569285656289
    8     -1.834244032983     -1.964351144642      1.561545371990
    8      1.955600503422     -1.964488907391      1.575274739284
    8     -1.877835497123      1.892019367758      1.599926687326
    8      1.908585850166      5.700387672738      1.590741152227
    8     -1.835913739998     -5.696162320828      1.572963418235
    8      1.964631434730     -5.804398359480      1.596999177375
    8     -1.861627916847      5.789216977766      1.618681920810
    8      5.691463525592      1.861256916690      1.605090595436
    8     -5.804422027104     -1.861648640450      1.889061462913
    8      5.706591504284     -1.977543657594      1.608370216680
    8     -5.722749786221      1.969662024928      1.850790111824
    8      5.709741043524      5.712270721200      1.610867778014
    8     -5.822172039101     -5.752904131167      1.779494084962
    8      5.702189150503     -5.758524880777      1.621311301690
    8     -5.776005203925      5.749195148646      1.856211043620
    8      0.055579506328     -0.012135480779      1.865358194378
    8     -0.003537461920      3.826675465799      1.892242615193
    8      0.094659485262     -3.836681977888      1.905900562844
    8      0.055095570029      7.681369948037      1.930636984666
    8      3.803681943256     -0.018750505890      1.886868095068
    8     -3.811296150137      0.002077895218      1.940923912124
    8      3.790276066683      3.823207715067      1.881594291670
    8     -3.853587519739     -3.805948256144      1.828555102028
    8      3.820517378403     -3.857495282240      2.060620284083
    8     -3.679923098004      3.847368585799      1.692023387583
    8      3.839887779174      7.652852718128      1.939425753109
    8     -3.836858752393      7.657162125784      1.911452183277
    8      7.568631083434     -0.004378699971      1.722490671453
    8      7.637680864207      3.843145234950      1.975203747962
    8      7.623395384327     -3.811493099342      1.997992598916
    8      7.529240162547      7.679457713271      1.800045232993
  258      1.912000379918      0.001411433573      0.405065302322
  258     -1.902037477694      0.019382810642      0.430062736885
  258      1.918116121203      3.821076219655      0.422883757400
  258     -1.900992740658     -3.832880881128      0.400689498798
  258      1.914558547391     -3.850849555385      0.428990176933
  258     -1.881586200850      3.842982143566      0.397064202948
  258      1.912988731296      7.648837798520      0.429848011257
  258     -1.906948340371      7.663325932125      0.442179186827
  258      5.724758448566      0.000731850774      0.397063789336
  258     -5.742007148064      0.023798559561      0.531873489836
  258      5.734783180597      3.819048599511      0.445578841526
  258     -5.754806629339     -3.818738021105      0.546233209153
  258      5.748925514498     -3.842077501548      0.450056720438
  258     -5.749030239193      3.847040230139      0.528804239980
  258      5.729624401044      7.671448048837      0.414814589502
  258     -5.749989017400      7.677018850294      0.537546893124
    8     -0.007386226331      0.001040691320     -0.798552574641
    8      0.016867838049      3.838065703823     -0.808794878619
    8      0.005694634778     -3.841326618583     -0.790128576611
    8     -0.001193226779      7.665482929149     -0.771477085028
    8      3.825532610948     -0.004282789008     -0.808697950525
    8     -3.845855527368      0.009371898809     -0.750916610390
    8      3.839622286941      3.831431677112     -0.789923646546
    8     -3.851914096447     -3.832588075550     -0.786299638249
    8      3.838099056718     -3.843286930608     -0.742506893649
    8     -3.856330188844      3.840513693195     -0.833344491727
    8      3.824080202673      7.671676178893     -0.783038580480
    8     -3.846923228275      7.674787297810     -0.752472862908
    8      7.691863013479      0.003706585077     -0.821966549345
    8      7.681839103839      3.836880056211     -0.739444326299
    8      7.683324743097     -3.834307795680     -0.731310365173
    8      7.684660647430      7.671663947187     -0.793083567609
    8      1.917023463585      1.913203556806     -0.986706527132
    8     -1.924407201454     -1.908727228211     -0.978401729690
    8      1.914446533361     -1.932210526642     -0.979958423316
    8     -1.915747846050      1.915703885387     -0.969670695270
    8      1.921424845254      5.753361963682     -0.972831653634
    8     -1.922648668715     -5.764047309882     -0.972704769029
    8      1.912993649609     -5.763056235345     -0.967993219803
    8     -1.916367103933      5.766661501878     -0.961293879601
    8      5.755284706037      1.919685190159     -0.966230827733
    8     -5.747713895646     -1.908628504781     -0.817593556516
    8      5.754332513376     -1.930924190028     -0.963388831194
    8     -5.755000886346      1.923916485153     -0.832270816933
    8      5.753835338668      5.747405282080     -0.957800919688
    8     -5.749694443534     -5.748506806009     -0.855597550484
    8      5.754915471087     -5.753339444692     -0.957507006916
    8     -5.755312505656      5.758473462848     -0.831464581430
  258     -0.000702386145      1.915822120944     -2.189474173333
  258     -0.002220584745     -1.917849267745     -2.183141551965
  258      0.001406960718      5.755980353972     -2.183724614858
  258     -0.002542154465     -5.758351000364     -2.178949231904
  258      3.837123485056      1.920252073982     -2.186483491844
  258     -3.851965146852     -1.915495482736     -2.147233291963
  258      3.835859538873     -1.923888744234     -2.179871577542
  258     -3.850055714580      1.925826429921     -2.150891169155
  258      3.838963659627      5.747511618856     -2.178033087526
  258     -3.853457422882     -5.752842338479     -2.146627536875
  258      3.835522889209     -5.755480516575     -2.176087293981
  258     -3.851184349419      5.754937093215     -2.148186793522
  258      7.687188501743      1.917749752328     -2.148297857742
  258      7.688291243334     -1.914143982665     -2.143305257788
  258      7.683846472339      5.754510453763     -2.143331031317
  258      7.689599933112     -5.754244465514     -2.143767868542
    8      1.918552607393      1.918312521751     -3.629978085994
    8     -1.918977318807     -1.917978465503     -3.620877264327
    8      1.919864062678     -1.918688186955     -3.624946329571
    8     -1.918115995066      1.918626663028     -3.620590090347
    8      1.918285828885      5.754117724837     -3.622265995257
    8     -1.915507215301     -5.754113464642     -3.619766480910
    8      1.920128562162     -5.753917525206     -3.618506452932
    8     -1.916147618603      5.753581759510     -3.615683751109
    8      5.753876809040      1.918439321215     -3.619149877032
    8     -5.754657199134     -1.917483039939     -3.572332215533
    8      5.753205653065     -1.918429218508     -3.614357213281
    8     -5.754017147014      1.918101342689     -3.579711196266
    8      5.754392369634      5.753657385960     -3.612891901577
    8     -5.756258718314     -5.753792277051     -3.586025924443
    8      5.750641402380     -5.753721140387     -3.611879560804
    8     -5.755764471651      5.753420205270     -3.576328010554
    8      0.000000000000      0.000000000000     -3.390356274875
    8      0.000000000000      3.835750260159     -3.390356274875
    8      0.000000000000     -3.835750260159     -3.390356274875
    8      0.000000000000      7.671500520300     -3.390356274875
    8      3.835750260161      0.000000000000     -3.390356274875
    8     -3.835750260161      0.000000000000     -3.390356274875
    8      3.835750260161      3.835750260159     -3.390356274875
    8     -3.835750260161     -3.835750260159     -3.390356274875
    8      3.835750260161     -3.835750260159     -3.390356274875
    8     -3.835750260161      3.835750260159     -3.390356274875
    8      3.835750260161      7.671500520300     -3.390356274875
    8     -3.835750260161      7.671500520300     -3.390356274875
    8      7.671500520300      0.000000000000     -3.390356274875
    8      7.671500520300      3.835750260159     -3.390356274875
    8      7.671500520300     -3.835750260159     -3.390356274875
    8      7.671500520300      7.671500520300     -3.390356274875
  258      1.917875130081      0.000000000000     -4.746498784825
  258     -1.917875130081      0.000000000000     -4.746498784825
  258      1.917875130081      3.835750260159     -4.746498784825
  258     -1.917875130081     -3.835750260159     -4.746498784825
  258      1.917875130081     -3.835750260159     -4.746498784825
  258     -1.917875130081      3.835750260159     -4.746498784825
  258      1.917875130081      7.671500520300     -4.746498784825
  258     -1.917875130081      7.671500520300     -4.746498784825
  258      5.753625390240      0.000000000000     -4.746498784825
  258     -5.753625390240      0.000000000000     -4.746498784825
  258      5.753625390240      3.835750260159     -4.746498784825
  258     -5.753625390240     -3.835750260159     -4.746498784825
  258      5.753625390240     -3.835750260159     -4.746498784825
  258     -5.753625390240      3.835750260159     -4.746498784825
  258      5.753625390240      7.671500520300     -4.746498784825
  258     -5.753625390240      7.671500520300     -4.746498784825
    8      0.000000000000      0.000000000000     -6.100000000000
    8      0.000000000000      3.835750260159     -6.100000000000
    8      0.000000000000     -3.835750260159     -6.100000000000
    8      0.000000000000      7.671500520300     -6.100000000000
    8      3.835750260161      0.000000000000     -6.100000000000
    8     -3.835750260161      0.000000000000     -6.100000000000
    8      3.835750260161      3.835750260159     -6.100000000000
    8     -3.835750260161     -3.835750260159     -6.100000000000
    8      3.835750260161     -3.835750260159     -6.100000000000
    8     -3.835750260161      3.835750260159     -6.100000000000
    8      3.835750260161      7.671500520300     -6.100000000000
    8     -3.835750260161      7.671500520300     -6.100000000000
    8      7.671500520300      0.000000000000     -6.100000000000
    8      7.671500520300      3.835750260159     -6.100000000000
    8      7.671500520300     -3.835750260159     -6.100000000000
    8      7.671500520300      7.671500520300     -6.100000000000
    1     23.483957427684     21.533597768427      5.949841470446
    6     22.186897728819     27.309947172375      5.839264429363
    6     22.402561268322     28.634600989840      6.551005292852
    1     21.541568853925     28.839363439590      7.197462362383
    1     23.300344893733     28.600145961123      7.170192531147
    1     22.485164343547     29.466543517595      5.848073722129
    1     22.165149649041     26.460443081896      6.528829410441
    1     21.262006742428     27.303832785996      5.255048891168
    1     24.721564157270     23.782323881146      5.805423538503
    6     24.575018605065     21.598901466016      5.823181976371
    1     24.916564081273     20.745315296928      5.215627092220
    1     25.042871268367     21.500363913675      6.807406439755
   14     24.924647105662     27.024242779650      5.226538862149
    8     23.235989780453     27.060560649135      4.852709741948
    8     25.057364962260     26.827510511614      6.847382783909
    8     28.594805016568     26.860040861222      3.822884962945
    6     28.642448400705     26.827781680605      5.242242833774
    6     25.750696956102     27.759132358909      7.687641582655
    6     29.991697684820     27.286080718963      5.788406728323
    6     25.203336670709     27.659586654618      9.098949840240
    1     30.092303197244     27.057058470222      6.854542040023
    1     25.742679448079     28.346909788665      9.762754469517
    1     24.139195318805     27.917747127986      9.124804234673
    1     25.315090926489     26.642146751431      9.486724197338
    1     26.826669427227     27.519866028240      7.672529696755
    1     25.641495565208     28.778933453840      7.288287043808
    1     27.846600065279     27.473090785004      5.658458545251
    1     28.433583020617     25.796601439305      5.574445801843
    1     30.100327697365     28.373337315410      5.684311528582
    1     30.834996509220     26.788749323158      5.278852711821
    8     24.194201661353     23.039507069501      3.942646643123
    6     24.906919431324     22.924815388045      5.140551791250
    1     26.014849403279     22.976817333975      4.944262502212
    0    0
