   2   1   1 E -4.0955950806276E+04 DE-9.3E-08(  9)
  0.153430010406E+02  0.000000000000E+00  0.000000000000E+00
  0.000000000000E+00  0.153430010406E+02  0.000000000000E+00
  0.000000000000E+00  0.000000000000E+00  0.500000000000E+03
    1
  0.100000000000E+01  0.000000000000E+00  0.000000000000E+00
  0.000000000000E+00  0.100000000000E+01  0.000000000000E+00
  0.000000000000E+00  0.000000000000E+00  0.100000000000E+01
  0.000000000000E+00  0.000000000000E+00  0.000000000000E+00
  225
    8      1.800080030311      2.655951040066      3.942480703048
    8     28.830200735289     29.723691870513      3.857559223025
    8      1.841867439809     -1.213958844703      3.961032614406
    8     -1.876938884810      2.286792046941      4.065587944946
    8      2.121210714252      6.377418401998      4.006437447360
    8     28.686271267093     24.015734624429      3.903654330766
    8      1.807363948241     -5.319329400357      4.054057516654
    8     -1.669126104767      5.516669698145      4.106730753759
    8      5.470185271282      2.597042256647      3.996912305134
    8     -5.145630650274     -2.288958956548      4.677461112216
    8      5.579068009700     -1.210882242001      3.958998537562
    8     -7.151299597586      0.274122278511      4.083491354098
    8      5.837196382735      6.208059025833      4.075202893665
    8     -5.267183594599     -4.947077491251      4.403749909241
    8      5.711185234089     -5.617647980338      4.107898609219
    8     -4.520336273417      3.982511356904      3.975791507977
  258      0.043351539609      1.933900293993      3.049436647112
  258      0.022909865057     -1.868319427864      3.019515960859
  258      0.050602739327      5.755972718200      3.051447973991
  258      0.005347100987     -5.728710786293      3.040538998919
  258      3.774494842845      1.950357790624      3.049853349075
  258     -3.604066774109     -1.909388147894      3.062017582005
  258      3.764575127717     -1.846168263202      3.027690713812
  258     -3.649977803314      2.043698119341      3.065868438480
  258      3.802143230289      5.742978168534      3.061659824676
  258     -3.646064485815     -5.754294364133      3.055773401090
  258      3.782906614045     -5.781989263744      3.043939728874
  258     -3.655232794771      5.655214881157      3.094995218637
  258      7.480792935520      1.859871650285      3.060238574918
  258      7.526255706049     -1.745695536209      3.076830677442
  258      7.522976050750      5.832960104434      3.036537323872
  258      7.559599220114     -5.758485058089      3.089782260309
    8      1.927446303634      1.867322299223      1.563937548218
    8     -1.835052024018     -1.962609567747      1.556127157620
    8      1.952217651060     -1.967398189160      1.570475619325
    8     -1.867486289285      1.899354111650      1.600141746896
    8      1.915245067572      5.698639454711      1.587532473585
    8     -1.838006529384     -5.698168684540      1.569780780131
    8      1.962730270957     -5.808673414395      1.595904549889
    8     -1.858927963103      5.785019804501      1.619044366489
    8      5.689424276816      1.862458964922      1.601054388124
    8     -5.805325562551     -1.851788585972      1.893565741070
    8      5.712888969237     -1.961566522928      1.610140519257
    8     -5.739604587890      1.952180341562      1.927337769718
    8      5.710423398592      5.713745278244      1.609500135208
    8     -5.820190640877     -5.758435376433      1.786841781246
    8      5.705463298133     -5.756744777930      1.620766154629
    8     -5.777529744254      5.733941176926      1.879553886436
    8      0.047524185906     -0.007975319776      1.855631490977
    8      0.005820709513      3.827130718621      1.897208604552
    8      0.093328938720     -3.842373064086      1.891683822798
    8      0.052984974914      7.680320175701      1.927230326091
    8      3.799613103063     -0.013973676692      1.883781532139
    8     -3.808335143156      0.014107865973      1.935389751155
    8      3.801183412179      3.821034460742      1.888952391075
    8     -3.855002952603     -3.809732112495      1.831100976691
    8      3.823647229814     -3.862808521397      2.046601095238
    8     -3.680859318227      3.842423729922      1.687615495094
    8      3.841585065144      7.651964032385      1.934502114842
    8     -3.838146178927      7.651211449731      1.914315993793
    8      7.555921843357      0.012007194304      1.689172091842
    8      7.628732013600      3.830530115513      1.983502383632
    8      7.627134953968     -3.814299010472      1.996824504200
    8      7.528664384359      7.674992132475      1.798903022475
  258      1.911117026144     -0.003853512023      0.403683073269
  258     -1.899640507040      0.017407091869      0.428159843211
  258      1.919800862393      3.821557775613      0.419152850460
  258     -1.900990754243     -3.831776095051      0.400073114042
  258      1.914475171516     -3.852001217548      0.426836803258
  258     -1.875926697875      3.845016027669      0.393406528228
  258      1.912185118085      7.651309351824      0.427663429198
  258     -1.906436466394      7.665613952654      0.442817632630
  258      5.718769408273     -0.004688504009      0.386735896855
  258     -5.742467445198      0.020013613657      0.538543096856
  258      5.732090285141      3.821915587868      0.440100224427
  258     -5.758891466749     -3.814167623712      0.554988850098
  258      5.751230182213     -3.834000746073      0.457768856529
  258     -5.748089316818      3.840568822288      0.542062471186
  258      5.728785873898      7.675350626013      0.413463546127
  258     -5.750128127897      7.675013829215      0.542828809355
    8     -0.006915330897      0.001015884907     -0.802365488512
    8      0.019690871207      3.839313444953     -0.807787237485
    8      0.003905479062     -3.842672733748     -0.795225813095
    8     -0.002408179197      7.665423922470     -0.772679235836
    8      3.820582699897     -0.005138172299     -0.814075373107
    8     -3.845704993127      0.011092468318     -0.752909681604
    8      3.838574180081      3.832725372140     -0.788277397411
    8     -3.853515136117     -3.832008911552     -0.784768560255
    8      3.840217898188     -3.842707006122     -0.745268756124
    8     -3.856510737038      3.840073487485     -0.831574992598
    8      3.824683226963      7.671928201908     -0.785184516523
    8     -3.849464352319      7.672223354583     -0.750005994830
    8      7.693716303317      0.004030373794     -0.835135566119
    8      7.684151392312      3.837011526389     -0.732317308630
    8      7.684645522645     -3.832949695357     -0.731237102734
    8      7.686707737314      7.668981319889     -0.792757469089
    8      1.916983227084      1.914524670922     -0.988859193703
    8     -1.924729862490     -1.908158455634     -0.981449959941
    8      1.913228343733     -1.933833128548     -0.983640674944
    8     -1.914504565292      1.918999532989     -0.969708943826
    8      1.921440377587      5.753647585777     -0.974886493932
    8     -1.924402142914     -5.766815106938     -0.973772701429
    8      1.913348498335     -5.764259001181     -0.969767786075
    8     -1.915662360853      5.766614925243     -0.961423881764
    8      5.754025507511      1.923236855588     -0.969477174435
    8     -5.746323057101     -1.907151881952     -0.814389294347
    8      5.753013154697     -1.931655194249     -0.965446908123
    8     -5.753479096845      1.927649066771     -0.803041993618
    8      5.753682184145      5.746821016929     -0.959092468878
    8     -5.750775540432     -5.750830668015     -0.850192550275
    8      5.756605936089     -5.752608670005     -0.956708128182
    8     -5.755292722579      5.751935187822     -0.817995610840
  258      0.000028626023      1.914881634001     -2.190621944895
  258     -0.003040659628     -1.919064393485     -2.184675097628
  258      0.001645346732      5.757457569092     -2.185386892277
  258     -0.003281548178     -5.757598942815     -2.179836781240
  258      3.836034153873      1.919687642067     -2.188986155194
  258     -3.853125134222     -1.915980540874     -2.146219840747
  258      3.835023400227     -1.926212887702     -2.182279260560
  258     -3.849798118215      1.925280022330     -2.147912127112
  258      3.838822649798      5.749631143419     -2.179869418575
  258     -3.855639447614     -5.752116635428     -2.144455852053
  258      3.837497238751     -5.753470553319     -2.175218296435
  258     -3.852324087989      5.754228776662     -2.145953206427
  258      7.688231521531      1.916476590385     -2.146180792496
  258      7.689581680734     -1.914628617904     -2.143517378265
  258      7.685680538866      5.754697906893     -2.140846668539
  258      7.690071444438     -5.752794822034     -2.141059715030
    8      1.918538720934      1.918621344594     -3.630844069258
    8     -1.919233153843     -1.917845418967     -3.622355451878
    8      1.919761618262     -1.918587985567     -3.627219529473
    8     -1.919410974612      1.918678800537     -3.619244048795
    8      1.918288849554      5.753966018845     -3.622701647361
    8     -1.915584626595     -5.754119447078     -3.620164114903
    8      1.920041738015     -5.753972593539     -3.619603545932
    8     -1.916766580339      5.753246340181     -3.615003977690
    8      5.754850471980      1.918519790746     -3.618982616517
    8     -5.754582489974     -1.916974932097     -3.573157481540
    8      5.753194075856     -1.918508653299     -3.615503941386
    8     -5.754021372453      1.918453153339     -3.571046905345
    8      5.754460113566      5.753510999476     -3.613172950829
    8     -5.755963691000     -5.753588342355     -3.584318523312
    8      5.751039710013     -5.753604072584     -3.611403462301
    8     -5.755825735666      5.752727389408     -3.573509954618
    8      0.000000000000      0.000000000000     -3.390356274875
    8      0.000000000000      3.835750260159     -3.390356274875
    8      0.000000000000     -3.835750260159     -3.390356274875
    8      0.000000000000      7.671500520300     -3.390356274875
    8      3.835750260161      0.000000000000     -3.390356274875
    8     -3.835750260161      0.000000000000     -3.390356274875
    8      3.835750260161      3.835750260159     -3.390356274875
    8     -3.835750260161     -3.835750260159     -3.390356274875
    8      3.835750260161     -3.835750260159     -3.390356274875
    8     -3.835750260161      3.835750260159     -3.390356274875
    8      3.835750260161      7.671500520300     -3.390356274875
    8     -3.835750260161      7.671500520300     -3.390356274875
    8      7.671500520300      0.000000000000     -3.390356274875
    8      7.671500520300      3.835750260159     -3.390356274875
    8      7.671500520300     -3.835750260159     -3.390356274875
    8      7.671500520300      7.671500520300     -3.390356274875
  258      1.917875130081      0.000000000000     -4.746498784825
  258     -1.917875130081      0.000000000000     -4.746498784825
  258      1.917875130081      3.835750260159     -4.746498784825
  258     -1.917875130081     -3.835750260159     -4.746498784825
  258      1.917875130081     -3.835750260159     -4.746498784825
  258     -1.917875130081      3.835750260159     -4.746498784825
  258      1.917875130081      7.671500520300     -4.746498784825
  258     -1.917875130081      7.671500520300     -4.746498784825
  258      5.753625390240      0.000000000000     -4.746498784825
  258     -5.753625390240      0.000000000000     -4.746498784825
  258      5.753625390240      3.835750260159     -4.746498784825
  258     -5.753625390240     -3.835750260159     -4.746498784825
  258      5.753625390240     -3.835750260159     -4.746498784825
  258     -5.753625390240      3.835750260159     -4.746498784825
  258      5.753625390240      7.671500520300     -4.746498784825
  258     -5.753625390240      7.671500520300     -4.746498784825
    8      0.000000000000      0.000000000000     -6.100000000000
    8      0.000000000000      3.835750260159     -6.100000000000
    8      0.000000000000     -3.835750260159     -6.100000000000
    8      0.000000000000      7.671500520300     -6.100000000000
    8      3.835750260161      0.000000000000     -6.100000000000
    8     -3.835750260161      0.000000000000     -6.100000000000
    8      3.835750260161      3.835750260159     -6.100000000000
    8     -3.835750260161     -3.835750260159     -6.100000000000
    8      3.835750260161     -3.835750260159     -6.100000000000
    8     -3.835750260161      3.835750260159     -6.100000000000
    8      3.835750260161      7.671500520300     -6.100000000000
    8     -3.835750260161      7.671500520300     -6.100000000000
    8      7.671500520300      0.000000000000     -6.100000000000
    8      7.671500520300      3.835750260159     -6.100000000000
    8      7.671500520300     -3.835750260159     -6.100000000000
    8      7.671500520300      7.671500520300     -6.100000000000
    1     23.503835017204     21.499156471115      5.951318411943
    6     22.182579815753     27.268074201120      5.831303639224
    6     22.378883803331     28.585123827981      6.561396916964
    1     21.502758248872     28.777908093726      7.191328126918
    1     23.263972414086     28.545556197485      7.199016574101
    1     22.475845168057     29.426430866879      5.871087472839
    1     22.168736474207     26.407982883110      6.508198839946
    1     21.262185854756     27.261222336116      5.241971853043
    1     24.729961617210     23.756671181153      5.815821034148
    6     24.591811022900     21.571950590581      5.803579702925
    1     24.924597875533     20.726411040058      5.179217693014
    1     25.080430309048     21.459822620357      6.776110526971
   14     24.927485717135     27.018830367064      5.229024238030
    8     23.241171252056     27.042874100573      4.844770219621
    8     25.048635224971     26.825592754916      6.851630744246
    8     28.632501803081     26.854379568471      3.812815457188
    6     28.659710371084     26.825344692323      5.233593476293
    6     25.759103035437     27.747733217353      7.687099125539
    6     29.999518227834     27.292099602304      5.795171846134
    6     25.233207041227     27.642617028087      9.105716621755
    1     30.087618927073     27.068064859997      6.863413425441
    1     25.787491094697     28.322529347236      9.765649369067
    1     24.171341916818     27.907516817584      9.148805859596
    1     25.343881577231     26.622044047864      9.485799989428
    1     26.833951914701     27.504455834610      7.654261175543
    1     25.648375190433     28.770402391290      7.296716831895
    1     27.854719038841     27.466939953530      5.637510228574
    1     28.451763416286     25.793479674264      5.564900193808
    1     30.106072207198     28.379545858024      5.688921392787
    1     30.850325343938     26.796976161248      5.296465980422
    8     24.164498843524     23.038466983006      3.954999884703
    6     24.903283095377     22.910117810469      5.133842446311
    1     26.006631666691     22.969606530907      4.915434953456
    0    0
