   2   1   1 E -4.0955954590362E+04 DE 7.8E-08(  9)
  0.153430010406E+02  0.000000000000E+00  0.000000000000E+00
  0.000000000000E+00  0.153430010406E+02  0.000000000000E+00
  0.000000000000E+00  0.000000000000E+00  0.500000000000E+03
    1
  0.100000000000E+01  0.000000000000E+00  0.000000000000E+00
  0.000000000000E+00  0.100000000000E+01  0.000000000000E+00
  0.000000000000E+00  0.000000000000E+00  0.100000000000E+01
  0.000000000000E+00  0.000000000000E+00  0.000000000000E+00
  225
    8      1.870253255189      2.646677687035      3.938654155538
    8     28.770669934808     29.764917272706      3.846806853188
    8      1.743093179622     -1.166669001555      3.955210807716
    8     -1.815833984852      2.322391635539      4.050425353740
    8      2.108825295818      6.396223581012      3.997529740560
    8     28.694452651735     24.047021005826      3.915540001921
    8      1.813182383004     -5.295681238409      4.049831004523
    8     -1.674624458830      5.561046375887      4.114215153431
    8      5.561628284786      2.531810203046      4.000316969298
    8     -5.151557331673     -2.308414713927      4.678269290871
    8      5.469598448612     -1.228903965699      3.988747018701
    8     -7.221861640182      0.130015593509      4.064537738660
    8      5.822013005563      6.168302289949      4.085162152435
    8     -5.296183414426     -4.966191903675      4.398749454074
    8      5.711010379867     -5.640190772659      4.108045818630
    8     -4.468599119638      3.945509866665      3.992899280627
  258      0.059848561958      1.924705881657      3.046163882681
  258      0.013824424623     -1.860869725686      3.021779883672
  258      0.050339817355      5.756602141854      3.051946774214
  258      0.008336213770     -5.726781176308      3.041520771516
  258      3.781551183729      1.942873725457      3.046000831379
  258     -3.612359423090     -1.899344294184      3.063431114971
  258      3.760132061738     -1.847008887808      3.032234852039
  258     -3.627653067835      2.039948249758      3.066500659856
  258      3.794840327006      5.747666065289      3.059526360560
  258     -3.645501939331     -5.745907197289      3.058692923975
  258      3.782606161671     -5.779134814100      3.043848583934
  258     -3.648261197352      5.649208921560      3.093257956333
  258      7.469129389594      1.852639145756      3.051426411744
  258      7.529916366714     -1.737683538761      3.082470939026
  258      7.512222191254      5.830900600672      3.037190790978
  258      7.561024027230     -5.758934973653      3.091068951573
    8      1.927881094686      1.866518774766      1.562367023797
    8     -1.838519457538     -1.960363754247      1.552848130943
    8      1.955888361267     -1.967877522992      1.575051243935
    8     -1.864532865491      1.899183893953      1.598383693818
    8      1.918483399063      5.696043205079      1.585734714779
    8     -1.839869939909     -5.699180131446      1.571975911694
    8      1.961057057114     -5.812089619662      1.596864607127
    8     -1.856749435924      5.776408919517      1.620982661334
    8      5.685898961945      1.866267204725      1.595239840818
    8     -5.807074762459     -1.846539683705      1.888026125921
    8      5.717695673596     -1.951897560931      1.620859787486
    8     -5.747788128839      1.953660376598      1.958383174418
    8      5.705845514919      5.717748617949      1.609141786606
    8     -5.819946482465     -5.765921256762      1.786522637908
    8      5.708906255828     -5.754480860907      1.620455789685
    8     -5.772808010616      5.725095968065      1.900610222013
    8      0.037889590685     -0.001374470985      1.837382240470
    8      0.016608357497      3.822222688703      1.903931266627
    8      0.091004007813     -3.846110713576      1.890093160344
    8      0.049844985300      7.677798496165      1.927868491823
    8      3.794997240486     -0.006870528434      1.880182837128
    8     -3.816993989273      0.028939566272      1.916287039234
    8      3.812034072876      3.817356250087      1.901161695813
    8     -3.859066244360     -3.813512807902      1.828707997876
    8      3.827649425311     -3.865165068774      2.040242830151
    8     -3.680689069923      3.835296753198      1.687172306780
    8      3.842749633083      7.654035679722      1.933336370452
    8     -3.832840146771      7.648859312068      1.925628394662
    8      7.553362887680      0.029103423967      1.675118171738
    8      7.621826706160      3.827628342647      1.983564317693
    8      7.631869879161     -3.815406253594      1.992166821997
    8      7.528663869064      7.669705281585      1.797387227594
  258      1.910087539396     -0.007111504945      0.401625217147
  258     -1.900031179114      0.016518253777      0.425168682672
  258      1.921556039932      3.820326218219      0.419256501364
  258     -1.901727397902     -3.830162890799      0.402765973759
  258      1.913939401560     -3.851139991542      0.429068959070
  258     -1.872863679201      3.843108909041      0.390922070801
  258      1.911693145168      7.652142023504      0.426662404431
  258     -1.906197042429      7.666407293074      0.444621064658
  258      5.717308116165     -0.008193936686      0.383384528099
  258     -5.741208882168      0.020460130595      0.537812591748
  258      5.732582134191      3.824903569303      0.436576747438
  258     -5.759272417306     -3.812645827756      0.556299370202
  258      5.752799726365     -3.830293581367      0.461331685094
  258     -5.748863101470      3.837800662253      0.548237356608
  258      5.728112805292      7.679242886138      0.411296327396
  258     -5.750084026992      7.673864409199      0.547217439257
    8     -0.006066791422      0.000966296315     -0.809516051922
    8      0.021837220826      3.839401779653     -0.805964811194
    8      0.003642471857     -3.842896272602     -0.795780655382
    8     -0.003298818767      7.664953869210     -0.771650800222
    8      3.819916693882     -0.005910032492     -0.817007870362
    8     -3.846854063184      0.010991078130     -0.761711460093
    8      3.838743315939      3.834253529154     -0.785612012927
    8     -3.853393719391     -3.832463915499     -0.786501224624
    8      3.840141251778     -3.842329906852     -0.745897860934
    8     -3.856972583446      3.840859103258     -0.830527614585
    8      3.823940512131      7.671715917397     -0.785621292810
    8     -3.849142804614      7.670825328757     -0.745571514688
    8      7.692182887428      0.003389973220     -0.841709217538
    8      7.685688821801      3.837502782798     -0.732326619323
    8      7.684278579100     -3.833094422043     -0.732464387870
    8      7.688503556725      7.669386086884     -0.792394139701
    8      1.918199817689      1.915728392648     -0.988528043773
    8     -1.924459354811     -1.909206212166     -0.983548848832
    8      1.913068547025     -1.934666447718     -0.981417374424
    8     -1.914264794896      1.921142675607     -0.970744325206
    8      1.921294390875      5.753677883317     -0.975225830758
    8     -1.924309293318     -5.768939326255     -0.972032287868
    8      1.913070476377     -5.764849713992     -0.968630142323
    8     -1.915355939863      5.765808242910     -0.959776821534
    8      5.753532746364      1.924592604334     -0.971192149996
    8     -5.747175148620     -1.907130767217     -0.816288243915
    8      5.751979630570     -1.932175124621     -0.962721303623
    8     -5.753414871980      1.930131435228     -0.792190051651
    8      5.754643285347      5.747631045590     -0.959676440960
    8     -5.750071846617     -5.752857655007     -0.848783122707
    8      5.756460837505     -5.751679322552     -0.956324049451
    8     -5.755424388396      5.750891308030     -0.806849937495
  258      0.000717366122      1.913972374519     -2.191437229728
  258     -0.003542225526     -1.919796284003     -2.185004992332
  258      0.001802591687      5.757777328467     -2.185378658156
  258     -0.003847081772     -5.756873965867     -2.178995814612
  258      3.835961391722      1.919199620793     -2.189657425844
  258     -3.853233803283     -1.916286438501     -2.146543042662
  258      3.834347239581     -1.927600095027     -2.182656181920
  258     -3.850161495904      1.925280487192     -2.147806864776
  258      3.838805343398      5.750563043725     -2.180625205338
  258     -3.855805751798     -5.751612727424     -2.142940767145
  258      3.837263605157     -5.752249005072     -2.174819965006
  258     -3.852653641301      5.754014386488     -2.143602689254
  258      7.688112815526      1.916350479218     -2.145541796671
  258      7.690285453779     -1.914851160502     -2.144053656729
  258      7.687106101075      5.755243359264     -2.140022689645
  258      7.690818337054     -5.751971138697     -2.140208313723
    8      1.918766704874      1.918629461308     -3.630898425722
    8     -1.918729740889     -1.917840096719     -3.624405367330
    8      1.920326483591     -1.918895580496     -3.626663086372
    8     -1.919382909518      1.919059935883     -3.619570914334
    8      1.918326993737      5.754070763985     -3.622780415947
    8     -1.915465150048     -5.754283504082     -3.619575895905
    8      1.920117036336     -5.753875039275     -3.618943583636
    8     -1.916860053603      5.753159252006     -3.613909751829
    8      5.755035440693      1.918674303571     -3.619484951175
    8     -5.754864525111     -1.916696727021     -3.574974356366
    8      5.752551035683     -1.918548357332     -3.615376306485
    8     -5.753939984557      1.919079556498     -3.567874697656
    8      5.754333582953      5.753415703918     -3.612868139797
    8     -5.756093826917     -5.753647090608     -3.584224287690
    8      5.750643210318     -5.753666619815     -3.611684609405
    8     -5.755726368641      5.752579970534     -3.569189740913
    8      0.000000000000      0.000000000000     -3.390356274875
    8      0.000000000000      3.835750260159     -3.390356274875
    8      0.000000000000     -3.835750260159     -3.390356274875
    8      0.000000000000      7.671500520300     -3.390356274875
    8      3.835750260161      0.000000000000     -3.390356274875
    8     -3.835750260161      0.000000000000     -3.390356274875
    8      3.835750260161      3.835750260159     -3.390356274875
    8     -3.835750260161     -3.835750260159     -3.390356274875
    8      3.835750260161     -3.835750260159     -3.390356274875
    8     -3.835750260161      3.835750260159     -3.390356274875
    8      3.835750260161      7.671500520300     -3.390356274875
    8     -3.835750260161      7.671500520300     -3.390356274875
    8      7.671500520300      0.000000000000     -3.390356274875
    8      7.671500520300      3.835750260159     -3.390356274875
    8      7.671500520300     -3.835750260159     -3.390356274875
    8      7.671500520300      7.671500520300     -3.390356274875
  258      1.917875130081      0.000000000000     -4.746498784825
  258     -1.917875130081      0.000000000000     -4.746498784825
  258      1.917875130081      3.835750260159     -4.746498784825
  258     -1.917875130081     -3.835750260159     -4.746498784825
  258      1.917875130081     -3.835750260159     -4.746498784825
  258     -1.917875130081      3.835750260159     -4.746498784825
  258      1.917875130081      7.671500520300     -4.746498784825
  258     -1.917875130081      7.671500520300     -4.746498784825
  258      5.753625390240      0.000000000000     -4.746498784825
  258     -5.753625390240      0.000000000000     -4.746498784825
  258      5.753625390240      3.835750260159     -4.746498784825
  258     -5.753625390240     -3.835750260159     -4.746498784825
  258      5.753625390240     -3.835750260159     -4.746498784825
  258     -5.753625390240      3.835750260159     -4.746498784825
  258      5.753625390240      7.671500520300     -4.746498784825
  258     -5.753625390240      7.671500520300     -4.746498784825
    8      0.000000000000      0.000000000000     -6.100000000000
    8      0.000000000000      3.835750260159     -6.100000000000
    8      0.000000000000     -3.835750260159     -6.100000000000
    8      0.000000000000      7.671500520300     -6.100000000000
    8      3.835750260161      0.000000000000     -6.100000000000
    8     -3.835750260161      0.000000000000     -6.100000000000
    8      3.835750260161      3.835750260159     -6.100000000000
    8     -3.835750260161     -3.835750260159     -6.100000000000
    8      3.835750260161     -3.835750260159     -6.100000000000
    8     -3.835750260161      3.835750260159     -6.100000000000
    8      3.835750260161      7.671500520300     -6.100000000000
    8     -3.835750260161      7.671500520300     -6.100000000000
    8      7.671500520300      0.000000000000     -6.100000000000
    8      7.671500520300      3.835750260159     -6.100000000000
    8      7.671500520300     -3.835750260159     -6.100000000000
    8      7.671500520300      7.671500520300     -6.100000000000
    1     23.531348947628     21.461085504609      5.962533702638
    6     22.161383602729     27.252455471116      5.823993784280
    6     22.344293986791     28.566828828373      6.560435458990
    1     21.476177203925     28.737256101886      7.207317095165
    1     23.241597247346     28.539743993807      7.181885451796
    1     22.414186812584     29.413340570349      5.873401378199
    1     22.153703347742     26.387574396922      6.494629620069
    1     21.241776086559     27.241734257487      5.232952723377
    1     24.738785681498     23.726937116290      5.826411447524
    6     24.614107778347     21.542383907310      5.785712384854
    1     24.931695279432     20.704722364526      5.142827578913
    1     25.131539249670     21.417768537832      6.741465531171
   14     24.911039009637     27.004890336778      5.226269418663
    8     23.224455625203     27.042548871972      4.838539952112
    8     25.027312331351     26.803737282236      6.848562887561
    8     28.611721050104     26.880329763063      3.817735281366
    6     28.646508210245     26.848471649794      5.237989656286
    6     25.737505477485     27.720541561844      7.689941391312
    6     29.990249472418     27.311620948937      5.793169787110
    6     25.192429714503     27.627002724696      9.102463708735
    1     30.083457603133     27.086777452942      6.860891904500
    1     25.750335309099     28.297978111879      9.767602256494
    1     24.135248763521     27.910280119788      9.133185405341
    1     25.281265760596     26.605574864571      9.485561885287
    1     26.809647447648     27.463824383849      7.671506851159
    1     25.644349685376     28.743362526406      7.294612592648
    1     27.844993702073     27.490881066960      5.647523686566
    1     28.439874395277     25.816360263014      5.569016599049
    1     30.102024656170     28.399032478173      5.687985141427
    1     30.837197543278     26.813897981142      5.289815461967
    8     24.133110080947     23.032348353990      3.970046006525
    6     24.900479008354     22.892322869788      5.127564357730
    1     25.997938497518     22.962727602514      4.884155207115
    0    0
