   2   1   1 E -4.0955954294031E+04 DE-3.5E-07( 10)
  0.153430010406E+02  0.000000000000E+00  0.000000000000E+00
  0.000000000000E+00  0.153430010406E+02  0.000000000000E+00
  0.000000000000E+00  0.000000000000E+00  0.500000000000E+03
    1
  0.100000000000E+01  0.000000000000E+00  0.000000000000E+00
  0.000000000000E+00  0.100000000000E+01  0.000000000000E+00
  0.000000000000E+00  0.000000000000E+00  0.100000000000E+01
  0.000000000000E+00  0.000000000000E+00  0.000000000000E+00
  225
    8      1.814710963791      2.659461016643      3.938238780985
    8     28.814526855964     29.738631092917      3.852314614308
    8      1.814366416158     -1.198679605753      3.957229202446
    8     -1.861576306899      2.302335977921      4.061260053377
    8      2.114900039757      6.381184731050      4.003398454037
    8     28.689416609668     24.030816583081      3.909838082193
    8      1.809507080523     -5.308637623338      4.052532346395
    8     -1.672489299458      5.536369844005      4.109723124151
    8      5.492838702645      2.580826109535      3.995170554275
    8     -5.147445346836     -2.291539588791      4.677939804850
    8      5.547765310360     -1.222694053384      3.967583126905
    8     -7.184278370744      0.225808088651      4.075604125754
    8      5.830506316753      6.194458103176      4.079432373375
    8     -5.280326797319     -4.949720344741      4.398010891549
    8      5.710654529110     -5.621541929546      4.108132131316
    8     -4.505466965024      3.972429868398      3.980801104486
  258      0.049004498650      1.931816097630      3.047919425568
  258      0.022493981405     -1.864919204748      3.019937824283
  258      0.051413316205      5.754464574096      3.052037138821
  258      0.007663136004     -5.729176784223      3.041234054734
  258      3.776961092717      1.949137940898      3.048401272378
  258     -3.604587117664     -1.905567927743      3.062952175463
  258      3.763705005608     -1.846053448235      3.028399231841
  258     -3.641807971495      2.043829216680      3.066278313849
  258      3.800003284050      5.744589943999      3.061203334124
  258     -3.645204345732     -5.749566536970      3.057192756032
  258      3.783602147219     -5.779857324771      3.043810166428
  258     -3.652713045173      5.653957629171      3.094773356767
  258      7.477010546991      1.858323399913      3.055584558017
  258      7.525357433817     -1.739556454631      3.080211762460
  258      7.518735471332      5.834526738906      3.036557590296
  258      7.560377664199     -5.755561868858      3.090499298518
    8      1.929722279817      1.867244423466      1.563080343979
    8     -1.834984768158     -1.962002740611      1.555138114427
    8      1.953494754348     -1.967882576970      1.571503133648
    8     -1.865126714401      1.898721007887      1.600030867798
    8      1.915548762015      5.697751539252      1.586349707604
    8     -1.837804517201     -5.698066198945      1.571137067006
    8      1.962005990558     -5.810248717683      1.597178659947
    8     -1.857914343052      5.781912786928      1.619336028951
    8      5.689584339000      1.864388549483      1.598878965508
    8     -5.806732757670     -1.849353665836      1.891225432458
    8      5.713375530344     -1.957282717278      1.610933643550
    8     -5.744457176098      1.952702099875      1.938977803970
    8      5.708608063263      5.715434582886      1.609669732874
    8     -5.821798325287     -5.760019196695      1.785460781657
    8      5.705744101838     -5.755280521364      1.620744732858
    8     -5.777220289246      5.732399975610      1.887408064370
    8      0.046490641406     -0.005631008357      1.849681773313
    8      0.007798186657      3.825389184530      1.896951669710
    8      0.092197853171     -3.843208497914      1.893064772319
    8      0.052104437569      7.678777601282      1.928791940468
    8      3.799280703826     -0.011092441702      1.884400764225
    8     -3.810374302929      0.018535642618      1.928379652734
    8      3.804599805149      3.820355278138      1.890890109166
    8     -3.855793871636     -3.809671441449      1.829366110666
    8      3.824769570809     -3.862396552042      2.044275561666
    8     -3.681243543503      3.840422023272      1.686845601548
    8      3.841859849972      7.652533882407      1.935839604098
    8     -3.835624096664      7.651778729630      1.918523218870
    8      7.554102410136      0.018251002026      1.683366830547
    8      7.626622678971      3.830277901891      1.984430178938
    8      7.627476901922     -3.812860833766      1.996308487618
    8      7.527896237653      7.674389506844      1.798707976099
  258      1.911398358473     -0.004450086962      0.402538171189
  258     -1.899359304822      0.017315685014      0.427424345070
  258      1.920718655796      3.821221944597      0.418937780080
  258     -1.900780654217     -3.831240210035      0.401099095955
  258      1.914397828298     -3.851942126222      0.427372797332
  258     -1.875058496321      3.844262049495      0.392285848371
  258      1.912350824767      7.651355314629      0.427474547312
  258     -1.906057444259      7.665572829154      0.443814549623
  258      5.719178233372     -0.005770790968      0.384491371730
  258     -5.741383972250      0.019841124823      0.538225716833
  258      5.731887981970      3.823072548717      0.438955282490
  258     -5.758875781947     -3.812730932114      0.555779378118
  258      5.752334265085     -3.832018034699      0.458319143675
  258     -5.748568023620      3.839998859792      0.544757466882
  258      5.728986854761      7.677234526360      0.412786968799
  258     -5.749905750397      7.675691984788      0.544653373840
    8     -0.006255205994      0.001562810932     -0.804586952389
    8      0.020161905834      3.839044159580     -0.807473489306
    8      0.004184460743     -3.842121936405     -0.795318610463
    8     -0.002322922885      7.664995706778     -0.771640386447
    8      3.820570718971     -0.005645287143     -0.814564862761
    8     -3.846261915414      0.010769683266     -0.756386958156
    8      3.839188668017      3.833443082619     -0.788551866091
    8     -3.852978954705     -3.831952329385     -0.785978197359
    8      3.839859216744     -3.842276620584     -0.745411239493
    8     -3.857347131544      3.840410532778     -0.831689855962
    8      3.824563159086      7.671937372943     -0.784430856584
    8     -3.848715378682      7.671870025747     -0.748393135489
    8      7.693973732481      0.004046924644     -0.837726752367
    8      7.685315168561      3.837458243418     -0.732472121338
    8      7.684934331327     -3.832685054435     -0.731485979199
    8      7.687333320244      7.669971789804     -0.792502468077
    8      1.917709348877      1.914950379504     -0.989145343131
    8     -1.924197514830     -1.907839114391     -0.981789417326
    8      1.913534745987     -1.933609186875     -0.982360006733
    8     -1.914732051488      1.919544104968     -0.970004286091
    8      1.921837066241      5.753276290565     -0.975331372986
    8     -1.923718186099     -5.767547234430     -0.972866156299
    8      1.913283993189     -5.764356127051     -0.968618533359
    8     -1.915373271891      5.766009366015     -0.961122648305
    8      5.754034384738      1.924198131474     -0.970293293885
    8     -5.746656331271     -1.907171518354     -0.814819764149
    8      5.753245018659     -1.931466531311     -0.966209803562
    8     -5.753350608539      1.928797199543     -0.798631690789
    8      5.754550003407      5.747511048129     -0.959191578539
    8     -5.750056788828     -5.751614710133     -0.849930980603
    8      5.756579212855     -5.752103204627     -0.956707173930
    8     -5.755341448435      5.752417301012     -0.813409093089
  258      0.000136984564      1.914688531687     -2.190956964310
  258     -0.003064649602     -1.919191595988     -2.184679986713
  258      0.001736278359      5.757498491385     -2.185256101499
  258     -0.003538835555     -5.757550014678     -2.179517056389
  258      3.836100672403      1.919727313318     -2.189451287751
  258     -3.852708674132     -1.915938512938     -2.146064731634
  258      3.834719673153     -1.926750710030     -2.182540116845
  258     -3.850007063513      1.925375398929     -2.147884315593
  258      3.839211690169      5.750104222688     -2.180157819519
  258     -3.855478628285     -5.751793271109     -2.143650434378
  258      3.837506097914     -5.753087965685     -2.175232391091
  258     -3.852503922769      5.754387656262     -2.144728791238
  258      7.688545923270      1.916959971214     -2.145935390953
  258      7.690247061675     -1.914551325706     -2.144151883950
  258      7.686451127746      5.755043614481     -2.140278015187
  258      7.690597799951     -5.752417530157     -2.140850661636
    8      1.918694085325      1.918578536517     -3.631225492451
    8     -1.918699836844     -1.917795024089     -3.622988267035
    8      1.920023063157     -1.918874938012     -3.626782375621
    8     -1.919182209041      1.918897081326     -3.619402715080
    8      1.918320797111      5.754231906668     -3.623136627380
    8     -1.915217076682     -5.754140927331     -3.619783657267
    8      1.920072584554     -5.753883229789     -3.618820234248
    8     -1.916432364154      5.753229949530     -3.614830218054
    8      5.754878016296      1.918631492744     -3.619344244841
    8     -5.754536023307     -1.916876850864     -3.573969752844
    8      5.752722364255     -1.918502928592     -3.616593943160
    8     -5.754126546700      1.918755028659     -3.569784797620
    8      5.754201505923      5.753491644234     -3.613036370967
    8     -5.756080562925     -5.753670715158     -3.584543603883
    8      5.750519221403     -5.753707257386     -3.611382831067
    8     -5.755794306251      5.752815371462     -3.571604790628
    8      0.000000000000      0.000000000000     -3.390356274875
    8      0.000000000000      3.835750260159     -3.390356274875
    8      0.000000000000     -3.835750260159     -3.390356274875
    8      0.000000000000      7.671500520300     -3.390356274875
    8      3.835750260161      0.000000000000     -3.390356274875
    8     -3.835750260161      0.000000000000     -3.390356274875
    8      3.835750260161      3.835750260159     -3.390356274875
    8     -3.835750260161     -3.835750260159     -3.390356274875
    8      3.835750260161     -3.835750260159     -3.390356274875
    8     -3.835750260161      3.835750260159     -3.390356274875
    8      3.835750260161      7.671500520300     -3.390356274875
    8     -3.835750260161      7.671500520300     -3.390356274875
    8      7.671500520300      0.000000000000     -3.390356274875
    8      7.671500520300      3.835750260159     -3.390356274875
    8      7.671500520300     -3.835750260159     -3.390356274875
    8      7.671500520300      7.671500520300     -3.390356274875
  258      1.917875130081      0.000000000000     -4.746498784825
  258     -1.917875130081      0.000000000000     -4.746498784825
  258      1.917875130081      3.835750260159     -4.746498784825
  258     -1.917875130081     -3.835750260159     -4.746498784825
  258      1.917875130081     -3.835750260159     -4.746498784825
  258     -1.917875130081      3.835750260159     -4.746498784825
  258      1.917875130081      7.671500520300     -4.746498784825
  258     -1.917875130081      7.671500520300     -4.746498784825
  258      5.753625390240      0.000000000000     -4.746498784825
  258     -5.753625390240      0.000000000000     -4.746498784825
  258      5.753625390240      3.835750260159     -4.746498784825
  258     -5.753625390240     -3.835750260159     -4.746498784825
  258      5.753625390240     -3.835750260159     -4.746498784825
  258     -5.753625390240      3.835750260159     -4.746498784825
  258      5.753625390240      7.671500520300     -4.746498784825
  258     -5.753625390240      7.671500520300     -4.746498784825
    8      0.000000000000      0.000000000000     -6.100000000000
    8      0.000000000000      3.835750260159     -6.100000000000
    8      0.000000000000     -3.835750260159     -6.100000000000
    8      0.000000000000      7.671500520300     -6.100000000000
    8      3.835750260161      0.000000000000     -6.100000000000
    8     -3.835750260161      0.000000000000     -6.100000000000
    8      3.835750260161      3.835750260159     -6.100000000000
    8     -3.835750260161     -3.835750260159     -6.100000000000
    8      3.835750260161     -3.835750260159     -6.100000000000
    8     -3.835750260161      3.835750260159     -6.100000000000
    8      3.835750260161      7.671500520300     -6.100000000000
    8     -3.835750260161      7.671500520300     -6.100000000000
    8      7.671500520300      0.000000000000     -6.100000000000
    8      7.671500520300      3.835750260159     -6.100000000000
    8      7.671500520300     -3.835750260159     -6.100000000000
    8      7.671500520300      7.671500520300     -6.100000000000
    1     23.513393565212     21.489905192712      5.956725774788
    6     22.178721936340     27.267451156948      5.835303612581
    6     22.371346406105     28.585880433207      6.563868955410
    1     21.498355103485     28.774212384902      7.199040971618
    1     23.260662804330     28.551204981400      7.196147198617
    1     22.461340959388     29.427282369178      5.872811739775
    1     22.174398280333     26.407443097281      6.512824330742
    1     21.255512223731     27.253996446225      5.250009403636
    1     24.733908696269     23.750201856374      5.818683016624
    6     24.599558948058     21.565406060432      5.798243400851
    1     24.926565697337     20.722377911057      5.167457365196
    1     25.098753117753     21.449508818354      6.764813576107
   14     24.921850360274     27.017623461658      5.226826154606
    8     23.235048710699     27.048485100980      4.844462705662
    8     25.044575290110     26.818562143192      6.848952813326
    8     28.614863945610     26.866219382088      3.816792557441
    6     28.650558773109     26.835245409227      5.237105745059
    6     25.755279319151     27.738075647365      7.687164322348
    6     29.993946081190     27.299855201730      5.791975053151
    6     25.221490426385     27.637954653654      9.103529092318
    1     30.087797614845     27.074128639135      6.859445678169
    1     25.778608187537     28.312865580557      9.765279784742
    1     24.162060923102     27.912104440502      9.142692016169
    1     25.322235270129     26.616826685436      9.484579985860
    1     26.828944799395     27.488301550334      7.660423956701
    1     25.652668018065     28.761028961716      7.294702443192
    1     27.848675913750     27.477299079800      5.646561473851
    1     28.443930432043     25.803283988520      5.568623767460
    1     30.101758030142     28.387372684430      5.686713734394
    1     30.841739991393     26.804050980761      5.288421729279
    8     24.152090127554     23.038962829480      3.960672403589
    6     24.902080472288     22.907151561485      5.131337732482
    1     26.003396479027     22.969620876684      4.902954727343
    0    0
