   2   1   1 E -4.0955950486107E+04 DE 4.3E-07( 11)
  0.153430010406E+02  0.000000000000E+00  0.000000000000E+00
  0.000000000000E+00  0.153430010406E+02  0.000000000000E+00
  0.000000000000E+00  0.000000000000E+00  0.500000000000E+03
    1
  0.100000000000E+01  0.000000000000E+00  0.000000000000E+00
  0.000000000000E+00  0.100000000000E+01  0.000000000000E+00
  0.000000000000E+00  0.000000000000E+00  0.100000000000E+01
  0.000000000000E+00  0.000000000000E+00  0.000000000000E+00
  225
    8      1.789249327190      2.671595942345      3.937673610127
    8     28.845503656197     29.707279831944      3.862117844805
    8      1.867298989417     -1.231750919986      3.966872336727
    8     -1.890917524867      2.267685927377      4.072909023113
    8      2.135612706450      6.386967297084      4.005737054501
    8     28.680983074055     23.999125369190      3.897482165959
    8      1.804744351056     -5.323789276290      4.052003996160
    8     -1.658461394371      5.499722072729      4.104949671160
    8      5.465267651374      2.630022115511      3.985367707860
    8     -5.136685428681     -2.282333890520      4.683844471983
    8      5.597217288269     -1.171237151105      3.940760877196
    8     -7.141402868353      0.280041541654      4.083605567050
    8      5.839986171235      6.258308670370      4.060365719212
    8     -5.240885667768     -4.937635385002      4.413615174610
    8      5.709962553638     -5.580664157277      4.104175260802
    8     -4.521367825718      3.998141552647      3.978730488579
  258      0.043107960625      1.937409587700      3.047389351976
  258      0.023544167652     -1.872712580506      3.017640881553
  258      0.052573093982      5.755710711328      3.049704490917
  258      0.000224655296     -5.726991164669      3.040158943543
  258      3.776940969461      1.953353939190      3.048190698019
  258     -3.602677391475     -1.911500136111      3.060325043870
  258      3.764669789173     -1.844265368096      3.027892941309
  258     -3.651592228320      2.043898653224      3.067736442028
  258      3.805595566458      5.742006244517      3.063423888918
  258     -3.646220948890     -5.758518700065      3.053782115130
  258      3.778424532711     -5.784905455391      3.045108190059
  258     -3.653969310688      5.657532398270      3.094508751889
  258      7.481874417020      1.861561175540      3.058795983528
  258      7.525334156702     -1.741303113791      3.079915282979
  258      7.525318403247      5.835025758185      3.036763218755
  258      7.553039968480     -5.757769740555      3.090231661830
    8      1.929441393557      1.867977876482      1.566694285465
    8     -1.832615858465     -1.962185022865      1.556318977652
    8      1.950058056290     -1.963378151452      1.569734264436
    8     -1.865517158028      1.899641762358      1.603882233819
    8      1.910234098527      5.696656504923      1.589162205562
    8     -1.835232019349     -5.698229497926      1.568164397426
    8      1.966997187764     -5.808040919893      1.592786378684
    8     -1.857872048804      5.787929064659      1.619381971982
    8      5.689316210523      1.857889216247      1.604487645957
    8     -5.800968686263     -1.853716828244      1.897670244659
    8      5.704433243421     -1.967113889253      1.607356384312
    8     -5.740974208531      1.950432588833      1.930425755931
    8      5.712274409885      5.705130034667      1.610875891999
    8     -5.818827373057     -5.753962539538      1.793571361296
    8      5.701599414541     -5.763164347436      1.621314944435
    8     -5.781593801812      5.737008585470      1.879306249998
    8      0.051562999842     -0.007229113140      1.862822937375
    8      0.001285937263      3.826487706992      1.891099587765
    8      0.097540129498     -3.842109124169      1.885684103032
    8      0.055419677919      7.681857954773      1.927282553292
    8      3.795717565432     -0.009686131494      1.882917871758
    8     -3.803930494520      0.010815484969      1.938654269955
    8      3.798605772002      3.818651408285      1.878550800106
    8     -3.849648671881     -3.808358332705      1.834264560321
    8      3.819235000858     -3.864826944030      2.051640618568
    8     -3.680542151450      3.843063182457      1.688380968573
    8      3.840276016423      7.647337819664      1.930888002446
    8     -3.840867115467      7.650704634766      1.909782330544
    8      7.556239267863      0.010299091786      1.686536085734
    8      7.633393287607      3.828259186578      1.984477986607
    8      7.623842015793     -3.818290103395      1.991434587131
    8      7.529609727496      7.673953466902      1.796595070438
  258      1.912078793228     -0.003360617944      0.403244522190
  258     -1.899266128798      0.018590556697      0.428693144914
  258      1.920405019185      3.821840647395      0.418181070473
  258     -1.901525925637     -3.832637690030      0.397684970942
  258      1.915210272048     -3.851540560958      0.426570916727
  258     -1.876348945162      3.845125747075      0.392587088327
  258      1.912335527524      7.651411549021      0.429031251028
  258     -1.907078314258      7.664698196073      0.441641990301
  258      5.718972934742     -0.006448722978      0.385511483787
  258     -5.741950500886      0.018696747984      0.538909320260
  258      5.731092195972      3.821722319950      0.439232554776
  258     -5.760363234821     -3.815104579824      0.556835721875
  258      5.751391478369     -3.835982472228      0.457725115019
  258     -5.748048359746      3.840719017283      0.543907958619
  258      5.727681902722      7.674169705151      0.414459847335
  258     -5.751882145458      7.675423227029      0.543226166806
    8     -0.008152838030      0.001028223463     -0.800705781802
    8      0.018950785150      3.839254270266     -0.810991953932
    8      0.003333457387     -3.840687562547     -0.796959558396
    8     -0.003163154762      7.664418272354     -0.772425559758
    8      3.821899026509     -0.006860196778     -0.815240117388
    8     -3.846526912064      0.011082372907     -0.751930003292
    8      3.839870430039      3.833262614793     -0.793769745113
    8     -3.854733972315     -3.831574354262     -0.784839958976
    8      3.840755264566     -3.842827339772     -0.744908708102
    8     -3.857441097253      3.839179262473     -0.832588586561
    8      3.825380664752      7.673124065181     -0.786146740574
    8     -3.849215987048      7.672444581865     -0.752241294423
    8      7.694513025755      0.004268763377     -0.836263988840
    8      7.685085420550      3.836543696580     -0.733275993012
    8      7.685968881847     -3.832959924225     -0.732326232369
    8      7.686711150148      7.669298617400     -0.793895617648
    8      1.917586859595      1.913909596338     -0.986807273284
    8     -1.925722051768     -1.906515964760     -0.980412388788
    8      1.914079050270     -1.933166855449     -0.983223902941
    8     -1.914778762031      1.917420647424     -0.967106396139
    8      1.922294623881      5.753792053844     -0.974536735396
    8     -1.924483076143     -5.765537137067     -0.974349592257
    8      1.911980426727     -5.764155754634     -0.970905271234
    8     -1.916598873742      5.766331100583     -0.961431070510
    8      5.754032382860      1.922139773138     -0.965492572061
    8     -5.747208052861     -1.906816975765     -0.810143099862
    8      5.754907738681     -1.933147041790     -0.966673782493
    8     -5.752962524359      1.928031858528     -0.799821839652
    8      5.754418313078      5.746641478291     -0.957697633177
    8     -5.750693502747     -5.750778515542     -0.846096118926
    8      5.757416927973     -5.753189999992     -0.956876441659
    8     -5.755297101274      5.751924463968     -0.816070373970
  258      0.000118217759      1.914841383667     -2.190703147795
  258     -0.002839659654     -1.919266760481     -2.184218223806
  258      0.002351021366      5.757967746799     -2.185277276858
  258     -0.002583249380     -5.757930386002     -2.179956266571
  258      3.836121365700      1.919943271788     -2.188993873910
  258     -3.853254150427     -1.915829499713     -2.145689859574
  258      3.834390639033     -1.926868965835     -2.182344290525
  258     -3.850227075625      1.925464353982     -2.147729036843
  258      3.839020470146      5.750021061862     -2.180097672637
  258     -3.856633615004     -5.752388875630     -2.144444800508
  258      3.837060795079     -5.754096037057     -2.175078652648
  258     -3.853417109427      5.754729213447     -2.145525001321
  258      7.688759100045      1.916385896035     -2.144801653271
  258      7.690514805675     -1.915084495823     -2.143895311187
  258      7.686306267844      5.754595793310     -2.140260695340
  258      7.690428114711     -5.753244139020     -2.141071803634
    8      1.918094910789      1.918537478892     -3.629663406992
    8     -1.919468430311     -1.917894832367     -3.622933503791
    8      1.919871149068     -1.918408151786     -3.626663527701
    8     -1.919463888153      1.918675490300     -3.618329476907
    8      1.917952702811      5.753817141512     -3.622562299484
    8     -1.915921473468     -5.754209415749     -3.621375295577
    8      1.920166724866     -5.753994110569     -3.619455308881
    8     -1.916437706338      5.753232928536     -3.616101908594
    8      5.755398714570      1.918675449564     -3.618259744785
    8     -5.754281755298     -1.917134562245     -3.571252029318
    8      5.753191913936     -1.918529780539     -3.617614272096
    8     -5.754045806642      1.918297447919     -3.569697763957
    8      5.754197645215      5.753520894209     -3.613471621777
    8     -5.756281859457     -5.753552689265     -3.582085598046
    8      5.750753901196     -5.753742400808     -3.612569999195
    8     -5.755795061761      5.752819002842     -3.572319359248
    8      0.000000000000      0.000000000000     -3.390356274875
    8      0.000000000000      3.835750260159     -3.390356274875
    8      0.000000000000     -3.835750260159     -3.390356274875
    8      0.000000000000      7.671500520300     -3.390356274875
    8      3.835750260161      0.000000000000     -3.390356274875
    8     -3.835750260161      0.000000000000     -3.390356274875
    8      3.835750260161      3.835750260159     -3.390356274875
    8     -3.835750260161     -3.835750260159     -3.390356274875
    8      3.835750260161     -3.835750260159     -3.390356274875
    8     -3.835750260161      3.835750260159     -3.390356274875
    8      3.835750260161      7.671500520300     -3.390356274875
    8     -3.835750260161      7.671500520300     -3.390356274875
    8      7.671500520300      0.000000000000     -3.390356274875
    8      7.671500520300      3.835750260159     -3.390356274875
    8      7.671500520300     -3.835750260159     -3.390356274875
    8      7.671500520300      7.671500520300     -3.390356274875
  258      1.917875130081      0.000000000000     -4.746498784825
  258     -1.917875130081      0.000000000000     -4.746498784825
  258      1.917875130081      3.835750260159     -4.746498784825
  258     -1.917875130081     -3.835750260159     -4.746498784825
  258      1.917875130081     -3.835750260159     -4.746498784825
  258     -1.917875130081      3.835750260159     -4.746498784825
  258      1.917875130081      7.671500520300     -4.746498784825
  258     -1.917875130081      7.671500520300     -4.746498784825
  258      5.753625390240      0.000000000000     -4.746498784825
  258     -5.753625390240      0.000000000000     -4.746498784825
  258      5.753625390240      3.835750260159     -4.746498784825
  258     -5.753625390240     -3.835750260159     -4.746498784825
  258      5.753625390240     -3.835750260159     -4.746498784825
  258     -5.753625390240      3.835750260159     -4.746498784825
  258      5.753625390240      7.671500520300     -4.746498784825
  258     -5.753625390240      7.671500520300     -4.746498784825
    8      0.000000000000      0.000000000000     -6.100000000000
    8      0.000000000000      3.835750260159     -6.100000000000
    8      0.000000000000     -3.835750260159     -6.100000000000
    8      0.000000000000      7.671500520300     -6.100000000000
    8      3.835750260161      0.000000000000     -6.100000000000
    8     -3.835750260161      0.000000000000     -6.100000000000
    8      3.835750260161      3.835750260159     -6.100000000000
    8     -3.835750260161     -3.835750260159     -6.100000000000
    8      3.835750260161     -3.835750260159     -6.100000000000
    8     -3.835750260161      3.835750260159     -6.100000000000
    8      3.835750260161      7.671500520300     -6.100000000000
    8     -3.835750260161      7.671500520300     -6.100000000000
    8      7.671500520300      0.000000000000     -6.100000000000
    8      7.671500520300      3.835750260159     -6.100000000000
    8      7.671500520300     -3.835750260159     -6.100000000000
    8      7.671500520300      7.671500520300     -6.100000000000
    1     23.497528962359     21.509971237794      5.950853016839
    6     22.188474826794     27.282408968681      5.820839759583
    6     22.392919505799     28.595845067870      6.553017162113
    1     21.512294349504     28.796117085033      7.175987853596
    1     23.271455763323     28.544486672552      7.199963948784
    1     22.502989201139     29.437511605779      5.864307848923
    1     22.153510289069     26.422768003312      6.497891956213
    1     21.274557429331     27.288435250424      5.221508833665
    1     24.726864715425     23.766412148926      5.812528768279
    6     24.587125574752     21.581791685398      5.809304024410
    1     24.923673627903     20.735280513276      5.188682827725
    1     25.069925471463     21.472495342777      6.785344377783
   14     24.938327954511     27.023798274633      5.234644521166
    8     23.253654043691     27.041350999682      4.843972170023
    8     25.051003455836     26.831518197071      6.858313563175
    8     28.668651370296     26.839855392028      3.805107197369
    6     28.676720679370     26.812904463273      5.226488089341
    6     25.764421251528     27.754282119347      7.692557718408
    6     30.011005759109     27.276089265051      5.804070078442
    6     25.245894646853     27.641500761181      9.113312145274
    1     30.083650013430     27.056983158624      6.874784773353
    1     25.794344798591     28.326443026927      9.769719994716
    1     24.181549823357     27.894066018620      9.160823022490
    1     25.369612266273     26.621510842640      9.492578974533
    1     26.840597426765     27.516935971236      7.653183778333
    1     25.647383613424     28.779185531107      7.306687254539
    1     27.868097670960     27.457265577246      5.618983386445
    1     28.461278935971     25.782545258221      5.558469112680
    1     30.123755571514     28.362821980081      5.694135501024
    1     30.865669785411     26.775232657186      5.317580482067
    8     24.169372049789     23.042171407332      3.952386132677
    6     24.903311032484     22.916998036751      5.135191682704
    1     26.007641457986     22.974691789034      4.920952356957
    0    0
