   2   1   1 E -4.0955954588157E+04 DE-3.9E-08( 10)
  0.153430010406E+02  0.000000000000E+00  0.000000000000E+00
  0.000000000000E+00  0.153430010406E+02  0.000000000000E+00
  0.000000000000E+00  0.000000000000E+00  0.500000000000E+03
    1
  0.100000000000E+01  0.000000000000E+00  0.000000000000E+00
  0.000000000000E+00  0.100000000000E+01  0.000000000000E+00
  0.000000000000E+00  0.000000000000E+00  0.100000000000E+01
  0.000000000000E+00  0.000000000000E+00  0.000000000000E+00
  225
    8      1.868104763984      2.646233415015      3.938696422731
    8     28.770533707888     29.764607381448      3.846807349525
    8      1.742814958427     -1.167815557635      3.955928912219
    8     -1.818832449285      2.320913277885      4.051677450403
    8      2.109011051883      6.396361728312      3.997620996784
    8     28.694270390781     24.046342172366      3.915281707691
    8      1.812672094937     -5.295940325254      4.049881516949
    8     -1.673427285948      5.559694099992      4.114219991036
    8      5.561436135941      2.528738046023      4.000912508289
    8     -5.152651081821     -2.307848424527      4.677680264020
    8      5.469477685254     -1.237775756090      3.991905196376
    8     -7.225720474793      0.128422449342      4.066254344347
    8      5.821884446027      6.165387109654      4.086026126431
    8     -5.294237366651     -4.965775235419      4.398993931151
    8      5.710632907132     -5.642593841821      4.108037479633
    8     -4.469319218584      3.948259097072      3.992949356985
  258      0.059968701897      1.924742272957      3.045931312560
  258      0.013385222479     -1.861196995284      3.021622327118
  258      0.050516355090      5.756733341356      3.052022370494
  258      0.008465823017     -5.726834067055      3.041358241917
  258      3.781372133802      1.942966330730      3.045704539345
  258     -3.612760800828     -1.899373993644      3.063195696438
  258      3.759391835322     -1.847932214687      3.032264609010
  258     -3.627261251394      2.040309468584      3.066739884464
  258      3.794918223674      5.747960325954      3.059589877389
  258     -3.645276279644     -5.746087324734      3.058572158689
  258      3.782712240193     -5.779121749584      3.043588438290
  258     -3.648265277499      5.649623719422      3.093576979459
  258      7.469243007815      1.852578859558      3.051067503943
  258      7.529201786133     -1.737831909190      3.083353023724
  258      7.512150601907      5.831250569751      3.036896160672
  258      7.560954340864     -5.758606369500      3.091079691486
    8      1.928267084294      1.866542623622      1.562437980091
    8     -1.838724633433     -1.960268341654      1.552798995885
    8      1.955188453780     -1.967552259666      1.575046563156
    8     -1.863938689592      1.899369261377      1.598802402403
    8      1.918744458382      5.696072308943      1.585570781883
    8     -1.839959184238     -5.699269161904      1.571766794611
    8      1.960805095593     -5.812102456986      1.596783348657
    8     -1.856726243333      5.776520963679      1.620943366135
    8      5.685883385493      1.866601494110      1.595160462177
    8     -5.806543610190     -1.846937752488      1.887351378254
    8      5.716987578078     -1.950946407820      1.620824945923
    8     -5.748411937469      1.953790050819      1.958991411077
    8      5.705824598168      5.718174140291      1.609164520604
    8     -5.820177952283     -5.765662728262      1.786589659735
    8      5.708601222071     -5.753956318178      1.620349969405
    8     -5.773395263670      5.725257938500      1.900385049478
    8      0.038022539210     -0.001014300390      1.837599078842
    8      0.016584062007      3.822080144961      1.903688760822
    8      0.090891464325     -3.846114066249      1.889681571578
    8      0.049856339313      7.677795542663      1.927609424313
    8      3.795357017842     -0.006504195763      1.881815576135
    8     -3.817154056520      0.029173177681      1.916079352764
    8      3.812054695485      3.817410221901      1.901546320457
    8     -3.858920251411     -3.813554252503      1.828429370823
    8      3.827018959683     -3.865296840812      2.039524429142
    8     -3.680950071830      3.835395278555      1.687120086535
    8      3.842785167237      7.654283290408      1.933296654638
    8     -3.833100725957      7.648794547960      1.925171941289
    8      7.553802776833      0.029597700743      1.675438640168
    8      7.621421322673      3.827896824135      1.984072289034
    8      7.631298957320     -3.815132590105      1.992316011205
    8      7.528584026115      7.670314023802      1.797200434529
  258      1.910029819989     -0.007212274486      0.401626795230
  258     -1.900118847829      0.016536433611      0.425238439002
  258      1.921438622555      3.820458080264      0.419131556800
  258     -1.901776855549     -3.830242430835      0.402708722754
  258      1.913848958472     -3.851230221305      0.428858358324
  258     -1.873025713129      3.843004403327      0.391313108486
  258      1.911746482427      7.652154324173      0.426504627804
  258     -1.906088739858      7.666311104931      0.444528222457
  258      5.717336413587     -0.008335507103      0.383588462069
  258     -5.741336805580      0.020126919267      0.537687503299
  258      5.732552518595      3.825082332967      0.436437643508
  258     -5.759153158048     -3.812704979829      0.556214697972
  258      5.752853228287     -3.829996545463      0.461273864740
  258     -5.748805713276      3.837951987950      0.548410104811
  258      5.728351218397      7.679266863366      0.411368438252
  258     -5.750019421563      7.673998233276      0.547054200576
    8     -0.006079314490      0.001044565508     -0.809281095277
    8      0.021686577533      3.839346817198     -0.805911966383
    8      0.003619501695     -3.842787565903     -0.795909389257
    8     -0.003154836316      7.665019653710     -0.771759104956
    8      3.820057556126     -0.006012698972     -0.816512012996
    8     -3.846911877384      0.010933114399     -0.761787357801
    8      3.838703595308      3.834264375680     -0.785492355240
    8     -3.853340790812     -3.832505769922     -0.786626527329
    8      3.840151499475     -3.842084893319     -0.745991222640
    8     -3.856991896306      3.840875144643     -0.830591374835
    8      3.824020050540      7.671794027744     -0.785650521104
    8     -3.849063027785      7.670728343153     -0.745753409394
    8      7.691896621648      0.003353651693     -0.841566391689
    8      7.685608167395      3.837555733256     -0.732086381922
    8      7.684138481904     -3.833157342275     -0.732428228938
    8      7.688320704474      7.669402676061     -0.792578106021
    8      1.918189707644      1.915598574393     -0.988547122077
    8     -1.924393622980     -1.909035115563     -0.983604418423
    8      1.913099282614     -1.934453542082     -0.981486197696
    8     -1.914383231450      1.921138878990     -0.970655403113
    8      1.921326646978      5.753552639905     -0.975253082828
    8     -1.924219286600     -5.768947536551     -0.972213515519
    8      1.913150626053     -5.764654601126     -0.968631122324
    8     -1.915224403523      5.765687710993     -0.959803890209
    8      5.753394290159      1.924612399524     -0.971275222268
    8     -5.747279822279     -1.907271911216     -0.816750278713
    8      5.752090740265     -1.932184576865     -0.962825784203
    8     -5.753534548714      1.930117753374     -0.791986526402
    8      5.754581203506      5.747640321359     -0.959695551214
    8     -5.750068648482     -5.752967717617     -0.848871022238
    8      5.756383646637     -5.751575075292     -0.956335147836
    8     -5.755461934426      5.750871078620     -0.806893404679
  258      0.000628704657      1.913967597653     -2.191395326619
  258     -0.003585873141     -1.919790977765     -2.185042123061
  258      0.001692501622      5.757700869192     -2.185394897210
  258     -0.003853295335     -5.756884709193     -2.179091210655
  258      3.835966613680      1.919133230357     -2.189641594316
  258     -3.853203586696     -1.916254331550     -2.146564069159
  258      3.834381019380     -1.927604660692     -2.182666824345
  258     -3.850229047689      1.925284341049     -2.147722819191
  258      3.838751489691      5.750612518830     -2.180674099622
  258     -3.855769571060     -5.751626587233     -2.143018140330
  258      3.837336092581     -5.752225655533     -2.174847892067
  258     -3.852629348455      5.753982676535     -2.143567750798
  258      7.688106994156      1.916311392733     -2.145458698195
  258      7.690290161021     -1.914853440298     -2.144097752857
  258      7.687130942460      5.755240771019     -2.140125291448
  258      7.690774503486     -5.751953945571     -2.140225752920
    8      1.918752952501      1.918645172397     -3.630846087593
    8     -1.918668217030     -1.917861533414     -3.624473289397
    8      1.920358913247     -1.918897029879     -3.626693470933
    8     -1.919351199231      1.919068382600     -3.619590981652
    8      1.918354522873      5.754072135467     -3.622740811836
    8     -1.915454827758     -5.754278292875     -3.619701808481
    8      1.920149326235     -5.753893673002     -3.618870182598
    8     -1.916823869425      5.753166671483     -3.613992548185
    8      5.755003136112      1.918675446527     -3.619576504417
    8     -5.754858739942     -1.916657442483     -3.575106111220
    8      5.752497481952     -1.918539316467     -3.615507929956
    8     -5.754050284212      1.919079566193     -3.567709247689
    8      5.754371950838      5.753436611547     -3.612931694722
    8     -5.756101630763     -5.753715320703     -3.584323535873
    8      5.750652987479     -5.753667743416     -3.611751664328
    8     -5.755736215879      5.752550632182     -3.569164191404
    8      0.000000000000      0.000000000000     -3.390356274875
    8      0.000000000000      3.835750260159     -3.390356274875
    8      0.000000000000     -3.835750260159     -3.390356274875
    8      0.000000000000      7.671500520300     -3.390356274875
    8      3.835750260161      0.000000000000     -3.390356274875
    8     -3.835750260161      0.000000000000     -3.390356274875
    8      3.835750260161      3.835750260159     -3.390356274875
    8     -3.835750260161     -3.835750260159     -3.390356274875
    8      3.835750260161     -3.835750260159     -3.390356274875
    8     -3.835750260161      3.835750260159     -3.390356274875
    8      3.835750260161      7.671500520300     -3.390356274875
    8     -3.835750260161      7.671500520300     -3.390356274875
    8      7.671500520300      0.000000000000     -3.390356274875
    8      7.671500520300      3.835750260159     -3.390356274875
    8      7.671500520300     -3.835750260159     -3.390356274875
    8      7.671500520300      7.671500520300     -3.390356274875
  258      1.917875130081      0.000000000000     -4.746498784825
  258     -1.917875130081      0.000000000000     -4.746498784825
  258      1.917875130081      3.835750260159     -4.746498784825
  258     -1.917875130081     -3.835750260159     -4.746498784825
  258      1.917875130081     -3.835750260159     -4.746498784825
  258     -1.917875130081      3.835750260159     -4.746498784825
  258      1.917875130081      7.671500520300     -4.746498784825
  258     -1.917875130081      7.671500520300     -4.746498784825
  258      5.753625390240      0.000000000000     -4.746498784825
  258     -5.753625390240      0.000000000000     -4.746498784825
  258      5.753625390240      3.835750260159     -4.746498784825
  258     -5.753625390240     -3.835750260159     -4.746498784825
  258      5.753625390240     -3.835750260159     -4.746498784825
  258     -5.753625390240      3.835750260159     -4.746498784825
  258      5.753625390240      7.671500520300     -4.746498784825
  258     -5.753625390240      7.671500520300     -4.746498784825
    8      0.000000000000      0.000000000000     -6.100000000000
    8      0.000000000000      3.835750260159     -6.100000000000
    8      0.000000000000     -3.835750260159     -6.100000000000
    8      0.000000000000      7.671500520300     -6.100000000000
    8      3.835750260161      0.000000000000     -6.100000000000
    8     -3.835750260161      0.000000000000     -6.100000000000
    8      3.835750260161      3.835750260159     -6.100000000000
    8     -3.835750260161     -3.835750260159     -6.100000000000
    8      3.835750260161     -3.835750260159     -6.100000000000
    8     -3.835750260161      3.835750260159     -6.100000000000
    8      3.835750260161      7.671500520300     -6.100000000000
    8     -3.835750260161      7.671500520300     -6.100000000000
    8      7.671500520300      0.000000000000     -6.100000000000
    8      7.671500520300      3.835750260159     -6.100000000000
    8      7.671500520300     -3.835750260159     -6.100000000000
    8      7.671500520300      7.671500520300     -6.100000000000
    1     23.530089700314     21.462462952368      5.962374652014
    6     22.162364806202     27.249179682976      5.825466633170
    6     22.344483257017     28.563552108761      6.562040513640
    1     21.475763725881     28.733774107107      7.208107507376
    1     23.241192823395     28.536654489529      7.184333031766
    1     22.414761234059     29.410105717773      5.875110561834
    1     22.156702634691     26.384230815785      6.496092866181
    1     21.242342096864     27.237324938275      5.235304764936
    1     24.738548020815     23.728152274823      5.826015331787
    6     24.613000709314     21.543545642262      5.786269741136
    1     24.931067377861     20.705691985261      5.143876067665
    1     25.129764431843     21.419414436121      6.742448881032
   14     24.911552136958     27.004916974394      5.226276285584
    8     23.224886050889     27.040600568479      4.838892830787
    8     25.028918994756     26.804127297227      6.848506627345
    8     28.612371948075     26.880288887370      3.817310866068
    6     28.646522362176     26.848779433568      5.237585681658
    6     25.738289874214     27.721987195565      7.689501026326
    6     29.990299976814     27.311373691994      5.793126973312
    6     25.194360146903     27.627320069807      9.102374349844
    1     30.083243525284     27.086374829267      6.860837170829
    1     25.752134806826     28.298486906596      9.767360767452
    1     24.136931082279     27.909610429201      9.134120539926
    1     25.284448400983     26.605834889830      9.484905792300
    1     26.810806320129     27.466938954926      7.670260148393
    1     25.643198687597     28.744722627295      7.294364925927
    1     27.845214302869     27.491759518374      5.646692736121
    1     28.439060723431     25.816915057338      5.568890872216
    1     30.102533215292     28.398744356094      5.688060476820
    1     30.837159906139     26.813463428225      5.289838911098
    8     24.132823864212     23.032869589421      3.969952322956
    6     24.900024243978     22.893087837532      5.127680454424
    1     25.997550643685     22.962986564073      4.884235539988
    0    0
