   2   1   1 E -4.0955954584408E+04 DE-6.0E-08( 10)
  0.153430010406E+02  0.000000000000E+00  0.000000000000E+00
  0.000000000000E+00  0.153430010406E+02  0.000000000000E+00
  0.000000000000E+00  0.000000000000E+00  0.500000000000E+03
    1
  0.100000000000E+01  0.000000000000E+00  0.000000000000E+00
  0.000000000000E+00  0.100000000000E+01  0.000000000000E+00
  0.000000000000E+00  0.000000000000E+00  0.100000000000E+01
  0.000000000000E+00  0.000000000000E+00  0.000000000000E+00
  225
    8      1.867046459750      2.645953120189      3.938714504843
    8     28.770451308975     29.764483780029      3.846816149610
    8      1.742618806134     -1.168305008888      3.956303111088
    8     -1.820355888521      2.320226737783      4.052353580629
    8      2.109048318208      6.396257054145      3.997709530913
    8     28.694088530058     24.046073608419      3.915216328443
    8      1.812360257825     -5.296144748216      4.049931276972
    8     -1.672876523882      5.559074739817      4.114219946825
    8      5.561347012979      2.527365759709      4.001133494334
    8     -5.153328216405     -2.307528742325      4.677348706055
    8      5.469287165547     -1.242380061713      3.993615029260
    8     -7.227944001702      0.127515610902      4.067251379137
    8      5.821792034636      6.163883620755      4.086457146539
    8     -5.293464144707     -4.965504678296      4.398986715046
    8      5.710434218439     -5.643908479435      4.108021152014
    8     -4.469734732281      3.949607135765      3.992942532870
  258      0.060070510456      1.924754284011      3.045814094132
  258      0.013123588887     -1.861345438905      3.021521199919
  258      0.050621371563      5.756770237938      3.052071942714
  258      0.008543778730     -5.726886952967      3.041274697834
  258      3.781314823477      1.943018119797      3.045561095401
  258     -3.613000907834     -1.899378817893      3.063074814308
  258      3.758967311529     -1.848395989338      3.032274706843
  258     -3.627039585633      2.040567321043      3.066864625464
  258      3.794965563770      5.748076168767      3.059623783972
  258     -3.645196722736     -5.746168169934      3.058520744662
  258      3.782799320115     -5.779119992940      3.043449252879
  258     -3.648254175441      5.649842115483      3.093736088398
  258      7.469354107330      1.852594640119      3.050847542665
  258      7.528849338923     -1.737838382591      3.083834433058
  258      7.512100091776      5.831443555677      3.036726644839
  258      7.560953600557     -5.758425173272      3.091098288511
    8      1.928455133127      1.866571877649      1.562462693011
    8     -1.838878261688     -1.960221194253      1.552787899182
    8      1.954779692263     -1.967370423769      1.575039583485
    8     -1.863633195089      1.899468946542      1.599016922883
    8      1.918890833684      5.696099334790      1.585469780178
    8     -1.840020909366     -5.699317810070      1.571688108229
    8      1.960660500660     -5.812120019750      1.596752664226
    8     -1.856692808039      5.776562070556      1.620914390745
    8      5.685929053766      1.866767287012      1.595107680239
    8     -5.806298842778     -1.847147530559      1.886967595982
    8      5.716652291509     -1.950428267853      1.620841476253
    8     -5.748746139615      1.953845767028      1.959344778463
    8      5.705830656612      5.718369663738      1.609174367211
    8     -5.820307237611     -5.765563280900      1.786572826881
    8      5.708417383500     -5.753683398682      1.620289866050
    8     -5.773705436791      5.725339446160      1.900247260358
    8      0.038063813143     -0.000819725459      1.837677058053
    8      0.016576070833      3.822012581433      1.903588054639
    8      0.090795142215     -3.846120558533      1.889532554961
    8      0.049856174434      7.677767014475      1.927511070305
    8      3.795554817640     -0.006269826865      1.882617314564
    8     -3.817251937107      0.029306411652      1.915957667246
    8      3.812059378368      3.817420978093      1.901700549824
    8     -3.858873458797     -3.813567297921      1.828241759932
    8      3.826682382721     -3.865369244627      2.039170615038
    8     -3.681071104387      3.835473157764      1.687085755234
    8      3.842806376060      7.654386181733      1.933314927059
    8     -3.833211703696      7.648745589781      1.924922037574
    8      7.554094452170      0.029933622666      1.675620421949
    8      7.621240995979      3.828047980279      1.984337072578
    8      7.631008370850     -3.815019645953      1.992395273949
    8      7.528535275688      7.670635800440      1.797108943534
  258      1.910005478197     -0.007242910038      0.401636372877
  258     -1.900163655000      0.016556825504      0.425268930061
  258      1.921377284876      3.820519993119      0.419063274694
  258     -1.901817294329     -3.830291436118      0.402683530571
  258      1.913791442321     -3.851281739856      0.428746986399
  258     -1.873102437104      3.842939523823      0.391521740317
  258      1.911776755654      7.652155381975      0.426424819223
  258     -1.906034880169      7.666254602376      0.444489290036
  258      5.717361676765     -0.008402528966      0.383707554448
  258     -5.741390686241      0.019971489433      0.537601559097
  258      5.732527505316      3.825177342651      0.436351850936
  258     -5.759095404232     -3.812730543222      0.556172086955
  258      5.752886505313     -3.829836170925      0.461263177675
  258     -5.748775001275      3.838061772910      0.548480124972
  258      5.728492526480      7.679275226170      0.411418480458
  258     -5.749983591393      7.674070755828      0.546954912150
    8     -0.006078200092      0.001096425372     -0.809167096251
    8      0.021608284785      3.839300177067     -0.805869551284
    8      0.003606638440     -3.842725661078     -0.795942881556
    8     -0.003073217810      7.665051411154     -0.771801413145
    8      3.820140142477     -0.006073060289     -0.816249631957
    8     -3.846965007097      0.010921099956     -0.761837693843
    8      3.838683184370      3.834278039603     -0.785435894770
    8     -3.853299859388     -3.832544963599     -0.786707475215
    8      3.840149550012     -3.841965132011     -0.746001053190
    8     -3.857007938600      3.840887213489     -0.830621636962
    8      3.824068299928      7.671829702482     -0.785645836589
    8     -3.849002533570      7.670662886480     -0.745854196333
    8      7.691748975862      0.003339687004     -0.841493041820
    8      7.685565522747      3.837599101163     -0.731965144014
    8      7.684060460009     -3.833191552090     -0.732417808571
    8      7.688214257269      7.669411710212     -0.792672041878
    8      1.918191796574      1.915518475442     -0.988583787498
    8     -1.924356717713     -1.908930689852     -0.983635098863
    8      1.913121171873     -1.934351934059     -0.981537984136
    8     -1.914452949543      1.921130608678     -0.970625266209
    8      1.921338783536      5.753477637307     -0.975275293664
    8     -1.924158876116     -5.768960380807     -0.972295414703
    8      1.913193865456     -5.764548351610     -0.968621541528
    8     -1.915144573684      5.765607830714     -0.959822582695
    8      5.753316581983      1.924620229094     -0.971328046342
    8     -5.747333005856     -1.907371931620     -0.817009150299
    8      5.752150523001     -1.932198480971     -0.962880600242
    8     -5.753610230039      1.930134939681     -0.791869420733
    8      5.754548420838      5.747638917972     -0.959713486195
    8     -5.750061361774     -5.753046432791     -0.848948770987
    8      5.756348163051     -5.751518492906     -0.956339237596
    8     -5.755479655041      5.750861634127     -0.806927112019
  258      0.000582469408      1.913959537424     -2.191383312927
  258     -0.003608535846     -1.919783410188     -2.185061134494
  258      0.001634029603      5.757660617184     -2.185408003475
  258     -0.003862847181     -5.756892097659     -2.179142679822
  258      3.835974984695      1.919093242322     -2.189638487450
  258     -3.853189774133     -1.916240415188     -2.146575244750
  258      3.834403846421     -1.927602751044     -2.182664918436
  258     -3.850264847787      1.925283042343     -2.147685338313
  258      3.838721539648      5.750638817847     -2.180699249566
  258     -3.855752878028     -5.751636429927     -2.143056130907
  258      3.837382112014     -5.752211247873     -2.174860869124
  258     -3.852610607324      5.753964428565     -2.143551637955
  258      7.688106117619      1.916289327724     -2.145424916682
  258      7.690295392774     -1.914853202342     -2.144112019791
  258      7.687138214663      5.755242391605     -2.140187046005
  258      7.690751431506     -5.751937741513     -2.140235776296
    8      1.918745044169      1.918656175269     -3.630825328654
    8     -1.918629804176     -1.917876684475     -3.624512719815
    8      1.920378640909     -1.918898142030     -3.626717543464
    8     -1.919339757881      1.919075429097     -3.619609489681
    8      1.918368329584      5.754074404893     -3.622715753537
    8     -1.915439358262     -5.754274626269     -3.619763312858
    8      1.920171977203     -5.753905952256     -3.618812800507
    8     -1.916799590545      5.753173896603     -3.614043233515
    8      5.754982848731      1.918674203284     -3.619630170554
    8     -5.754856388558     -1.916632136852     -3.575169708497
    8      5.752464232094     -1.918536050574     -3.615587790873
    8     -5.754117503540      1.919078865342     -3.567616354975
    8      5.754391416986      5.753450755511     -3.612972382990
    8     -5.756106183795     -5.753752020209     -3.584390406128
    8      5.750646873431     -5.753670520986     -3.611788379187
    8     -5.755735385304      5.752533234414     -3.569157423848
    8      0.000000000000      0.000000000000     -3.390356274875
    8      0.000000000000      3.835750260159     -3.390356274875
    8      0.000000000000     -3.835750260159     -3.390356274875
    8      0.000000000000      7.671500520300     -3.390356274875
    8      3.835750260161      0.000000000000     -3.390356274875
    8     -3.835750260161      0.000000000000     -3.390356274875
    8      3.835750260161      3.835750260159     -3.390356274875
    8     -3.835750260161     -3.835750260159     -3.390356274875
    8      3.835750260161     -3.835750260159     -3.390356274875
    8     -3.835750260161      3.835750260159     -3.390356274875
    8      3.835750260161      7.671500520300     -3.390356274875
    8     -3.835750260161      7.671500520300     -3.390356274875
    8      7.671500520300      0.000000000000     -3.390356274875
    8      7.671500520300      3.835750260159     -3.390356274875
    8      7.671500520300     -3.835750260159     -3.390356274875
    8      7.671500520300      7.671500520300     -3.390356274875
  258      1.917875130081      0.000000000000     -4.746498784825
  258     -1.917875130081      0.000000000000     -4.746498784825
  258      1.917875130081      3.835750260159     -4.746498784825
  258     -1.917875130081     -3.835750260159     -4.746498784825
  258      1.917875130081     -3.835750260159     -4.746498784825
  258     -1.917875130081      3.835750260159     -4.746498784825
  258      1.917875130081      7.671500520300     -4.746498784825
  258     -1.917875130081      7.671500520300     -4.746498784825
  258      5.753625390240      0.000000000000     -4.746498784825
  258     -5.753625390240      0.000000000000     -4.746498784825
  258      5.753625390240      3.835750260159     -4.746498784825
  258     -5.753625390240     -3.835750260159     -4.746498784825
  258      5.753625390240     -3.835750260159     -4.746498784825
  258     -5.753625390240      3.835750260159     -4.746498784825
  258      5.753625390240      7.671500520300     -4.746498784825
  258     -5.753625390240      7.671500520300     -4.746498784825
    8      0.000000000000      0.000000000000     -6.100000000000
    8      0.000000000000      3.835750260159     -6.100000000000
    8      0.000000000000     -3.835750260159     -6.100000000000
    8      0.000000000000      7.671500520300     -6.100000000000
    8      3.835750260161      0.000000000000     -6.100000000000
    8     -3.835750260161      0.000000000000     -6.100000000000
    8      3.835750260161      3.835750260159     -6.100000000000
    8     -3.835750260161     -3.835750260159     -6.100000000000
    8      3.835750260161     -3.835750260159     -6.100000000000
    8     -3.835750260161      3.835750260159     -6.100000000000
    8      3.835750260161      7.671500520300     -6.100000000000
    8     -3.835750260161      7.671500520300     -6.100000000000
    8      7.671500520300      0.000000000000     -6.100000000000
    8      7.671500520300      3.835750260159     -6.100000000000
    8      7.671500520300     -3.835750260159     -6.100000000000
    8      7.671500520300      7.671500520300     -6.100000000000
    1     23.529517852911     21.463197237617      5.962265736479
    6     22.162753210893     27.247588342575      5.826239270861
    6     22.344423373967     28.562003658892      6.562807907279
    1     21.475410774723     28.732121825607      7.208471836298
    1     23.240853843569     28.535237063672      7.185496573898
    1     22.414840559910     29.408542810777      5.875915465237
    1     22.158260425356     26.382639263990      6.496887568729
    1     21.242469896612     27.235034128002      5.236551664826
    1     24.738492014956     23.728809313850      5.825755043861
    6     24.612512210407     21.544175861057      5.786548822230
    1     24.930833302492     20.706213174216      5.144420704887
    1     25.128904247473     21.420335553043      6.742954900276
   14     24.911679613597     27.004972048016      5.226223909822
    8     23.224963502549     27.039730989156      4.839060499628
    8     25.029629032077     26.804288523217      6.848395814625
    8     28.612436651712     26.880359268035      3.817139527683
    6     28.646396800996     26.848996889405      5.237420362779
    6     25.738516846950     27.722674543523      7.689249489661
    6     29.990244645428     27.311288671307      5.793044232326
    6     25.195062521370     27.627381859726      9.102251555870
    1     30.083140932849     27.086196802886      6.860740306394
    1     25.752726357784     28.298601082747      9.767213660888
    1     24.137506740945     27.909197129401      9.134469983914
    1     25.285765481816     26.605882666563      9.484449688429
    1     26.811227687519     27.468461519608      7.669664109137
    1     25.642453856536     28.745360675605      7.294231781852
    1     27.845242118879     27.492278886376      5.646386861253
    1     28.438510423429     25.817260917069      5.568873802946
    1     30.102715064392     28.398636253288      5.688030378102
    1     30.837019849528     26.813276817804      5.289728338749
    8     24.132742123860     23.033099361574      3.969871171194
    6     24.899873801026     22.893490716492      5.127713902873
    1     25.997445521545     22.963130632792      4.884253042082
    0    0
