   2   1   1 E -4.0955954590131E+04 DE-5.9E-07(  7)
  0.153430010406E+02  0.000000000000E+00  0.000000000000E+00
  0.000000000000E+00  0.153430010406E+02  0.000000000000E+00
  0.000000000000E+00  0.000000000000E+00  0.500000000000E+03
    1
  0.100000000000E+01  0.000000000000E+00  0.000000000000E+00
  0.000000000000E+00  0.100000000000E+01  0.000000000000E+00
  0.000000000000E+00  0.000000000000E+00  0.100000000000E+01
  0.000000000000E+00  0.000000000000E+00  0.000000000000E+00
  225
    8      1.869123816173      2.646494105891      3.938661590981
    8     28.770630906499     29.764764554746      3.846796353787
    8      1.743003708234     -1.167273384141      3.955573767081
    8     -1.817385997293      2.321664315256      4.051050710155
    8      2.108935394665      6.396358483819      3.997556318973
    8     28.694409614437     24.046671623914      3.915395117711
    8      1.812947511421     -5.295799523342      4.049849810578
    8     -1.673985489453      5.560346535496      4.114220842670
    8      5.561495959023      2.530206681440      4.000660015292
    8     -5.152062356543     -2.308138053058      4.677982076914
    8      5.469653685077     -1.233320256565      3.990315935184
    8     -7.223683075970      0.129251556906      4.065340281885
    8      5.821948762425      6.166831132243      4.085601012115
    8     -5.295130875999     -4.965993964148      4.398923930141
    8      5.710821776396     -5.641348683439      4.108041598915
    8     -4.468951507180      3.946911998912      3.992922015970
  258      0.059895880488      1.924740129673      3.046038667326
  258      0.013616142329     -1.861037838205      3.021708542549
  258      0.050429661146      5.756670282736      3.051979153301
  258      0.008400605147     -5.726808747858      3.041439159672
  258      3.781438411598      1.942928462361      3.045845323235
  258     -3.612550855971     -1.899357536741      3.063307758604
  258      3.759776096657     -1.847476814509      3.032257234818
  258     -3.627465428541      2.040136367850      3.066619177745
  258      3.794878553592      5.747828840073      3.059554950714
  258     -3.645374488707     -5.745998354198      3.058632040813
  258      3.782648819646     -5.779127937960      3.043717587849
  258     -3.648265708006      5.649402302904      3.093416970642
  258      7.469181160399      1.852603632802      3.051255577019
  258      7.529574315618     -1.737754381157      3.082923895529
  258      7.512188128686      5.831083372824      3.037039684536
  258      7.560972103034     -5.758762297033      3.091069647983
    8      1.928085578474      1.866528683240      1.562406708280
    8     -1.838606100669     -1.960312376209      1.552820664488
    8      1.955544927807     -1.967717272941      1.575057018029
    8     -1.864232272532      1.899278420456      1.598596742361
    8      1.918608078415      5.696052885157      1.585651737059
    8     -1.839909593353     -5.699223282213      1.571862060718
    8      1.960933325978     -5.812094174534      1.596818214603
    8     -1.856743715634      5.776466908377      1.620962396186
    8      5.685872759084      1.866446079314      1.595208851907
    8     -5.806784634859     -1.846735897681      1.887696225910
    8      5.717313674100     -1.951426292071      1.620830467745
    8     -5.748100511019      1.953745956280      1.958664057313
    8      5.705828260472      5.717973469628      1.609153110892
    8     -5.820057982786     -5.765775431931      1.786575340430
    8      5.708758089974     -5.754217893780      1.620403656174
    8     -5.773104391194      5.725183571923      1.900503825957
    8      0.037973318016     -0.001188855942      1.837499313876
    8      0.016589800937      3.822147912827      1.903784326538
    8      0.090955914079     -3.846109828804      1.889873568976
    8      0.049851555312      7.677800735883      1.927725291798
    8      3.795172262847     -0.006690681005      1.881025372689
    8     -3.817070050822      0.029063439338      1.916185331706
    8      3.812043618384      3.817392319457      1.901366196901
    8     -3.858979816488     -3.813529245547      1.828579711121
    8      3.827328990911     -3.865233162548      2.039877625613
    8     -3.680825401867      3.835341039721      1.687138803693
    8      3.842765624932      7.654168591288      1.933305470819
    8     -3.832974759187      7.648831869576      1.925407514560
    8      7.553566808219      0.029334773931      1.675260357054
    8      7.621613043368      3.827766045308      1.983821573478
    8      7.631579966627     -3.815250094619      1.992244862476
    8      7.528626906561      7.670014467776      1.797286422433
  258      1.910056428263     -0.007167315302      0.401619722811
  258     -1.900076180529      0.016526812515      0.425203871434
  258      1.921497057876      3.820396562964      0.419192059092
  258     -1.901747089910     -3.830199971328      0.402736181352
  258      1.913896540931     -3.851185814956      0.428967446371
  258     -1.872948466139      3.843059464124      0.391115980086
  258      1.911720443327      7.652148444982      0.426582146489
  258     -1.906140235504      7.666357577166      0.444572498925
  258      5.717321936687     -0.008266010118      0.383481090793
  258     -5.741276272654      0.020289415276      0.537750091683
  258      5.732570047777      3.824995647457      0.436510128387
  258     -5.759210074460     -3.812677264305      0.556255080308
  258      5.752829197481     -3.830144186574      0.461297271460
  258     -5.748834391105      3.837869639434      0.548330803610
  258      5.728229959967      7.679257128339      0.411328191873
  258     -5.750051752926      7.673931787854      0.547139592874
    8     -0.006076277404      0.001004856158     -0.809396907563
    8      0.021760017980      3.839380913133     -0.805946927941
    8      0.003631921930     -3.842842712795     -0.795855761480
    8     -0.003228494503      7.664986759879     -0.771709301708
    8      3.819985525203     -0.005957916359     -0.816759951277
    8     -3.846873910993      0.010955421439     -0.761749325672
    8      3.838725558412      3.834256965171     -0.785552971364
    8     -3.853371593123     -3.832477893448     -0.786560298762
    8      3.840149001841     -3.842203280592     -0.745957717063
    8     -3.856981053734      3.840867369155     -0.830564992576
    8      3.823978328198      7.671758390663     -0.785640525856
    8     -3.849107211300      7.670779791698     -0.745660898802
    8      7.692039588508      0.003372861742     -0.841642838389
    8      7.685648948088      3.837525839095     -0.732206612778
    8      7.684211453403     -3.833124012274     -0.732442438356
    8      7.688416699711      7.669395864851     -0.792489685239
    8      1.918192537412      1.915670187440     -0.988527803887
    8     -1.924425506547     -1.909124611193     -0.983575675229
    8      1.913082075414     -1.934554859661     -0.981440682977
    8     -1.914321957627      1.921144439547     -0.970694790427
    8      1.921315226991      5.753617880368     -0.975238332600
    8     -1.924268435111     -5.768940739598     -0.972126944442
    8      1.913109927722     -5.764752643386     -0.968631714101
    8     -1.915292381870      5.765751686317     -0.959788717944
    8      5.753465823614      1.924605980656     -0.971229271661
    8     -5.747228781210     -1.907189653886     -0.816514352283
    8      5.752038448629     -1.932173489013     -0.962776629419
    8     -5.753468590841      1.930118090461     -0.792095244923
    8      5.754612918512      5.747640783215     -0.959683392023
    8     -5.750070640846     -5.752906305789     -0.848813948215
    8      5.756421809619     -5.751629470830     -0.956329338929
    8     -5.755444126774      5.750883203567     -0.806864749535
  258      0.000671965734      1.913972654498     -2.191413657001
  258     -0.003563671470     -1.919795188448     -2.185024463894
  258      0.001746902430      5.757738904147     -2.185384332162
  258     -0.003847801571     -5.756879234164     -2.179042304450
  258      3.835962418435      1.919168765797     -2.189647948366
  258     -3.853216382076     -1.916268339618     -2.146554120007
  258      3.834362656590     -1.927604573844     -2.182663778192
  258     -3.850195945525      1.925285378119     -2.147764837159
  258      3.838780195299      5.750588595481     -2.180650001425
  258     -3.855785581458     -5.751618831981     -2.142979612428
  258      3.837297694157     -5.752237651682     -2.174833052481
  258     -3.852643289339      5.753999881799     -2.143583753584
  258      7.688109523515      1.916334066140     -2.145497547279
  258      7.690288164042     -1.914852073165     -2.144082610044
  258      7.687122131256      5.755241891883     -2.140071171550
  258      7.690796682129     -5.751965372786     -2.140217995458
    8      1.918760139045      1.918636267581     -3.630869704459
    8     -1.918700822147     -1.917849940009     -3.624440150650
    8      1.920341920125     -1.918896728505     -3.626671887136
    8     -1.919364743983      1.919064237195     -3.619580924644
    8      1.918341282779      5.754071546193     -3.622762074190
    8     -1.915463177926     -5.754281458541     -3.619642697154
    8      1.920130995601     -5.753883533182     -3.618909455567
    8     -1.916842248754      5.753162546061     -3.613950700526
    8      5.755020135722      1.918675652948     -3.619531118864
    8     -5.754861060981     -1.916678448226     -3.575042622519
    8      5.752524767730     -1.918544346506     -3.615444256706
    8     -5.753992776603      1.919080604882     -3.567794845802
    8      5.754352110898      5.753426154424     -3.612900162668
    8     -5.756097783139     -5.753682004388     -3.584267805941
    8      5.750651641569     -5.753666787223     -3.611719149305
    8     -5.755733295256      5.752566331491     -3.569170769252
    8      0.000000000000      0.000000000000     -3.390356274875
    8      0.000000000000      3.835750260159     -3.390356274875
    8      0.000000000000     -3.835750260159     -3.390356274875
    8      0.000000000000      7.671500520300     -3.390356274875
    8      3.835750260161      0.000000000000     -3.390356274875
    8     -3.835750260161      0.000000000000     -3.390356274875
    8      3.835750260161      3.835750260159     -3.390356274875
    8     -3.835750260161     -3.835750260159     -3.390356274875
    8      3.835750260161     -3.835750260159     -3.390356274875
    8     -3.835750260161      3.835750260159     -3.390356274875
    8      3.835750260161      7.671500520300     -3.390356274875
    8     -3.835750260161      7.671500520300     -3.390356274875
    8      7.671500520300      0.000000000000     -3.390356274875
    8      7.671500520300      3.835750260159     -3.390356274875
    8      7.671500520300     -3.835750260159     -3.390356274875
    8      7.671500520300      7.671500520300     -3.390356274875
  258      1.917875130081      0.000000000000     -4.746498784825
  258     -1.917875130081      0.000000000000     -4.746498784825
  258      1.917875130081      3.835750260159     -4.746498784825
  258     -1.917875130081     -3.835750260159     -4.746498784825
  258      1.917875130081     -3.835750260159     -4.746498784825
  258     -1.917875130081      3.835750260159     -4.746498784825
  258      1.917875130081      7.671500520300     -4.746498784825
  258     -1.917875130081      7.671500520300     -4.746498784825
  258      5.753625390240      0.000000000000     -4.746498784825
  258     -5.753625390240      0.000000000000     -4.746498784825
  258      5.753625390240      3.835750260159     -4.746498784825
  258     -5.753625390240     -3.835750260159     -4.746498784825
  258      5.753625390240     -3.835750260159     -4.746498784825
  258     -5.753625390240      3.835750260159     -4.746498784825
  258      5.753625390240      7.671500520300     -4.746498784825
  258     -5.753625390240      7.671500520300     -4.746498784825
    8      0.000000000000      0.000000000000     -6.100000000000
    8      0.000000000000      3.835750260159     -6.100000000000
    8      0.000000000000     -3.835750260159     -6.100000000000
    8      0.000000000000      7.671500520300     -6.100000000000
    8      3.835750260161      0.000000000000     -6.100000000000
    8     -3.835750260161      0.000000000000     -6.100000000000
    8      3.835750260161      3.835750260159     -6.100000000000
    8     -3.835750260161     -3.835750260159     -6.100000000000
    8      3.835750260161     -3.835750260159     -6.100000000000
    8     -3.835750260161      3.835750260159     -6.100000000000
    8      3.835750260161      7.671500520300     -6.100000000000
    8     -3.835750260161      7.671500520300     -6.100000000000
    8      7.671500520300      0.000000000000     -6.100000000000
    8      7.671500520300      3.835750260159     -6.100000000000
    8      7.671500520300     -3.835750260159     -6.100000000000
    8      7.671500520300      7.671500520300     -6.100000000000
    1     23.530723118013     21.461800047617      5.962478324176
    6     22.161910953290     27.250865006154      5.824729633503
    6     22.344471218618     28.565231498582      6.561235668625
    1     21.476056373161     28.735583262290      7.207725297292
    1     23.241496280218     28.538211212396      7.183100054347
    1     22.414552026093     29.411753077146      5.874267754050
    1     22.155186484211     26.385944946955      6.495346845152
    1     21.242092547182     27.239658124848      5.234097096708
    1     24.738712049385     23.727554976567      5.826202404599
    6     24.613559612088     21.542977444403      5.785990393986
    1     24.931363391655     20.705207906580      5.143349778158
    1     25.130673894638     21.418609963855      6.741946326924
   14     24.911342480400     27.004900828960      5.226303084225
    8     23.224715473726     27.041580858386      4.838733664446
    8     25.028167682383     26.803977346158      6.848570862182
    8     28.612127089705     26.880312034112      3.817514884676
    6     28.646585200883     26.848617463498      5.237781371681
    6     25.737964200161     27.721338499012      7.689710362550
    6     29.990332182195     27.311514728398      5.793164443652
    6     25.193480727869     27.627289236998      9.102423008334
    1     30.083398769980     27.086603204116      6.860885686698
    1     25.751326265127     28.298385339428      9.767445008301
    1     24.136162183562     27.910097607900      9.133675996807
    1     25.282957433936     26.605861538451      9.485271363555
    1     26.810303792770     27.465435163858      7.670848454534
    1     25.643834909545     28.744096454631      7.294454022265
    1     27.845163360480     27.491304540101      5.647093186014
    1     28.439533607801     25.816627250523      5.568946602956
    1     30.102323905965     28.398907644616      5.688035101126
    1     30.837250626261     26.813713424392      5.289856307561
    8     24.132946052001     23.032620816543      3.970009288360
    6     24.900264971421     22.892712948561      5.127608551685
    1     25.997759122275     22.962856866955      4.884133345453
    0    0
