   2   1   1 E -4.0955953638483E+04 DE 2.1E-08( 11)
  0.153430010406E+02  0.000000000000E+00  0.000000000000E+00
  0.000000000000E+00  0.153430010406E+02  0.000000000000E+00
  0.000000000000E+00  0.000000000000E+00  0.500000000000E+03
    1
  0.100000000000E+01  0.000000000000E+00  0.000000000000E+00
  0.000000000000E+00  0.100000000000E+01  0.000000000000E+00
  0.000000000000E+00  0.000000000000E+00  0.100000000000E+01
  0.000000000000E+00  0.000000000000E+00  0.000000000000E+00
  225
    8      1.802382377039      2.661866357340      3.938903637397
    8     28.825872263949     29.733778505715      3.853260892346
    8      1.836310283316     -1.206207148997      3.958409193934
    8     -1.871732888419      2.299646196757      4.062060396081
    8      2.116976457171      6.379358231840      4.004414650364
    8     28.689146136876     24.028739903991      3.908949909528
    8      1.808534550401     -5.313323293922      4.053590743015
    8     -1.671841440674      5.532182806909      4.108998100561
    8      5.474139714791      2.595377757605      3.996295217843
    8     -5.146416879689     -2.290921431478      4.677725045236
    8      5.576157271363     -1.208402078780      3.958441797321
    8     -7.152266409859      0.268624332934      4.081185878879
    8      5.832587276157      6.202545493242      4.077014383427
    8     -5.278231952054     -4.948903490083      4.398398107889
    8      5.711139787868     -5.615842096179      4.107629669662
    8     -4.514294164666      3.977023701783      3.977856125618
  258      0.044803478288      1.933436991835      3.048484494413
  258      0.023314001381     -1.865853354595      3.018624954488
  258      0.051230423973      5.753917161369      3.051806758536
  258      0.006900965851     -5.729780368592      3.041287294049
  258      3.775206946472      1.950673016086      3.049575870074
  258     -3.604282256926     -1.906997058155      3.062509595925
  258      3.764982200154     -1.845176494053      3.026874131810
  258     -3.647843479540      2.043851683887      3.066594660557
  258      3.801078996992      5.743375455390      3.061559437235
  258     -3.645514310391     -5.750510637119      3.056833970296
  258      3.782908692885     -5.780963287302      3.044145128945
  258     -3.654091497713      5.654401809284      3.094766362495
  258      7.480228263217      1.860051866623      3.059369648397
  258      7.525927151524     -1.743987529793      3.077061451807
  258      7.520309441927      5.833692438330      3.036560623419
  258      7.559677615857     -5.756865707621      3.090208512756
    8      1.929191073360      1.867079872776      1.563247518339
    8     -1.834863993499     -1.962373163709      1.556083257606
    8      1.952961922047     -1.967681264085      1.571693006107
    8     -1.866871904885      1.897707719764      1.600155706231
    8      1.914180633292      5.697864572487      1.586768253407
    8     -1.837602190801     -5.697589393943      1.571104218173
    8      1.962273898708     -5.809548266719      1.596864917388
    8     -1.858241664253      5.783069346960      1.619168394882
    8      5.689077119311      1.863200523993      1.600271423417
    8     -5.806869726563     -1.851360155566      1.892402352894
    8      5.710667214962     -1.961082670335      1.610072207273
    8     -5.740799775894      1.954067656623      1.928567004284
    8      5.708546257654      5.714356495300      1.609867997740
    8     -5.821607508662     -5.758964818114      1.785467990393
    8      5.704656022853     -5.756480244432      1.620815971884
    8     -5.777006033651      5.734539919535      1.883978627016
    8      0.048205123945     -0.007297894597      1.852415391974
    8      0.005239298055      3.825691341736      1.895426689980
    8      0.092361125272     -3.841878853056      1.894001895846
    8      0.052433704176      7.679190089916      1.928779355711
    8      3.799401554197     -0.013018245097      1.884283589374
    8     -3.809885599482      0.015225019059      1.931063463056
    8      3.802150278706      3.820869470380      1.888115849924
    8     -3.855333925034     -3.808836040095      1.829937059720
    8      3.823229566976     -3.862091674791      2.046510416836
    8     -3.680922104400      3.841594474518      1.687474844341
    8      3.841154216948      7.651976640914      1.935838280495
    8     -3.835617662987      7.652487496341      1.917629738104
    8      7.554781374888      0.012860137376      1.688219478482
    8      7.628284207613      3.832067968243      1.982756375800
    8      7.626108301486     -3.812852640377      1.996673155381
    8      7.527786488852      7.674493301296      1.798777876528
  258      1.911564616044     -0.003804188644      0.402630405592
  258     -1.899891181641      0.017585193666      0.427604316887
  258      1.920441002091      3.821037364326      0.419011890002
  258     -1.900999796918     -3.831561332235      0.400615908563
  258      1.914309862772     -3.852060064564      0.427266605670
  258     -1.875877348215      3.844179975196      0.392676201890
  258      1.912305080078      7.650957988384      0.427713451348
  258     -1.906269334630      7.665288930447      0.443696711037
  258      5.719572819260     -0.004894905994      0.385926041222
  258     -5.741994793672      0.020259212938      0.538102501262
  258      5.731979267251      3.822059563764      0.439951280463
  258     -5.758960079350     -3.813879604474      0.554887275348
  258      5.751594508646     -3.833657125270      0.457132994124
  258     -5.748388378055      3.840423765150      0.543317715822
  258      5.728795774960      7.676095235912      0.412944449315
  258     -5.750058852265      7.675509865920      0.544086935395
    8     -0.006670991531      0.001406625719     -0.803716059313
    8      0.019650857748      3.838863767959     -0.807986604098
    8      0.004087060413     -3.842022004384     -0.794899316238
    8     -0.002357761462      7.664900565229     -0.771732247488
    8      3.821078861222     -0.005741027218     -0.814297419514
    8     -3.846415983510      0.010445337418     -0.755275299002
    8      3.839216581514      3.832993070182     -0.789356655884
    8     -3.853147683518     -3.832047133541     -0.785761652039
    8      3.839476010125     -3.842524374371     -0.745213967132
    8     -3.857133271185      3.840177354595     -0.831990133283
    8      3.824434162715      7.671885274071     -0.784395392925
    8     -3.848586144526      7.672167338758     -0.748923299603
    8      7.693879728294      0.003978344363     -0.835712511875
    8      7.685042135572      3.837179914893     -0.733269297815
    8      7.684606118720     -3.832999688624     -0.731343594156
    8      7.687065818667      7.670033823748     -0.792544468922
    8      1.917630560206      1.914605085321     -0.989000902111
    8     -1.924475010371     -1.908000983694     -0.981304807202
    8      1.913471741560     -1.933709906279     -0.982123748386
    8     -1.914909159157      1.918997339939     -0.969932854333
    8      1.921877851237      5.753161050135     -0.975111350674
    8     -1.923769027079     -5.767043156540     -0.972998048505
    8      1.913065087318     -5.764249244640     -0.968676108174
    8     -1.915552678296      5.766069530158     -0.961249630721
    8      5.754267951889      1.923518940929     -0.969519118089
    8     -5.747003361886     -1.907461040550     -0.814325963242
    8      5.753551856946     -1.931649905254     -0.965901586058
    8     -5.753619549091      1.928004990777     -0.802256013256
    8      5.754437086053      5.747336919729     -0.959006479044
    8     -5.750201965372     -5.751295370106     -0.849984347204
    8      5.756292724298     -5.752501968323     -0.956949922424
    8     -5.755393072112      5.752916050419     -0.815283376552
  258     -0.000010817399      1.914858471957     -2.190832593931
  258     -0.003033635640     -1.919107724558     -2.184527776931
  258      0.001733702069      5.757340498790     -2.185065444552
  258     -0.003443946101     -5.757735531131     -2.179549347399
  258      3.836210597856      1.919761793903     -2.189178602909
  258     -3.852839888705     -1.915871352201     -2.146065221903
  258      3.834790782378     -1.926469944641     -2.182253641985
  258     -3.850181891073      1.925396051396     -2.148191461888
  258      3.839223503951      5.749671698361     -2.179992503096
  258     -3.855372256343     -5.752028699973     -2.143952548095
  258      3.837220595662     -5.753513095611     -2.175423519253
  258     -3.852402591069      5.754369096654     -2.145093641646
  258      7.688425579400      1.917103207388     -2.146002519724
  258      7.689954719299     -1.914511978033     -2.143904201212
  258      7.686226237648      5.754741521857     -2.140462542335
  258      7.690472336481     -5.752798153782     -2.141169165875
    8      1.918637912337      1.918543364249     -3.631050738108
    8     -1.918797461102     -1.917817968858     -3.622791424407
    8      1.919957874740     -1.918840086856     -3.626406095004
    8     -1.919057435239      1.918853900138     -3.619600755206
    8      1.918277341905      5.754218218138     -3.622999728713
    8     -1.915299744029     -5.754131817773     -3.619995129409
    8      1.920012470456     -5.753895375986     -3.618719654196
    8     -1.916398585523      5.753286104319     -3.615101231261
    8      5.754792392156      1.918633375165     -3.619364327999
    8     -5.754516371957     -1.916997227198     -3.573473576844
    8      5.752730859607     -1.918481623978     -3.616555582486
    8     -5.754089933760      1.918718179139     -3.570823156047
    8      5.754081441138      5.753501117768     -3.613199282131
    8     -5.756094308767     -5.753658778134     -3.584149756350
    8      5.750504724612     -5.753707196143     -3.611664646271
    8     -5.755777824794      5.752909461472     -3.572022832008
    8      0.000000000000      0.000000000000     -3.390356274875
    8      0.000000000000      3.835750260159     -3.390356274875
    8      0.000000000000     -3.835750260159     -3.390356274875
    8      0.000000000000      7.671500520300     -3.390356274875
    8      3.835750260161      0.000000000000     -3.390356274875
    8     -3.835750260161      0.000000000000     -3.390356274875
    8      3.835750260161      3.835750260159     -3.390356274875
    8     -3.835750260161     -3.835750260159     -3.390356274875
    8      3.835750260161     -3.835750260159     -3.390356274875
    8     -3.835750260161      3.835750260159     -3.390356274875
    8      3.835750260161      7.671500520300     -3.390356274875
    8     -3.835750260161      7.671500520300     -3.390356274875
    8      7.671500520300      0.000000000000     -3.390356274875
    8      7.671500520300      3.835750260159     -3.390356274875
    8      7.671500520300     -3.835750260159     -3.390356274875
    8      7.671500520300      7.671500520300     -3.390356274875
  258      1.917875130081      0.000000000000     -4.746498784825
  258     -1.917875130081      0.000000000000     -4.746498784825
  258      1.917875130081      3.835750260159     -4.746498784825
  258     -1.917875130081     -3.835750260159     -4.746498784825
  258      1.917875130081     -3.835750260159     -4.746498784825
  258     -1.917875130081      3.835750260159     -4.746498784825
  258      1.917875130081      7.671500520300     -4.746498784825
  258     -1.917875130081      7.671500520300     -4.746498784825
  258      5.753625390240      0.000000000000     -4.746498784825
  258     -5.753625390240      0.000000000000     -4.746498784825
  258      5.753625390240      3.835750260159     -4.746498784825
  258     -5.753625390240     -3.835750260159     -4.746498784825
  258      5.753625390240     -3.835750260159     -4.746498784825
  258     -5.753625390240      3.835750260159     -4.746498784825
  258      5.753625390240      7.671500520300     -4.746498784825
  258     -5.753625390240      7.671500520300     -4.746498784825
    8      0.000000000000      0.000000000000     -6.100000000000
    8      0.000000000000      3.835750260159     -6.100000000000
    8      0.000000000000     -3.835750260159     -6.100000000000
    8      0.000000000000      7.671500520300     -6.100000000000
    8      3.835750260161      0.000000000000     -6.100000000000
    8     -3.835750260161      0.000000000000     -6.100000000000
    8      3.835750260161      3.835750260159     -6.100000000000
    8     -3.835750260161     -3.835750260159     -6.100000000000
    8      3.835750260161     -3.835750260159     -6.100000000000
    8     -3.835750260161      3.835750260159     -6.100000000000
    8      3.835750260161      7.671500520300     -6.100000000000
    8     -3.835750260161      7.671500520300     -6.100000000000
    8      7.671500520300      0.000000000000     -6.100000000000
    8      7.671500520300      3.835750260159     -6.100000000000
    8      7.671500520300     -3.835750260159     -6.100000000000
    8      7.671500520300      7.671500520300     -6.100000000000
    1     23.510729785622     21.492835999975      5.955404913750
    6     22.180231293791     27.271342011321      5.834564800740
    6     22.376153902253     28.589470908751      6.562686665208
    1     21.503414295107     28.780193494247      7.197559117897
    1     23.265075323769     28.553023054515      7.195283330257
    1     22.467668749128     29.430419668021      5.871111793157
    1     22.170983761738     26.411852688537      6.512375448901
    1     21.257783948374     27.260988530867      5.247985826518
    1     24.732479594016     23.752389900304      5.817701468152
    6     24.597400496534     21.567593682586      5.800013413699
    1     24.926216192550     20.723609976996      5.171466921576
    1     25.093431534069     21.453214939838      6.768465176243
   14     24.923444314493     27.017879399719      5.227246908333
    8     23.236716389841     27.048022164823      4.845381223399
    8     25.046516106724     26.819572127863      6.849326071232
    8     28.615358643646     26.864014825934      3.816573304922
    6     28.651167129678     26.833357807658      5.236972915676
    6     25.756861446709     27.739413693554      7.687562081307
    6     29.994566624941     27.298153305517      5.791714153193
    6     25.222720966912     27.639247930909      9.103733525691
    1     30.088501842738     27.072407883348      6.859171710489
    1     25.779190968672     28.314743905027      9.765557735477
    1     24.163045458185     27.912424903407      9.142560461482
    1     25.324224465317     26.618221191687      9.484959321293
    1     26.830502917654     27.489640989661      7.661167538642
    1     25.654191917024     28.762184052140      7.294857191595
    1     27.849268397944     27.475421011921      5.646396301614
    1     28.444570842748     25.801432207692      5.568569982406
    1     30.101718191663     28.385672435111      5.686275745811
    1     30.842450528088     26.802501269336      5.288167147857
    8     24.156089585153     23.038830068897      3.958666073232
    6     24.902464523757     22.908198554424      5.132031203791
    1     26.004543417707     22.969897888479      4.906833406619
    0    0
