   2   1   1 E -4.0955949266000E+04 DE 4.6E-08( 15)
  0.153430010406E+02  0.000000000000E+00  0.000000000000E+00
  0.000000000000E+00  0.153430010406E+02  0.000000000000E+00
  0.000000000000E+00  0.000000000000E+00  0.500000000000E+03
    1
  0.100000000000E+01  0.000000000000E+00  0.000000000000E+00
  0.000000000000E+00  0.100000000000E+01  0.000000000000E+00
  0.000000000000E+00  0.000000000000E+00  0.100000000000E+01
  0.000000000000E+00  0.000000000000E+00  0.000000000000E+00
  225
    8      1.751003791018      2.661615794779      3.948851045827
    8     28.873390184300     29.713760044039      3.857680945976
    8      1.914931417686     -1.249681778593      3.973547948698
    8     -1.928815327479      2.282891659606      4.074168938637
    8      2.133329962936      6.367803299720      4.010733020882
    8     28.681322571807     24.013796581318      3.904545180675
    8      1.806923822419     -5.340820430207      4.060043663569
    8     -1.666179417949      5.498532572499      4.103559976071
    8      5.419341181814      2.654729709777      3.996120495902
    8     -5.132924478929     -2.277020440949      4.681599450990
    8      5.681614425029     -1.109228291219      3.927422769375
    8     -7.018950839516      0.313648442410      4.013403079766
    8      5.852356359742      6.240610924083      4.067319925301
    8     -5.266613240486     -4.934570799746      4.399171100233
    8      5.720347865311     -5.586318406750      4.105894928559
    8     -4.579439087445      4.011142318480      3.950908662116
  258      0.026139308495      1.939729249871      3.051209415871
  258      0.031242901164     -1.871064988229      3.018768202682
  258      0.049539330805      5.751625014837      3.053489788021
  258      0.002469623820     -5.731953613075      3.042595462003
  258      3.769897991512      1.956405254784      3.050968900836
  258     -3.599519740725     -1.914965602178      3.061145498084
  258      3.782081852692     -1.838899996707      3.024658662187
  258     -3.673942468761      2.043193910182      3.064919969846
  258      3.809090365071      5.738326754608      3.064553364661
  258     -3.650911112910     -5.757298355023      3.053499608133
  258      3.782758880970     -5.783072560986      3.047233624896
  258     -3.666523948293      5.657277822734      3.093213984614
  258      7.482917309028      1.857403259997      3.052699522381
  258      7.554399945943     -1.719673771989      3.083719431153
  258      7.533697996291      5.834659030735      3.036697016476
  258      7.559846954774     -5.754865686268      3.090174976829
    8      1.925134046707      1.870226584563      1.569537078407
    8     -1.831062495261     -1.963757003663      1.559377559459
    8      1.953734924422     -1.964433559230      1.575578287945
    8     -1.877027588961      1.896468585196      1.605760170655
    8      1.910163868621      5.699206146538      1.588791104680
    8     -1.835159367997     -5.694983359949      1.573399337383
    8      1.968642676543     -5.805900841476      1.597084464852
    8     -1.859136541910      5.788961135853      1.618570164138
    8      5.689756918447      1.862031433033      1.609364977936
    8     -5.796381699284     -1.852243265736      1.895293655813
    8      5.700588544011     -1.966307867169      1.611007208095
    8     -5.735863514915      1.962247275449      1.887266350831
    8      5.711460688748      5.708727374215      1.612433500751
    8     -5.816225192248     -5.752467869936      1.784960822468
    8      5.699111087888     -5.760130032244      1.622819864438
    8     -5.775900778062      5.745108767132      1.866890322297
    8      0.054886694949     -0.010132534110      1.863171128261
    8     -0.005194797040      3.828212222686      1.890763392226
    8      0.094956741494     -3.839352895347      1.899879691505
    8      0.053649367464      7.682564726366      1.930640492190
    8      3.796895901500     -0.012305530701      1.882436166869
    8     -3.807629243851      0.006165729111      1.940216027499
    8      3.792294478055      3.821574060504      1.875286376146
    8     -3.850163592744     -3.805387992821      1.827566982984
    8      3.821473606948     -3.858504254825      2.062484601425
    8     -3.681819069079      3.849113628828      1.688339610363
    8      3.840817718545      7.646827330280      1.937493267213
    8     -3.833380724130      7.654394920993      1.905270396443
    8      7.556061309836      0.011492174911      1.690664885661
    8      7.635944359598      3.830647905086      1.977251173029
    8      7.625606097058     -3.805101769956      2.007285414655
    8      7.532015727307      7.677082727179      1.797470763404
  258      1.912797860630     -0.000510492334      0.404904969419
  258     -1.899530558311      0.017797272170      0.430185844503
  258      1.918025984385      3.821969158202      0.420310627596
  258     -1.901265741816     -3.832433552417      0.399575182370
  258      1.916074001410     -3.851030487460      0.429076388175
  258     -1.879990050942      3.846684332109      0.394965985271
  258      1.912702050583      7.649090181900      0.431057105079
  258     -1.907546497965      7.665738662965      0.444064664237
  258      5.721137299833     -0.004110081420      0.391746821524
  258     -5.741145833666      0.021917902749      0.533490297220
  258      5.732892327574      3.820837112612      0.442843421046
  258     -5.759568375399     -3.813441564719      0.554889259727
  258      5.754839322452     -3.834205306893      0.460936219086
  258     -5.750044396254      3.842896403315      0.534013076415
  258      5.728789283038      7.673649319766      0.414266929994
  258     -5.751647358667      7.677753138966      0.538331691546
    8     -0.006983358934      0.002454617241     -0.798847159552
    8      0.017984483796      3.837532823306     -0.808252157143
    8      0.005925179189     -3.839954622910     -0.792308600898
    8     -0.001519944777      7.665332002958     -0.772012346454
    8      3.823696591681     -0.004642796551     -0.811864718660
    8     -3.845009012242      0.009978193003     -0.751412800025
    8      3.840722486020      3.831755660316     -0.791962617051
    8     -3.853104204733     -3.831928274900     -0.786164776233
    8      3.840103777394     -3.842316846158     -0.740412163434
    8     -3.857134599111      3.840280386882     -0.833658359598
    8      3.823692102337      7.672069020371     -0.782845213159
    8     -3.847652831568      7.673966362429     -0.754904167947
    8      7.694021897769      0.005493571161     -0.831856356273
    8      7.683333465450      3.837005019891     -0.739094980246
    8      7.684132832153     -3.834663300780     -0.730056341326
    8      7.686026389583      7.670748309761     -0.794293892942
    8      1.917667883512      1.913739515311     -0.986876658825
    8     -1.924760693003     -1.906712198331     -0.980040520781
    8      1.913903483278     -1.931789981853     -0.980582007878
    8     -1.915437957936      1.918235494878     -0.967070999044
    8      1.922372645839      5.752899449768     -0.974485589066
    8     -1.923267575748     -5.763977579940     -0.971608876356
    8      1.912645588419     -5.761585757525     -0.967956470143
    8     -1.915911229978      5.765887005862     -0.961270833136
    8      5.754051487061      1.921322686723     -0.966450559417
    8     -5.747074244879     -1.906263090046     -0.814910977958
    8      5.755793357665     -1.929605065499     -0.964723868855
    8     -5.753179540149      1.925029573782     -0.818378295933
    8      5.753560318729      5.748246811557     -0.956029173760
    8     -5.750537966796     -5.749475692371     -0.850559090266
    8      5.756160093947     -5.753434194144     -0.954944080725
    8     -5.755951703634      5.756147367552     -0.823558551015
  258     -0.000711914818      1.916301956342     -2.189561925057
  258     -0.002090826926     -1.918561860010     -2.184151945361
  258      0.000962309661      5.757266263688     -2.184077228042
  258     -0.002845154513     -5.758143668534     -2.179119979424
  258      3.837132974909      1.920050637347     -2.187709427516
  258     -3.852138658462     -1.915520138854     -2.146042637259
  258      3.836924224454     -1.924914946495     -2.179733048402
  258     -3.848923060656      1.925967786863     -2.150058911279
  258      3.839316247103      5.748941279772     -2.178920044066
  258     -3.854379281156     -5.751751674525     -2.144872140234
  258      3.837555596809     -5.753637233034     -2.174197155116
  258     -3.851062444055      5.755184663530     -2.147601622251
  258      7.687280232880      1.917282053192     -2.148391578348
  258      7.688681406994     -1.913797874448     -2.142310489592
  258      7.684439425758      5.754922116508     -2.142164664920
  258      7.688884255405     -5.751855940395     -2.141674050637
    8      1.918047691461      1.918511628119     -3.629777778746
    8     -1.919090149114     -1.917747224007     -3.620364907645
    8      1.919400846022     -1.918883594436     -3.624995419276
    8     -1.918846856181      1.918674595276     -3.617778331470
    8      1.918224899803      5.754138943360     -3.622338555437
    8     -1.915550163751     -5.753886959780     -3.618282919434
    8      1.919991198743     -5.754084644284     -3.617717079978
    8     -1.916369293806      5.753364447556     -3.614731029196
    8      5.753828049001      1.918438321326     -3.617266314730
    8     -5.754208564832     -1.916723806850     -3.572959267678
    8      5.752571061711     -1.918301180121     -3.614744880289
    8     -5.754415829070      1.918900574747     -3.575692515552
    8      5.753705303815      5.753236568719     -3.611681599624
    8     -5.755975769050     -5.753211399465     -3.584726276487
    8      5.750850429537     -5.753588630527     -3.609716644601
    8     -5.756197857262      5.752910764205     -3.575167112679
    8      0.000000000000      0.000000000000     -3.390356274875
    8      0.000000000000      3.835750260159     -3.390356274875
    8      0.000000000000     -3.835750260159     -3.390356274875
    8      0.000000000000      7.671500520300     -3.390356274875
    8      3.835750260161      0.000000000000     -3.390356274875
    8     -3.835750260161      0.000000000000     -3.390356274875
    8      3.835750260161      3.835750260159     -3.390356274875
    8     -3.835750260161     -3.835750260159     -3.390356274875
    8      3.835750260161     -3.835750260159     -3.390356274875
    8     -3.835750260161      3.835750260159     -3.390356274875
    8      3.835750260161      7.671500520300     -3.390356274875
    8     -3.835750260161      7.671500520300     -3.390356274875
    8      7.671500520300      0.000000000000     -3.390356274875
    8      7.671500520300      3.835750260159     -3.390356274875
    8      7.671500520300     -3.835750260159     -3.390356274875
    8      7.671500520300      7.671500520300     -3.390356274875
  258      1.917875130081      0.000000000000     -4.746498784825
  258     -1.917875130081      0.000000000000     -4.746498784825
  258      1.917875130081      3.835750260159     -4.746498784825
  258     -1.917875130081     -3.835750260159     -4.746498784825
  258      1.917875130081     -3.835750260159     -4.746498784825
  258     -1.917875130081      3.835750260159     -4.746498784825
  258      1.917875130081      7.671500520300     -4.746498784825
  258     -1.917875130081      7.671500520300     -4.746498784825
  258      5.753625390240      0.000000000000     -4.746498784825
  258     -5.753625390240      0.000000000000     -4.746498784825
  258      5.753625390240      3.835750260159     -4.746498784825
  258     -5.753625390240     -3.835750260159     -4.746498784825
  258      5.753625390240     -3.835750260159     -4.746498784825
  258     -5.753625390240      3.835750260159     -4.746498784825
  258      5.753625390240      7.671500520300     -4.746498784825
  258     -5.753625390240      7.671500520300     -4.746498784825
    8      0.000000000000      0.000000000000     -6.100000000000
    8      0.000000000000      3.835750260159     -6.100000000000
    8      0.000000000000     -3.835750260159     -6.100000000000
    8      0.000000000000      7.671500520300     -6.100000000000
    8      3.835750260161      0.000000000000     -6.100000000000
    8     -3.835750260161      0.000000000000     -6.100000000000
    8      3.835750260161      3.835750260159     -6.100000000000
    8     -3.835750260161     -3.835750260159     -6.100000000000
    8      3.835750260161     -3.835750260159     -6.100000000000
    8     -3.835750260161      3.835750260159     -6.100000000000
    8      3.835750260161      7.671500520300     -6.100000000000
    8     -3.835750260161      7.671500520300     -6.100000000000
    8      7.671500520300      0.000000000000     -6.100000000000
    8      7.671500520300      3.835750260159     -6.100000000000
    8      7.671500520300     -3.835750260159     -6.100000000000
    8      7.671500520300      7.671500520300     -6.100000000000
    1     23.488712366940     21.533488824549      5.945439699257
    6     22.194496132697     27.311082408142      5.835307218583
    6     22.409978965219     28.629587738810      6.557739063831
    1     21.545187769160     28.827627709936      7.199338998827
    1     23.303618770316     28.591126788062      7.182575141398
    1     22.500665111403     29.468442094764      5.862534505223
    1     22.163600933109     26.459064744306      6.518500276353
    1     21.272518337685     27.313023666123      5.245164456808
    1     24.734105785885     23.778884786534      5.812659000013
    6     24.577688249603     21.597147517015      5.818000364434
    1     24.915089205190     20.742555852271      5.210619752046
    1     25.043468961184     21.498608152133      6.801522050347
   14     24.932662840029     27.029606398001      5.229600648437
    8     23.246637695845     27.058894562990      4.856216909938
    8     25.058854764164     26.832148209244      6.853194644115
    8     28.611320301473     26.851709049627      3.816810949448
    6     28.648312862188     26.822219284285      5.237678870301
    6     25.756936850104     27.762295248092      7.690633775305
    6     29.992535647511     27.284834569762      5.793886765075
    6     25.220164553250     27.661440355901      9.105819484511
    1     30.083393234477     27.058376300328      6.861568320681
    1     25.761338226167     28.348506120354      9.767539714343
    1     24.156411329645     27.918744666876      9.138741836091
    1     25.336477486013     26.646102667891      9.492837423661
    1     26.832380886071     27.527029158838      7.665696986451
    1     25.639888075865     28.779937771391      7.294285721816
    1     27.847323295653     27.465542805605      5.646666770116
    1     28.440265989389     25.790585086986      5.566418723776
    1     30.100231184647     28.371381122965      5.686805555544
    1     30.841517253329     26.787347781920      5.294036050390
    8     24.187395479104     23.045943674812      3.946927003895
    6     24.908424976580     22.924157705415      5.139166891186
    1     26.015134360769     22.969884358697      4.938214505684
    0    0
