   2   1   1 E -4.0955954572039E+04 DE 3.6E-08(  8)
  0.153430010406E+02  0.000000000000E+00  0.000000000000E+00
  0.000000000000E+00  0.153430010406E+02  0.000000000000E+00
  0.000000000000E+00  0.000000000000E+00  0.500000000000E+03
    1
  0.100000000000E+01  0.000000000000E+00  0.000000000000E+00
  0.000000000000E+00  0.100000000000E+01  0.000000000000E+00
  0.000000000000E+00  0.000000000000E+00  0.100000000000E+01
  0.000000000000E+00  0.000000000000E+00  0.000000000000E+00
  225
    8      1.865370269721      2.645314131399      3.938737229737
    8     28.770023112281     29.764392756271      3.846841768131
    8      1.741815178093     -1.169006820580      3.957020353893
    8     -1.823004834950      2.319019631820      4.053627586322
    8      2.109039799536      6.395935302314      3.997905683553
    8     28.693576972680     24.045714633676      3.915200569841
    8      1.811702316159     -5.296519222707      4.050009030021
    8     -1.671947612742      5.558145079650      4.114231475823
    8      5.561542860095      2.524945146840      4.001360703470
    8     -5.154827758245     -2.306917603998      4.676663403867
    8      5.468174857618     -1.251239081913      3.996991329758
    8     -7.232695794299      0.125317609272      4.069415002656
    8      5.821502148846      6.161137256595      4.087255017438
    8     -5.292298315507     -4.964989319096      4.398788338736
    8      5.710010508480     -5.646611725996      4.107993626879
    8     -4.470399098469      3.952066888718      3.993004731269
  258      0.060403013477      1.924670633494      3.045584096628
  258      0.012511833352     -1.861629240098      3.021253037878
  258      0.050842180293      5.756823161930      3.052184915291
  258      0.008702925089     -5.726987283336      3.041099215439
  258      3.781320969389      1.943077637784      3.045278865952
  258     -3.613561561774     -1.899349360633      3.062848514903
  258      3.758034293387     -1.849269126459      3.032240137035
  258     -3.626478602851      2.041089032110      3.067115047927
  258      3.795012831028      5.748258165974      3.059687443515
  258     -3.645091347293     -5.746298749036      3.058440214948
  258      3.782996740542     -5.779130804953      3.043173588416
  258     -3.648173697624      5.650325778576      3.094044285721
  258      7.469602219343      1.852658032447      3.050357304161
  258      7.528071519116     -1.737807838642      3.084746463605
  258      7.511906044495      5.831786107763      3.036375013142
  258      7.560983065331     -5.758092282282      3.091169189351
    8      1.928795029033      1.866618500693      1.562486034950
    8     -1.839267244780     -1.960135126650      1.552768049550
    8      1.953933401610     -1.966996305507      1.575000192369
    8     -1.863004299532      1.899638655456      1.599434565486
    8      1.919165995525      5.696147184647      1.585254481631
    8     -1.840161836177     -5.699434852767      1.571572331447
    8      1.960380211446     -5.812187881772      1.596683265254
    8     -1.856597247667      5.776590023134      1.620887263395
    8      5.686110094512      1.867028304511      1.594961320768
    8     -5.805929023104     -1.847569966113      1.886166220003
    8      5.716071707303     -1.949373433855      1.620947296877
    8     -5.749398267115      1.953896821316      1.960186050949
    8      5.705845307531      5.718659595328      1.609177828090
    8     -5.820580597301     -5.765466062253      1.786490585440
    8      5.708029411826     -5.753179120844      1.620166363698
    8     -5.774308001406      5.725439792130      1.900039371982
    8      0.038047299338     -0.000465476306      1.837748201951
    8      0.016568646647      3.821867643654      1.903480549415
    8      0.090555007084     -3.846158200969      1.889265033027
    8      0.049831029679      7.677682410924      1.927379337630
    8      3.795947272014     -0.005762634913      1.884073808593
    8     -3.817466566386      0.029590165026      1.915615878602
    8      3.812083739142      3.817384263315      1.901924036383
    8     -3.858839277354     -3.813642145892      1.827808886509
    8      3.826023028742     -3.865516522434      2.038486244249
    8     -3.681283271485      3.835638347126      1.687048592655
    8      3.842854449387      7.654516793038      1.933339835506
    8     -3.833378720573      7.648621052067      1.924446827693
    8      7.554759604015      0.030739710732      1.676052306176
    8      7.620928058191      3.828316577112      1.984832444602
    8      7.630440424322     -3.814877856961      1.992492757588
    8      7.528430192334      7.671223508090      1.796924618041
  258      1.909967517311     -0.007299908399      0.401678993502
  258     -1.900244458742      0.016606009454      0.425310186853
  258      1.921251707634      3.820608044595      0.418926262917
  258     -1.901924958066     -3.830404684998      0.402631060143
  258      1.913668028559     -3.851384295276      0.428509093947
  258     -1.873234513225      3.842767291444      0.391943002833
  258      1.911833777881      7.652157384485      0.426265957026
  258     -1.905930220368      7.666141278341      0.444421662541
  258      5.717406859747     -0.008554944461      0.383965984491
  258     -5.741470120316      0.019681840103      0.537404513911
  258      5.732458758818      3.825353994957      0.436158414422
  258     -5.759007383868     -3.812796377622      0.556096530082
  258      5.752935261974     -3.829515579265      0.461283810241
  258     -5.748726084416      3.838317135748      0.548601628910
  258      5.728795993537      7.679275182195      0.411532305710
  258     -5.749913352326      7.674210417076      0.546760455446
    8     -0.006058302683      0.001196915059     -0.808973941805
    8      0.021457925344      3.839163268452     -0.805752402055
    8      0.003576129365     -3.842591459963     -0.795967228082
    8     -0.002906361059      7.665104751324     -0.771859370325
    8      3.820315231018     -0.006225938498     -0.815722746620
    8     -3.847132706462      0.010925372752     -0.761985562041
    8      3.838633429637      3.834317874412     -0.785338541505
    8     -3.853200694123     -3.832664272624     -0.786894824949
    8      3.840124560262     -3.841748391437     -0.745953006914
    8     -3.857055720664      3.840911157566     -0.830655853969
    8      3.824185455124      7.671881339056     -0.785625918473
    8     -3.848844267129      7.670516494826     -0.746041369457
    8      7.691443580536      0.003322490592     -0.841332244182
    8      7.685487243910      3.837689449654     -0.731743130250
    8      7.683889759686     -3.833269371971     -0.732441576751
    8      7.687993953814      7.669432395277     -0.792851043864
    8      1.918204902917      1.915319831133     -0.988691013042
    8     -1.924295325018     -1.908701986911     -0.983710372945
    8      1.913173707365     -1.934175536700     -0.981692902302
    8     -1.914609323158      1.921088937798     -0.970579433819
    8      1.921343718067      5.753317682475     -0.975333405128
    8     -1.924012035852     -5.769004497442     -0.972440908211
    8      1.913276029435     -5.764349362174     -0.968615331975
    8     -1.914971528967      5.765426989684     -0.959858715791
    8      5.753141474936      1.924606493314     -0.971446908341
    8     -5.747447721580     -1.907635698407     -0.817523239992
    8      5.752258753457     -1.932264723222     -0.962962768592
    8     -5.753799586292      1.930204743942     -0.791584209194
    8      5.754495788389      5.747606691220     -0.959762913139
    8     -5.750037407415     -5.753245479089     -0.849137097971
    8      5.756283365737     -5.751393235802     -0.956345028450
    8     -5.755505630169      5.750845716823     -0.806981028268
  258      0.000503069269      1.913926310782     -2.191375880672
  258     -0.003655116832     -1.919767818216     -2.185096585572
  258      0.001533511970      5.757584698280     -2.185452045803
  258     -0.003892694939     -5.756912625271     -2.179254441363
  258      3.835997640825      1.919000716411     -2.189637135925
  258     -3.853169644447     -1.916231402188     -2.146590190053
  258      3.834455252579     -1.927601081766     -2.182648831256
  258     -3.850339017290      1.925265476165     -2.147607562245
  258      3.838648769249      5.750690167496     -2.180754386796
  258     -3.855728483065     -5.751668071376     -2.143128612631
  258      3.837479279900     -5.752185721717     -2.174895883677
  258     -3.852564578715      5.753926976347     -2.143514896298
  258      7.688095087411      1.916237402728     -2.145370160502
  258      7.690300345541     -1.914860137894     -2.144103018276
  258      7.687137114376      5.755251734449     -2.140317994674
  258      7.690703455095     -5.751897546782     -2.140247866037
    8      1.918728249432      1.918677171018     -3.630777799351
    8     -1.918543124964     -1.917909317739     -3.624596677211
    8      1.920431104832     -1.918892569426     -3.626798343048
    8     -1.919326002498      1.919083250489     -3.619644611784
    8      1.918390227183      5.754070926735     -3.622666845302
    8     -1.915399619372     -5.754261378629     -3.619878815882
    8      1.920240778301     -5.753928845418     -3.618697313388
    8     -1.916754834254      5.753182608130     -3.614159178438
    8      5.754935677508      1.918661982991     -3.619735305380
    8     -5.754855959814     -1.916566249399     -3.575269861576
    8      5.752398541082     -1.918519026820     -3.615733862169
    8     -5.754270357822      1.919064391733     -3.567412468198
    8      5.754429872024      5.753473973695     -3.613060103923
    8     -5.756116685947     -5.753820722176     -3.584546423666
    8      5.750615563276     -5.753677106143     -3.611872886655
    8     -5.755719950615      5.752485597101     -3.569157035060
    8      0.000000000000      0.000000000000     -3.390356274875
    8      0.000000000000      3.835750260159     -3.390356274875
    8      0.000000000000     -3.835750260159     -3.390356274875
    8      0.000000000000      7.671500520300     -3.390356274875
    8      3.835750260161      0.000000000000     -3.390356274875
    8     -3.835750260161      0.000000000000     -3.390356274875
    8      3.835750260161      3.835750260159     -3.390356274875
    8     -3.835750260161     -3.835750260159     -3.390356274875
    8      3.835750260161     -3.835750260159     -3.390356274875
    8     -3.835750260161      3.835750260159     -3.390356274875
    8      3.835750260161      7.671500520300     -3.390356274875
    8     -3.835750260161      7.671500520300     -3.390356274875
    8      7.671500520300      0.000000000000     -3.390356274875
    8      7.671500520300      3.835750260159     -3.390356274875
    8      7.671500520300     -3.835750260159     -3.390356274875
    8      7.671500520300      7.671500520300     -3.390356274875
  258      1.917875130081      0.000000000000     -4.746498784825
  258     -1.917875130081      0.000000000000     -4.746498784825
  258      1.917875130081      3.835750260159     -4.746498784825
  258     -1.917875130081     -3.835750260159     -4.746498784825
  258      1.917875130081     -3.835750260159     -4.746498784825
  258     -1.917875130081      3.835750260159     -4.746498784825
  258      1.917875130081      7.671500520300     -4.746498784825
  258     -1.917875130081      7.671500520300     -4.746498784825
  258      5.753625390240      0.000000000000     -4.746498784825
  258     -5.753625390240      0.000000000000     -4.746498784825
  258      5.753625390240      3.835750260159     -4.746498784825
  258     -5.753625390240     -3.835750260159     -4.746498784825
  258      5.753625390240     -3.835750260159     -4.746498784825
  258     -5.753625390240      3.835750260159     -4.746498784825
  258      5.753625390240      7.671500520300     -4.746498784825
  258     -5.753625390240      7.671500520300     -4.746498784825
    8      0.000000000000      0.000000000000     -6.100000000000
    8      0.000000000000      3.835750260159     -6.100000000000
    8      0.000000000000     -3.835750260159     -6.100000000000
    8      0.000000000000      7.671500520300     -6.100000000000
    8      3.835750260161      0.000000000000     -6.100000000000
    8     -3.835750260161      0.000000000000     -6.100000000000
    8      3.835750260161      3.835750260159     -6.100000000000
    8     -3.835750260161     -3.835750260159     -6.100000000000
    8      3.835750260161     -3.835750260159     -6.100000000000
    8     -3.835750260161      3.835750260159     -6.100000000000
    8      3.835750260161      7.671500520300     -6.100000000000
    8     -3.835750260161      7.671500520300     -6.100000000000
    8      7.671500520300      0.000000000000     -6.100000000000
    8      7.671500520300      3.835750260159     -6.100000000000
    8      7.671500520300     -3.835750260159     -6.100000000000
    8      7.671500520300      7.671500520300     -6.100000000000
    1     23.528410398926     21.464375719996      5.961994396029
    6     22.163246680721     27.244196534460      5.827686815617
    6     22.343828729101     28.558664145533      6.564366450049
    1     21.474197826004     28.728382110812      7.209195320371
    1     23.239662173254     28.532225015418      7.187872305724
    1     22.414461937677     29.405277927028      5.877562407118
    1     22.161198605541     26.379196822168      6.498362122910
    1     21.242478755504     27.229998118563      5.238956835143
    1     24.738131875571     23.729987696651      5.825318141735
    6     24.611547647719     21.545266261837      5.786984940898
    1     24.930410407726     20.707179774769      5.145292780189
    1     25.127292669463     21.421935137287      6.743801978296
   14     24.911696542850     27.005066228609      5.226021916251
    8     23.224869329389     27.037980265433      4.839315415626
    8     25.030786631183     26.804462760990      6.848074686474
    8     28.612210544207     26.880601688578      3.816817553845
    6     28.645864199741     26.849552947391      5.237108545827
    6     25.738733348835     27.723797641286      7.688778853014
    6     29.989915329079     27.311144339693      5.792804305971
    6     25.196130785463     27.627165920645      9.101996260395
    1     30.082764426456     27.085850059991      6.860457580090
    1     25.753574548784     28.298350610282      9.767079663525
    1     24.138371973196     27.908103541675      9.135069255044
    1     25.287851154236     26.605519811655      9.483413948754
    1     26.811794257730     27.471198861247      7.668562181530
    1     25.640829495044     28.746430135440      7.294055383089
    1     27.845076380476     27.493478932922      5.645856280469
    1     28.437129722963     25.818088960254      5.568874809269
    1     30.102934301452     28.398434309159      5.687893210720
    1     30.836456478424     26.812859620637      5.289378968829
    8     24.132446093103     23.033511009118      3.969731537471
    6     24.899429495434     22.894222186077      5.127797549424
    1     25.997081879734     22.963452405371      4.884315895015
    0    0
