   2   1   1 E -4.0955948888916E+04 DE-1.7E-07( 13)
  0.153430010406E+02  0.000000000000E+00  0.000000000000E+00
  0.000000000000E+00  0.153430010406E+02  0.000000000000E+00
  0.000000000000E+00  0.000000000000E+00  0.500000000000E+03
    1
  0.100000000000E+01  0.000000000000E+00  0.000000000000E+00
  0.000000000000E+00  0.100000000000E+01  0.000000000000E+00
  0.000000000000E+00  0.000000000000E+00  0.100000000000E+01
  0.000000000000E+00  0.000000000000E+00  0.000000000000E+00
  225
    8      1.740842128082      2.652422642181      3.950724038686
    8     28.874182321511     29.715994970384      3.857485969180
    8      1.921627357964     -1.249425543998      3.971711266278
    8     -1.941163432962      2.288528778649      4.065808179993
    8      2.133775979310      6.359805394401      4.014899700949
    8     28.680923393162     24.021433090750      3.908495887520
    8      1.804968129424     -5.347594162631      4.061396986570
    8     -1.666626542274      5.507069367979      4.105411303729
    8      5.412097559205      2.641545568787      4.000810030120
    8     -5.148226603859     -2.282786284739      4.672546561348
    8      5.697731653532     -1.121123470069      3.919866973972
    8     -6.950212470566      0.421954679104      4.062747871803
    8      5.853620242068      6.231185991105      4.071102982206
    8     -5.283627742699     -4.938936392939      4.392574864078
    8      5.717383180870     -5.595556034140      4.107195352548
    8     -4.592041943808      4.015509025056      3.949124794515
  258      0.020386684043      1.938020023894      3.051316512186
  258      0.031809547259     -1.868356731846      3.017161384031
  258      0.049419558336      5.750611298433      3.054002968014
  258      0.005013076109     -5.734285000686      3.042419255026
  258      3.770197917706      1.954546780939      3.052213613668
  258     -3.600812864851     -1.911760551843      3.060901338045
  258      3.784123428599     -1.840807336845      3.021474248121
  258     -3.686810800785      2.043162543392      3.065165310272
  258      3.811288235262      5.739321034446      3.065823951188
  258     -3.650386216098     -5.754290922335      3.055196758236
  258      3.784950899817     -5.783369957584      3.047174883995
  258     -3.667043045290      5.658210537966      3.092367480259
  258      7.501459177111      1.879638940509      3.067507230335
  258      7.562280770511     -1.725048736175      3.078463541761
  258      7.537111899876      5.836718832299      3.036153380301
  258      7.563077687814     -5.755999363532      3.087979106912
    8      1.926922124206      1.869012700039      1.569297283889
    8     -1.833121615982     -1.963421629615      1.561102989471
    8      1.954691494236     -1.963887230806      1.575008860635
    8     -1.877276328244      1.893308716220      1.602039508143
    8      1.909182753790      5.699796396166      1.589863675069
    8     -1.835474978068     -5.695296024540      1.573546669635
    8      1.964818021663     -5.805315504926      1.597114485534
    8     -1.860096236310      5.788265153304      1.618588488714
    8      5.692849631067      1.862371806632      1.610122454524
    8     -5.800443177558     -1.857335205664      1.888838737858
    8      5.704887624980     -1.970519854851      1.608534101124
    8     -5.727656314818      1.968530687292      1.866206472728
    8      5.711511457810      5.711079407450      1.612234100811
    8     -5.820245243298     -5.753242212002      1.780500843390
    8      5.700684992561     -5.758339764846      1.621168272403
    8     -5.776387506739      5.748368626320      1.858839846061
    8      0.055663350682     -0.010814309934      1.863868424854
    8     -0.004742635267      3.826522697768      1.891936052152
    8      0.093839898039     -3.837417986584      1.904073623767
    8      0.053903594576      7.680382509556      1.931319017612
    8      3.801739387981     -0.015654400555      1.885216071539
    8     -3.810142097210      0.004582609589      1.940295467309
    8      3.793265982566      3.821882114008      1.880311616877
    8     -3.852598356914     -3.804953716719      1.829693876627
    8      3.820625453337     -3.858504309937      2.060416516496
    8     -3.679696457657      3.847666238674      1.690030412949
    8      3.840131891808      7.649192061778      1.937453485612
    8     -3.835610206825      7.657098035772      1.910595083874
    8      7.563887677690      0.007582352762      1.709444474143
    8      7.638603918821      3.839738824409      1.978045480816
    8      7.626103528596     -3.809739323380      2.000710228944
    8      7.530153581392      7.678562430367      1.799269616385
  258      1.913204062301     -0.000298798701      0.404926372986
  258     -1.900983826753      0.018363583141      0.429178038948
  258      1.917955930560      3.821471724379      0.421323789017
  258     -1.901338613048     -3.832516509518      0.399836417970
  258      1.915874574136     -3.851316823185      0.428752751371
  258     -1.880856290454      3.844362582993      0.396131840682
  258      1.912749762318      7.649253392049      0.431464085416
  258     -1.907818993472      7.665536796458      0.445615582647
  258      5.724680851574     -0.001786774073      0.393564071898
  258     -5.741275072727      0.023327701710      0.530801711399
  258      5.733320502980      3.821027920472      0.444467712918
  258     -5.758892554225     -3.815731451665      0.550916192746
  258      5.754620450781     -3.835795099209      0.457571959254
  258     -5.747432440168      3.846938194937      0.529794082804
  258      5.728586357471      7.673669139619      0.414876256372
  258     -5.750354152847      7.678044389442      0.537850162429
    8     -0.007176017674      0.001358421703     -0.798346044350
    8      0.017794914619      3.837723668367     -0.808373927663
    8      0.005644869538     -3.840538737549     -0.790637995463
    8     -0.002097162097      7.665375208398     -0.771086181519
    8      3.825024320600     -0.004727942740     -0.809474398040
    8     -3.845711711321      0.009970664610     -0.751039457042
    8      3.840233483348      3.831536097015     -0.790249429823
    8     -3.852113033226     -3.831891745891     -0.785837520261
    8      3.838972629869     -3.842318265770     -0.741475489264
    8     -3.855854324437      3.840712955452     -0.833832871791
    8      3.824015628301      7.672109015160     -0.783287293172
    8     -3.847068847176      7.674140343148     -0.752868137935
    8      7.693503633739      0.004543384327     -0.825390979972
    8      7.682662816001      3.837576266538     -0.738448742756
    8      7.684840537344     -3.833794166742     -0.732038848261
    8      7.685290638523      7.671613357051     -0.793515607480
    8      1.917645526232      1.912964620669     -0.986602180230
    8     -1.924331742433     -1.907891772619     -0.978836358471
    8      1.914390124456     -1.931894380503     -0.980226912418
    8     -1.915003223466      1.916616498204     -0.969063003760
    8      1.922004836330      5.752718281848     -0.973465056940
    8     -1.922782325996     -5.764514926510     -0.972114029635
    8      1.912806242763     -5.762434493562     -0.967778823329
    8     -1.916035774864      5.766821210044     -0.961398295042
    8      5.755373776079      1.920911431307     -0.964988141707
    8     -5.746908521509     -1.906916805927     -0.817611617074
    8      5.755774898535     -1.929837440956     -0.964206221662
    8     -5.753867909032      1.925346025470     -0.828338218185
    8      5.753510538014      5.748103225534     -0.957129815935
    8     -5.749617744434     -5.749032706158     -0.854329282363
    8      5.755976660272     -5.752761242616     -0.957122557823
    8     -5.755608003587      5.757305353279     -0.829339050190
  258     -0.000512896258      1.915901416834     -2.189726368589
  258     -0.002291436663     -1.918658153830     -2.183425908038
  258      0.001120030711      5.757147434822     -2.183412345319
  258     -0.002568454461     -5.758596142547     -2.178833773687
  258      3.837226566750      1.920177080945     -2.186949321995
  258     -3.851928719510     -1.915846970135     -2.146944624048
  258      3.836491762280     -1.924627044363     -2.179722888858
  258     -3.848920626050      1.925816437167     -2.151436987080
  258      3.839007483059      5.748757041000     -2.178481175462
  258     -3.853809473308     -5.752424368226     -2.145890750449
  258      3.836963093944     -5.754269486524     -2.174731693219
  258     -3.850437228230      5.755452914825     -2.148390295367
  258      7.687397547346      1.917786318217     -2.148501755330
  258      7.688668226952     -1.914442031236     -2.143499215620
  258      7.684031975151      5.755293775645     -2.142438382600
  258      7.689284694841     -5.753151157204     -2.143077513198
    8      1.918537019860      1.918467709130     -3.630064486658
    8     -1.919111130564     -1.917862249537     -3.620509285305
    8      1.919779728285     -1.918592902612     -3.624757472803
    8     -1.918579258925      1.918550575497     -3.619588842910
    8      1.918305408182      5.754036435275     -3.622061866067
    8     -1.915347788022     -5.753900120252     -3.619287618247
    8      1.919789636530     -5.753962902604     -3.618094353661
    8     -1.916098158336      5.753520173214     -3.615392675353
    8      5.754088024581      1.918478782223     -3.617771982152
    8     -5.754625547446     -1.917315350422     -3.572785725815
    8      5.753145913543     -1.918477250440     -3.614760314448
    8     -5.754309094492      1.918411718963     -3.579701027069
    8      5.753519290557      5.753430287371     -3.612861601451
    8     -5.755961447975     -5.753220402409     -3.585341292205
    8      5.750760833941     -5.753663683330     -3.611398613092
    8     -5.755804649120      5.753306698245     -3.577104061791
    8      0.000000000000      0.000000000000     -3.390356274875
    8      0.000000000000      3.835750260159     -3.390356274875
    8      0.000000000000     -3.835750260159     -3.390356274875
    8      0.000000000000      7.671500520300     -3.390356274875
    8      3.835750260161      0.000000000000     -3.390356274875
    8     -3.835750260161      0.000000000000     -3.390356274875
    8      3.835750260161      3.835750260159     -3.390356274875
    8     -3.835750260161     -3.835750260159     -3.390356274875
    8      3.835750260161     -3.835750260159     -3.390356274875
    8     -3.835750260161      3.835750260159     -3.390356274875
    8      3.835750260161      7.671500520300     -3.390356274875
    8     -3.835750260161      7.671500520300     -3.390356274875
    8      7.671500520300      0.000000000000     -3.390356274875
    8      7.671500520300      3.835750260159     -3.390356274875
    8      7.671500520300     -3.835750260159     -3.390356274875
    8      7.671500520300      7.671500520300     -3.390356274875
  258      1.917875130081      0.000000000000     -4.746498784825
  258     -1.917875130081      0.000000000000     -4.746498784825
  258      1.917875130081      3.835750260159     -4.746498784825
  258     -1.917875130081     -3.835750260159     -4.746498784825
  258      1.917875130081     -3.835750260159     -4.746498784825
  258     -1.917875130081      3.835750260159     -4.746498784825
  258      1.917875130081      7.671500520300     -4.746498784825
  258     -1.917875130081      7.671500520300     -4.746498784825
  258      5.753625390240      0.000000000000     -4.746498784825
  258     -5.753625390240      0.000000000000     -4.746498784825
  258      5.753625390240      3.835750260159     -4.746498784825
  258     -5.753625390240     -3.835750260159     -4.746498784825
  258      5.753625390240     -3.835750260159     -4.746498784825
  258     -5.753625390240      3.835750260159     -4.746498784825
  258      5.753625390240      7.671500520300     -4.746498784825
  258     -5.753625390240      7.671500520300     -4.746498784825
    8      0.000000000000      0.000000000000     -6.100000000000
    8      0.000000000000      3.835750260159     -6.100000000000
    8      0.000000000000     -3.835750260159     -6.100000000000
    8      0.000000000000      7.671500520300     -6.100000000000
    8      3.835750260161      0.000000000000     -6.100000000000
    8     -3.835750260161      0.000000000000     -6.100000000000
    8      3.835750260161      3.835750260159     -6.100000000000
    8     -3.835750260161     -3.835750260159     -6.100000000000
    8      3.835750260161     -3.835750260159     -6.100000000000
    8     -3.835750260161      3.835750260159     -6.100000000000
    8      3.835750260161      7.671500520300     -6.100000000000
    8     -3.835750260161      7.671500520300     -6.100000000000
    8      7.671500520300      0.000000000000     -6.100000000000
    8      7.671500520300      3.835750260159     -6.100000000000
    8      7.671500520300     -3.835750260159     -6.100000000000
    8      7.671500520300      7.671500520300     -6.100000000000
    1     23.484818585324     21.533011357454      5.952260708365
    6     22.188567488358     27.311201497802      5.839483901630
    6     22.404918793317     28.635885214237      6.551318875633
    1     21.544327557241     28.841573300252      7.198784571685
    1     23.303477147991     28.600991899106      7.168499583935
    1     22.486687565081     29.469496316103      5.850194476240
    1     22.166502305422     26.463173168727      6.531830072929
    1     21.263928398382     27.305527961491      5.255143422214
    1     24.719052428944     23.782605411573      5.804064814778
    6     24.576303038993     21.598899603208      5.823693988283
    1     24.917137341362     20.745807752940      5.215597083125
    1     25.044949753181     21.500304607152      6.807924471960
   14     24.926368503592     27.024854363150      5.226858896521
    8     23.238936945301     27.060498277873      4.855559257773
    8     25.062042514303     26.829156518678      6.847532797005
    8     28.594084543690     26.861700447666      3.821505934953
    6     28.642163807985     26.827556490313      5.241875719115
    6     25.756270810023     27.759150755237      7.687298330921
    6     29.991942370834     27.284390602626      5.788350307132
    6     25.210388417605     27.659239267106      9.098512513829
    1     30.092372510556     27.055153365137      6.854372663835
    1     25.750563426670     28.345690320931      9.761962966272
    1     24.147164495581     27.916622026733      9.124911289384
    1     25.322674871989     26.641863589101      9.485919471980
    1     26.833172877923     27.520106807750      7.670864905715
    1     25.647003636826     28.779219097386      7.289248679159
    1     27.847307224021     27.473499392972      5.659066235030
    1     28.432986291801     25.796546363612      5.573116536932
    1     30.102299952845     28.371143867199      5.684164965198
    1     30.834671380037     26.785748476170      5.279210211427
    8     24.194134798648     23.037663741713      3.942810844794
    6     24.906173221346     22.925375172951      5.140309663834
    1     26.013806324121     22.978553611498      4.944724979078
    0    0
