   2   1   1 E -4.0955955442360E+04 DE-3.4E-09(  7)
  0.153430010406E+02  0.000000000000E+00  0.000000000000E+00
  0.000000000000E+00  0.153430010406E+02  0.000000000000E+00
  0.000000000000E+00  0.000000000000E+00  0.500000000000E+03
    1
  0.100000000000E+01  0.000000000000E+00  0.000000000000E+00
  0.000000000000E+00  0.100000000000E+01  0.000000000000E+00
  0.000000000000E+00  0.000000000000E+00  0.100000000000E+01
  0.000000000000E+00  0.000000000000E+00  0.000000000000E+00
  225
    8      1.871049248301      2.646579741056      3.938795607263
    8     28.770649920080     29.764818149073      3.846876781573
    8      1.743071982247     -1.166539263534      3.955044195905
    8     -1.814751543231      2.322544737316      4.050084569582
    8      2.108663872990      6.395941382425      3.997589612910
    8     28.694361356669     24.046956350851      3.915531416925
    8      1.813217080731     -5.295684574107      4.049838759617
    8     -1.675210521268      5.561240028606      4.114153030212
    8      5.561604095791      2.533032336556      4.000018908839
    8     -5.151497409779     -2.308422907281      4.678349263446
    8      5.469386288001     -1.226607856395      3.987991780290
    8     -7.221341064890      0.130582036763      4.064304709369
    8      5.822046883515      6.168994859634      4.084960996585
    8     -5.296632585411     -4.966189495734      4.398616229156
    8      5.711103264294     -5.639672984534      4.108060083724
    8     -4.468487264102      3.944558969672      3.992840187207
  258      0.059843311190      1.924677368110      3.046288205102
  258      0.013950332019     -1.860826849683      3.021823639065
  258      0.050229026939      5.756617203596      3.051920928604
  258      0.008315627733     -5.726758260874      3.041539219914
  258      3.781626826494      1.942850409040      3.046145297116
  258     -3.612222618129     -1.899368487027      3.063519749208
  258      3.760307062295     -1.846792501529      3.032232201662
  258     -3.627641091152      2.040027521558      3.066192069863
  258      3.794772625268      5.747522969094      3.059521115026
  258     -3.645570198149     -5.745918491680      3.058709544712
  258      3.782609773597     -5.779141339190      3.043887161146
  258     -3.648322772911      5.649178811662      3.093166058791
  258      7.469130863933      1.852805359885      3.051536992818
  258      7.530131393609     -1.737587270934      3.082306585434
  258      7.512087048163      5.830924716445      3.037083448723
  258      7.561092443118     -5.758986819779      3.091052662447
    8      1.927677215782      1.866539093319      1.562332668740
    8     -1.838503777397     -1.960406522719      1.552845732886
    8      1.956078669425     -1.967988081430      1.574983171455
    8     -1.864743785155      1.899170025050      1.598214532965
    8      1.918432712452      5.696074074282      1.585789041590
    8     -1.839849508524     -5.699158731449      1.572033634664
    8      1.961124049915     -5.812098572369      1.596916474762
    8     -1.856742615469      5.776422305733      1.620970202338
    8      5.685996733530      1.866147389059      1.595225047664
    8     -5.807314409127     -1.846445890781      1.888189346502
    8      5.718075374177     -1.952160107578      1.620904841345
    8     -5.747588615994      1.953557648692      1.958251397436
    8      5.705854357997      5.717616736474      1.609111278055
    8     -5.819877044424     -5.766025604130      1.786433427125
    8      5.708980083768     -5.754605354554      1.620481013053
    8     -5.772666070696      5.725059072646      1.900557768537
    8      0.037801340877     -0.001523610147      1.837360949619
    8      0.016628942540      3.822344921439      1.904162816750
    8      0.091023671719     -3.846134507079      1.890204445387
    8      0.049856106973      7.677790277711      1.927907992215
    8      3.794911940157     -0.006988651659      1.879664373006
    8     -3.816929475733      0.028854798613      1.916402117320
    8      3.811985496361      3.817328422686      1.901018860124
    8     -3.859134296689     -3.813501058982      1.828756484412
    8      3.827862590286     -3.865136626716      2.040475636617
    8     -3.680644926715      3.835420808179      1.687168024517
    8      3.842762338764      7.653944371957      1.933399225735
    8     -3.832790686354      7.648838112542      1.925631490478
    8      7.553328641839      0.028995605110      1.675100645901
    8      7.621950902394      3.827576823503      1.983362452643
    8      7.632072578649     -3.815517142420      1.992174976045
    8      7.528677584393      7.669625888229      1.797421637667
  258      1.910116745246     -0.007057895855      0.401670301184
  258     -1.899984170298      0.016491140992      0.425139546828
  258      1.921577157290      3.820284522881      0.419304343905
  258     -1.901708564438     -3.830151500563      0.402768246213
  258      1.913959520635     -3.851123178956      0.429081998420
  258     -1.872870817621      3.843095143422      0.390883657819
  258      1.911678210034      7.652130948421      0.426699844568
  258     -1.906231636464      7.666439994410      0.444628954325
  258      5.717316865872     -0.008136830479      0.383352291869
  258     -5.741139334957      0.020601809890      0.537882621172
  258      5.732565130940      3.824829255137      0.436597696664
  258     -5.759266021599     -3.812629645789      0.556324072940
  258      5.752796240960     -3.830386233008      0.461369946167
  258     -5.748915335101      3.837806859937      0.548121013030
  258      5.728139733321      7.679134771599      0.411363552976
  258     -5.750100163467      7.673835352384      0.547209624486
    8     -0.006049212134      0.000952104432     -0.809569064565
    8      0.021852184506      3.839372732779     -0.805905080176
    8      0.003655277849     -3.842933759168     -0.795729944439
    8     -0.003317292626      7.664940227130     -0.771633842775
    8      3.819873490593     -0.005888573234     -0.817141868250
    8     -3.846845834814      0.011045363042     -0.761652749281
    8      3.838734783546      3.834243332756     -0.785623212186
    8     -3.853379120800     -3.832471112717     -0.786478506432
    8      3.840155393030     -3.842416237551     -0.745823524337
    8     -3.856987712713      3.840861814295     -0.830492264064
    8      3.823956526253      7.671654615237     -0.785575364228
    8     -3.849156440012      7.670833757984     -0.745573060141
    8      7.692302741039      0.003395110994     -0.841738922806
    8      7.685696541187      3.837510440339     -0.732400657039
    8      7.684327412276     -3.833081789702     -0.732468892221
    8      7.688535947496      7.669354871578     -0.792361762442
    8      1.918207601544      1.915738005749     -0.988569155074
    8     -1.924473984265     -1.909230163795     -0.983549438372
    8      1.913067982857     -1.934746622863     -0.981456615448
    8     -1.914238913052      1.921120488917     -0.970820961768
    8      1.921250727611      5.753682179146     -0.975219371929
    8     -1.924317962344     -5.768959938931     -0.971984638209
    8      1.913077854769     -5.764899672141     -0.968618452684
    8     -1.915372037498      5.765790948399     -0.959780775305
    8      5.753574419311      1.924585975242     -0.971194986044
    8     -5.747126838662     -1.907123784129     -0.816184727711
    8      5.751947895474     -1.932176995040     -0.962688892046
    8     -5.753392843316      1.930169192599     -0.792230407332
    8      5.754634840796      5.747586175794     -0.959697138058
    8     -5.750067352804     -5.752864689783     -0.848820983327
    8      5.756500233684     -5.751735609523     -0.956305304502
    8     -5.755423453081      5.750883932544     -0.806903334531
  258      0.000732969668      1.913963218944     -2.191455681127
  258     -0.003522914661     -1.919794098216     -2.185002586813
  258      0.001825604328      5.757786147797     -2.185389790501
  258     -0.003844438060     -5.756877393631     -2.178985041501
  258      3.835958065852      1.919214629141     -2.189666589533
  258     -3.853246364540     -1.916303274632     -2.146538622532
  258      3.834348605246     -1.927586612992     -2.182650608718
  258     -3.850121410288      1.925269020313     -2.147833896685
  258      3.838812705965      5.750546571452     -2.180608723013
  258     -3.855813468762     -5.751618126162     -2.142928123143
  258      3.837278250692     -5.752262566137     -2.174806418893
  258     -3.852651343117      5.754016521169     -2.143633326800
  258      7.688132987433      1.916354589594     -2.145588978558
  258      7.690286345728     -1.914847887274     -2.144002817486
  258      7.687075256507      5.755246213870     -2.140018041697
  258      7.690823415299     -5.751970735798     -2.140200786304
    8      1.918764667309      1.918630488112     -3.630945060204
    8     -1.918742592379     -1.917835105833     -3.624390105453
    8      1.920311084577     -1.918897043822     -3.626693248395
    8     -1.919414604755      1.919057756378     -3.619568411845
    8      1.918318598369      5.754068702683     -3.622789161705
    8     -1.915451512551     -5.754286348605     -3.619530595154
    8      1.920113086646     -5.753879997365     -3.618957973875
    8     -1.916871646864      5.753150449951     -3.613884326666
    8      5.755050201904      1.918667678313     -3.619467401364
    8     -5.754868569673     -1.916702485159     -3.574943386734
    8      5.752565689452     -1.918551075676     -3.615338412835
    8     -5.753916018220      1.919090283905     -3.567904880506
    8      5.754331943015      5.753408009577     -3.612854377323
    8     -5.756091106123     -5.753662020529     -3.584261329880
    8      5.750632274449     -5.753672755107     -3.611645012805
    8     -5.755715593607      5.752584604913     -3.569242200377
    8      0.000000000000      0.000000000000     -3.390356274875
    8      0.000000000000      3.835750260159     -3.390356274875
    8      0.000000000000     -3.835750260159     -3.390356274875
    8      0.000000000000      7.671500520300     -3.390356274875
    8      3.835750260161      0.000000000000     -3.390356274875
    8     -3.835750260161      0.000000000000     -3.390356274875
    8      3.835750260161      3.835750260159     -3.390356274875
    8     -3.835750260161     -3.835750260159     -3.390356274875
    8      3.835750260161     -3.835750260159     -3.390356274875
    8     -3.835750260161      3.835750260159     -3.390356274875
    8      3.835750260161      7.671500520300     -3.390356274875
    8     -3.835750260161      7.671500520300     -3.390356274875
    8      7.671500520300      0.000000000000     -3.390356274875
    8      7.671500520300      3.835750260159     -3.390356274875
    8      7.671500520300     -3.835750260159     -3.390356274875
    8      7.671500520300      7.671500520300     -3.390356274875
  258      1.917875130081      0.000000000000     -4.746498784825
  258     -1.917875130081      0.000000000000     -4.746498784825
  258      1.917875130081      3.835750260159     -4.746498784825
  258     -1.917875130081     -3.835750260159     -4.746498784825
  258      1.917875130081     -3.835750260159     -4.746498784825
  258     -1.917875130081      3.835750260159     -4.746498784825
  258      1.917875130081      7.671500520300     -4.746498784825
  258     -1.917875130081      7.671500520300     -4.746498784825
  258      5.753625390240      0.000000000000     -4.746498784825
  258     -5.753625390240      0.000000000000     -4.746498784825
  258      5.753625390240      3.835750260159     -4.746498784825
  258     -5.753625390240     -3.835750260159     -4.746498784825
  258      5.753625390240     -3.835750260159     -4.746498784825
  258     -5.753625390240      3.835750260159     -4.746498784825
  258      5.753625390240      7.671500520300     -4.746498784825
  258     -5.753625390240      7.671500520300     -4.746498784825
    8      0.000000000000      0.000000000000     -6.100000000000
    8      0.000000000000      3.835750260159     -6.100000000000
    8      0.000000000000     -3.835750260159     -6.100000000000
    8      0.000000000000      7.671500520300     -6.100000000000
    8      3.835750260161      0.000000000000     -6.100000000000
    8     -3.835750260161      0.000000000000     -6.100000000000
    8      3.835750260161      3.835750260159     -6.100000000000
    8     -3.835750260161     -3.835750260159     -6.100000000000
    8      3.835750260161     -3.835750260159     -6.100000000000
    8     -3.835750260161      3.835750260159     -6.100000000000
    8      3.835750260161      7.671500520300     -6.100000000000
    8     -3.835750260161      7.671500520300     -6.100000000000
    8      7.671500520300      0.000000000000     -6.100000000000
    8      7.671500520300      3.835750260159     -6.100000000000
    8      7.671500520300     -3.835750260159     -6.100000000000
    8      7.671500520300      7.671500520300     -6.100000000000
    1     23.531448190771     21.460723736186      5.962395154973
    6     22.161095402580     27.253000663905      5.823675069153
    6     22.344177432198     28.567346428046      6.560126656778
    1     21.476147001847     28.737879328070      7.207118103478
    1     23.241563958619     28.540166774380      7.181476931202
    1     22.414083510454     29.413870296355      5.873096045792
    1     22.152949846336     26.388101858214      6.494282318443
    1     21.241570169148     27.242483151698      5.232414082543
    1     24.738554681509     23.726656069401      5.826477997820
    6     24.614201422211     21.542096329781      5.785557828561
    1     24.931770394794     20.704464642224      5.142619921411
    1     25.131642976355     21.417396955826      6.741301542313
   14     24.910888775902     27.004937400062      5.226254442371
    8     23.224295118396     27.042858804035      4.838514178481
    8     25.027028539265     26.803765193030      6.848570028417
    8     28.611539622471     26.880168313646      3.817832821582
    6     28.646485255471     26.848233330030      5.238085289949
    6     25.737457700169     27.720381423777      7.689938579981
    6     29.990173685524     27.311645547845      5.793183949524
    6     25.192350869943     27.627032872017      9.102472242330
    1     30.083460610886     27.086838063662      6.860914363764
    1     25.750290394387     28.298048288332      9.767555208835
    1     24.135189301466     27.910383905900      9.133136957708
    1     25.281120448945     26.605625075433      9.485691906953
    1     26.809542457143     27.463347962420      7.671517278723
    1     25.644603974038     28.743208641609      7.294595282692
    1     27.844851251371     27.490432787996      5.647719055928
    1     28.440145510016     25.816033407908      5.569019532570
    1     30.101736504728     28.399078262345      5.687960766306
    1     30.837185627349     26.814024045731      5.289816919249
    8     24.133330279221     23.032159841716      3.969915690273
    6     24.900497894652     22.892133567093      5.127549557925
    1     25.997994069444     22.962711627048      4.884374563955
    0    0
