   2   1   1 E -4.0955954972235E+04 DE-6.5E-08(  8)
  0.153430010406E+02  0.000000000000E+00  0.000000000000E+00
  0.000000000000E+00  0.153430010406E+02  0.000000000000E+00
  0.000000000000E+00  0.000000000000E+00  0.500000000000E+03
    1
  0.100000000000E+01  0.000000000000E+00  0.000000000000E+00
  0.000000000000E+00  0.100000000000E+01  0.000000000000E+00
  0.000000000000E+00  0.000000000000E+00  0.100000000000E+01
  0.000000000000E+00  0.000000000000E+00  0.000000000000E+00
  225
    8      1.872567304488      2.646317225803      3.939048789604
    8     28.770413981316     29.764687294382      3.846987600178
    8      1.742773105156     -1.166371214424      3.954897068736
    8     -1.812888293219      2.322418341963      4.049935635585
    8      2.108104339833      6.395275629385      3.997779282947
    8     28.694118424932     24.046986677696      3.915579146442
    8      1.813095983748     -5.295749935102      4.049903262413
    8     -1.676338354916      5.561749418190      4.114014852733
    8      5.561896777065      2.534980352269      3.999312641269
    8     -5.151933907926     -2.308408263121      4.678273236618
    8      5.468641835337     -1.223746812954      3.987194572026
    8     -7.221410452801      0.131179026206      4.064474976322
    8      5.821822547700      6.169141492417      4.085037044817
    8     -5.297511021879     -4.966175053494      4.398219114859
    8      5.711183028577     -5.639101043382      4.108035160800
    8     -4.467859868968      3.942957777571      3.992811217355
  258      0.060035155646      1.924526344267      3.046545435192
  258      0.014024541151     -1.860815918566      3.021820891935
  258      0.050022609467      5.756648629523      3.051841156048
  258      0.008344245388     -5.726751615626      3.041544634960
  258      3.781808635351      1.942830467906      3.046316738144
  258     -3.612150866540     -1.899332305953      3.063643368380
  258      3.760450612970     -1.846518449412      3.032173475016
  258     -3.627430808887      2.040298300689      3.065658270932
  258      3.794463355913      5.747230419985      3.059626255678
  258     -3.645660741846     -5.745872113296      3.058762464530
  258      3.782669725840     -5.779119237396      3.043878318168
  258     -3.648387463200      5.649361579529      3.093072278316
  258      7.469174877941      1.853191709930      3.051600462036
  258      7.530415963016     -1.737195625660      3.082276460229
  258      7.511486726877      5.831197584571      3.036564817082
  258      7.561255758430     -5.758775229424      3.091074810365
    8      1.927365006379      1.866591206932      1.562282276332
    8     -1.838579121746     -1.960464271714      1.552839468556
    8      1.956272590303     -1.968083206511      1.574869579871
    8     -1.864991131275      1.899192781089      1.597977350616
    8      1.918339847109      5.696128692898      1.585867755615
    8     -1.839831078923     -5.699116810379      1.572128587033
    8      1.961188017186     -5.812112744643      1.597009014449
    8     -1.856624335098      5.776504912239      1.620885249030
    8      5.686200281859      1.865994774448      1.595067872034
    8     -5.807714924970     -1.846373064887      1.888255781985
    8      5.718648506396     -1.952429551962      1.621065061362
    8     -5.747354488046      1.953428768933      1.958178933219
    8      5.705749573507      5.717487267623      1.609103928829
    8     -5.819774025968     -5.766155575834      1.786220610194
    8      5.708947041478     -5.754683696546      1.620461949638
    8     -5.772507225000      5.725083897206      1.900576206874
    8      0.037642278629     -0.001723387813      1.837281556868
    8      0.016697805516      3.822528594588      1.904602363136
    8      0.091011666314     -3.846156546367      1.890387632564
    8      0.049894971779      7.677748899708      1.927951537720
    8      3.794801564636     -0.007054289581      1.878959584555
    8     -3.816895424400      0.028753665104      1.916527267161
    8      3.811879199666      3.817293158129      1.900737842507
    8     -3.859264487864     -3.813452410635      1.828757315401
    8      3.828075664313     -3.865092311756      2.040782435201
    8     -3.680667771836      3.835865532183      1.687159771902
    8      3.842719111040      7.653784647689      1.933610808538
    8     -3.832677955312      7.648840706369      1.925578006411
    8      7.553484653633      0.028994792929      1.675167028736
    8      7.622148014108      3.827631562528      1.982989587008
    8      7.632340405620     -3.815641934313      1.992183443758
    8      7.528749869634      7.669819594469      1.797361018817
  258      1.910183586404     -0.006964694829      0.401730847006
  258     -1.899886826721      0.016391240320      0.425056581028
  258      1.921562104748      3.820240390042      0.419352746239
  258     -1.901688675830     -3.830154245184      0.402767562773
  258      1.913979836075     -3.851092379840      0.429042487866
  258     -1.872954377693      3.842981598079      0.390986750067
  258      1.911706292863      7.652131488748      0.426732427989
  258     -1.906235976027      7.666489767153      0.444598384854
  258      5.717379909698     -0.008071367173      0.383337304236
  258     -5.741023838123      0.020832868067      0.537982870245
  258      5.732461401797      3.824681387575      0.436519898689
  258     -5.759153236720     -3.812655691664      0.556247034236
  258      5.752832319847     -3.830462648128      0.461420729002
  258     -5.749060967549      3.837951783285      0.547938920041
  258      5.728392726797      7.678810935739      0.411697699686
  258     -5.750045630555      7.673870279331      0.547163141942
    8     -0.006012452401      0.000950554057     -0.809663410617
    8      0.021795257392      3.839312939589     -0.805733615753
    8      0.003677544938     -3.842971648653     -0.795630244017
    8     -0.003292083372      7.664986970044     -0.771593497389
    8      3.819853975315     -0.005933471070     -0.817310146681
    8     -3.846848524341      0.011146819027     -0.761622712326
    8      3.838702766054      3.834246749514     -0.785662472369
    8     -3.853295543279     -3.832495810409     -0.786514626990
    8      3.840195907090     -3.842497024301     -0.745665496428
    8     -3.856962232652      3.840915764090     -0.830472178578
    8      3.824078044691      7.671574776810     -0.785409792550
    8     -3.849078025587      7.670833733801     -0.745622559792
    8      7.692456862010      0.003390081833     -0.841752343683
    8      7.685658302396      3.837593290781     -0.732525405962
    8      7.684377959778     -3.833058651002     -0.732491267653
    8      7.688505362253      7.669348638948     -0.792405106375
    8      1.918238452953      1.915725745899     -0.988669997225
    8     -1.924472407901     -1.909222329347     -0.983554081763
    8      1.913075432383     -1.934863546723     -0.981543780186
    8     -1.914196874764      1.921095474572     -0.971051718277
    8      1.921166654188      5.753652215055     -0.975203266324
    8     -1.924279455292     -5.768991580482     -0.971923037198
    8      1.913143514292     -5.764948962336     -0.968567455923
    8     -1.915299913157      5.765696259025     -0.959807666337
    8      5.753589877757      1.924549430512     -0.971242318594
    8     -5.747070143895     -1.907169264629     -0.816109890373
    8      5.751947035908     -1.932175173207     -0.962627824067
    8     -5.753410368361      1.930298964610     -0.792262129557
    8      5.754584768579      5.747532092544     -0.959775435389
    8     -5.750045474938     -5.752959511517     -0.848944071175
    8      5.756531404398     -5.751845203724     -0.956297506627
    8     -5.755422332995      5.750923799035     -0.806952567321
  258      0.000737573211      1.913969829329     -2.191494052655
  258     -0.003485442138     -1.919793246312     -2.185009563038
  258      0.001834853017      5.757754734449     -2.185391392920
  258     -0.003820614049     -5.756892459515     -2.178984672505
  258      3.835949394585      1.919216144537     -2.189701012330
  258     -3.853268588104     -1.916316422887     -2.146545110983
  258      3.834366165476     -1.927562137580     -2.182634877286
  258     -3.850040809184      1.925275197262     -2.147899679756
  258      3.838807270092      5.750563051219     -2.180587505296
  258     -3.855800091650     -5.751637919274     -2.142942517515
  258      3.837370045732     -5.752308123730     -2.174748497516
  258     -3.852600035920      5.754015809916     -2.143663979326
  258      7.688180419064      1.916358971802     -2.145667234045
  258      7.690295120030     -1.914839809374     -2.143896503531
  258      7.687018708797      5.755272396760     -2.140066380379
  258      7.690788430912     -5.751984904022     -2.140193947292
    8      1.918758371966      1.918637916052     -3.631027965166
    8     -1.918742454784     -1.917832036613     -3.624400491150
    8      1.920295142602     -1.918895909228     -3.626752322005
    8     -1.919457239507      1.919059871950     -3.619609901094
    8      1.918299836526      5.754069791303     -3.622790175845
    8     -1.915417314836     -5.754288315224     -3.619479998225
    8      1.920118121054     -5.753893075083     -3.618932707057
    8     -1.916887941923      5.753141040006     -3.613864861352
    8      5.755073393788      1.918662861093     -3.619490476541
    8     -5.754868732556     -1.916693678025     -3.574912134488
    8      5.752568880046     -1.918557003624     -3.615330643486
    8     -5.753893140745      1.919132414406     -3.567899096852
    8      5.754332034111      5.753409037942     -3.612864407808
    8     -5.756092301696     -5.753742983988     -3.584409020363
    8      5.750594425903     -5.753689980420     -3.611601793420
    8     -5.755688368267      5.752573666576     -3.569287225264
    8      0.000000000000      0.000000000000     -3.390356274875
    8      0.000000000000      3.835750260159     -3.390356274875
    8      0.000000000000     -3.835750260159     -3.390356274875
    8      0.000000000000      7.671500520300     -3.390356274875
    8      3.835750260161      0.000000000000     -3.390356274875
    8     -3.835750260161      0.000000000000     -3.390356274875
    8      3.835750260161      3.835750260159     -3.390356274875
    8     -3.835750260161     -3.835750260159     -3.390356274875
    8      3.835750260161     -3.835750260159     -3.390356274875
    8     -3.835750260161      3.835750260159     -3.390356274875
    8      3.835750260161      7.671500520300     -3.390356274875
    8     -3.835750260161      7.671500520300     -3.390356274875
    8      7.671500520300      0.000000000000     -3.390356274875
    8      7.671500520300      3.835750260159     -3.390356274875
    8      7.671500520300     -3.835750260159     -3.390356274875
    8      7.671500520300      7.671500520300     -3.390356274875
  258      1.917875130081      0.000000000000     -4.746498784825
  258     -1.917875130081      0.000000000000     -4.746498784825
  258      1.917875130081      3.835750260159     -4.746498784825
  258     -1.917875130081     -3.835750260159     -4.746498784825
  258      1.917875130081     -3.835750260159     -4.746498784825
  258     -1.917875130081      3.835750260159     -4.746498784825
  258      1.917875130081      7.671500520300     -4.746498784825
  258     -1.917875130081      7.671500520300     -4.746498784825
  258      5.753625390240      0.000000000000     -4.746498784825
  258     -5.753625390240      0.000000000000     -4.746498784825
  258      5.753625390240      3.835750260159     -4.746498784825
  258     -5.753625390240     -3.835750260159     -4.746498784825
  258      5.753625390240     -3.835750260159     -4.746498784825
  258     -5.753625390240      3.835750260159     -4.746498784825
  258      5.753625390240      7.671500520300     -4.746498784825
  258     -5.753625390240      7.671500520300     -4.746498784825
    8      0.000000000000      0.000000000000     -6.100000000000
    8      0.000000000000      3.835750260159     -6.100000000000
    8      0.000000000000     -3.835750260159     -6.100000000000
    8      0.000000000000      7.671500520300     -6.100000000000
    8      3.835750260161      0.000000000000     -6.100000000000
    8     -3.835750260161      0.000000000000     -6.100000000000
    8      3.835750260161      3.835750260159     -6.100000000000
    8     -3.835750260161     -3.835750260159     -6.100000000000
    8      3.835750260161     -3.835750260159     -6.100000000000
    8     -3.835750260161      3.835750260159     -6.100000000000
    8      3.835750260161      7.671500520300     -6.100000000000
    8     -3.835750260161      7.671500520300     -6.100000000000
    8      7.671500520300      0.000000000000     -6.100000000000
    8      7.671500520300      3.835750260159     -6.100000000000
    8      7.671500520300     -3.835750260159     -6.100000000000
    8      7.671500520300      7.671500520300     -6.100000000000
    1     23.531441462859     21.459874097629      5.961852364629
    6     22.160375414216     27.253592978758      5.823130149339
    6     22.343742490191     28.567892109728      6.559552313821
    1     21.475916011553     28.738523156581      7.206792177904
    1     23.241300153899     28.540590440323      7.180674073091
    1     22.413542666809     29.414490218280      5.872550777265
    1     22.151650025796     26.388681140152      6.493725262860
    1     21.240955748670     27.243281279954      5.231564057463
    1     24.737894678822     23.726060439274      5.826636678329
    6     24.614185343559     21.541475425646      5.785083989393
    1     24.931838564317     20.704004325114      5.141944153868
    1     25.131601527566     21.416556834289      6.740835932348
   14     24.910422173648     27.004962027378      5.226094582172
    8     23.223783958902     27.043120978676      4.838384893640
    8     25.026554054456     26.803680961524      6.848393264659
    8     28.611048651978     26.880074329030      3.817988783090
    6     28.646333206354     26.848093688617      5.238218274180
    6     25.737166295188     27.720101851152      7.689819964897
    6     29.990035431740     27.311752528014      5.793070953384
    6     25.191886113415     27.626947205257      9.102298561271
    1     30.083548445865     27.086960370318      6.860792830173
    1     25.749820113530     28.297985344334      9.767365821598
    1     24.134750676298     27.910365363028      9.132809306917
    1     25.280555633704     26.605546337106      9.485655205656
    1     26.809196736324     27.462688661674      7.671527296876
    1     25.644694481720     28.742942431807      7.294440138650
    1     27.844630499381     27.490090375810      5.648061627661
    1     28.440299536022     25.815814900512      5.569106207016
    1     30.101380656403     28.399205329558      5.687793358480
    1     30.837039637749     26.814214998423      5.289577443185
    8     24.133310309435     23.031890738818      3.969716128031
    6     24.900273069050     22.891768926653      5.127479245350
    1     25.997841654042     22.962734964049      4.884617931581
    0    0
