   2   1   1 E -4.0955955441556E+04 DE-3.1E-08(  6)
  0.153430010406E+02  0.000000000000E+00  0.000000000000E+00
  0.000000000000E+00  0.153430010406E+02  0.000000000000E+00
  0.000000000000E+00  0.000000000000E+00  0.500000000000E+03
    1
  0.100000000000E+01  0.000000000000E+00  0.000000000000E+00
  0.000000000000E+00  0.100000000000E+01  0.000000000000E+00
  0.000000000000E+00  0.000000000000E+00  0.100000000000E+01
  0.000000000000E+00  0.000000000000E+00  0.000000000000E+00
  225
    8      1.870827844889      2.646636065625      3.938731975662
    8     28.770648332594     29.764854455185      3.846864188305
    8      1.743079662027     -1.166548511796      3.955088265465
    8     -1.815051797514      2.322556712133      4.050141293865
    8      2.108762432651      6.396051282064      3.997554789865
    8     28.694384322965     24.046996003389      3.915555074369
    8      1.813217999063     -5.295679673956      4.049828910576
    8     -1.675011315983      5.561193185618      4.114174072443
    8      5.561616601858      2.532717091858      4.000113812545
    8     -5.151466271914     -2.308453610108      4.678349503786
    8      5.469461355406     -1.227050650809      3.988138603750
    8     -7.221329701319      0.130408340727      4.064294676919
    8      5.822066640844      6.168964158098      4.084947600102
    8     -5.296538769092     -4.966224102687      4.398666718314
    8      5.711074874274     -5.639791564618      4.108046690941
    8     -4.468516469374      3.944790393056      3.992870688311
  258      0.059810901377      1.924697221999      3.046244725072
  258      0.013911472658     -1.860831992825      3.021815203418
  258      0.050276941722      5.756597473444      3.051924561938
  258      0.008312692149     -5.726768745386      3.041539858212
  258      3.781605275387      1.942844909169      3.046118039403
  258     -3.612257916506     -1.899368489666      3.063500324085
  258      3.760265623078     -1.846837612349      3.032237754082
  258     -3.627715169016      2.039943305372      3.066355902704
  258      3.794824921115      5.747559136568      3.059507594178
  258     -3.645555535355     -5.745920952593      3.058705905590
  258      3.782601393781     -5.779159047403      3.043887151851
  258     -3.648287690596      5.649138687041      3.093178150019
  258      7.469117253248      1.852710472260      3.051516512209
  258      7.530076872189     -1.737662616123      3.082306857943
  258      7.512201678132      5.830843198768      3.037197433040
  258      7.561065917514     -5.759036797399      3.091054419116
    8      1.927725827094      1.866527132872      1.562340728928
    8     -1.838503905080     -1.960393895232      1.552853913795
    8      1.956034039693     -1.967958706210      1.575013858557
    8     -1.864701351487      1.899169833606      1.598261237944
    8      1.918443519661      5.696056307614      1.585772344420
    8     -1.839852990432     -5.699169815766      1.572023760857
    8      1.961113715266     -5.812101353325      1.596898192179
    8     -1.856744241743      5.776404385521      1.620976078309
    8      5.685954079016      1.866163601830      1.595247884172
    8     -5.807253805646     -1.846463917013      1.888157158288
    8      5.717953315074     -1.952118926583      1.620901805745
    8     -5.747639989765      1.953575846374      1.958280069360
    8      5.705871137009      5.717625900054      1.609119158245
    8     -5.819900884297     -5.766014286430      1.786467247942
    8      5.708970387795     -5.754600578196      1.620476072409
    8     -5.772683373151      5.725043294765      1.900585698903
    8      0.037813925379     -0.001481734512      1.837372042573
    8      0.016620045885      3.822302063915      1.904074296926
    8      0.091022488223     -3.846131491440      1.890178285876
    8      0.049852300897      7.677788134073      1.927910491988
    8      3.794918337665     -0.006963873966      1.879788219866
    8     -3.816951107955      0.028872176895      1.916372176821
    8      3.812004877265      3.817327243633      1.901048148388
    8     -3.859117869462     -3.813515090519      1.828752257259
    8      3.827810128035     -3.865152654604      2.040428327576
    8     -3.680625940651      3.835332781778      1.687176115091
    8      3.842763522535      7.653955083947      1.933358643392
    8     -3.832802241870      7.648833796317      1.925650401432
    8      7.553303529211      0.029006555591      1.675101266538
    8      7.621937862919      3.827563098960      1.983430482216
    8      7.632018681785     -3.815513870128      1.992162381342
    8      7.528667483145      7.669574462402      1.797424432771
  258      1.910102792226     -0.007071815824      0.401658603050
  258     -1.900005770032      0.016511572297      0.425154083749
  258      1.921580007051      3.820288945554      0.419290380205
  258     -1.901719054254     -3.830155330842      0.402770430897
  258      1.913952941083     -3.851128892614      0.429090378146
  258     -1.872838766632      3.843126969214      0.390847424508
  258      1.911678542281      7.652129956020      0.426690670374
  258     -1.906227267863      7.666429187834      0.444629202184
  258      5.717304659493     -0.008157506753      0.383364444471
  258     -5.741165973999      0.020560717982      0.537860600656
  258      5.732577334896      3.824850101056      0.436605263842
  258     -5.759288427783     -3.812629672805      0.556328549397
  258      5.752786475612     -3.830373923431      0.461359608766
  258     -5.748890954123      3.837788171987      0.548161120653
  258      5.728084455458      7.679197702548      0.411302267912
  258     -5.750105160253      7.673826957645      0.547223468427
    8     -0.006058276795      0.000954321350     -0.809551588807
    8      0.021866092857      3.839384609078     -0.805941605888
    8      0.003647784928     -3.842922580400     -0.795741719878
    8     -0.003320950349      7.664934705433     -0.771638077881
    8      3.819880686266     -0.005893289163     -0.817106453900
    8     -3.846853516167      0.011029817837     -0.761667064727
    8      3.838742850380      3.834244849255     -0.785627482151
    8     -3.853392936650     -3.832470746526     -0.786478640615
    8      3.840142676564     -3.842399122590     -0.745843601660
    8     -3.856981439042      3.840853931813     -0.830499837721
    8      3.823933239076      7.671674620230     -0.785607394896
    8     -3.849159735448      7.670832506397     -0.745562022462
    8      7.692262620272      0.003393596110     -0.841729397470
    8      7.685698932574      3.837498874649     -0.732377441252
    8      7.684312393326     -3.833087108187     -0.732468859198
    8      7.688530562279      7.669364090539     -0.792356695309
    8      1.918205269800      1.915735337610     -0.988553433974
    8     -1.924475862228     -1.909226800122     -0.983544973655
    8      1.913064469276     -1.934728210882     -0.981439094648
    8     -1.914244200957      1.921131131512     -0.970786587022
    8      1.921268110706      5.753686202854     -0.975223473010
    8     -1.924321632806     -5.768950872484     -0.971992241240
    8      1.913063062183     -5.764890502874     -0.968625990793
    8     -1.915380452020      5.765810488378     -0.959780953979
    8      5.753563575479      1.924581143311     -0.971183512195
    8     -5.747140783694     -1.907121699161     -0.816204435214
    8      5.751948596530     -1.932181542425     -0.962691492966
    8     -5.753400594245      1.930150692144     -0.792226252648
    8      5.754645027499      5.747603260733     -0.959684886134
    8     -5.750071335912     -5.752856008811     -0.848799830803
    8      5.756485808025     -5.751711486645     -0.956314824910
    8     -5.755421585188      5.750880134472     -0.806881259371
  258      0.000733998655      1.913964902584     -2.191451533421
  258     -0.003531293351     -1.919793575291     -2.184999448985
  258      0.001824151979      5.757790742650     -2.185388937252
  258     -0.003849269221     -5.756874907833     -2.178985930848
  258      3.835961372181      1.919210089435     -2.189661422558
  258     -3.853245738969     -1.916298744042     -2.146539341663
  258      3.834344753622     -1.927591501035     -2.182650176983
  258     -3.850138269691      1.925270801524     -2.147826932600
  258      3.838813951580      5.750546625353     -2.180614265168
  258     -3.855818292220     -5.751615017059     -2.142927053677
  258      3.837261600036     -5.752256500961     -2.174816466035
  258     -3.852658184991      5.754015876234     -2.143625298719
  258      7.688120511209      1.916351398518     -2.145572585017
  258      7.690286080453     -1.914849102031     -2.144020904089
  258      7.687085924839      5.755242932816     -2.140011538890
  258      7.690826890959     -5.751968695320     -2.140202018378
    8      1.918766934792      1.918628657192     -3.630930245489
    8     -1.918740079991     -1.917836571033     -3.624392191794
    8      1.920316107065     -1.918895951680     -3.626682035015
    8     -1.919403129883      1.919057758509     -3.619568324269
    8      1.918321288375      5.754069642550     -3.622790198032
    8     -1.915456894082     -5.754285112421     -3.619542306581
    8      1.920112544807     -5.753876747381     -3.618958354196
    8     -1.916867138535      5.753155631020     -3.613892873950
    8      5.755043473678      1.918668809716     -3.619466117823
    8     -5.754868346251     -1.916702877818     -3.574948598695
    8      5.752561627174     -1.918551702482     -3.615345486942
    8     -5.753920935170      1.919081301345     -3.567908968304
    8      5.754330291744      5.753410347684     -3.612856575625
    8     -5.756091277581     -5.753637997468     -3.584231065702
    8      5.750634432425     -5.753668781416     -3.611659744896
    8     -5.755719139038      5.752584522169     -3.569226676898
    8      0.000000000000      0.000000000000     -3.390356274875
    8      0.000000000000      3.835750260159     -3.390356274875
    8      0.000000000000     -3.835750260159     -3.390356274875
    8      0.000000000000      7.671500520300     -3.390356274875
    8      3.835750260161      0.000000000000     -3.390356274875
    8     -3.835750260161      0.000000000000     -3.390356274875
    8      3.835750260161      3.835750260159     -3.390356274875
    8     -3.835750260161     -3.835750260159     -3.390356274875
    8      3.835750260161     -3.835750260159     -3.390356274875
    8     -3.835750260161      3.835750260159     -3.390356274875
    8      3.835750260161      7.671500520300     -3.390356274875
    8     -3.835750260161      7.671500520300     -3.390356274875
    8      7.671500520300      0.000000000000     -3.390356274875
    8      7.671500520300      3.835750260159     -3.390356274875
    8      7.671500520300     -3.835750260159     -3.390356274875
    8      7.671500520300      7.671500520300     -3.390356274875
  258      1.917875130081      0.000000000000     -4.746498784825
  258     -1.917875130081      0.000000000000     -4.746498784825
  258      1.917875130081      3.835750260159     -4.746498784825
  258     -1.917875130081     -3.835750260159     -4.746498784825
  258      1.917875130081     -3.835750260159     -4.746498784825
  258     -1.917875130081      3.835750260159     -4.746498784825
  258      1.917875130081      7.671500520300     -4.746498784825
  258     -1.917875130081      7.671500520300     -4.746498784825
  258      5.753625390240      0.000000000000     -4.746498784825
  258     -5.753625390240      0.000000000000     -4.746498784825
  258      5.753625390240      3.835750260159     -4.746498784825
  258     -5.753625390240     -3.835750260159     -4.746498784825
  258      5.753625390240     -3.835750260159     -4.746498784825
  258     -5.753625390240      3.835750260159     -4.746498784825
  258      5.753625390240      7.671500520300     -4.746498784825
  258     -5.753625390240      7.671500520300     -4.746498784825
    8      0.000000000000      0.000000000000     -6.100000000000
    8      0.000000000000      3.835750260159     -6.100000000000
    8      0.000000000000     -3.835750260159     -6.100000000000
    8      0.000000000000      7.671500520300     -6.100000000000
    8      3.835750260161      0.000000000000     -6.100000000000
    8     -3.835750260161      0.000000000000     -6.100000000000
    8      3.835750260161      3.835750260159     -6.100000000000
    8     -3.835750260161     -3.835750260159     -6.100000000000
    8      3.835750260161     -3.835750260159     -6.100000000000
    8     -3.835750260161      3.835750260159     -6.100000000000
    8      3.835750260161      7.671500520300     -6.100000000000
    8     -3.835750260161      7.671500520300     -6.100000000000
    8      7.671500520300      0.000000000000     -6.100000000000
    8      7.671500520300      3.835750260159     -6.100000000000
    8      7.671500520300     -3.835750260159     -6.100000000000
    8      7.671500520300      7.671500520300     -6.100000000000
    1     23.531478964047     21.460845815638      5.962496577579
    6     22.161177893888     27.252857358890      5.823756678822
    6     22.344194814377     28.567204189146      6.560232780111
    1     21.476136348782     28.737688256534      7.207193396162
    1     23.241559574194     28.540046997752      7.181608929144
    1     22.414093977544     29.413725763769      5.873200505023
    1     22.153143012557     26.387956967626      6.494350825444
    1     21.241630313283     27.242305133940      5.232538664044
    1     24.738682141896     23.726749896138      5.826458016414
    6     24.614229841823     21.542193345901      5.785634537018
    1     24.931785361135     20.704546948007      5.142707777896
    1     25.131692757911     21.417524846397      6.741365365374
   14     24.910933275796     27.004906379032      5.226271541148
    8     23.224345939117     27.042796055981      4.838530414373
    8     25.027097610129     26.803751910360      6.848585331879
    8     28.611615967910     26.880235611550      3.817805993259
    6     28.646510320941     26.848325208016      5.238058869939
    6     25.737494762402     27.720402393523      7.689950194689
    6     29.990221966824     27.311640592105      5.793184717894
    6     25.192405096547     27.627013466888      9.102484812237
    1     30.083477591492     27.086821024225      6.860914346446
    1     25.750337523532     28.298016421608      9.767582835925
    1     24.135241508010     27.910353217892      9.133169796234
    1     25.281182605269     26.605607831932      9.485670247912
    1     26.809584115475     27.463432148023      7.671514531758
    1     25.644586395931     28.743231198735      7.294609279623
    1     27.844923334358     27.490605960618      5.647658033234
    1     28.440060889870     25.816154511644      5.569022369331
    1     30.101866977447     28.399065360409      5.687972123788
    1     30.837209737179     26.813976729587      5.289824010167
    8     24.133292346842     23.032196237804      3.969975845498
    6     24.900536000859     22.892191178086      5.127562371877
    1     25.998016931055     22.962711164210      4.884309479346
    0    0
