   2   1   1 E -4.0955955441133E+04 DE-1.1E-07(  7)
  0.153430010406E+02  0.000000000000E+00  0.000000000000E+00
  0.000000000000E+00  0.153430010406E+02  0.000000000000E+00
  0.000000000000E+00  0.000000000000E+00  0.500000000000E+03
    1
  0.100000000000E+01  0.000000000000E+00  0.000000000000E+00
  0.000000000000E+00  0.100000000000E+01  0.000000000000E+00
  0.000000000000E+00  0.000000000000E+00  0.100000000000E+01
  0.000000000000E+00  0.000000000000E+00  0.000000000000E+00
  225
    8      1.870729978598      2.646656552909      3.938703174725
    8     28.770648522749     29.764874539845      3.846858088585
    8      1.743093075576     -1.166558564511      3.955114439781
    8     -1.815214631837      2.322559586294      4.050204930836
    8      2.108790005995      6.396091069058      3.997541674182
    8     28.694389427362     24.047039339603      3.915577031462
    8      1.813213393797     -5.295681222382      4.049824654577
    8     -1.674931328189      5.561200566379      4.114179971544
    8      5.561622329811      2.532581717532      4.000143167498
    8     -5.151482530426     -2.308460477585      4.678335981056
    8      5.469505223440     -1.227259104391      3.988211428015
    8     -7.221303361165      0.130313536644      4.064295434961
    8      5.822065958536      6.168925730613      4.084967411647
    8     -5.296526681491     -4.966231743622      4.398672292561
    8      5.711059755550     -5.639835254179      4.108034531219
    8     -4.468521078473      3.944911765754      3.992875958880
  258      0.059807181202      1.924695251416      3.046234524489
  258      0.013889921965     -1.860836560590      3.021804993828
  258      0.050296408229      5.756585830429      3.051925306353
  258      0.008314531845     -5.726773217003      3.041538999205
  258      3.781597890207      1.942840451992      3.046101959601
  258     -3.612282873477     -1.899366368062      3.063489353782
  258      3.760244419011     -1.846860745001      3.032235165542
  258     -3.627767828958      2.039894325838      3.066438832407
  258      3.794835049481      5.747572912798      3.059510875397
  258     -3.645550196284     -5.745913037230      3.058708341052
  258      3.782598469026     -5.779165048501      3.043884711746
  258     -3.648267850874      5.649140029377      3.093187180257
  258      7.469123199094      1.852660461380      3.051505223848
  258      7.530054427366     -1.737690718237      3.082316011151
  258      7.512252527631      5.830799347226      3.037257863662
  258      7.561057139571     -5.759042960842      3.091059244623
    8      1.927752422986      1.866520596398      1.562347686675
    8     -1.838507058986     -1.960389736188      1.552857974529
    8      1.956010050847     -1.967942572372      1.575028459503
    8     -1.864680726271      1.899163505377      1.598290242654
    8      1.918443367813      5.696046752897      1.585766807613
    8     -1.839851951332     -5.699172211817      1.572021270690
    8      1.961109873713     -5.812102239450      1.596888286338
    8     -1.856739012846      5.776399205585      1.620976573707
    8      5.685935788455      1.866166760637      1.595259891884
    8     -5.807229564399     -1.846477617060      1.888131708966
    8      5.717888610441     -1.952099800800      1.620904051443
    8     -5.747667889175      1.953579154732      1.958284936662
    8      5.705872325022      5.717627565190      1.609131276078
    8     -5.819912267525     -5.766005185444      1.786477059377
    8      5.708956667277     -5.754596117704      1.620468327787
    8     -5.772686669906      5.725041640878      1.900604738479
    8      0.037822760196     -0.001466235653      1.837375735301
    8      0.016614762662      3.822280602681      1.904033263680
    8      0.091020738195     -3.846127572248      1.890170490148
    8      0.049850623998      7.677786120781      1.927915038373
    8      3.794921541690     -0.006949054673      1.879848454674
    8     -3.816965618753      0.028870517527      1.916356487315
    8      3.812010824479      3.817324283480      1.901056171129
    8     -3.859111470033     -3.813517439129      1.828746783417
    8      3.827777138733     -3.865160885798      2.040409529578
    8     -3.680624607345      3.835300881773      1.687190522036
    8      3.842757608074      7.653957479041      1.933342373535
    8     -3.832798524803      7.648839099133      1.925659530139
    8      7.553299888754      0.029010861717      1.675108925945
    8      7.621937863641      3.827552588223      1.983462712537
    8      7.631989830635     -3.815512462420      1.992152902814
    8      7.528668232580      7.669560946382      1.797428238939
  258      1.910098687737     -0.007078643393      0.401652762627
  258     -1.900014383460      0.016515786443      0.425160069449
  258      1.921577893116      3.820291228469      0.419285795966
  258     -1.901724513970     -3.830158320249      0.402770920430
  258      1.913950395156     -3.851131775726      0.429092039123
  258     -1.872827066535      3.843136092016      0.390840015349
  258      1.911679831864      7.652130304510      0.426686109040
  258     -1.906222880524      7.666424662292      0.444629199798
  258      5.717301546156     -0.008170662981      0.383374055442
  258     -5.741177684635      0.020536605824      0.537851110329
  258      5.732578545997      3.824856117359      0.436606981286
  258     -5.759297465714     -3.812630909939      0.556327969048
  258      5.752782904733     -3.830366617468      0.461353657427
  258     -5.748882735333      3.837782826560      0.548180375814
  258      5.728061763941      7.679225129124      0.411280122039
  258     -5.750102482301      7.673828462701      0.547230204490
    8     -0.006061416979      0.000954095832     -0.809542890099
    8      0.021868766742      3.839389450260     -0.805956087767
    8      0.003644705526     -3.842915814975     -0.795744332869
    8     -0.003320777538      7.664933750197     -0.771638039071
    8      3.819887884226     -0.005900678130     -0.817088119833
    8     -3.846858812605      0.011020116182     -0.761678328172
    8      3.838745426703      3.834245641347     -0.785630872131
    8     -3.853395697637     -3.832471577253     -0.786481790087
    8      3.840135248191     -3.842388506632     -0.745849423258
    8     -3.856976033086      3.840851797954     -0.830502794148
    8      3.823924347812      7.671685332669     -0.785618872705
    8     -3.849154009106      7.670833838376     -0.745558439581
    8      7.692242054300      0.003389773929     -0.841721244008
    8      7.685697662275      3.837494878709     -0.732368688632
    8      7.684302606320     -3.833090229325     -0.732470796313
    8      7.688524634743      7.669373603561     -0.792356788015
    8      1.918205259104      1.915732342958     -0.988545572234
    8     -1.924475851360     -1.909225150045     -0.983541487796
    8      1.913063091698     -1.934718321704     -0.981430351268
    8     -1.914246523581      1.921134099986     -0.970772751809
    8      1.921275216871      5.753687283840     -0.975223433243
    8     -1.924319449199     -5.768945724689     -0.971994500811
    8      1.913056764951     -5.764885813960     -0.968628146855
    8     -1.915379471170      5.765816790145     -0.959781730452
    8      5.753555414492      1.924574683417     -0.971175820039
    8     -5.747149507823     -1.907125867202     -0.816216337648
    8      5.751951264533     -1.932184861811     -0.962691794794
    8     -5.753407811930      1.930142347700     -0.792227572787
    8      5.754647998759      5.747612297811     -0.959678828672
    8     -5.750071799705     -5.752853352243     -0.848792762814
    8      5.756475067620     -5.751699302791     -0.956322439203
    8     -5.755420047165      5.750883145799     -0.806870498478
  258      0.000735022018      1.913966572119     -2.191449009397
  258     -0.003534237935     -1.919794059425     -2.184997115054
  258      0.001824071312      5.757790961916     -2.185386389670
  258     -0.003850432939     -5.756874401130     -2.178986505564
  258      3.835961774303      1.919206635027     -2.189658973099
  258     -3.853243780564     -1.916297424563     -2.146539067836
  258      3.834342709241     -1.927593769113     -2.182648276356
  258     -3.850144941090      1.925271827433     -2.147824495253
  258      3.838812320516      5.750548507415     -2.180617087581
  258     -3.855817610439     -5.751613451518     -2.142927365061
  258      3.837255296664     -5.752254916415     -2.174820251803
  258     -3.852657221749      5.754016211616     -2.143619688372
  258      7.688113193227      1.916348887958     -2.145563984621
  258      7.690284003900     -1.914850553694     -2.144027436535
  258      7.687089166280      5.755242436396     -2.140011039820
  258      7.690825309625     -5.751967437346     -2.140203391691
    8      1.918767921469      1.918627656826     -3.630922120994
    8     -1.918738701456     -1.917836901420     -3.624392956627
    8      1.920319339182     -1.918895795660     -3.626676721744
    8     -1.919396949047      1.919058417942     -3.619568529898
    8      1.918321844414      5.754070375207     -3.622790338017
    8     -1.915459512048     -5.754284390942     -3.619546679301
    8      1.920113099654     -5.753874970983     -3.618957580183
    8     -1.916865837890      5.753157014891     -3.613897721186
    8      5.755039989000      1.918670167181     -3.619464357273
    8     -5.754867310737     -1.916702078879     -3.574952043379
    8      5.752558896591     -1.918550147263     -3.615349190911
    8     -5.753923792926      1.919077599084     -3.567909103979
    8      5.754328414100      5.753410800990     -3.612856363313
    8     -5.756092202239     -5.753629883013     -3.584221181362
    8      5.750633620262     -5.753668107308     -3.611667735583
    8     -5.755720894129      5.752583668372     -3.569218149506
    8      0.000000000000      0.000000000000     -3.390356274875
    8      0.000000000000      3.835750260159     -3.390356274875
    8      0.000000000000     -3.835750260159     -3.390356274875
    8      0.000000000000      7.671500520300     -3.390356274875
    8      3.835750260161      0.000000000000     -3.390356274875
    8     -3.835750260161      0.000000000000     -3.390356274875
    8      3.835750260161      3.835750260159     -3.390356274875
    8     -3.835750260161     -3.835750260159     -3.390356274875
    8      3.835750260161     -3.835750260159     -3.390356274875
    8     -3.835750260161      3.835750260159     -3.390356274875
    8      3.835750260161      7.671500520300     -3.390356274875
    8     -3.835750260161      7.671500520300     -3.390356274875
    8      7.671500520300      0.000000000000     -3.390356274875
    8      7.671500520300      3.835750260159     -3.390356274875
    8      7.671500520300     -3.835750260159     -3.390356274875
    8      7.671500520300      7.671500520300     -3.390356274875
  258      1.917875130081      0.000000000000     -4.746498784825
  258     -1.917875130081      0.000000000000     -4.746498784825
  258      1.917875130081      3.835750260159     -4.746498784825
  258     -1.917875130081     -3.835750260159     -4.746498784825
  258      1.917875130081     -3.835750260159     -4.746498784825
  258     -1.917875130081      3.835750260159     -4.746498784825
  258      1.917875130081      7.671500520300     -4.746498784825
  258     -1.917875130081      7.671500520300     -4.746498784825
  258      5.753625390240      0.000000000000     -4.746498784825
  258     -5.753625390240      0.000000000000     -4.746498784825
  258      5.753625390240      3.835750260159     -4.746498784825
  258     -5.753625390240     -3.835750260159     -4.746498784825
  258      5.753625390240     -3.835750260159     -4.746498784825
  258     -5.753625390240      3.835750260159     -4.746498784825
  258      5.753625390240      7.671500520300     -4.746498784825
  258     -5.753625390240      7.671500520300     -4.746498784825
    8      0.000000000000      0.000000000000     -6.100000000000
    8      0.000000000000      3.835750260159     -6.100000000000
    8      0.000000000000     -3.835750260159     -6.100000000000
    8      0.000000000000      7.671500520300     -6.100000000000
    8      3.835750260161      0.000000000000     -6.100000000000
    8     -3.835750260161      0.000000000000     -6.100000000000
    8      3.835750260161      3.835750260159     -6.100000000000
    8     -3.835750260161     -3.835750260159     -6.100000000000
    8      3.835750260161     -3.835750260159     -6.100000000000
    8     -3.835750260161      3.835750260159     -6.100000000000
    8      3.835750260161      7.671500520300     -6.100000000000
    8     -3.835750260161      7.671500520300     -6.100000000000
    8      7.671500520300      0.000000000000     -6.100000000000
    8      7.671500520300      3.835750260159     -6.100000000000
    8      7.671500520300     -3.835750260159     -6.100000000000
    8      7.671500520300      7.671500520300     -6.100000000000
    1     23.531484401254     21.460908860274      5.962539356447
    6     22.161201283207     27.252793526257      5.823803109099
    6     22.344176818444     28.567139752649      6.560290930733
    1     21.476104491761     28.737588687259      7.207244470782
    1     23.241535067127     28.540006279299      7.181670585729
    1     22.414055463581     29.413660018077      5.873253788634
    1     22.153225488171     26.387884450446      6.494397658599
    1     21.241644251359     27.242204394966      5.232616206089
    1     24.738727037543     23.726799931854      5.826449076879
    6     24.614235004598     21.542248203584      5.785664079635
    1     24.931788686099     20.704595409486      5.142745303040
    1     25.131709371660     21.417597625049      6.741391359193
   14     24.910938343329     27.004898414071      5.226269162829
    8     23.224353467838     27.042780828213      4.838538309563
    8     25.027124341884     26.803746600324      6.848578938722
    8     28.611633213239     26.880278320452      3.817800596842
    6     28.646511189648     26.848393021918      5.238051921577
    6     25.737490008889     27.720408076943      7.689956999101
    6     29.990243715136     27.311645240959      5.793177064883
    6     25.192384660301     27.626988764417      9.102482436346
    1     30.083493367107     27.086816900502      6.860904419414
    1     25.750311277380     28.297969424750      9.767606272171
    1     24.135221301809     27.910336835353      9.133160728944
    1     25.281143324531     26.605569904580      9.485640466536
    1     26.809585364169     27.463459981596      7.671527358578
    1     25.644560403505     28.743238698732      7.294622890979
    1     27.844956971862     27.490724225816      5.647638226971
    1     28.440001452756     25.816240632718      5.569036480902
    1     30.101938219391     28.399066140101      5.687971861477
    1     30.837209640634     26.813953220757      5.289808976454
    8     24.133259740727     23.032224476087      3.970003594221
    6     24.900543414887     22.892228889815      5.127566179443
    1     25.998020024353     22.962728126571      4.884265567312
    0    0
