   2   1   1 E -4.0955950188151E+04 DE-1.6E-08( 11)
  0.153430010406E+02  0.000000000000E+00  0.000000000000E+00
  0.000000000000E+00  0.153430010406E+02  0.000000000000E+00
  0.000000000000E+00  0.000000000000E+00  0.500000000000E+03
    1
  0.100000000000E+01  0.000000000000E+00  0.000000000000E+00
  0.000000000000E+00  0.100000000000E+01  0.000000000000E+00
  0.000000000000E+00  0.000000000000E+00  0.100000000000E+01
  0.000000000000E+00  0.000000000000E+00  0.000000000000E+00
  225
    8      1.768770613437      2.672266289485      3.942817232864
    8     28.858147862560     29.707148294707      3.860199582520
    8      1.890993698991     -1.249455323917      3.974175608491
    8     -1.911748109614      2.268490873211      4.076656193800
    8      2.141347214288      6.389179151327      4.005941524894
    8     28.680568335946     23.998159043218      3.897961175040
    8      1.804344967234     -5.326983042865      4.054246474942
    8     -1.657732727829      5.490977375979      4.103241301993
    8      5.442179776495      2.647047406690      3.985720481945
    8     -5.134154836484     -2.275941767990      4.683353929472
    8      5.634368364797     -1.145434875858      3.932418464657
    8     -7.077417404438      0.321381385831      4.076644616426
    8      5.848351760858      6.258689255981      4.062679576890
    8     -5.236965329378     -4.932972142193      4.412432029249
    8      5.714568206531     -5.578633410235      4.105178257142
    8     -4.547885453505      4.007142261871      3.965632649667
  258      0.034863295521      1.940223328343      3.048284498512
  258      0.027882579345     -1.873947128313      3.017879696656
  258      0.051551168627      5.755191392433      3.050971115307
  258      0.001793294871     -5.728491735141      3.041097172204
  258      3.772408254635      1.955782518283      3.047635117833
  258     -3.599784102423     -1.914764813321      3.061021543410
  258      3.771836488514     -1.843535294164      3.025429875234
  258     -3.661850073618      2.043370528618      3.067244725878
  258      3.809286873073      5.740625501200      3.064148512926
  258     -3.646338924170     -5.760774155130      3.053049860951
  258      3.780236636370     -5.785402605747      3.046101942770
  258     -3.658755467003      5.657742258463      3.093849575045
  258      7.481522847764      1.865922654394      3.057447935718
  258      7.535970013880     -1.735995025661      3.083206150476
  258      7.531178253884      5.836318613489      3.037066919977
  258      7.555405592930     -5.757433954799      3.090037794097
    8      1.925985549626      1.869368210390      1.568559035785
    8     -1.829998179871     -1.963476231191      1.557594755983
    8      1.951222311035     -1.963130279031      1.571950020181
    8     -1.870715792672      1.898486394292      1.606304566826
    8      1.909410862822      5.697582727177      1.589314515204
    8     -1.833452986326     -5.697005146246      1.570314799089
    8      1.969113166825     -5.808194591553      1.594951008362
    8     -1.856480311112      5.789781709459      1.619375779027
    8      5.689093315119      1.858824274720      1.608043993245
    8     -5.797886211124     -1.856199571124      1.896829828093
    8      5.698114448188     -1.968802261538      1.606270888745
    8     -5.739025865363      1.955778055210      1.912717528080
    8      5.712142702528      5.706210866165      1.612109191717
    8     -5.818160084352     -5.753017154847      1.791081077178
    8      5.699232054326     -5.762961529078      1.621746501421
    8     -5.778433475855      5.741186252996      1.873223624588
    8      0.054052243156     -0.008532982134      1.865631502742
    8     -0.002359926813      3.827967361391      1.890818540901
    8      0.098008862227     -3.841352095843      1.889302910477
    8      0.055573333332      7.682537687449      1.928094371771
    8      3.794459358260     -0.010196730124      1.884828193777
    8     -3.805741932695      0.007807292341      1.940832456860
    8      3.794379915024      3.819813034465      1.873474840448
    8     -3.847970933414     -3.807812757868      1.831467377557
    8      3.818981191774     -3.863528051529      2.057530371859
    8     -3.679511169374      3.845774554704      1.687958053502
    8      3.841676664622      7.645911769116      1.931499491916
    8     -3.837738033287      7.652123048482      1.904983951464
    8      7.556297385631      0.010085358078      1.692015901329
    8      7.634911298282      3.830151958201      1.981181267933
    8      7.622267981283     -3.816621164430      1.996973614048
    8      7.530770385727      7.674817133644      1.796965848651
  258      1.912235579012     -0.001988763351      0.403909800605
  258     -1.899055928535      0.017887828258      0.430337966126
  258      1.919317725661      3.822811451685      0.418107934895
  258     -1.901187376186     -3.833109419954      0.398055359903
  258      1.915579334521     -3.852166833753      0.426841767996
  258     -1.878121810850      3.846110021095      0.393834857937
  258      1.912571743154      7.649830219122      0.430348620503
  258     -1.907397485594      7.665427961649      0.442956616879
  258      5.719958635151     -0.006129085435      0.388235922626
  258     -5.741337483954      0.019509774738      0.538572896223
  258      5.731449852425      3.821992049241      0.441108817499
  258     -5.759687141611     -3.814712346877      0.556699241958
  258      5.752563369082     -3.836633567809      0.458086616175
  258     -5.748936362611      3.841293091687      0.540014207037
  258      5.727638452153      7.673492266636      0.414898155149
  258     -5.751773484026      7.676297584653      0.541157688615
    8     -0.007776648849      0.001861370063     -0.798389581618
    8      0.018379892700      3.837866795590     -0.810060243782
    8      0.004582434685     -3.839602823061     -0.795663233341
    8     -0.002439704041      7.664540846803     -0.772825042029
    8      3.822754152515     -0.006133550887     -0.812957257548
    8     -3.846188972634      0.010587300237     -0.750325709289
    8      3.840399927746      3.832946107985     -0.794372189200
    8     -3.853869024379     -3.831527551793     -0.785488874329
    8      3.840506317160     -3.842965317864     -0.742691529408
    8     -3.857630177098      3.839152250646     -0.832751562438
    8      3.824290673741      7.672541826295     -0.785714583011
    8     -3.848425973437      7.672832408360     -0.754507843622
    8      7.694239561879      0.004639434987     -0.833456850968
    8      7.684212130346      3.836534639041     -0.736065047821
    8      7.685858121111     -3.834778926026     -0.731392224219
    8      7.686380766629      7.669914751405     -0.794588487172
    8      1.917800310041      1.913203185473     -0.987257683037
    8     -1.925318293190     -1.905828115073     -0.980090843852
    8      1.914253043006     -1.932182185676     -0.982543848419
    8     -1.914941040290      1.917172051065     -0.965816805492
    8      1.921999840496      5.752916940535     -0.974920611264
    8     -1.923555336863     -5.764586387494     -0.972884537235
    8      1.911985395961     -5.762551811038     -0.969184265129
    8     -1.916599575235      5.765787924503     -0.961068261902
    8      5.753999086539      1.922227166331     -0.964945670715
    8     -5.747213920721     -1.906818607762     -0.812076450510
    8      5.755706995806     -1.932032254745     -0.966559285513
    8     -5.752686640090      1.926281570567     -0.807205620069
    8      5.754005154403      5.747299289559     -0.956473757909
    8     -5.749858979115     -5.750801517462     -0.847847572519
    8      5.756747677317     -5.753435107657     -0.955942016699
    8     -5.755572196109      5.753640035038     -0.818914479821
  258     -0.000301894884      1.915413591990     -2.190258451095
  258     -0.002672295475     -1.919238531935     -2.184150448405
  258      0.001519524050      5.757934108463     -2.185068228410
  258     -0.002700353988     -5.758255399689     -2.179751661483
  258      3.836910060725      1.920160608054     -2.188384919995
  258     -3.852673771515     -1.915599607104     -2.145389210360
  258      3.835750121205     -1.925784050556     -2.181457247452
  258     -3.849061438116      1.925612709193     -2.148314596422
  258      3.839249755352      5.749782298590     -2.179741526114
  258     -3.855591107721     -5.752304775909     -2.144594236190
  258      3.837402676249     -5.754178212596     -2.174780998648
  258     -3.852526878601      5.754827521991     -2.146345234903
  258      7.688062096754      1.916494896382     -2.145861213963
  258      7.689979170277     -1.914519398547     -2.142871347655
  258      7.685068747843      5.755014568282     -2.140825625007
  258      7.689820653315     -5.752630013260     -2.141373617617
    8      1.917978861192      1.918550721859     -3.630286390887
    8     -1.919339387501     -1.917807707660     -3.621279973648
    8      1.919643425344     -1.918677728420     -3.626271138502
    8     -1.919452599850      1.918600344711     -3.617018209202
    8      1.918116633025      5.754054268209     -3.622705388423
    8     -1.915432964602     -5.754127657940     -3.619355532398
    8      1.919985531939     -5.754109864820     -3.618564970922
    8     -1.916169944115      5.753244728288     -3.615013735316
    8      5.754803460351      1.918584293113     -3.616885216717
    8     -5.754463393510     -1.917098691522     -3.572257918725
    8      5.752799203918     -1.918566533570     -3.616232734180
    8     -5.754377535996      1.918433928857     -3.572429812629
    8      5.753961099647      5.753307189800     -3.612002151468
    8     -5.756084450870     -5.753441906250     -3.583386504198
    8      5.750594698786     -5.753929857146     -3.610410505050
    8     -5.755870007373      5.752787892988     -3.574012015856
    8      0.000000000000      0.000000000000     -3.390356274875
    8      0.000000000000      3.835750260159     -3.390356274875
    8      0.000000000000     -3.835750260159     -3.390356274875
    8      0.000000000000      7.671500520300     -3.390356274875
    8      3.835750260161      0.000000000000     -3.390356274875
    8     -3.835750260161      0.000000000000     -3.390356274875
    8      3.835750260161      3.835750260159     -3.390356274875
    8     -3.835750260161     -3.835750260159     -3.390356274875
    8      3.835750260161     -3.835750260159     -3.390356274875
    8     -3.835750260161      3.835750260159     -3.390356274875
    8      3.835750260161      7.671500520300     -3.390356274875
    8     -3.835750260161      7.671500520300     -3.390356274875
    8      7.671500520300      0.000000000000     -3.390356274875
    8      7.671500520300      3.835750260159     -3.390356274875
    8      7.671500520300     -3.835750260159     -3.390356274875
    8      7.671500520300      7.671500520300     -3.390356274875
  258      1.917875130081      0.000000000000     -4.746498784825
  258     -1.917875130081      0.000000000000     -4.746498784825
  258      1.917875130081      3.835750260159     -4.746498784825
  258     -1.917875130081     -3.835750260159     -4.746498784825
  258      1.917875130081     -3.835750260159     -4.746498784825
  258     -1.917875130081      3.835750260159     -4.746498784825
  258      1.917875130081      7.671500520300     -4.746498784825
  258     -1.917875130081      7.671500520300     -4.746498784825
  258      5.753625390240      0.000000000000     -4.746498784825
  258     -5.753625390240      0.000000000000     -4.746498784825
  258      5.753625390240      3.835750260159     -4.746498784825
  258     -5.753625390240     -3.835750260159     -4.746498784825
  258      5.753625390240     -3.835750260159     -4.746498784825
  258     -5.753625390240      3.835750260159     -4.746498784825
  258      5.753625390240      7.671500520300     -4.746498784825
  258     -5.753625390240      7.671500520300     -4.746498784825
    8      0.000000000000      0.000000000000     -6.100000000000
    8      0.000000000000      3.835750260159     -6.100000000000
    8      0.000000000000     -3.835750260159     -6.100000000000
    8      0.000000000000      7.671500520300     -6.100000000000
    8      3.835750260161      0.000000000000     -6.100000000000
    8     -3.835750260161      0.000000000000     -6.100000000000
    8      3.835750260161      3.835750260159     -6.100000000000
    8     -3.835750260161     -3.835750260159     -6.100000000000
    8      3.835750260161     -3.835750260159     -6.100000000000
    8     -3.835750260161      3.835750260159     -6.100000000000
    8      3.835750260161      7.671500520300     -6.100000000000
    8     -3.835750260161      7.671500520300     -6.100000000000
    8      7.671500520300      0.000000000000     -6.100000000000
    8      7.671500520300      3.835750260159     -6.100000000000
    8      7.671500520300     -3.835750260159     -6.100000000000
    8      7.671500520300      7.671500520300     -6.100000000000
    1     23.489288085862     21.525303029577      5.948588556423
    6     22.199791829750     27.295176594956      5.829913443411
    6     22.415110022269     28.610847995658      6.556484565953
    1     21.541357228435     28.817432145792      7.185839827716
    1     23.298297426772     28.559894362895      7.195233070861
    1     22.522747636117     29.451185710121      5.864935073080
    1     22.162461806165     26.440742225417      6.513642777026
    1     21.283530923310     27.303523753603      5.232985938777
    1     24.733092394787     23.774080079249      5.809834139913
    6     24.580179944256     21.590242354589      5.815304440771
    1     24.918071721596     20.739082435754      5.201860788318
    1     25.053855464117     21.485379600699      6.796520357283
   14     24.945984568965     27.028146590053      5.236559908468
    8     23.260204700448     27.042184569690      4.854441661097
    8     25.072639904091     26.841075200769      6.860173835085
    8     28.655045408848     26.841321940559      3.806857499537
    6     28.671180503761     26.811619524365      5.228639840047
    6     25.781956947057     27.773760104108      7.686272045455
    6     30.007396645128     27.275738851960      5.801341459618
    6     25.273863673191     27.665008291399      9.110918516533
    1     30.084544084514     27.054444342408      6.871106998186
    1     25.821069466722     28.358161929736      9.760773069194
    1     24.208265857357     27.909790720874      9.163846478776
    1     25.407337377594     26.649234278986      9.496389624336
    1     26.860147059894     27.546427930690      7.641152414122
    1     25.652410067177     28.794309828048      7.296871995286
    1     27.864373989267     27.454760372586      5.626490638845
    1     28.458397180724     25.780582676609      5.558410794670
    1     30.117413855303     28.362330579490      5.693072909902
    1     30.861297383101     26.777252035824      5.311565544565
    8     24.182277797920     23.043319080993      3.948968214103
    6     24.907840422408     22.920289308578      5.137385078365
    1     26.013732818044     22.969687850600      4.930117562692
    0    0
