   2   1   1 E -4.0955954527844E+04 DE-4.4E-08(  7)
  0.153430010406E+02  0.000000000000E+00  0.000000000000E+00
  0.000000000000E+00  0.153430010406E+02  0.000000000000E+00
  0.000000000000E+00  0.000000000000E+00  0.500000000000E+03
    1
  0.100000000000E+01  0.000000000000E+00  0.000000000000E+00
  0.000000000000E+00  0.100000000000E+01  0.000000000000E+00
  0.000000000000E+00  0.000000000000E+00  0.100000000000E+01
  0.000000000000E+00  0.000000000000E+00  0.000000000000E+00
  225
    8      1.873622202522      2.646455588741      3.938950117097
    8     28.770154608172     29.764778836788      3.847112108338
    8      1.742582108244     -1.166010628028      3.954817401279
    8     -1.811548579458      2.322829498950      4.049642764760
    8      2.107741046787      6.394702468907      3.997907981352
    8     28.693749292641     24.047415542128      3.915914171155
    8      1.812934821305     -5.295840226502      4.049985579140
    8     -1.677195647391      5.562376861689      4.113920498146
    8      5.562078957877      2.536887823983      3.998608379789
    8     -5.152319138983     -2.308534873083      4.678144279875
    8      5.468030755917     -1.220896463215      3.986427148150
    8     -7.221165852166      0.131531887493      4.064558571134
    8      5.821567470130      6.169640520521      4.084968664548
    8     -5.298878001445     -4.966278860436      4.397689083286
    8      5.711219543340     -5.638559171644      4.107969195685
    8     -4.467436090288      3.941443494191      3.992818631941
  258      0.059979367436      1.924495746762      3.046607941856
  258      0.014011744090     -1.860734695503      3.021793587856
  258      0.049962702501      5.756512981714      3.051777886779
  258      0.008404775581     -5.726788539608      3.041597930883
  258      3.781884345759      1.942834663939      3.046456829495
  258     -3.612150911059     -1.899279435249      3.063732042715
  258      3.760532329067     -1.846224964653      3.032106977071
  258     -3.627708817203      2.040194591748      3.065842970951
  258      3.794318530772      5.746909145118      3.059717694290
  258     -3.645782154923     -5.745792879517      3.058881589465
  258      3.782774477774     -5.779159950678      3.043898135194
  258     -3.648316384308      5.649205949633      3.092909347657
  258      7.469184097126      1.853417308881      3.051604290935
  258      7.530618124961     -1.736852972295      3.082234861244
  258      7.511240276566      5.831144226979      3.036393142006
  258      7.561450691874     -5.758697119085      3.091133346658
    8      1.927073988153      1.866612437509      1.562196295811
    8     -1.838694576972     -1.960468162306      1.552912340101
    8      1.956348831484     -1.968112604902      1.574850728189
    8     -1.865292358687      1.899199518082      1.597798234553
    8      1.918221550542      5.696127823594      1.585904838686
    8     -1.839816621016     -5.699093401170      1.572307189993
    8      1.961246402152     -5.812150204363      1.597097328809
    8     -1.856472749982      5.776471422302      1.620831663851
    8      5.686332796049      1.865843106268      1.594988083109
    8     -5.808103176303     -1.846316339515      1.888213206668
    8      5.718959603115     -1.952711119965      1.621259570082
    8     -5.747231943460      1.953290435422      1.958144813323
    8      5.705760182021      5.717260702792      1.609135105900
    8     -5.819749531883     -5.766344236582      1.786004556219
    8      5.708870046245     -5.754814050190      1.620423521112
    8     -5.772282583494      5.724976226088      1.900696790709
    8      0.037431221535     -0.001819441329      1.837190637857
    8      0.016681330194      3.822602818272      1.904749020501
    8      0.090974054602     -3.846145707173      1.890668129274
    8      0.049902602832      7.677652713296      1.928142181900
    8      3.794628272667     -0.007023080990      1.878354819260
    8     -3.816965210835      0.028688123457      1.916562335702
    8      3.811803182322      3.817212567394      1.900359375306
    8     -3.859410155448     -3.813417221772      1.828737356572
    8      3.828173745229     -3.865081421585      2.041117994591
    8     -3.680475060953      3.835905412575      1.687162792470
    8      3.842668804529      7.653555675491      1.933754457333
    8     -3.832508683592      7.648797837641      1.925626856338
    8      7.553538676256      0.029053894686      1.675252359682
    8      7.622473885304      3.827607177054      1.982762946816
    8      7.632519294543     -3.815837702191      1.992188498141
    8      7.528833559786      7.669769552918      1.797349822094
  258      1.910203905649     -0.006869479056      0.401756651504
  258     -1.899873503129      0.016411951439      0.425037459851
  258      1.921594367898      3.820162717283      0.419355458134
  258     -1.901708423213     -3.830162340336      0.402809423293
  258      1.913981988643     -3.851068399715      0.429060324910
  258     -1.872809485204      3.843095861707      0.390752479159
  258      1.911757950224      7.652119239899      0.426766074075
  258     -1.906243768570      7.666537594264      0.444609267281
  258      5.717389087209     -0.008053983885      0.383348002802
  258     -5.740964855055      0.020999126047      0.537992959206
  258      5.732370096172      3.824550416557      0.436478306404
  258     -5.759107684128     -3.812672943036      0.556182225258
  258      5.752863058009     -3.830527115993      0.461483587079
  258     -5.749081655145      3.838010349824      0.547851986861
  258      5.728487127711      7.678649609253      0.411889441285
  258     -5.749979202403      7.673858551788      0.547168981802
    8     -0.006006728504      0.000967792884     -0.809741879616
    8      0.021889397618      3.839262941692     -0.805706180126
    8      0.003675078999     -3.842972911369     -0.795485941588
    8     -0.003268071653      7.665028680167     -0.771525484159
    8      3.819837472797     -0.006029747993     -0.817430425522
    8     -3.846916905337      0.011241515733     -0.761625604380
    8      3.838731898043      3.834249986053     -0.785771994001
    8     -3.853230930449     -3.832526262282     -0.786541781089
    8      3.840200742753     -3.842551615015     -0.745478683335
    8     -3.856935565843      3.840909563696     -0.830447785261
    8      3.824140035956      7.671549934010     -0.785314293598
    8     -3.848988463909      7.670835255894     -0.745618705065
    8      7.692507767547      0.003384593429     -0.841723208446
    8      7.685640775274      3.837633979982     -0.732588605333
    8      7.684397085055     -3.833042123069     -0.732506909477
    8      7.688462864517      7.669369748219     -0.792406974626
    8      1.918288707307      1.915681561225     -0.988777108363
    8     -1.924491529992     -1.909177251666     -0.983515169544
    8      1.913063755045     -1.934981055110     -0.981589762869
    8     -1.914164892858      1.921100194656     -0.971227950450
    8      1.921151017608      5.753643830791     -0.975211878436
    8     -1.924233766162     -5.768978032998     -0.971815659205
    8      1.913163349802     -5.764975289868     -0.968507167844
    8     -1.915287080685      5.765713697852     -0.959859168897
    8      5.753571916659      1.924460540858     -0.971250809943
    8     -5.747036641584     -1.907216725521     -0.816080244576
    8      5.751951382182     -1.932183175122     -0.962560157407
    8     -5.753475939134      1.930374133897     -0.792328014466
    8      5.754583926231      5.747530624970     -0.959810247575
    8     -5.750019874763     -5.753053573288     -0.849028935558
    8      5.756531906568     -5.751886044190     -0.956319341301
    8     -5.755395640300      5.750944162572     -0.806948206821
  258      0.000761564994      1.913955806034     -2.191548664439
  258     -0.003475589787     -1.919782004357     -2.184993209519
  258      0.001878897354      5.757768647704     -2.185416943100
  258     -0.003807916315     -5.756893660186     -2.178969551972
  258      3.835956936296      1.919194819317     -2.189738686289
  258     -3.853285122851     -1.916310516687     -2.146543390654
  258      3.834381312283     -1.927556467370     -2.182613269124
  258     -3.849992441280      1.925271971612     -2.147951252196
  258      3.838823947346      5.750576605972     -2.180574656680
  258     -3.855805359295     -5.751638170589     -2.142928819602
  258      3.837425989174     -5.752335182354     -2.174706572885
  258     -3.852586996129      5.754018778894     -2.143686917800
  258      7.688172006406      1.916352949887     -2.145701598107
  258      7.690301404005     -1.914831637916     -2.143826404462
  258      7.686981959062      5.755288905473     -2.140084485529
  258      7.690762809091     -5.751991306301     -2.140168944805
    8      1.918758608604      1.918637919086     -3.631098164962
    8     -1.918731594050     -1.917836674540     -3.624394618917
    8      1.920291510123     -1.918885951141     -3.626795872816
    8     -1.919472849623      1.919060258918     -3.619665099365
    8      1.918288762446      5.754083169351     -3.622805089126
    8     -1.915388742292     -5.754288513004     -3.619423821910
    8      1.920122257272     -5.753895341788     -3.618893032346
    8     -1.916883649642      5.753152410847     -3.613877046260
    8      5.755077941204      1.918660503254     -3.619494143861
    8     -5.754870350987     -1.916681645643     -3.574877509117
    8      5.752559174443     -1.918565270443     -3.615334351913
    8     -5.753843256210      1.919149971610     -3.567954762112
    8      5.754329607043      5.753412862042     -3.612869780482
    8     -5.756084313127     -5.753679512167     -3.584394097209
    8      5.750551959975     -5.753702995732     -3.611592132062
    8     -5.755673748233      5.752573097075     -3.569310735817
    8      0.000000000000      0.000000000000     -3.390356274875
    8      0.000000000000      3.835750260159     -3.390356274875
    8      0.000000000000     -3.835750260159     -3.390356274875
    8      0.000000000000      7.671500520300     -3.390356274875
    8      3.835750260161      0.000000000000     -3.390356274875
    8     -3.835750260161      0.000000000000     -3.390356274875
    8      3.835750260161      3.835750260159     -3.390356274875
    8     -3.835750260161     -3.835750260159     -3.390356274875
    8      3.835750260161     -3.835750260159     -3.390356274875
    8     -3.835750260161      3.835750260159     -3.390356274875
    8      3.835750260161      7.671500520300     -3.390356274875
    8     -3.835750260161      7.671500520300     -3.390356274875
    8      7.671500520300      0.000000000000     -3.390356274875
    8      7.671500520300      3.835750260159     -3.390356274875
    8      7.671500520300     -3.835750260159     -3.390356274875
    8      7.671500520300      7.671500520300     -3.390356274875
  258      1.917875130081      0.000000000000     -4.746498784825
  258     -1.917875130081      0.000000000000     -4.746498784825
  258      1.917875130081      3.835750260159     -4.746498784825
  258     -1.917875130081     -3.835750260159     -4.746498784825
  258      1.917875130081     -3.835750260159     -4.746498784825
  258     -1.917875130081      3.835750260159     -4.746498784825
  258      1.917875130081      7.671500520300     -4.746498784825
  258     -1.917875130081      7.671500520300     -4.746498784825
  258      5.753625390240      0.000000000000     -4.746498784825
  258     -5.753625390240      0.000000000000     -4.746498784825
  258      5.753625390240      3.835750260159     -4.746498784825
  258     -5.753625390240     -3.835750260159     -4.746498784825
  258      5.753625390240     -3.835750260159     -4.746498784825
  258     -5.753625390240      3.835750260159     -4.746498784825
  258      5.753625390240      7.671500520300     -4.746498784825
  258     -5.753625390240      7.671500520300     -4.746498784825
    8      0.000000000000      0.000000000000     -6.100000000000
    8      0.000000000000      3.835750260159     -6.100000000000
    8      0.000000000000     -3.835750260159     -6.100000000000
    8      0.000000000000      7.671500520300     -6.100000000000
    8      3.835750260161      0.000000000000     -6.100000000000
    8     -3.835750260161      0.000000000000     -6.100000000000
    8      3.835750260161      3.835750260159     -6.100000000000
    8     -3.835750260161     -3.835750260159     -6.100000000000
    8      3.835750260161     -3.835750260159     -6.100000000000
    8     -3.835750260161      3.835750260159     -6.100000000000
    8      3.835750260161      7.671500520300     -6.100000000000
    8     -3.835750260161      7.671500520300     -6.100000000000
    8      7.671500520300      0.000000000000     -6.100000000000
    8      7.671500520300      3.835750260159     -6.100000000000
    8      7.671500520300     -3.835750260159     -6.100000000000
    8      7.671500520300      7.671500520300     -6.100000000000
    1     23.531679930766     21.459204074142      5.961568375413
    6     22.159547765114     27.254308457966      5.822766778520
    6     22.343087490990     28.568555189195      6.559203783437
    1     21.475455373935     28.739199277659      7.206685214430
    1     23.240812458873     28.541164704914      7.180084524953
    1     22.412740820318     29.415209561050      5.872218350660
    1     22.150451327113     26.389379968728      6.493338747515
    1     21.240176049125     27.244091933147      5.230973773680
    1     24.737654861477     23.725605450932      5.826732290117
    6     24.614413907748     21.540999138098      5.784749580018
    1     24.932068636003     20.703661967018      5.141432594552
    1     25.131894573560     21.415949967919      6.740450641652
   14     24.909772356827     27.004948442145      5.225882932673
    8     23.223078119814     27.043651098746      4.838327199868
    8     25.026000428097     26.803457872750      6.848151234222
    8     28.610401336360     26.880347851883      3.818146913292
    6     28.646051274524     26.848399409959      5.238330785903
    6     25.736827709403     27.719656056004      7.689656833987
    6     29.989899241424     27.311959038268      5.792914921483
    6     25.191296001739     27.626742322258      9.102060020311
    1     30.083636067435     27.087085382029      6.860607104458
    1     25.749272459784     28.297691284280      9.767179955535
    1     24.134234345675     27.910384431885      9.132381762660
    1     25.279669878039     26.605341958090      9.485505622736
    1     26.808768896618     27.461809500954      7.671534481897
    1     25.644809705252     28.742508689364      7.294217585218
    1     27.844484178887     27.490460799400      5.648376183944
    1     28.440002466990     25.816139134126      5.569294954032
    1     30.101287857863     28.399413510002      5.687662567626
    1     30.836781500725     26.814384690708      5.289240846974
    8     24.133343422020     23.031622747669      3.969632766463
    6     24.900267788531     22.891463604102      5.127401131237
    1     25.997862874343     22.962681477242      4.884644996233
    0    0
