   2   1   1 E -4.0955953572096E+04 DE 4.8E-08(  7)
  0.153430010406E+02  0.000000000000E+00  0.000000000000E+00
  0.000000000000E+00  0.153430010406E+02  0.000000000000E+00
  0.000000000000E+00  0.000000000000E+00  0.500000000000E+03
    1
  0.100000000000E+01  0.000000000000E+00  0.000000000000E+00
  0.000000000000E+00  0.100000000000E+01  0.000000000000E+00
  0.000000000000E+00  0.000000000000E+00  0.100000000000E+01
  0.000000000000E+00  0.000000000000E+00  0.000000000000E+00
  225
    8      1.801665350725      2.661941383835      3.938950383565
    8     28.826474128971     29.733568267461      3.853295804792
    8      1.837663828645     -1.206604506111      3.958487580843
    8     -1.872274450899      2.299597448241      4.062039337611
    8      2.117066901438      6.379313370500      4.004460663000
    8     28.689180953695     24.028740696169      3.908946642987
    8      1.808461131528     -5.313570669994      4.053667861636
    8     -1.671799736626      5.532090085172      4.109008691675
    8      5.472851647135      2.596125866714      3.996534656441
    8     -5.146453913293     -2.290997431784      4.677649492883
    8      5.578085387625     -1.207730145583      3.957907280484
    8     -7.149803488548      0.272336897597      4.081995237696
    8      5.832650353524      6.202837161063      4.076896105316
    8     -5.278230401953     -4.948949884415      4.398400916503
    8      5.711178128357     -5.615577620912      4.107585287036
    8     -4.514691317437      3.977197552635      3.977716632082
  258      0.044529601069      1.933523547109      3.048534429106
  258      0.023282969568     -1.865908560255      3.018485778067
  258      0.051206676094      5.753886418613      3.051795811872
  258      0.006869558178     -5.729821259105      3.041277285540
  258      3.775071310180      1.950748587663      3.049710554656
  258     -3.604330118591     -1.907072505992      3.062488774307
  258      3.764978243446     -1.845157092224      3.026757576284
  258     -3.648265092291      2.043836904050      3.066666012802
  258      3.801114800917      5.743285812384      3.061556372271
  258     -3.645527912965     -5.750548225735      3.056832712719
  258      3.782851018071     -5.781062712691      3.044146689612
  258     -3.654163191682      5.654397827057      3.094778016302
  258      7.480454584466      1.860119394109      3.059752698693
  258      7.525796427263     -1.744746866652      3.076636876411
  258      7.520363491256      5.833509495386      3.036571093207
  258      7.559617563429     -5.757060051833      3.090196784753
    8      1.929154004109      1.867040716508      1.563212147495
    8     -1.834901526274     -1.962397781969      1.556131165856
    8      1.952937420733     -1.967676926910      1.571705080155
    8     -1.866999691216      1.897616513925      1.600135986944
    8      1.914105704656      5.697862258404      1.586797266584
    8     -1.837616109063     -5.697556461195      1.571108100572
    8      1.962272320574     -5.809508620424      1.596844536497
    8     -1.858250357121      5.783126211382      1.619169030620
    8      5.688962506139      1.863088236179      1.600299748469
    8     -5.806987657383     -1.851559435929      1.892474526736
    8      5.710462222473     -1.961415447576      1.610064552133
    8     -5.740515221068      1.954164806378      1.927811158476
    8      5.708500318389      5.714310218606      1.609873242419
    8     -5.821623468898     -5.758927110934      1.785473125752
    8      5.704591590461     -5.756566203858      1.620816108878
    8     -5.776950888967      5.734660600983      1.883789455685
    8      0.048292276240     -0.007431556782      1.852551192770
    8      0.005092964337      3.825690484526      1.895353967048
    8      0.092342818957     -3.841780136229      1.894070174578
    8      0.052451930571      7.679206225715      1.928763567053
    8      3.799395428432     -0.013205317613      1.884304581610
    8     -3.809923101343      0.015008086277      1.931195904894
    8      3.801989578814      3.820892358422      1.887988816173
    8     -3.855354457805     -3.808792670143      1.829956457529
    8      3.823094819439     -3.862090429105      2.046654518388
    8     -3.680884986221      3.841639790384      1.687549820206
    8      3.841109077713      7.651973112608      1.935836888141
    8     -3.835599380874      7.652535230929      1.917634826557
    8      7.554844960037      0.012345155380      1.688717203532
    8      7.628348412789      3.832236830354      1.982593133818
    8      7.625968870925     -3.812886953639      1.996659091946
    8      7.527760518836      7.674460857260      1.798795978081
  258      1.911569442068     -0.003763677990      0.402620312915
  258     -1.899950529669      0.017607098657      0.427602784926
  258      1.920423348008      3.821009810811      0.419021149001
  258     -1.901026577232     -3.831583339275      0.400591697492
  258      1.914278343757     -3.852069422690      0.427251600591
  258     -1.875924600712      3.844150937510      0.392717221151
  258      1.912295081595      7.650930557903      0.427698747929
  258     -1.906284371544      7.665261555492      0.443688544910
  258      5.719566275043     -0.004798012587      0.386055349060
  258     -5.742062505518      0.020299235839      0.538134224962
  258      5.731986114561      3.821978906577      0.440025374413
  258     -5.758940269174     -3.813992589754      0.554795566975
  258      5.751488250129     -3.833834284638      0.456981076696
  258     -5.748373736021      3.840441547678      0.543239127554
  258      5.728788661717      7.675998988149      0.412940108235
  258     -5.750065246702      7.675465441528      0.544072087983
    8     -0.006702344388      0.001389961666     -0.803682998806
    8      0.019618044676      3.838855164648     -0.808026521618
    8      0.004073223809     -3.842023702841     -0.794871791543
    8     -0.002361632230      7.664893462506     -0.771745077379
    8      3.821121941538     -0.005753323475     -0.814284418783
    8     -3.846445846567      0.010414479759     -0.755220827895
    8      3.839205551171      3.832966658342     -0.789391170936
    8     -3.853158481930     -3.832069195627     -0.785750609312
    8      3.839427147224     -3.842547360913     -0.745208448118
    8     -3.857118958213      3.840161554806     -0.832002849335
    8      3.824415626441      7.671871756552     -0.784402006499
    8     -3.848573303743      7.672179811898     -0.748934853797
    8      7.693833774484      0.003961057885     -0.835547738914
    8      7.685021861909      3.837161554344     -0.733325587420
    8      7.684554860444     -3.833040580637     -0.731325071376
    8      7.687052399913      7.670039928213     -0.792538335097
    8      1.917626900284      1.914579391837     -0.989002773449
    8     -1.924504857230     -1.908027909984     -0.981286238264
    8      1.913452662240     -1.933728480852     -0.982104436743
    8     -1.914926843682      1.918958739907     -0.969944430081
    8      1.921872481309      5.753147511428     -0.975091989036
    8     -1.923774268353     -5.767008414223     -0.973007017257
    8      1.913046768247     -5.764243081769     -0.968668280614
    8     -1.915566657873      5.766075392114     -0.961249550837
    8      5.754273184193      1.923468618973     -0.969478803899
    8     -5.747053721985     -1.907518478048     -0.814304540343
    8      5.753558915906     -1.931690337441     -0.965858732602
    8     -5.753653788652      1.927947954787     -0.802495356332
    8      5.754432992546      5.747322607092     -0.958994301720
    8     -5.750207930844     -5.751277024618     -0.849996389261
    8      5.756250937752     -5.752532217223     -0.956979010759
    8     -5.755395723178      5.752951104381     -0.815385006759
  258     -0.000023378116      1.914865663373     -2.190827428312
  258     -0.003040672042     -1.919101012118     -2.184520036393
  258      0.001734276951      5.757323136326     -2.185055669776
  258     -0.003442994494     -5.757742338915     -2.179555028241
  258      3.836213963860      1.919762206920     -2.189160633939
  258     -3.852859105759     -1.915865482947     -2.146068440688
  258      3.834783317733     -1.926451797223     -2.182234613259
  258     -3.850210238296      1.925392094961     -2.148204539236
  258      3.839220682306      5.749630624107     -2.179983136425
  258     -3.855361220332     -5.752050975018     -2.143972784987
  258      3.837185917209     -5.753551949335     -2.175453704320
  258     -3.852401029865      5.754359355494     -2.145105181904
  258      7.688416881264      1.917108731117     -2.145990951696
  258      7.689932187853     -1.914507428515     -2.143881429660
  258      7.686217479614      5.754710654354     -2.140481106933
  258      7.690476670632     -5.752834470961     -2.141199014140
    8      1.918634643953      1.918539883238     -3.631038303111
    8     -1.918805752174     -1.917823306811     -3.622790237286
    8      1.919958111377     -1.918836334245     -3.626372256581
    8     -1.919043765290      1.918851039317     -3.619630479468
    8      1.918277798928      5.754215458045     -3.622980114772
    8     -1.915307443967     -5.754131367708     -3.620018405227
    8      1.920012057891     -5.753896453576     -3.618700990376
    8     -1.916393631889      5.753292385320     -3.615126970481
    8      5.754784165274      1.918633575266     -3.619376024820
    8     -5.754520414252     -1.917005654545     -3.573440390328
    8      5.752724315484     -1.918482518517     -3.616557262335
    8     -5.754085900316      1.918715017540     -3.570878531227
    8      5.754073274641      5.753500089707     -3.613207963895
    8     -5.756100390736     -5.753664195633     -3.584109256621
    8      5.750497173823     -5.753710330216     -3.611697791425
    8     -5.755777046535      5.752908495543     -3.572027101034
    8      0.000000000000      0.000000000000     -3.390356274875
    8      0.000000000000      3.835750260159     -3.390356274875
    8      0.000000000000     -3.835750260159     -3.390356274875
    8      0.000000000000      7.671500520300     -3.390356274875
    8      3.835750260161      0.000000000000     -3.390356274875
    8     -3.835750260161      0.000000000000     -3.390356274875
    8      3.835750260161      3.835750260159     -3.390356274875
    8     -3.835750260161     -3.835750260159     -3.390356274875
    8      3.835750260161     -3.835750260159     -3.390356274875
    8     -3.835750260161      3.835750260159     -3.390356274875
    8      3.835750260161      7.671500520300     -3.390356274875
    8     -3.835750260161      7.671500520300     -3.390356274875
    8      7.671500520300      0.000000000000     -3.390356274875
    8      7.671500520300      3.835750260159     -3.390356274875
    8      7.671500520300     -3.835750260159     -3.390356274875
    8      7.671500520300      7.671500520300     -3.390356274875
  258      1.917875130081      0.000000000000     -4.746498784825
  258     -1.917875130081      0.000000000000     -4.746498784825
  258      1.917875130081      3.835750260159     -4.746498784825
  258     -1.917875130081     -3.835750260159     -4.746498784825
  258      1.917875130081     -3.835750260159     -4.746498784825
  258     -1.917875130081      3.835750260159     -4.746498784825
  258      1.917875130081      7.671500520300     -4.746498784825
  258     -1.917875130081      7.671500520300     -4.746498784825
  258      5.753625390240      0.000000000000     -4.746498784825
  258     -5.753625390240      0.000000000000     -4.746498784825
  258      5.753625390240      3.835750260159     -4.746498784825
  258     -5.753625390240     -3.835750260159     -4.746498784825
  258      5.753625390240     -3.835750260159     -4.746498784825
  258     -5.753625390240      3.835750260159     -4.746498784825
  258      5.753625390240      7.671500520300     -4.746498784825
  258     -5.753625390240      7.671500520300     -4.746498784825
    8      0.000000000000      0.000000000000     -6.100000000000
    8      0.000000000000      3.835750260159     -6.100000000000
    8      0.000000000000     -3.835750260159     -6.100000000000
    8      0.000000000000      7.671500520300     -6.100000000000
    8      3.835750260161      0.000000000000     -6.100000000000
    8     -3.835750260161      0.000000000000     -6.100000000000
    8      3.835750260161      3.835750260159     -6.100000000000
    8     -3.835750260161     -3.835750260159     -6.100000000000
    8      3.835750260161     -3.835750260159     -6.100000000000
    8     -3.835750260161      3.835750260159     -6.100000000000
    8      3.835750260161      7.671500520300     -6.100000000000
    8     -3.835750260161      7.671500520300     -6.100000000000
    8      7.671500520300      0.000000000000     -6.100000000000
    8      7.671500520300      3.835750260159     -6.100000000000
    8      7.671500520300     -3.835750260159     -6.100000000000
    8      7.671500520300      7.671500520300     -6.100000000000
    1     23.510700065520     21.492849984319      5.955298862049
    6     22.180218575153     27.271426148333      5.834505431995
    6     22.376315694491     28.589489815529      6.562657505791
    1     21.503585134831     28.780244044368      7.197526334081
    1     23.265206951510     28.553010761894      7.195260408464
    1     22.467843758814     29.430428926973      5.871042681927
    1     22.170689780796     26.411935725006      6.512245972691
    1     21.257829566730     27.261272041423      5.247843265557
    1     24.732415051784     23.752400397377      5.817628963607
    6     24.597384913319     21.567611230672      5.800034686856
    1     24.926299952280     20.723595478630      5.171589259462
    1     25.093286789303     21.453311371377      6.768552653434
   14     24.923447744915     27.017799510704      5.227248340382
    8     23.236701151328     27.047940066698      4.845425163586
    8     25.046550374229     26.819551328410      6.849314083527
    8     28.615228490492     26.863978531149      3.816558984037
    6     28.651126060965     26.833337966352      5.236968738078
    6     25.756886631344     27.739404749641      7.687568865419
    6     29.994550555399     27.298149871635      5.791657768031
    6     25.222734913035     27.639271406269      9.103735051415
    1     30.088518232491     27.072403240327      6.859113881575
    1     25.779154621542     28.314763643300      9.765556719984
    1     24.163040036307     27.912495945715      9.142547647581
    1     25.324244050324     26.618283844719      9.484953626688
    1     26.830506655544     27.489562446883      7.661190070072
    1     25.654271398259     28.762153692855      7.294831205424
    1     27.849242278399     27.475406774938      5.646409017506
    1     28.444550624386     25.801416721772      5.568579886482
    1     30.101676192441     28.385668835073      5.686200716955
    1     30.842430214345     26.802487831829      5.288103842316
    8     24.156237592663     23.038763183450      3.958574545043
    6     24.902512392715     22.908183410773      5.132034921824
    1     26.004611334234     22.969899533372      4.906954754486
    0    0
