   2   1   1 E -4.0955954567458E+04 DE 8.5E-08(  6)
  0.153430010406E+02  0.000000000000E+00  0.000000000000E+00
  0.000000000000E+00  0.153430010406E+02  0.000000000000E+00
  0.000000000000E+00  0.000000000000E+00  0.500000000000E+03
    1
  0.100000000000E+01  0.000000000000E+00  0.000000000000E+00
  0.000000000000E+00  0.100000000000E+01  0.000000000000E+00
  0.000000000000E+00  0.000000000000E+00  0.100000000000E+01
  0.000000000000E+00  0.000000000000E+00  0.000000000000E+00
  225
    8      1.865133597791      2.645236842414      3.938715337194
    8     28.769876340873     29.764428323479      3.846844589548
    8      1.741585384787     -1.169090900092      3.957205227129
    8     -1.823475081647      2.318838125902      4.053899722765
    8      2.109064418969      6.395919705426      3.997939791141
    8     28.693433492447     24.045708533616      3.915225958181
    8      1.811550472327     -5.296569259260      4.050020408717
    8     -1.671756837878      5.558012903285      4.114234316519
    8      5.561718434711      2.524581955491      4.001345879306
    8     -5.155154125830     -2.306768098640      4.676536555458
    8      5.467803875709     -1.252861255192      3.997669937269
    8     -7.233682454999      0.124669515181      4.069890170432
    8      5.821416636389      6.160746232566      4.087373346912
    8     -5.292115505533     -4.964854456765      4.398722879813
    8      5.709912990009     -5.647085764036      4.107989306178
    8     -4.470496206474      3.952537648431      3.993033848016
  258      0.060534880263      1.924648693932      3.045522340976
  258      0.012338628955     -1.861691369831      3.021164412522
  258      0.050907140364      5.756819921275      3.052211397720
  258      0.008725822329     -5.726999658991      3.041061654123
  258      3.781361495968      1.943097292121      3.045206241295
  258     -3.613711698371     -1.899325961826      3.062801461978
  258      3.757820873633     -1.849433267150      3.032213142980
  258     -3.626309600865      2.041245789000      3.067179089357
  258      3.795020807027      5.748295394864      3.059703537005
  258     -3.645081991082     -5.746314643734      3.058429219920
  258      3.783033460385     -5.779138968670      3.043130695446
  258     -3.648126344535      5.650437238385      3.094103854128
  258      7.469686746880      1.852683170473      3.050235544533
  258      7.527933789321     -1.737720016750      3.084960839951
  258      7.511832597387      5.831875861609      3.036287421838
  258      7.560976271804     -5.758015031988      3.091204517067
    8      1.928882563429      1.866633200494      1.562491822981
    8     -1.839375779070     -1.960108343852      1.552762035444
    8      1.953736014265     -1.966891858601      1.574991191702
    8     -1.862860548676      1.899671091960      1.599533081588
    8      1.919201200840      5.696152077447      1.585205316178
    8     -1.840187913586     -5.699459293812      1.571563763019
    8      1.960333561895     -5.812208624244      1.596662779476
    8     -1.856562613507      5.776579350664      1.620900428227
    8      5.686184541543      1.867060796893      1.594946038861
    8     -5.805855249951     -1.847652765999      1.885977948062
    8      5.715917587826     -1.949148274276      1.620994515551
    8     -5.749517551807      1.953910496696      1.960405308639
    8      5.705854979248      5.718671467807      1.609183742388
    8     -5.820639522431     -5.765458497696      1.786483917199
    8      5.707931386296     -5.753099667472      1.620154769221
    8     -5.774439999416      5.725463915776      1.900026560610
    8      0.038028868920     -0.000392852434      1.837745778614
    8      0.016556868865      3.821836358167      1.903454248313
    8      0.090487206259     -3.846169660031      1.889209409202
    8      0.049820736675      7.677663396703      1.927373275713
    8      3.796025788228     -0.005610348230      1.884351800794
    8     -3.817505871954      0.029682403050      1.915510261151
    8      3.812094299031      3.817359130552      1.901921626970
    8     -3.858836885929     -3.813666933108      1.827701386391
    8      3.825865620444     -3.865554469409      2.038370706739
    8     -3.681305498672      3.835680579321      1.687045710493
    8      3.842871833301      7.654508911531      1.933330354061
    8     -3.833390242318      7.648589385290      1.924352191022
    8      7.554944352991      0.030982394891      1.676132548442
    8      7.620893270079      3.828366591324      1.984938988113
    8      7.630315743632     -3.814878471138      1.992480214189
    8      7.528412685740      7.671330737729      1.796882653426
  258      1.909970814452     -0.007308295788      0.401694292624
  258     -1.900253433118      0.016629313408      0.425307062664
  258      1.921228246912      3.820617703766      0.418895629895
  258     -1.901957315123     -3.830432078775      0.402615344414
  258      1.913638479723     -3.851396760970      0.428461257556
  258     -1.873253177486      3.842718615939      0.392031694826
  258      1.911845234566      7.652159670702      0.426243727829
  258     -1.905908887695      7.666118831694      0.444418553180
  258      5.717426590143     -0.008601506838      0.384025971041
  258     -5.741470309074      0.019636245970      0.537342014929
  258      5.732441235826      3.825399052327      0.436112634787
  258     -5.759002576910     -3.812811983161      0.556088140792
  258      5.752947661049     -3.829437487955      0.461315288132
  258     -5.748715891043      3.838393806529      0.548625980058
  258      5.728873586164      7.679268961186      0.411572039241
  258     -5.749901457112      7.674245355004      0.546726665017
    8     -0.006050105581      0.001220288497     -0.808941929171
    8      0.021428203370      3.839119233193     -0.805726796432
    8      0.003567308911     -3.842547931839     -0.795960471826
    8     -0.002871592744      7.665112496099     -0.771859183884
    8      3.820364346007     -0.006272682520     -0.815604176597
    8     -3.847190248619      0.010939348235     -0.762038528026
    8      3.838630980943      3.834335449112     -0.785339037459
    8     -3.853177125767     -3.832699501085     -0.786946030095
    8      3.840108838504     -3.841702609468     -0.745911723979
    8     -3.857074811459      3.840920594606     -0.830659251308
    8      3.824218038645      7.671892141103     -0.785618039686
    8     -3.848794444415      7.670484052934     -0.746078718425
    8      7.691382857715      0.003330494771     -0.841304043181
    8      7.685483852825      3.837713811328     -0.731707014997
    8      7.683856258105     -3.833285053463     -0.732464206629
    8      7.687953728370      7.669445099002     -0.792886029438
    8      1.918218096625      1.915263982574     -0.988713120103
    8     -1.924288922612     -1.908638143214     -0.983730708867
    8      1.913190542504     -1.934139145080     -0.981731534946
    8     -1.914647053234      1.921070789264     -0.970563784645
    8      1.921342612744      5.753282377662     -0.975350383362
    8     -1.923969314690     -5.769014305108     -0.972462115585
    8      1.913287231837     -5.764305730449     -0.968614055338
    8     -1.914931792906      5.765384221877     -0.959862319912
    8      5.753106155255      1.924594924105     -0.971460137678
    8     -5.747478571051     -1.907703178175     -0.817623793012
    8      5.752289378180     -1.932288415505     -0.962971329672
    8     -5.753844800996      1.930237673668     -0.791505649069
    8      5.754497920552      5.747595089833     -0.959765887226
    8     -5.750023597621     -5.753300278829     -0.849170771625
    8      5.756279236681     -5.751360032295     -0.956336844559
    8     -5.755507426959      5.750851851365     -0.806972788367
  258      0.000491867423      1.913910593597     -2.191378652825
  258     -0.003666218489     -1.919761548355     -2.185102250167
  258      0.001520769965      5.757571917813     -2.185463092281
  258     -0.003901447958     -5.756916402319     -2.179274495460
  258      3.836009934269      1.918977193972     -2.189635547310
  258     -3.853169624059     -1.916230655122     -2.146593824029
  258      3.834468115744     -1.927601181447     -2.182637670372
  258     -3.850359162440      1.925257760722     -2.147593894800
  258      3.838632256111      5.750700158167     -2.180765259480
  258     -3.855728539776     -5.751676227029     -2.143138592712
  258      3.837499875182     -5.752176227165     -2.174900008878
  258     -3.852557001395      5.753923649999     -2.143501239332
  258      7.688096808975      1.916225300160     -2.145362190564
  258      7.690307154827     -1.914859525175     -2.144093988955
  258      7.687140454722      5.755256209752     -2.140340866528
  258      7.690700946106     -5.751883457510     -2.140244334547
    8      1.918725631583      1.918682336748     -3.630760357146
    8     -1.918519830839     -1.917919767547     -3.624620936681
    8      1.920448711132     -1.918890581906     -3.626820055719
    8     -1.919322784954      1.919085087811     -3.619649347050
    8      1.918393058895      5.754071023500     -3.622654362726
    8     -1.915388231253     -5.754258902801     -3.619900896309
    8      1.920263437594     -5.753933868297     -3.618665422262
    8     -1.916741995111      5.753186879956     -3.614189882096
    8      5.754924008085      1.918659094989     -3.619755799396
    8     -5.754857012877     -1.916551127895     -3.575279000588
    8      5.752383719288     -1.918513814617     -3.615768630570
    8     -5.754309163553      1.919063698557     -3.567362844665
    8      5.754434197698      5.753481772383     -3.613078253355
    8     -5.756119244225     -5.753838670554     -3.584576988592
    8      5.750601864774     -5.753680761394     -3.611895073695
    8     -5.755711806860      5.752478528122     -3.569152512207
    8      0.000000000000      0.000000000000     -3.390356274875
    8      0.000000000000      3.835750260159     -3.390356274875
    8      0.000000000000     -3.835750260159     -3.390356274875
    8      0.000000000000      7.671500520300     -3.390356274875
    8      3.835750260161      0.000000000000     -3.390356274875
    8     -3.835750260161      0.000000000000     -3.390356274875
    8      3.835750260161      3.835750260159     -3.390356274875
    8     -3.835750260161     -3.835750260159     -3.390356274875
    8      3.835750260161     -3.835750260159     -3.390356274875
    8     -3.835750260161      3.835750260159     -3.390356274875
    8      3.835750260161      7.671500520300     -3.390356274875
    8     -3.835750260161      7.671500520300     -3.390356274875
    8      7.671500520300      0.000000000000     -3.390356274875
    8      7.671500520300      3.835750260159     -3.390356274875
    8      7.671500520300     -3.835750260159     -3.390356274875
    8      7.671500520300      7.671500520300     -3.390356274875
  258      1.917875130081      0.000000000000     -4.746498784825
  258     -1.917875130081      0.000000000000     -4.746498784825
  258      1.917875130081      3.835750260159     -4.746498784825
  258     -1.917875130081     -3.835750260159     -4.746498784825
  258      1.917875130081     -3.835750260159     -4.746498784825
  258     -1.917875130081      3.835750260159     -4.746498784825
  258      1.917875130081      7.671500520300     -4.746498784825
  258     -1.917875130081      7.671500520300     -4.746498784825
  258      5.753625390240      0.000000000000     -4.746498784825
  258     -5.753625390240      0.000000000000     -4.746498784825
  258      5.753625390240      3.835750260159     -4.746498784825
  258     -5.753625390240     -3.835750260159     -4.746498784825
  258      5.753625390240     -3.835750260159     -4.746498784825
  258     -5.753625390240      3.835750260159     -4.746498784825
  258      5.753625390240      7.671500520300     -4.746498784825
  258     -5.753625390240      7.671500520300     -4.746498784825
    8      0.000000000000      0.000000000000     -6.100000000000
    8      0.000000000000      3.835750260159     -6.100000000000
    8      0.000000000000     -3.835750260159     -6.100000000000
    8      0.000000000000      7.671500520300     -6.100000000000
    8      3.835750260161      0.000000000000     -6.100000000000
    8     -3.835750260161      0.000000000000     -6.100000000000
    8      3.835750260161      3.835750260159     -6.100000000000
    8     -3.835750260161     -3.835750260159     -6.100000000000
    8      3.835750260161     -3.835750260159     -6.100000000000
    8     -3.835750260161      3.835750260159     -6.100000000000
    8      3.835750260161      7.671500520300     -6.100000000000
    8     -3.835750260161      7.671500520300     -6.100000000000
    8      7.671500520300      0.000000000000     -6.100000000000
    8      7.671500520300      3.835750260159     -6.100000000000
    8      7.671500520300     -3.835750260159     -6.100000000000
    8      7.671500520300      7.671500520300     -6.100000000000
    1     23.528248899403     21.464593951420      5.961915668379
    6     22.163273849920     27.243625530852      5.827926711284
    6     22.343669506102     28.558131845656      6.564600662379
    1     21.473924516514     28.727779938623      7.209273195191
    1     23.239387798001     28.531740482059      7.188247868968
    1     22.414336408362     29.404766724383      5.877805128249
    1     22.161684715463     26.378634717998      6.498625694543
    1     21.242411092938     27.229095490631      5.239361219503
    1     24.738118198613     23.730234282837      5.825195245437
    6     24.611415372292     21.545483595923      5.787031800023
    1     24.930387206275     20.707384439737      5.145413183616
    1     25.127045954266     21.422264424359      6.743915049959
   14     24.911641415651     27.005108970859      5.225968328420
    8     23.224798296694     27.037648147682      4.839342852698
    8     25.030956072532     26.804505176818      6.848002317202
    8     28.612225990958     26.880711059093      3.816734413867
    6     28.645771855668     26.849744496291      5.237025609962
    6     25.738706932278     27.724022683240      7.688694782785
    6     29.989861540896     27.311165426939      5.792764385908
    6     25.196216516474     27.627111874136      9.101935621467
    1     30.082669714555     27.085849981208      6.860418668750
    1     25.753581260169     28.298271385316      9.767073059032
    1     24.138414373610     27.907880945784      9.135148085391
    1     25.288117441693     26.605445544712      9.483186411154
    1     26.811835365796     27.471743436443      7.668386255919
    1     25.640449566090     28.746645012373      7.294030221689
    1     27.845068851740     27.493831617063      5.645707000922
    1     28.436819275806     25.818350032383      5.568871389408
    1     30.103025838415     28.398436483234      5.687848584062
    1     30.836358392834     26.812795188209      5.289346280828
    8     24.132392350202     23.033580380523      3.969689785246
    6     24.899382930781     22.894366386910      5.127781135191
    1     25.997053469220     22.963494119931      4.884279375776
    0    0
