   2   1   1 E -4.0955946550268E+04 DE 2.6E-08(  8)
  0.153430010406E+02  0.000000000000E+00  0.000000000000E+00
  0.000000000000E+00  0.153430010406E+02  0.000000000000E+00
  0.000000000000E+00  0.000000000000E+00  0.500000000000E+03
    1
  0.100000000000E+01  0.000000000000E+00  0.000000000000E+00
  0.000000000000E+00  0.100000000000E+01  0.000000000000E+00
  0.000000000000E+00  0.000000000000E+00  0.100000000000E+01
  0.000000000000E+00  0.000000000000E+00  0.000000000000E+00
  225
    8      1.736940940037      2.648715898475      3.952155547018
    8     28.874358353374     29.715892133275      3.856878704097
    8      1.924788078134     -1.250905533646      3.971594087394
    8     -1.946039814833      2.288518396438      4.062220830715
    8      2.136691037598      6.356226159678      4.015637194159
    8     28.681250722842     24.021420375939      3.908678945902
    8      1.804448425528     -5.350295527015      4.062007664153
    8     -1.665126876509      5.506856618407      4.105999382412
    8      5.400144508706      2.646468162641      4.001554660509
    8     -5.149556465055     -2.283264510918      4.672099923003
    8      5.710797533077     -1.124764921002      3.917387617969
    8     -6.871913540804      0.539830656529      4.096276010776
    8      5.856691810099      6.228865544291      4.070285251798
    8     -5.286776131556     -4.940540922242      4.391900162646
    8      5.718156648721     -5.599034499475      4.108046547931
    8     -4.594616170794      4.021506825405      3.950902618915
  258      0.016924017863      1.939398705214      3.053270803242
  258      0.028854412716     -1.867487052330      3.017159226566
  258      0.047017316775      5.752256105073      3.053344329524
  258      0.006671675270     -5.735862447134      3.041412659899
  258      3.770257052596      1.955961811631      3.056064476114
  258     -3.603160276986     -1.910964122145      3.061042084125
  258      3.776507156855     -1.839554733061      3.022773132438
  258     -3.698163599577      2.040189789145      3.068233167447
  258      3.809909946818      5.738575514346      3.066116696819
  258     -3.649500395164     -5.753587086441      3.056329847603
  258      3.784371019714     -5.785096570393      3.045625983052
  258     -3.669118968907      5.657628448361      3.092864425320
  258      7.511756956967      1.874471268554      3.074651936852
  258      7.538620677005     -1.774655999536      3.048362597551
  258      7.536483301450      5.832496027173      3.036474797893
  258      7.562872704940     -5.761890492518      3.089175330243
    8      1.926340321510      1.867336468739      1.569301355357
    8     -1.834249294932     -1.964354484754      1.561534340454
    8      1.955629809340     -1.964515237748      1.575259668369
    8     -1.877821226476      1.892016734241      1.599882484668
    8      1.908581778031      5.700379670535      1.590763431976
    8     -1.835924018757     -5.696180492022      1.572957873558
    8      1.964641475331     -5.804388352762      1.596985544566
    8     -1.861661393675      5.789233854661      1.618690877048
    8      5.691482450686      1.861268689871      1.605035550197
    8     -5.804445342367     -1.861620015433      1.889103489844
    8      5.706618016088     -1.977579632465      1.608375406665
    8     -5.722739838123      1.969660503326      1.850715739894
    8      5.709728669132      5.712299617008      1.610855422049
    8     -5.822172106162     -5.752900616457      1.779484648410
    8      5.702217155698     -5.758551106942      1.621316195692
    8     -5.775992445925      5.749221304699      1.856196849496
    8      0.055582040769     -0.012135227521      1.865370352535
    8     -0.003476020757      3.826658195685      1.892248814569
    8      0.094691895262     -3.836688167614      1.905920704550
    8      0.055120232037      7.681405474596      1.930636700741
    8      3.803710427949     -0.018768991251      1.886879236098
    8     -3.811284141010      0.002061693036      1.940935471128
    8      3.790234149189      3.823225558068      1.881623811052
    8     -3.853590075128     -3.805953985556      1.828535137791
    8      3.820511997558     -3.857476946779      2.060618552456
    8     -3.679913595052      3.847374742540      1.692015974720
    8      3.839879798497      7.652949894905      1.939488319504
    8     -3.836875447751      7.657143547224      1.911455837447
    8      7.568664503988     -0.004444910595      1.722481833801
    8      7.637662737962      3.843166725698      1.975213064721
    8      7.623410838525     -3.811490556281      1.997962032956
    8      7.529225349464      7.679487271731      1.800058251160
  258      1.911966464618      0.001429208846      0.405058461708
  258     -1.902029770445      0.019397101885      0.430110433543
  258      1.918121737084      3.821069251766      0.422916983105
  258     -1.900984408593     -3.832866381522      0.400713993764
  258      1.914544206968     -3.850822385434      0.429006238040
  258     -1.881544776717      3.842964231010      0.397025613729
  258      1.912982798109      7.648830804481      0.429818998055
  258     -1.906879276071      7.663232428511      0.442021339829
  258      5.724768437443      0.000689366728      0.397173221334
  258     -5.741973043984      0.023815777576      0.531869794156
  258      5.734816577954      3.819035540332      0.445555044739
  258     -5.754770665215     -3.818743727865      0.546188679232
  258      5.748883823554     -3.842085984201      0.449991942764
  258     -5.749088895877      3.847031937760      0.528789015384
  258      5.729648251202      7.671450407422      0.414819498414
  258     -5.750015487446      7.677034537804      0.537509494652
    8     -0.007390894982      0.001041017433     -0.798575087176
    8      0.016855629018      3.838077573421     -0.808819009955
    8      0.005690868756     -3.841340780843     -0.790134166524
    8     -0.001178072038      7.665484235165     -0.771475428648
    8      3.825543149925     -0.004265194574     -0.808709379892
    8     -3.845846971395      0.009381296742     -0.750928870427
    8      3.839619553873      3.831439700303     -0.789923861492
    8     -3.851922080869     -3.832593856853     -0.786307074201
    8      3.838110716218     -3.843295359069     -0.742515430260
    8     -3.856348473303      3.840512477438     -0.833331737011
    8      3.824072756839      7.671681508928     -0.783030209794
    8     -3.846926677733      7.674793696464     -0.752462251078
    8      7.691849572599      0.003717272063     -0.821964925072
    8      7.681830216503      3.836882593037     -0.739453289085
    8      7.683323616930     -3.834305072438     -0.731296462366
    8      7.684662318734      7.671659508068     -0.793075673743
    8      1.917019661464      1.913223689186     -0.986711790765
    8     -1.924405978121     -1.908737245928     -0.978396454168
    8      1.914457083397     -1.932219796589     -0.979952867298
    8     -1.915758645842      1.915683758888     -0.969670321440
    8      1.921408082808      5.753381963730     -0.972819348693
    8     -1.922655563016     -5.764032466383     -0.972701975646
    8      1.912993779531     -5.763067425989     -0.967991133342
    8     -1.916385230726      5.766650225387     -0.961278905484
    8      5.755287368093      1.919683350977     -0.966233691547
    8     -5.747723797860     -1.908638546096     -0.817582316808
    8      5.754318330939     -1.930916896358     -0.963394401936
    8     -5.754993923507      1.923916615561     -0.832267363756
    8      5.753845691752      5.747392028580     -0.957803203599
    8     -5.749694984226     -5.748505687550     -0.855599278393
    8      5.754918054330     -5.753351832458     -0.957500974970
    8     -5.755294751990      5.758490272644     -0.831467258719
  258     -0.000695222962      1.915805839271     -2.189471730534
  258     -0.002197904984     -1.917821909470     -2.183142405347
  258      0.001407535897      5.755966898943     -2.183729682926
  258     -0.002538007669     -5.758344581214     -2.178944515900
  258      3.837118790052      1.920249417745     -2.186478650886
  258     -3.851971195835     -1.915488864305     -2.147231808195
  258      3.835854447554     -1.923887892696     -2.179857771937
  258     -3.850065596480      1.925833691934     -2.150880448309
  258      3.838962069438      5.747498743274     -2.178032560114
  258     -3.853457081091     -5.752839439942     -2.146621666355
  258      3.835504207874     -5.755481652861     -2.176093089479
  258     -3.851192170878      5.754939059175     -2.148172701400
  258      7.687177467106      1.917743552513     -2.148280267311
  258      7.688288453648     -1.914140116849     -2.143304297315
  258      7.683833634592      5.754512350138     -2.143365015125
  258      7.689604293597     -5.754245460279     -2.143770374979
    8      1.918555351811      1.918307035926     -3.629975757977
    8     -1.918980729179     -1.917980256923     -3.620880868940
    8      1.919867050516     -1.918694685524     -3.624949361661
    8     -1.918112790645      1.918628904742     -3.620594123526
    8      1.918286221198      5.754125192593     -3.622272144394
    8     -1.915511041958     -5.754122371669     -3.619765617364
    8      1.920134426164     -5.753912140558     -3.618507164536
    8     -1.916147656697      5.753584655230     -3.615681175531
    8      5.753876590184      1.918439236904     -3.619156647612
    8     -5.754656123794     -1.917486299957     -3.572326099961
    8      5.753204846587     -1.918428338858     -3.614355722830
    8     -5.754006034908      1.918090699839     -3.579670177391
    8      5.754415963915      5.753660838149     -3.612874898458
    8     -5.756265504630     -5.753815290758     -3.586034931833
    8      5.750636344780     -5.753725763257     -3.611877887058
    8     -5.755761099068      5.753426902167     -3.576283634126
    8      0.000000000000      0.000000000000     -3.390356274875
    8      0.000000000000      3.835750260159     -3.390356274875
    8      0.000000000000     -3.835750260159     -3.390356274875
    8      0.000000000000      7.671500520300     -3.390356274875
    8      3.835750260161      0.000000000000     -3.390356274875
    8     -3.835750260161      0.000000000000     -3.390356274875
    8      3.835750260161      3.835750260159     -3.390356274875
    8     -3.835750260161     -3.835750260159     -3.390356274875
    8      3.835750260161     -3.835750260159     -3.390356274875
    8     -3.835750260161      3.835750260159     -3.390356274875
    8      3.835750260161      7.671500520300     -3.390356274875
    8     -3.835750260161      7.671500520300     -3.390356274875
    8      7.671500520300      0.000000000000     -3.390356274875
    8      7.671500520300      3.835750260159     -3.390356274875
    8      7.671500520300     -3.835750260159     -3.390356274875
    8      7.671500520300      7.671500520300     -3.390356274875
  258      1.917875130081      0.000000000000     -4.746498784825
  258     -1.917875130081      0.000000000000     -4.746498784825
  258      1.917875130081      3.835750260159     -4.746498784825
  258     -1.917875130081     -3.835750260159     -4.746498784825
  258      1.917875130081     -3.835750260159     -4.746498784825
  258     -1.917875130081      3.835750260159     -4.746498784825
  258      1.917875130081      7.671500520300     -4.746498784825
  258     -1.917875130081      7.671500520300     -4.746498784825
  258      5.753625390240      0.000000000000     -4.746498784825
  258     -5.753625390240      0.000000000000     -4.746498784825
  258      5.753625390240      3.835750260159     -4.746498784825
  258     -5.753625390240     -3.835750260159     -4.746498784825
  258      5.753625390240     -3.835750260159     -4.746498784825
  258     -5.753625390240      3.835750260159     -4.746498784825
  258      5.753625390240      7.671500520300     -4.746498784825
  258     -5.753625390240      7.671500520300     -4.746498784825
    8      0.000000000000      0.000000000000     -6.100000000000
    8      0.000000000000      3.835750260159     -6.100000000000
    8      0.000000000000     -3.835750260159     -6.100000000000
    8      0.000000000000      7.671500520300     -6.100000000000
    8      3.835750260161      0.000000000000     -6.100000000000
    8     -3.835750260161      0.000000000000     -6.100000000000
    8      3.835750260161      3.835750260159     -6.100000000000
    8     -3.835750260161     -3.835750260159     -6.100000000000
    8      3.835750260161     -3.835750260159     -6.100000000000
    8     -3.835750260161      3.835750260159     -6.100000000000
    8      3.835750260161      7.671500520300     -6.100000000000
    8     -3.835750260161      7.671500520300     -6.100000000000
    8      7.671500520300      0.000000000000     -6.100000000000
    8      7.671500520300      3.835750260159     -6.100000000000
    8      7.671500520300     -3.835750260159     -6.100000000000
    8      7.671500520300      7.671500520300     -6.100000000000
    1     23.483972181333     21.533603290917      5.949836571731
    6     22.186909564623     27.309957064618      5.839264202604
    6     22.402568399547     28.634665997442      6.550959080885
    1     21.541574687712     28.839375186943      7.197464589148
    1     23.300332361296     28.600143805904      7.170188623090
    1     22.485130276597     29.466474128339      5.848108875679
    1     22.165136362934     26.460455998340      6.528825869544
    1     21.262025624197     27.303844017902      5.255055262969
    1     24.721564945193     23.782319853553      5.805417684633
    6     24.574994087075     21.598906248404      5.823190963270
    1     24.916571476723     20.745323545681      5.215627163415
    1     25.042879079385     21.500362257833      6.807397329740
   14     24.924658017855     27.024239508535      5.226540741821
    8     23.235996738717     27.060557726128      4.852672968078
    8     25.057370803309     26.827500532582      6.847386209035
    8     28.594830385960     26.860023573829      3.822957265273
    6     28.642461216149     26.827789133258      5.242229728039
    6     25.750720444706     27.759103924807      7.687641726333
    6     29.991698708923     27.286078047363      5.788413086959
    6     25.203368627648     27.659553289144      9.098951532240
    1     30.092304200969     27.057067128586      6.854539527125
    1     25.742684473964     28.346927820855      9.762766658746
    1     24.139142340820     27.917757803723      9.124800686133
    1     25.315098187338     26.642144566092      9.486715165661
    1     26.826645321827     27.519883733421      7.672540805920
    1     25.641487061714     28.778955646336      7.288268408853
    1     27.846608380064     27.473086424283      5.658437027449
    1     28.433588208164     25.796616663098      5.574452749528
    1     30.100325502651     28.373338077240      5.684316152422
    1     30.834989320040     26.788745816535      5.278850866194
    8     24.194195888539     23.039520587646      3.942630368473
    6     24.906932298571     22.924806679764      5.140560905068
    1     26.014843402466     22.976821834729      4.944271596333
    0    0
