   2   1   1 E -4.0955955031205E+04 DE 6.0E-08(  6)
  0.153430010406E+02  0.000000000000E+00  0.000000000000E+00
  0.000000000000E+00  0.153430010406E+02  0.000000000000E+00
  0.000000000000E+00  0.000000000000E+00  0.500000000000E+03
    1
  0.100000000000E+01  0.000000000000E+00  0.000000000000E+00
  0.000000000000E+00  0.100000000000E+01  0.000000000000E+00
  0.000000000000E+00  0.000000000000E+00  0.100000000000E+01
  0.000000000000E+00  0.000000000000E+00  0.000000000000E+00
  225
    8      1.873796795462      2.646572675058      3.938891954584
    8     28.770236459339     29.764643087846      3.847184987612
    8      1.742743809581     -1.166082448418      3.954826424047
    8     -1.811339002614      2.322794296117      4.049601466229
    8      2.107889278349      6.394524529025      3.997948143808
    8     28.693554934500     24.047287240903      3.915922289891
    8      1.812881524629     -5.295959937250      4.049993020318
    8     -1.677261851466      5.562291073312      4.113891816090
    8      5.561981203751      2.537871204685      3.998301367232
    8     -5.152286374214     -2.308464011125      4.678194474546
    8      5.468001329993     -1.219963948118      3.986131864504
    8     -7.221112791470      0.131664832482      4.064562983938
    8      5.821727010789      6.170347059209      4.084709886726
    8     -5.299006390813     -4.966180991479      4.397628499949
    8      5.711231407166     -5.638248592797      4.107926806553
    8     -4.467464786432      3.941270404817      3.992827813088
  258      0.059993527960      1.924528001120      3.046604379388
  258      0.014031368682     -1.860744444835      3.021789663441
  258      0.050000484220      5.756489582768      3.051765911572
  258      0.008362012179     -5.726771051218      3.041609726301
  258      3.781937796883      1.942889789666      3.046457392074
  258     -3.612123925765     -1.899319101844      3.063742476176
  258      3.760551095442     -1.846130227970      3.032105809131
  258     -3.627708891548      2.040234806555      3.065814953917
  258      3.794426780310      5.746800537844      3.059707488122
  258     -3.645842243854     -5.745850623197      3.058894501949
  258      3.782773585064     -5.779210508390      3.043911412984
  258     -3.648288608535      5.649187901037      3.092882914997
  258      7.469189638027      1.853479035796      3.051567144520
  258      7.530628230322     -1.736773490595      3.082215245984
  258      7.511449469237      5.830991160484      3.036582720042
  258      7.561452383251     -5.758781978662      3.091134393216
    8      1.927022527109      1.866619717154      1.562193222539
    8     -1.838698073737     -1.960484485947      1.552929744730
    8      1.956355994628     -1.968105635559      1.574826847840
    8     -1.865332329199      1.899207356424      1.597779486943
    8      1.918189195334      5.696118335035      1.585915497327
    8     -1.839790796895     -5.699094459634      1.572342439814
    8      1.961305752022     -5.812150959969      1.597086876923
    8     -1.856445115928      5.776478326656      1.620844050798
    8      5.686393670441      1.865785453630      1.595003753270
    8     -5.808155547378     -1.846316337948      1.888270567357
    8      5.719028308390     -1.952803461208      1.621287650234
    8     -5.747182367410      1.953233806731      1.958143206646
    8      5.705851118746      5.717130969135      1.609127939670
    8     -5.819731671348     -5.766387856434      1.785995144748
    8      5.708849600652     -5.754913636814      1.620417261313
    8     -5.772228256905      5.724935471809      1.900700032570
    8      0.037413820706     -0.001845713519      1.837233984949
    8      0.016660010325      3.822632020859      1.904747691056
    8      0.091006405251     -3.846153823141      1.890698600556
    8      0.049928915978      7.677654669502      1.928208970202
    8      3.794591171427     -0.007004398986      1.878182117513
    8     -3.816915780701      0.028650652562      1.916620911304
    8      3.811776706231      3.817188143634      1.900147784970
    8     -3.859402869397     -3.813414520598      1.828751782693
    8      3.828204997806     -3.865089803057      2.041227835952
    8     -3.680429146262      3.835919688826      1.687173574420
    8      3.842660902324      7.653456007739      1.933756273941
    8     -3.832500533247      7.648762086520      1.925568886079
    8      7.553565574587      0.029057987274      1.675248269820
    8      7.622616230001      3.827545611101      1.982722212177
    8      7.632537532415     -3.815934239212      1.992180312120
    8      7.528841538630      7.669630702909      1.797377691149
  258      1.910219439728     -0.006850048115      0.401768106794
  258     -1.899858893154      0.016418825603      0.425043681459
  258      1.921613339183      3.820147827276      0.419343969519
  258     -1.901719581406     -3.830177820783      0.402810649873
  258      1.913986951217     -3.851060171285      0.429066557999
  258     -1.872791808727      3.843101842362      0.390719968619
  258      1.911758248703      7.652108803995      0.426783507628
  258     -1.906254952941      7.666536060132      0.444608627345
  258      5.717386201185     -0.008052794342      0.383345018982
  258     -5.740941101237      0.021015544508      0.537984156949
  258      5.732365189940      3.824543811518      0.436465102185
  258     -5.759125164035     -3.812686547498      0.556190709143
  258      5.752869483258     -3.830549318846      0.461519225087
  258     -5.749066194995      3.838010406939      0.547819701880
  258      5.728380379057      7.678709818534      0.411822542987
  258     -5.749999616847      7.673837255255      0.547173485598
    8     -0.006004832447      0.000961302963     -0.809741118633
    8      0.021905170496      3.839249581204     -0.805717914198
    8      0.003672175590     -3.842972438370     -0.795468189099
    8     -0.003277786702      7.665001879159     -0.771513182696
    8      3.819837099798     -0.006054214517     -0.817468902598
    8     -3.846928667426      0.011253857488     -0.761602699774
    8      3.838746744751      3.834252657414     -0.785849099817
    8     -3.853237109359     -3.832538076634     -0.786535180418
    8      3.840208981967     -3.842569349505     -0.745434614665
    8     -3.856944020447      3.840894507496     -0.830433278157
    8      3.824108504492      7.671562283828     -0.785339200959
    8     -3.848982209077      7.670832185116     -0.745638200759
    8      7.692532874189      0.003385462407     -0.841722520486
    8      7.685654546897      3.837638016661     -0.732608886759
    8      7.684403822871     -3.833032450130     -0.732507927252
    8      7.688445739412      7.669359797720     -0.792384041939
    8      1.918296656821      1.915665875021     -0.988789180926
    8     -1.924505837328     -1.909164730559     -0.983499349587
    8      1.913065529828     -1.935012744007     -0.981615223478
    8     -1.914164710095      1.921077986401     -0.971233561564
    8      1.921153969403      5.753651499919     -0.975215837197
    8     -1.924234795792     -5.768976039908     -0.971789533952
    8      1.913144510850     -5.764984786930     -0.968520365132
    8     -1.915296468567      5.765706313958     -0.959854706568
    8      5.753577039093      1.924431645319     -0.971236971682
    8     -5.747027531132     -1.907227544576     -0.816032953499
    8      5.751956577041     -1.932186763994     -0.962548811610
    8     -5.753476333192      1.930376799348     -0.792321131449
    8      5.754592335360      5.747544339763     -0.959809254687
    8     -5.750033105053     -5.753069110204     -0.849026546236
    8      5.756539845887     -5.751874571992     -0.956334866898
    8     -5.755388891424      5.750933118477     -0.806957420576
  258      0.000768663638      1.913946739697     -2.191558103518
  258     -0.003472877160     -1.919783263285     -2.184985228994
  258      0.001891272780      5.757782468308     -2.185417187621
  258     -0.003808824475     -5.756894463381     -2.178967359100
  258      3.835963177171      1.919192915024     -2.189749142884
  258     -3.853286060362     -1.916317179844     -2.146537772553
  258      3.834385775281     -1.927557453089     -2.182609626691
  258     -3.849982646656      1.925263161089     -2.147957246604
  258      3.838824577112      5.750574543069     -2.180579245393
  258     -3.855819073869     -5.751646859139     -2.142920634659
  258      3.837418522479     -5.752329571357     -2.174710745754
  258     -3.852593736110      5.754020899377     -2.143694758647
  258      7.688175858183      1.916351469208     -2.145710153165
  258      7.690301918444     -1.914836771187     -2.143812174808
  258      7.686970797363      5.755292316512     -2.140073790406
  258      7.690753756946     -5.751994859599     -2.140163118158
    8      1.918755018819      1.918639316926     -3.631107224175
    8     -1.918734371973     -1.917839175742     -3.624386184894
    8      1.920289119580     -1.918882119665     -3.626814953384
    8     -1.919480516059      1.919056604633     -3.619661835992
    8      1.918285254751      5.754083045890     -3.622809068170
    8     -1.915386283066     -5.754289388858     -3.619412458105
    8      1.920118760938     -5.753894133160     -3.618902790642
    8     -1.916882612633      5.753153722219     -3.613875858261
    8      5.755081774787      1.918658718596     -3.619483908280
    8     -5.754871988543     -1.916684261000     -3.574856977618
    8      5.752560969354     -1.918567152604     -3.615333089567
    8     -5.753835642582      1.919148120017     -3.567958286367
    8      5.754330148333      5.753412177349     -3.612874625093
    8     -5.756079079792     -5.753706490385     -3.584357833184
    8      5.750544273505     -5.753701296652     -3.611593124853
    8     -5.755669713782      5.752572926322     -3.569330708964
    8      0.000000000000      0.000000000000     -3.390356274875
    8      0.000000000000      3.835750260159     -3.390356274875
    8      0.000000000000     -3.835750260159     -3.390356274875
    8      0.000000000000      7.671500520300     -3.390356274875
    8      3.835750260161      0.000000000000     -3.390356274875
    8     -3.835750260161      0.000000000000     -3.390356274875
    8      3.835750260161      3.835750260159     -3.390356274875
    8     -3.835750260161     -3.835750260159     -3.390356274875
    8      3.835750260161     -3.835750260159     -3.390356274875
    8     -3.835750260161      3.835750260159     -3.390356274875
    8      3.835750260161      7.671500520300     -3.390356274875
    8     -3.835750260161      7.671500520300     -3.390356274875
    8      7.671500520300      0.000000000000     -3.390356274875
    8      7.671500520300      3.835750260159     -3.390356274875
    8      7.671500520300     -3.835750260159     -3.390356274875
    8      7.671500520300      7.671500520300     -3.390356274875
  258      1.917875130081      0.000000000000     -4.746498784825
  258     -1.917875130081      0.000000000000     -4.746498784825
  258      1.917875130081      3.835750260159     -4.746498784825
  258     -1.917875130081     -3.835750260159     -4.746498784825
  258      1.917875130081     -3.835750260159     -4.746498784825
  258     -1.917875130081      3.835750260159     -4.746498784825
  258      1.917875130081      7.671500520300     -4.746498784825
  258     -1.917875130081      7.671500520300     -4.746498784825
  258      5.753625390240      0.000000000000     -4.746498784825
  258     -5.753625390240      0.000000000000     -4.746498784825
  258      5.753625390240      3.835750260159     -4.746498784825
  258     -5.753625390240     -3.835750260159     -4.746498784825
  258      5.753625390240     -3.835750260159     -4.746498784825
  258     -5.753625390240      3.835750260159     -4.746498784825
  258      5.753625390240      7.671500520300     -4.746498784825
  258     -5.753625390240      7.671500520300     -4.746498784825
    8      0.000000000000      0.000000000000     -6.100000000000
    8      0.000000000000      3.835750260159     -6.100000000000
    8      0.000000000000     -3.835750260159     -6.100000000000
    8      0.000000000000      7.671500520300     -6.100000000000
    8      3.835750260161      0.000000000000     -6.100000000000
    8     -3.835750260161      0.000000000000     -6.100000000000
    8      3.835750260161      3.835750260159     -6.100000000000
    8     -3.835750260161     -3.835750260159     -6.100000000000
    8      3.835750260161     -3.835750260159     -6.100000000000
    8     -3.835750260161      3.835750260159     -6.100000000000
    8      3.835750260161      7.671500520300     -6.100000000000
    8     -3.835750260161      7.671500520300     -6.100000000000
    8      7.671500520300      0.000000000000     -6.100000000000
    8      7.671500520300      3.835750260159     -6.100000000000
    8      7.671500520300     -3.835750260159     -6.100000000000
    8      7.671500520300      7.671500520300     -6.100000000000
    1     23.531813942329     21.459248750414      5.961556984140
    6     22.159400692060     27.254588935860      5.822607863548
    6     22.342957777889     28.568820476005      6.559066920282
    1     21.475285185873     28.739532618123      7.206476272522
    1     23.240630303112     28.541365098978      7.180017671882
    1     22.412733873943     29.415475934987      5.872104990441
    1     22.150111054977     26.389656388341      6.493170954663
    1     21.240089179843     27.244429832687      5.230697097201
    1     24.737740908008     23.725663923124      5.826714114080
    6     24.614565699037     21.541060121732      5.784802149954
    1     24.932270067306     20.703705163062      5.141529234379
    1     25.131975846293     21.416049417088      6.740544660722
   14     24.909697755350     27.005038978864      5.225869171309
    8     23.223009868620     27.043834178209      4.838303366074
    8     25.025857381784     26.803534421676      6.848145489701
    8     28.610546002386     26.880239783428      3.818123090314
    6     28.646122867344     26.848320891090      5.238306450902
    6     25.736712034260     27.719708009726      7.689643139059
    6     29.989927138414     27.311931799247      5.792956049301
    6     25.191207264739     27.626757436095      9.102058511108
    1     30.083611326891     27.087079849339      6.860660295199
    1     25.749123507289     28.297759505122      9.767169637207
    1     24.134118626467     27.910306259538      9.132386370981
    1     25.279674940797     26.605372241600      9.485506964938
    1     26.808652944218     27.461856720743      7.671483410454
    1     25.644686013212     28.742565029223      7.294235740437
    1     27.844507353616     27.490359482453      5.648303056568
    1     28.440092589260     25.816056635552      5.569278229598
    1     30.101287146857     28.399387319506      5.687684353894
    1     30.836849913062     26.814369369832      5.289334141503
    8     24.133606899786     23.031598762982      3.969586658573
    6     24.900435441260     22.891507020826      5.127423154460
    1     25.998052007881     22.962723500438      4.884771603891
    0    0
