   2   1   1 E -4.0955950830885E+04 DE-1.2E-07(  8)
  0.153430010406E+02  0.000000000000E+00  0.000000000000E+00
  0.000000000000E+00  0.153430010406E+02  0.000000000000E+00
  0.000000000000E+00  0.000000000000E+00  0.500000000000E+03
    1
  0.100000000000E+01  0.000000000000E+00  0.000000000000E+00
  0.000000000000E+00  0.100000000000E+01  0.000000000000E+00
  0.000000000000E+00  0.000000000000E+00  0.100000000000E+01
  0.000000000000E+00  0.000000000000E+00  0.000000000000E+00
  225
    8      1.801301395141      2.661492715607      3.939154620028
    8     28.826971191610     29.733002240096      3.853367486932
    8      1.838508488760     -1.206949453409      3.958462754843
    8     -1.872827216618      2.298788334844      4.062254913696
    8      2.117047594340      6.378675849260      4.004697169580
    8     28.689151779118     24.028179437476      3.908680931543
    8      1.808364505974     -5.313910868720      4.053733718526
    8     -1.671737292762      5.531259290650      4.108869462086
    8      5.472300660346      2.596431797992      3.996714926996
    8     -5.146534890129     -2.290803586713      4.677586734428
    8      5.579274193517     -1.207444554682      3.957735416787
    8     -7.148389231905      0.274117001936      4.082257840056
    8      5.832753297401      6.202604706353      4.076956370937
    8     -5.277807092784     -4.948810955519      4.398375995607
    8      5.711238600761     -5.615502423607      4.107510111644
    8     -4.515114658639      3.977472055062      3.977593875134
  258      0.044324462129      1.933543078916      3.048578319541
  258      0.023242049434     -1.866036558730      3.018456487960
  258      0.051146632353      5.753894602311      3.051743803323
  258      0.006775411500     -5.729818750552      3.041203451736
  258      3.775048780917      1.950728746842      3.049847972465
  258     -3.604398939969     -1.907195479862      3.062466646223
  258      3.765036416810     -1.845159654414      3.026746110330
  258     -3.648593916395      2.043851996418      3.066700690898
  258      3.801157740062      5.743179988584      3.061627385737
  258     -3.645524747910     -5.750682839864      3.056730603863
  258      3.782788389230     -5.781031337651      3.044126376164
  258     -3.654263817221      5.654425548112      3.094768837017
  258      7.480568793221      1.860178741486      3.060006936011
  258      7.525883560364     -1.745071201299      3.076423663815
  258      7.520454376726      5.833440620958      3.036585993935
  258      7.559597311622     -5.757098544504      3.090144439417
    8      1.929179896874      1.867031719408      1.563221887093
    8     -1.835019196061     -1.962406516713      1.556119410305
    8      1.952958072290     -1.967656423952      1.571697988350
    8     -1.867131769388      1.897613447001      1.600143766276
    8      1.914129639977      5.697925804787      1.586769733552
    8     -1.837660205297     -5.697534045320      1.571022836513
    8      1.962219438391     -5.809421461995      1.596818671150
    8     -1.858250978186      5.783237134152      1.619109641090
    8      5.688965055193      1.863005922648      1.600296641780
    8     -5.806949155769     -1.851703944445      1.892505343572
    8      5.710547606072     -1.961557459157      1.610052353867
    8     -5.740376211872      1.954232182204      1.927400773257
    8      5.708453690782      5.714280884893      1.609892337962
    8     -5.821565983982     -5.758840238095      1.785439203672
    8      5.704572916228     -5.756558984306      1.620848322215
    8     -5.777006144260      5.734719790989      1.883482978596
    8      0.048323632923     -0.007475090703      1.852663613629
    8      0.005040753191      3.825697566446      1.895405720194
    8      0.092318960362     -3.841726739070      1.893982130365
    8      0.052534480097      7.679223088940      1.928620565769
    8      3.799494557700     -0.013283621434      1.884302019334
    8     -3.809884643068      0.014861530270      1.931398062173
    8      3.801894551424      3.820826960225      1.888000610929
    8     -3.855300930919     -3.808747418902      1.830048062324
    8      3.823094826581     -3.862023112438      2.046651740577
    8     -3.680823645196      3.841734331360      1.687649841914
    8      3.841088625688      7.652030204622      1.936062682232
    8     -3.835687523143      7.652488887477      1.917514835993
    8      7.555010594296      0.012133054708      1.688937939328
    8      7.628380514701      3.832333751090      1.982653170116
    8      7.625949865271     -3.812865470181      1.996698788326
    8      7.527696090838      7.674533263881      1.798806228137
  258      1.911607019696     -0.003720954955      0.402680120440
  258     -1.899973367161      0.017631437736      0.427604992021
  258      1.920447367739      3.820949275650      0.419058001616
  258     -1.901024484027     -3.831584454051      0.400520124582
  258      1.914245702800     -3.852025267563      0.427210086668
  258     -1.875966368847      3.844151370377      0.392728569075
  258      1.912293601337      7.650902351058      0.427701627254
  258     -1.906293818712      7.665207370991      0.443615064781
  258      5.719624032854     -0.004759692063      0.386127888405
  258     -5.742087578065      0.020340780087      0.538094139257
  258      5.732011576193      3.821905367764      0.440077590948
  258     -5.758902555791     -3.814108795413      0.554703113040
  258      5.751404175388     -3.833956666944      0.456873570937
  258     -5.748369980460      3.840461876772      0.543197763288
  258      5.728755935409      7.675909924576      0.412951463893
  258     -5.750103397754      7.675426843685      0.544013275454
    8     -0.006701807027      0.001411484890     -0.803688695457
    8      0.019596280528      3.838822353942     -0.807981414359
    8      0.004077427645     -3.842017371165     -0.794901753190
    8     -0.002332346992      7.664887186276     -0.771778141036
    8      3.821168227035     -0.005708183264     -0.814294841821
    8     -3.846442983641      0.010427918362     -0.755132007841
    8      3.839227431779      3.832917388541     -0.789367552315
    8     -3.853178538136     -3.832093643979     -0.785758656029
    8      3.839421925338     -3.842580673268     -0.745272684166
    8     -3.857115385966      3.840116459275     -0.832013700731
    8      3.824437827330      7.671832733084     -0.784345802915
    8     -3.848594263711      7.672154349803     -0.748992868780
    8      7.693876869084      0.003949113055     -0.835483474327
    8      7.685033659145      3.837158509712     -0.733325523157
    8      7.684513899927     -3.833004907399     -0.731290067686
    8      7.686999394032      7.669969697686     -0.792508651746
    8      1.917660041909      1.914562218549     -0.988976650886
    8     -1.924500546232     -1.908024430925     -0.981316276063
    8      1.913489083241     -1.933748746279     -0.982030142279
    8     -1.914908778565      1.918937341352     -0.969971089088
    8      1.921871430845      5.753079312719     -0.975078016722
    8     -1.923785055117     -5.767019199011     -0.973083300371
    8      1.913088593470     -5.764203942762     -0.968670408679
    8     -1.915577955711      5.766017515136     -0.961268625827
    8      5.754350394534      1.923485048794     -0.969448770900
    8     -5.747093410459     -1.907516931205     -0.814308597420
    8      5.753545047021     -1.931680972255     -0.965849897306
    8     -5.753650607263      1.927963999838     -0.802623987794
    8      5.754406172926      5.747266523179     -0.959033793658
    8     -5.750244410872     -5.751286858851     -0.850005697769
    8      5.756269836733     -5.752599305154     -0.957000281524
    8     -5.755411254953      5.752900912846     -0.815490923864
  258     -0.000034860174      1.914853975402     -2.190811270076
  258     -0.003012974425     -1.919077116608     -2.184531665698
  258      0.001747753686      5.757309882841     -2.185059094439
  258     -0.003410394577     -5.757752023274     -2.179578890668
  258      3.836213474094      1.919774542803     -2.189129633491
  258     -3.852853892304     -1.915857726706     -2.146092124279
  258      3.834757562543     -1.926446145198     -2.182206943282
  258     -3.850225725519      1.925380631988     -2.148228636682
  258      3.839227360561      5.749606852003     -2.179976014131
  258     -3.855343302777     -5.752072727316     -2.143992293109
  258      3.837161490276     -5.753582228583     -2.175475357704
  258     -3.852400717691      5.754351348223     -2.145135002408
  258      7.688447912723      1.917128561512     -2.145996298042
  258      7.689923769128     -1.914509885258     -2.143867434669
  258      7.686223659009      5.754676159246     -2.140501629439
  258      7.690476525652     -5.752848719926     -2.141223695769
    8      1.918640829580      1.918539107776     -3.631039533099
    8     -1.918799089341     -1.917820845129     -3.622863206992
    8      1.919939663408     -1.918842254040     -3.626313938256
    8     -1.919057464857      1.918863074016     -3.619688305689
    8      1.918295462108      5.754215101211     -3.622948816238
    8     -1.915309868482     -5.754131043895     -3.620112466010
    8      1.919999775162     -5.753909870721     -3.618658358025
    8     -1.916356483951      5.753289296854     -3.615171273333
    8      5.754804644078      1.918620724254     -3.619459007737
    8     -5.754508776138     -1.917012699451     -3.573402706208
    8      5.752721776017     -1.918488736856     -3.616643873708
    8     -5.754095139612      1.918731460994     -3.570899398068
    8      5.754075112466      5.753507565193     -3.613283608310
    8     -5.756118303564     -5.753656279136     -3.584073183698
    8      5.750501035299     -5.753706063780     -3.611768089104
    8     -5.755763133300      5.752926742205     -3.572019647180
    8      0.000000000000      0.000000000000     -3.390356274875
    8      0.000000000000      3.835750260159     -3.390356274875
    8      0.000000000000     -3.835750260159     -3.390356274875
    8      0.000000000000      7.671500520300     -3.390356274875
    8      3.835750260161      0.000000000000     -3.390356274875
    8     -3.835750260161      0.000000000000     -3.390356274875
    8      3.835750260161      3.835750260159     -3.390356274875
    8     -3.835750260161     -3.835750260159     -3.390356274875
    8      3.835750260161     -3.835750260159     -3.390356274875
    8     -3.835750260161      3.835750260159     -3.390356274875
    8      3.835750260161      7.671500520300     -3.390356274875
    8     -3.835750260161      7.671500520300     -3.390356274875
    8      7.671500520300      0.000000000000     -3.390356274875
    8      7.671500520300      3.835750260159     -3.390356274875
    8      7.671500520300     -3.835750260159     -3.390356274875
    8      7.671500520300      7.671500520300     -3.390356274875
  258      1.917875130081      0.000000000000     -4.746498784825
  258     -1.917875130081      0.000000000000     -4.746498784825
  258      1.917875130081      3.835750260159     -4.746498784825
  258     -1.917875130081     -3.835750260159     -4.746498784825
  258      1.917875130081     -3.835750260159     -4.746498784825
  258     -1.917875130081      3.835750260159     -4.746498784825
  258      1.917875130081      7.671500520300     -4.746498784825
  258     -1.917875130081      7.671500520300     -4.746498784825
  258      5.753625390240      0.000000000000     -4.746498784825
  258     -5.753625390240      0.000000000000     -4.746498784825
  258      5.753625390240      3.835750260159     -4.746498784825
  258     -5.753625390240     -3.835750260159     -4.746498784825
  258      5.753625390240     -3.835750260159     -4.746498784825
  258     -5.753625390240      3.835750260159     -4.746498784825
  258      5.753625390240      7.671500520300     -4.746498784825
  258     -5.753625390240      7.671500520300     -4.746498784825
    8      0.000000000000      0.000000000000     -6.100000000000
    8      0.000000000000      3.835750260159     -6.100000000000
    8      0.000000000000     -3.835750260159     -6.100000000000
    8      0.000000000000      7.671500520300     -6.100000000000
    8      3.835750260161      0.000000000000     -6.100000000000
    8     -3.835750260161      0.000000000000     -6.100000000000
    8      3.835750260161      3.835750260159     -6.100000000000
    8     -3.835750260161     -3.835750260159     -6.100000000000
    8      3.835750260161     -3.835750260159     -6.100000000000
    8     -3.835750260161      3.835750260159     -6.100000000000
    8      3.835750260161      7.671500520300     -6.100000000000
    8     -3.835750260161      7.671500520300     -6.100000000000
    8      7.671500520300      0.000000000000     -6.100000000000
    8      7.671500520300      3.835750260159     -6.100000000000
    8      7.671500520300     -3.835750260159     -6.100000000000
    8      7.671500520300      7.671500520300     -6.100000000000
    1     23.510509786350     21.493034755150      5.954971928205
    6     22.180383243269     27.271472266699      5.834450773558
    6     22.376698257501     28.589447315287      6.562556807794
    1     21.503902568974     28.780505545557      7.197309872583
    1     23.265472723862     28.552772369546      7.195329238826
    1     22.468488395893     29.430264972266      5.870848996981
    1     22.170544829179     26.412014648289      6.512222548720
    1     21.258058685778     27.261489782294      5.247677116817
    1     24.732177288492     23.752696675976      5.817542212354
    6     24.597264566187     21.567868044983      5.800154950272
    1     24.926481209654     20.723782473866      5.171945117614
    1     25.092717281461     21.453811571498      6.768930405496
   14     24.923561476665     27.017869634182      5.227192190595
    8     23.236826784342     27.047649320690      4.845429902015
    8     25.046694476811     26.819563473602      6.849271009843
    8     28.615652121970     26.863549778615      3.816420791098
    6     28.651300659982     26.832981122763      5.236844468042
    6     25.756985664952     27.739589184045      7.687483737430
    6     29.994584371254     27.297944493833      5.791795486352
    6     25.222993534063     27.639328161884      9.103666745745
    1     30.088350301333     27.072258161972      6.859301015709
    1     25.779303483524     28.314968379585      9.765411954023
    1     24.163258743181     27.912135223757      9.142599845500
    1     25.324920609766     26.618386200289      9.484921748608
    1     26.830585036895     27.489958292651      7.661129215244
    1     25.654161220282     28.762255811634      7.294764600839
    1     27.849255052277     27.474955099671      5.646133607506
    1     28.444801252197     25.801041053228      5.568461618972
    1     30.101625914672     28.385471481233      5.686266328648
    1     30.842606014773     26.802275937007      5.288432732260
    8     24.156722909950     23.038736676632      3.958280340337
    6     24.902591869701     22.908342357208      5.132105285515
    1     26.004813207354     22.970034671398      4.907431925731
    0    0
