   2   1   1 E -4.0955949905241E+04 DE-4.9E-08( 13)
  0.153430010406E+02  0.000000000000E+00  0.000000000000E+00
  0.000000000000E+00  0.153430010406E+02  0.000000000000E+00
  0.000000000000E+00  0.000000000000E+00  0.500000000000E+03
    1
  0.100000000000E+01  0.000000000000E+00  0.000000000000E+00
  0.000000000000E+00  0.100000000000E+01  0.000000000000E+00
  0.000000000000E+00  0.000000000000E+00  0.100000000000E+01
  0.000000000000E+00  0.000000000000E+00  0.000000000000E+00
  225
    8      1.756747836799      2.665333558199      3.946674056560
    8     28.867196036162     29.711204422246      3.858306528405
    8      1.906275381084     -1.251780286277      3.974403039741
    8     -1.923758799183      2.276855084195      4.075003866557
    8      2.137641084362      6.378278828474      4.008737678641
    8     28.681175713646     24.006900783104      3.901711995296
    8      1.805173450522     -5.335109044009      4.057691838540
    8     -1.662145713743      5.494726790292      4.103174631812
    8      5.428557049790      2.649728356212      3.991664175585
    8     -5.135389396052     -2.276321404262      4.680880353205
    8      5.662852620775     -1.126292721106      3.928263488080
    8     -7.039069169699      0.327335492670      4.049985206502
    8      5.851503558222      6.247990980354      4.066408006430
    8     -5.252431744791     -4.933638880734      4.404938022605
    8      5.717734354666     -5.583843750547      4.105798017859
    8     -4.568278850266      4.009535541596      3.955950808071
  258      0.029255160236      1.940022144048      3.049590209016
  258      0.030554742541     -1.872176811692      3.018108941099
  258      0.050698425745      5.753154004732      3.052498061707
  258      0.002681380372     -5.730627107962      3.042014435435
  258      3.770620471612      1.955818817944      3.048725234605
  258     -3.599090367959     -1.915057783829      3.061111264507
  258      3.778978736837     -1.841651240456      3.023978193344
  258     -3.669309515304      2.043853837607      3.065685953194
  258      3.810174843126      5.739864580482      3.064465137604
  258     -3.648229905256     -5.758996899849      3.053248995651
  258      3.782194338569     -5.784019845809      3.047030312409
  258     -3.662826593339      5.657584088876      3.093289117637
  258      7.483464528330      1.867255308060      3.056663036941
  258      7.550018256934     -1.722872116424      3.086648444765
  258      7.533902159496      5.836906675605      3.036906458784
  258      7.558857057745     -5.755489247604      3.089492152770
    8      1.925397163372      1.870041898129      1.569158397553
    8     -1.830390874838     -1.963493377769      1.558807940141
    8      1.952672316956     -1.963614899071      1.573853144976
    8     -1.874487483477      1.897180397737      1.606009447182
    8      1.909846013443      5.698523274155      1.589157063395
    8     -1.833921255576     -5.695808328670      1.572156003606
    8      1.968655151054     -5.807076144019      1.596352666096
    8     -1.857384014505      5.789295461115      1.618855689452
    8      5.690164923270      1.860770391799      1.610074513468
    8     -5.796847648128     -1.854951477280      1.894675242320
    8      5.698681059999     -1.967619196551      1.608106909321
    8     -5.736430220898      1.960579212279      1.896881295631
    8      5.712128908994      5.708156731528      1.612603301136
    8     -5.817161377995     -5.752863399170      1.786961672225
    8      5.699057372718     -5.761143680008      1.621991902438
    8     -5.776544650739      5.744132369090      1.868307360883
    8      0.054883476167     -0.009303113401      1.864563324531
    8     -0.004000110970      3.828134835476      1.890923310684
    8      0.096339139349     -3.840018783633      1.895519237466
    8      0.054645563247      7.682127866107      1.929462651513
    8      3.795967283032     -0.011506592457      1.884058364723
    8     -3.806881031921      0.006693309556      1.941072450785
    8      3.793570005624      3.820751355966      1.874624948447
    8     -3.848916874912     -3.806227057245      1.829651172700
    8      3.819963797074     -3.860950525232      2.060483212955
    8     -3.679981639985      3.847596891211      1.688138329313
    8      3.841474194753      7.646259753011      1.934167483139
    8     -3.834996145585      7.653687263568      1.905076844280
    8      7.556498897697      0.011672856293      1.692781622486
    8      7.635983155836      3.831858426659      1.979436480524
    8      7.624163806922     -3.811347136449      2.002067177832
    8      7.531554069383      7.676341631455      1.797476346226
  258      1.912801905951     -0.001228003796      0.404415761946
  258     -1.899246626806      0.017705537568      0.430225452481
  258      1.918563911972      3.822477204243      0.419231869321
  258     -1.901160207523     -3.832802924958      0.398827908805
  258      1.916040467670     -3.851788254779      0.427920206233
  258     -1.879165057365      3.846377822233      0.394588258634
  258      1.912703789977      7.649263273146      0.431072334374
  258     -1.907508441019      7.665850837840      0.444222914126
  258      5.721235024307     -0.005225416473      0.390266884964
  258     -5.741053865305      0.020838816245      0.535543456828
  258      5.732210684132      3.821783960473      0.442356558136
  258     -5.759875977300     -3.814008445874      0.555771222620
  258      5.754546081246     -3.834868424652      0.459957812555
  258     -5.748980821528      3.842837293030      0.536030935002
  258      5.728105623409      7.673859089456      0.414683863082
  258     -5.751436629804      7.677398371520      0.539343633934
    8     -0.007230944081      0.002182372277     -0.798206446495
    8      0.018254152491      3.837508414096     -0.808959563741
    8      0.005405396701     -3.839654022610     -0.793641147459
    8     -0.002042515422      7.664911001077     -0.772391210477
    8      3.823490153568     -0.005349133181     -0.811875093153
    8     -3.845541022072      0.010278944483     -0.750607601952
    8      3.840678451274      3.832250680867     -0.792819053735
    8     -3.853107716519     -3.831654547824     -0.785803350736
    8      3.840155530421     -3.842495729892     -0.741273196330
    8     -3.857040336111      3.839816501685     -0.833203667826
    8      3.823853271563      7.672268063075     -0.784364029946
    8     -3.847749112597      7.673383917638     -0.754860290937
    8      7.694251930329      0.005048240930     -0.831904901976
    8      7.683708048789      3.837026622782     -0.737679122691
    8      7.685280576990     -3.834769154219     -0.730982684308
    8      7.686238224463      7.670604529290     -0.794475632903
    8      1.917879066346      1.913295917425     -0.987120180392
    8     -1.924816736634     -1.906293910940     -0.979919947243
    8      1.914147455425     -1.931811765207     -0.981489878237
    8     -1.914952524097      1.917638028954     -0.966512030651
    8      1.922223442919      5.752651215893     -0.974628712147
    8     -1.923179927496     -5.764308079089     -0.972061728063
    8      1.912339824842     -5.761871782301     -0.968255161027
    8     -1.916132820798      5.765830144394     -0.961165044058
    8      5.754284266365      1.921898929047     -0.965231595337
    8     -5.747012334195     -1.906449034821     -0.814286783080
    8      5.756040605046     -1.930568356229     -0.965659362124
    8     -5.752798886613      1.925732588648     -0.814668284147
    8      5.753693323838      5.747930852725     -0.956164080857
    8     -5.749841383223     -5.750133360647     -0.849886158051
    8      5.756462758424     -5.753281147830     -0.955636269533
    8     -5.755730601081      5.755118495042     -0.822268123520
  258     -0.000504964431      1.915920171852     -2.189894163434
  258     -0.002374476968     -1.918995163903     -2.184110079357
  258      0.001119126606      5.757681608472     -2.184409927455
  258     -0.002771543889     -5.758315082271     -2.179381729218
  258      3.837196326852      1.920123544824     -2.187911411662
  258     -3.852233373483     -1.915615185968     -2.145773335343
  258      3.836580000359     -1.925250065714     -2.180422371195
  258     -3.848628368381      1.925798061038     -2.149522061317
  258      3.839328943846      5.749439118728     -2.179285016178
  258     -3.854680359133     -5.752046346368     -2.144788577882
  258      3.837651581262     -5.753837389965     -2.174347586144
  258     -3.851358661236      5.755096958834     -2.147211500541
  258      7.687571598096      1.916949551059     -2.147262178715
  258      7.689231626751     -1.914196832604     -2.142663536149
  258      7.684525611678      5.755189085420     -2.141572629707
  258      7.689275040381     -5.752150029345     -2.141692953425
    8      1.918089654344      1.918540904490     -3.630211611893
    8     -1.919196389438     -1.917730104528     -3.620524225534
    8      1.919557641815     -1.918796724514     -3.625557199015
    8     -1.919152432438      1.918624028586     -3.617334184464
    8      1.918246251602      5.754120087838     -3.622505507512
    8     -1.915342025477     -5.753967217980     -3.618569031782
    8      1.919882962089     -5.754095888882     -3.618053922544
    8     -1.916132477744      5.753289043099     -3.614750454633
    8      5.754298442413      1.918509243496     -3.616705911228
    8     -5.754394401670     -1.916980477518     -3.572925609203
    8      5.752650849134     -1.918447007754     -3.615356918861
    8     -5.754420836976      1.918670977907     -3.574980331414
    8      5.753660866478      5.753197244835     -3.611696274574
    8     -5.755968849464     -5.753252259463     -3.584317786164
    8      5.750637712867     -5.753812150341     -3.609898261803
    8     -5.755982785892      5.752917682113     -3.575231548410
    8      0.000000000000      0.000000000000     -3.390356274875
    8      0.000000000000      3.835750260159     -3.390356274875
    8      0.000000000000     -3.835750260159     -3.390356274875
    8      0.000000000000      7.671500520300     -3.390356274875
    8      3.835750260161      0.000000000000     -3.390356274875
    8     -3.835750260161      0.000000000000     -3.390356274875
    8      3.835750260161      3.835750260159     -3.390356274875
    8     -3.835750260161     -3.835750260159     -3.390356274875
    8      3.835750260161     -3.835750260159     -3.390356274875
    8     -3.835750260161      3.835750260159     -3.390356274875
    8      3.835750260161      7.671500520300     -3.390356274875
    8     -3.835750260161      7.671500520300     -3.390356274875
    8      7.671500520300      0.000000000000     -3.390356274875
    8      7.671500520300      3.835750260159     -3.390356274875
    8      7.671500520300     -3.835750260159     -3.390356274875
    8      7.671500520300      7.671500520300     -3.390356274875
  258      1.917875130081      0.000000000000     -4.746498784825
  258     -1.917875130081      0.000000000000     -4.746498784825
  258      1.917875130081      3.835750260159     -4.746498784825
  258     -1.917875130081     -3.835750260159     -4.746498784825
  258      1.917875130081     -3.835750260159     -4.746498784825
  258     -1.917875130081      3.835750260159     -4.746498784825
  258      1.917875130081      7.671500520300     -4.746498784825
  258     -1.917875130081      7.671500520300     -4.746498784825
  258      5.753625390240      0.000000000000     -4.746498784825
  258     -5.753625390240      0.000000000000     -4.746498784825
  258      5.753625390240      3.835750260159     -4.746498784825
  258     -5.753625390240     -3.835750260159     -4.746498784825
  258      5.753625390240     -3.835750260159     -4.746498784825
  258     -5.753625390240      3.835750260159     -4.746498784825
  258      5.753625390240      7.671500520300     -4.746498784825
  258     -5.753625390240      7.671500520300     -4.746498784825
    8      0.000000000000      0.000000000000     -6.100000000000
    8      0.000000000000      3.835750260159     -6.100000000000
    8      0.000000000000     -3.835750260159     -6.100000000000
    8      0.000000000000      7.671500520300     -6.100000000000
    8      3.835750260161      0.000000000000     -6.100000000000
    8     -3.835750260161      0.000000000000     -6.100000000000
    8      3.835750260161      3.835750260159     -6.100000000000
    8     -3.835750260161     -3.835750260159     -6.100000000000
    8      3.835750260161     -3.835750260159     -6.100000000000
    8     -3.835750260161      3.835750260159     -6.100000000000
    8      3.835750260161      7.671500520300     -6.100000000000
    8     -3.835750260161      7.671500520300     -6.100000000000
    8      7.671500520300      0.000000000000     -6.100000000000
    8      7.671500520300      3.835750260159     -6.100000000000
    8      7.671500520300     -3.835750260159     -6.100000000000
    8      7.671500520300      7.671500520300     -6.100000000000
    1     23.488429933936     21.529433257010      5.947618649136
    6     22.199494679518     27.302653578141      5.835561515356
    6     22.416298703015     28.621197689222      6.557534876589
    1     21.548840986678     28.824841046139      7.194937696732
    1     23.306262478423     28.577181633973      7.186876831635
    1     22.513429670437     29.460188159076      5.863276684758
    1     22.166401487620     26.450874028196      6.521726574999
    1     21.279396268010     27.306718451381      5.244190997792
    1     24.731176572075     23.776823540907      5.809654647162
    6     24.578755888506     21.594034772765      5.818175392561
    1     24.917502291917     20.741004048903      5.209023054538
    1     25.047063735440     21.493187312240      6.801529139007
   14     24.941109996009     27.028725705440      5.233128570022
    8     23.255126918851     27.048557350331      4.857662474576
    8     25.074091327318     26.839556265879      6.855951756612
    8     28.629384573019     26.848311381822      3.812825246261
    6     28.658641074442     26.817846454277      5.234252651346
    6     25.776733670823     27.772956652245      7.685341407221
    6     29.999706054562     27.281908906588      5.796058596086
    6     25.256743688966     27.669103186986      9.105974574154
    1     30.087013128818     27.056384553510      6.864043379440
    1     25.802352209077     28.360385171696      9.760915258422
    1     24.192142781594     27.918602735830      9.150830558107
    1     25.383221235385     26.653891190133      9.492304650315
    1     26.854562816174     27.542375654990      7.648846965810
    1     25.652096478753     28.791471806610      7.291247502768
    1     27.855413041834     27.460587528525      5.639905162015
    1     28.449277561610     25.786485469643      5.563786135909
    1     30.106870308006     28.368603810948      5.689846395162
    1     30.850355623867     26.785831090531      5.298173960382
    8     24.187821113566     23.043098712522      3.946602534313
    6     24.908239219106     22.922343296592      5.138516700709
    1     26.014782389690     22.970847697304      4.936283287629
    0    0
