   2   1   1 E -4.0955950819463E+04 DE-3.0E-08( 10)
  0.153430010406E+02  0.000000000000E+00  0.000000000000E+00
  0.000000000000E+00  0.153430010406E+02  0.000000000000E+00
  0.000000000000E+00  0.000000000000E+00  0.500000000000E+03
    1
  0.100000000000E+01  0.000000000000E+00  0.000000000000E+00
  0.000000000000E+00  0.100000000000E+01  0.000000000000E+00
  0.000000000000E+00  0.000000000000E+00  0.100000000000E+01
  0.000000000000E+00  0.000000000000E+00  0.000000000000E+00
  225
    8      1.801306048661      2.657567881319      3.941347167819
    8     28.828251810700     29.728226090129      3.855073231634
    8      1.839390988405     -1.209746362340      3.959512491400
    8     -1.874690613700      2.291581018458      4.064205325027
    8      2.118939261077      6.376928749417      4.005701222380
    8     28.687824976145     24.021273333637      3.905935014106
    8      1.808028242702     -5.315814451538      4.053583575271
    8     -1.670533685864      5.522513003105      4.107572364546
    8      5.471355105027      2.595533988097      3.997287527030
    8     -5.146290968890     -2.290016332541      4.677303040236
    8      5.579009211092     -1.211625919676      3.958765822463
    8     -7.151622169077      0.272465818781      4.083040159104
    8      5.835347097153      6.201726388616      4.077087942666
    8     -5.272376882777     -4.948078589172      4.400473313354
    8      5.711714734293     -5.617872175164      4.107794313733
    8     -4.517917316680      3.980001788222      3.976326649672
  258      0.043949432525      1.933370697767      3.048963010305
  258      0.022930459959     -1.867335549302      3.018962374946
  258      0.050945583060      5.754847264030      3.051465877713
  258      0.006250397423     -5.729334790170      3.040480278277
  258      3.774718069760      1.950323177915      3.050250111481
  258     -3.604460384470     -1.908522115024      3.062189871207
  258      3.764911848550     -1.845821722068      3.026990409478
  258     -3.649279047136      2.043406458117      3.066270986052
  258      3.801666765036      5.742651350910      3.061845499155
  258     -3.645703899570     -5.752731818535      3.055932969189
  258      3.783084029378     -5.781185505632      3.043806154608
  258     -3.654832735502      5.654633426502      3.094816894738
  258      7.479820774144      1.859675693662      3.060251345989
  258      7.526489988685     -1.745787096817      3.075792400335
  258      7.521892289465      5.832910167788      3.036650230296
  258      7.559896295982     -5.757896103762      3.090026154575
    8      1.928222556202      1.867113457776      1.563526307057
    8     -1.835212390475     -1.962710227829      1.555889953902
    8      1.952582838845     -1.967642049332      1.570906432857
    8     -1.867712614041      1.898312518980      1.600082028813
    8      1.915125257387      5.698585496321      1.586802981481
    8     -1.838040416913     -5.697895845507      1.570268827611
    8      1.962159439461     -5.809021348631      1.596430159212
    8     -1.858332522211      5.784176426499      1.618788516305
    8      5.689327062850      1.862618006477      1.600357722814
    8     -5.805979851010     -1.852021752053      1.893093698738
    8      5.712510254329     -1.961137309021      1.609791306362
    8     -5.740547554768      1.953046234665      1.928111549425
    8      5.709186705683      5.714262679885      1.609832353096
    8     -5.820833037509     -5.758778681535      1.785878688798
    8      5.705069810347     -5.756041920729      1.620985164460
    8     -5.777145575583      5.734012728785      1.881215264338
    8      0.047874202789     -0.007974146374      1.853566822900
    8      0.005772566658      3.826414477749      1.896845904749
    8      0.092466847846     -3.842226006775      1.892624472315
    8      0.052874206799      7.679707735110      1.927481896588
    8      3.800040858656     -0.013770393010      1.883883194860
    8     -3.809586128766      0.014504158542      1.933313617133
    8      3.801301171926      3.820760348082      1.888497483638
    8     -3.855368415734     -3.809460291903      1.830081796372
    8      3.823868323124     -3.862136151304      2.046205355173
    8     -3.680620099548      3.842191110407      1.687687091145
    8      3.841601906007      7.652284665029      1.936068132556
    8     -3.836940648313      7.651552875095      1.915635917920
    8      7.555374708357      0.012429106141      1.689017786554
    8      7.628152020571      3.831283932681      1.983430974714
    8      7.626814169007     -3.813415671027      1.997128330847
    8      7.527839685674      7.674862525634      1.799019903473
  258      1.911345507224     -0.003724755180      0.403276042812
  258     -1.899721082680      0.017386641453      0.427839680017
  258      1.920093171757      3.821215897228      0.418939435666
  258     -1.901040222958     -3.831777534956      0.400159208529
  258      1.914182446776     -3.851939561480      0.426726887805
  258     -1.875917428088      3.844676668911      0.393010051920
  258      1.912200772582      7.651016712430      0.427650906143
  258     -1.906441193312      7.665322325678      0.443129120333
  258      5.719099088597     -0.004602959165      0.386240901687
  258     -5.742401764837      0.020330656691      0.538478878087
  258      5.732052660018      3.821892871369      0.440253423136
  258     -5.758691792851     -3.814205922329      0.554644791499
  258      5.751172892803     -3.834227413865      0.457120563687
  258     -5.748383282131      3.840264164012      0.542815648971
  258      5.728711580188      7.675461119709      0.413367268628
  258     -5.750264767996      7.674828363957      0.543329440071
    8     -0.006853032289      0.001354966614     -0.803248746190
    8      0.019622201320      3.838898347267     -0.807715231031
    8      0.004096216587     -3.842431359564     -0.795170411433
    8     -0.002280090634      7.665195452023     -0.772448039856
    8      3.820845980412     -0.005090834209     -0.814246397914
    8     -3.846045341784      0.010938238310     -0.753791620175
    8      3.838936523733      3.832824039235     -0.788630374948
    8     -3.853541815753     -3.832211202824     -0.785449379977
    8      3.839936052472     -3.842803180987     -0.745407992451
    8     -3.857025052776      3.839928682399     -0.831877783790
    8      3.824594267989      7.671704210406     -0.784666983844
    8     -3.849309003609      7.671895359754     -0.749595470742
    8      7.693779627416      0.004038500416     -0.835308168638
    8      7.684500686174      3.837008853317     -0.732706286537
    8      7.684533272635     -3.833095581077     -0.731131675952
    8      7.686709796236      7.669070718179     -0.792536497499
    8      1.917407326172      1.914438375184     -0.989068328820
    8     -1.924623361307     -1.907984313801     -0.981729899204
    8      1.913467927985     -1.933834600993     -0.982847989527
    8     -1.914620582076      1.918883263234     -0.969890582881
    8      1.921387448393      5.753141210827     -0.975243117140
    8     -1.924179886765     -5.767138491341     -0.973537996331
    8      1.913401090416     -5.764008466556     -0.969199875241
    8     -1.915764494887      5.766213335392     -0.961401174914
    8      5.754352877478      1.923585655021     -0.969615369130
    8     -5.746754423850     -1.907365218548     -0.814658478268
    8      5.753133125009     -1.931691136137     -0.965718590914
    8     -5.753492631722      1.927836089113     -0.802498775924
    8      5.753943601460      5.746852824873     -0.959100258093
    8     -5.750591877495     -5.751233422132     -0.850388549834
    8      5.756540519141     -5.752720589680     -0.956760917238
    8     -5.755457553839      5.752043091398     -0.816652834932
  258     -0.000097645143      1.914747054349     -2.190756232026
  258     -0.003016435265     -1.919019947423     -2.184781067889
  258      0.001544249491      5.757441636266     -2.185447829063
  258     -0.003312399847     -5.757746507530     -2.179833597598
  258      3.836101168568      1.919853769071     -2.189069305555
  258     -3.853101706257     -1.915888411025     -2.146295563032
  258      3.834856230166     -1.926291686948     -2.182287034132
  258     -3.849938305844      1.925229797605     -2.148010119490
  258      3.839011256273      5.749621097581     -2.179933172895
  258     -3.855570739087     -5.752184684639     -2.144298208167
  258      3.837352843272     -5.753530534887     -2.175395972428
  258     -3.852482828936      5.754214350489     -2.145671061331
  258      7.688517823053      1.916696247621     -2.146170998669
  258      7.689836347807     -1.914512670010     -2.143574782931
  258      7.685951889288      5.754635182059     -2.140636239629
  258      7.690364434809     -5.752796420082     -2.141147827031
    8      1.918544718002      1.918614363861     -3.631156282909
    8     -1.919052986737     -1.917894635444     -3.622840770939
    8      1.919754155885     -1.918687440612     -3.626801499582
    8     -1.919477082062      1.918760985555     -3.619502775547
    8      1.918352048960      5.754031884990     -3.622767340985
    8     -1.915473208178     -5.754158293539     -3.620234147211
    8      1.920003200256     -5.754040399935     -3.619010727368
    8     -1.916602154450      5.753261976453     -3.615100789941
    8      5.754948417461      1.918465835853     -3.619474253395
    8     -5.754619990957     -1.916964771367     -3.573265442899
    8      5.753038576933     -1.918592143414     -3.616078638226
    8     -5.754153627123      1.918614585576     -3.570879468774
    8      5.754433270748      5.753552280081     -3.613314841840
    8     -5.756061902483     -5.753599525988     -3.584264808704
    8      5.750908685154     -5.753616810040     -3.611592184428
    8     -5.755749071041      5.752781570352     -3.572797218602
    8      0.000000000000      0.000000000000     -3.390356274875
    8      0.000000000000      3.835750260159     -3.390356274875
    8      0.000000000000     -3.835750260159     -3.390356274875
    8      0.000000000000      7.671500520300     -3.390356274875
    8      3.835750260161      0.000000000000     -3.390356274875
    8     -3.835750260161      0.000000000000     -3.390356274875
    8      3.835750260161      3.835750260159     -3.390356274875
    8     -3.835750260161     -3.835750260159     -3.390356274875
    8      3.835750260161     -3.835750260159     -3.390356274875
    8     -3.835750260161      3.835750260159     -3.390356274875
    8      3.835750260161      7.671500520300     -3.390356274875
    8     -3.835750260161      7.671500520300     -3.390356274875
    8      7.671500520300      0.000000000000     -3.390356274875
    8      7.671500520300      3.835750260159     -3.390356274875
    8      7.671500520300     -3.835750260159     -3.390356274875
    8      7.671500520300      7.671500520300     -3.390356274875
  258      1.917875130081      0.000000000000     -4.746498784825
  258     -1.917875130081      0.000000000000     -4.746498784825
  258      1.917875130081      3.835750260159     -4.746498784825
  258     -1.917875130081     -3.835750260159     -4.746498784825
  258      1.917875130081     -3.835750260159     -4.746498784825
  258     -1.917875130081      3.835750260159     -4.746498784825
  258      1.917875130081      7.671500520300     -4.746498784825
  258     -1.917875130081      7.671500520300     -4.746498784825
  258      5.753625390240      0.000000000000     -4.746498784825
  258     -5.753625390240      0.000000000000     -4.746498784825
  258      5.753625390240      3.835750260159     -4.746498784825
  258     -5.753625390240     -3.835750260159     -4.746498784825
  258      5.753625390240     -3.835750260159     -4.746498784825
  258     -5.753625390240      3.835750260159     -4.746498784825
  258      5.753625390240      7.671500520300     -4.746498784825
  258     -5.753625390240      7.671500520300     -4.746498784825
    8      0.000000000000      0.000000000000     -6.100000000000
    8      0.000000000000      3.835750260159     -6.100000000000
    8      0.000000000000     -3.835750260159     -6.100000000000
    8      0.000000000000      7.671500520300     -6.100000000000
    8      3.835750260161      0.000000000000     -6.100000000000
    8     -3.835750260161      0.000000000000     -6.100000000000
    8      3.835750260161      3.835750260159     -6.100000000000
    8     -3.835750260161     -3.835750260159     -6.100000000000
    8      3.835750260161     -3.835750260159     -6.100000000000
    8     -3.835750260161      3.835750260159     -6.100000000000
    8      3.835750260161      7.671500520300     -6.100000000000
    8     -3.835750260161      7.671500520300     -6.100000000000
    8      7.671500520300      0.000000000000     -6.100000000000
    8      7.671500520300      3.835750260159     -6.100000000000
    8      7.671500520300     -3.835750260159     -6.100000000000
    8      7.671500520300      7.671500520300     -6.100000000000
    1     23.506700215769     21.496147521990      5.952713293024
    6     22.182066219032     27.270010548810      5.833744654870
    6     22.379991916370     28.587805396601      6.561286372226
    1     21.506724154003     28.781218918856      7.194344382843
    1     23.266989861246     28.549377308187      7.195735454073
    1     22.474605112715     29.428090599338      5.869416207077
    1     22.171104210334     26.411275722256      6.512049685744
    1     21.260126826338     27.261322236430      5.246648358558
    1     24.730599519574     23.755197123743      5.816868886440
    6     24.594377741262     21.570127137667      5.801910167313
    1     24.925318376098     20.725436016638      5.175453212369
    1     25.086197481526     21.457035011049      6.772878774761
   14     24.925282259064     27.018031141441      5.227686841590
    8     23.238662019247     27.043693028771      4.845092326070
    8     25.047634904639     26.821940458179      6.850192176866
    8     28.622569385475     26.858738392882      3.814180611962
    6     28.654274398199     26.828651189498      5.234885479480
    6     25.757856887406     27.743820250959      7.686466901171
    6     29.995783747307     27.294477564040      5.793524246001
    6     25.227905104091     27.641812444996      9.104083473905
    1     30.085949027441     27.069896600991      6.861612808878
    1     25.782732829124     28.320090227559      9.763988600770
    1     24.166899250865     27.910608265825      9.145256144998
    1     25.334814978050     26.621652118384      9.485535908213
    1     26.832084378028     27.497957139281      7.656792131470
    1     25.650679742026     28.766102840141      7.294323841426
    1     27.850544341734     27.470081382476      5.641828234412
    1     28.447544258691     25.796519430673      5.565833745843
    1     30.102789137833     28.381959442011      5.687511838699
    1     30.845558992275     26.798819436433      5.293184519989
    8     24.161331343066     23.038335954013      3.956260184531
    6     24.902922997383     22.909446299277      5.133238881787
    1     26.005887076091     22.969893188116      4.912324985907
    0    0
