   2   1   1 E -4.0955955031222E+04 DE 9.6E-08(  6)
  0.153430010406E+02  0.000000000000E+00  0.000000000000E+00
  0.000000000000E+00  0.153430010406E+02  0.000000000000E+00
  0.000000000000E+00  0.000000000000E+00  0.500000000000E+03
    1
  0.100000000000E+01  0.000000000000E+00  0.000000000000E+00
  0.000000000000E+00  0.100000000000E+01  0.000000000000E+00
  0.000000000000E+00  0.000000000000E+00  0.100000000000E+01
  0.000000000000E+00  0.000000000000E+00  0.000000000000E+00
  225
    8      1.873716855763      2.646551208523      3.938896532492
    8     28.770161148814     29.764741214652      3.847147851770
    8      1.742625664481     -1.166017113342      3.954816501733
    8     -1.811429568702      2.322887322987      4.049596169332
    8      2.107822173515      6.394590581492      3.997925421101
    8     28.693636448985     24.047401439703      3.915951686297
    8      1.812899207435     -5.295893135472      4.049989082465
    8     -1.677243749415      5.562392261594      4.113913507879
    8      5.562017808257      2.537464057593      3.998424367527
    8     -5.152330250042     -2.308533094291      4.678160375275
    8      5.467970621633     -1.220416615967      3.986292774631
    8     -7.221153885683      0.131591956018      4.064577382800
    8      5.821648889123      6.170035342841      4.084808212714
    8     -5.299036749554     -4.966266342396      4.397616994363
    8      5.711215011245     -5.638424081236      4.107945493659
    8     -4.467449504488      3.941304594619      3.992819392820
  258      0.059969681048      1.924513648874      3.046599017250
  258      0.014013298938     -1.860731588146      3.021789399808
  258      0.049996495475      5.756485357441      3.051773127261
  258      0.008392020730     -5.726788569589      3.041607347030
  258      3.781904171052      1.942865736769      3.046460348977
  258     -3.612145438329     -1.899299852833      3.063739952009
  258      3.760531090854     -1.846178777048      3.032105274526
  258     -3.627756265438      2.040170736782      3.065887695564
  258      3.794393738030      5.746839265432      3.059705245897
  258     -3.645816093641     -5.745821741062      3.058896726863
  258      3.782782149289     -5.779197813874      3.043907293427
  258     -3.648286024695      5.649171859345      3.092885991855
  258      7.469177874162      1.853449185105      3.051581786348
  258      7.530617411222     -1.736822617733      3.082229437589
  258      7.511378558848      5.831028680830      3.036529127024
  258      7.561460430884     -5.758772762613      3.091133865239
    8      1.927041300839      1.866610063100      1.562187828297
    8     -1.838704948398     -1.960479491689      1.552927436636
    8      1.956347686563     -1.968114189599      1.574842983394
    8     -1.865325934723      1.899194318695      1.597786161062
    8      1.918201864456      5.696118187607      1.585904507423
    8     -1.839803492468     -5.699097156664      1.572337340008
    8      1.961272001814     -5.812161168484      1.597096296887
    8     -1.856453125108      5.776462412805      1.620840095801
    8      5.686363863554      1.865809426123      1.594996939502
    8     -5.808152157791     -1.846321463438      1.888235464113
    8      5.718995258807     -1.952768645836      1.621287073431
    8     -5.747217806152      1.953251207331      1.958152278728
    8      5.705815208241      5.717181059725      1.609126891249
    8     -5.819755667751     -5.766392255533      1.785984553054
    8      5.708858913041     -5.754876936454      1.620418515329
    8     -5.772242371725      5.724938850908      1.900710219968
    8      0.037409518976     -0.001835260584      1.837205888748
    8      0.016665759171      3.822611747869      1.904737561435
    8      0.090981287864     -3.846151747255      1.890703515199
    8      0.049913394308      7.677642028382      1.928194354137
    8      3.794605847129     -0.007014450528      1.878264337914
    8     -3.816956941265      0.028663981261      1.916580155377
    8      3.811789119470      3.817193980216      1.900229066095
    8     -3.859418013417     -3.813423743305      1.828737812045
    8      3.828187135538     -3.865093751919      2.041180274996
    8     -3.680429244398      3.835878234740      1.687172918076
    8      3.842664459693      7.653489791157      1.933755622618
    8     -3.832495831995      7.648772617288      1.925613206110
    8      7.553543762792      0.029059936144      1.675269328503
    8      7.622561000556      3.827570277470      1.982743519744
    8      7.632528504684     -3.815907614711      1.992188807904
    8      7.528825814046      7.669656253367      1.797371430433
  258      1.910208717409     -0.006859648903      0.401762999268
  258     -1.899873777479      0.016420928244      0.425044610069
  258      1.921609328448      3.820149307905      0.419345935364
  258     -1.901719662941     -3.830173754249      0.402815932721
  258      1.913980003467     -3.851068425371      0.429066539030
  258     -1.872778771463      3.843117633417      0.390702040932
  258      1.911757351045      7.652108502596      0.426775270401
  258     -1.906251521321      7.666536113580      0.444614572462
  258      5.717384100717     -0.008055929130      0.383350668339
  258     -5.740955719417      0.021005637839      0.537986431212
  258      5.732366162128      3.824548948541      0.436473463788
  258     -5.759122243504     -3.812685563870      0.556185801320
  258      5.752865234970     -3.830543670837      0.461505003735
  258     -5.749066803870      3.838003616782      0.547838518425
  258      5.728408497950      7.678697713309      0.411834205058
  258     -5.749993234896      7.673837305579      0.547178374979
    8     -0.006006810539      0.000964119237     -0.809743626578
    8      0.021910608309      3.839253150313     -0.805720925887
    8      0.003671755543     -3.842972994140     -0.795469211673
    8     -0.003274721300      7.665009158839     -0.771515003316
    8      3.819835625603     -0.006049120753     -0.817446733957
    8     -3.846932952199      0.011247896369     -0.761618320031
    8      3.838742438754      3.834251552175     -0.785820572586
    8     -3.853234955477     -3.832538237548     -0.786539467775
    8      3.840199895263     -3.842563481005     -0.745449168893
    8     -3.856942721122      3.840896403749     -0.830437840567
    8      3.824113843168      7.671555734016     -0.785334189341
    8     -3.848984160663      7.670830776978     -0.745620348016
    8      7.692514672201      0.003382055126     -0.841714192677
    8      7.685650558222      3.837633501068     -0.732596848443
    8      7.684398420727     -3.833039858480     -0.732505723158
    8      7.688451997741      7.669363369201     -0.792386156183
    8      1.918295310164      1.915668214557     -0.988789410216
    8     -1.924501804374     -1.909169585939     -0.983503941071
    8      1.913062287630     -1.935002718698     -0.981601354686
    8     -1.914166360036      1.921087522753     -0.971233504718
    8      1.921153538639      5.753646594766     -0.975218654366
    8     -1.924232428720     -5.768979371023     -0.971795011904
    8      1.913148681454     -5.764982353183     -0.968511772005
    8     -1.915298177412      5.765717156477     -0.959858833673
    8      5.753572465858      1.924440822894     -0.971243199539
    8     -5.747034467877     -1.907228622296     -0.816058229626
    8      5.751952240913     -1.932188216971     -0.962549643083
    8     -5.753482805168      1.930372831559     -0.792326623786
    8      5.754593087722      5.747539411596     -0.959809913417
    8     -5.750027086002     -5.753069452955     -0.849031099421
    8      5.756534460433     -5.751874226900     -0.956331956049
    8     -5.755390918436      5.750934840319     -0.806948222728
  258      0.000766706482      1.913947349182     -2.191557122193
  258     -0.003476824355     -1.919782988250     -2.184986012482
  258      0.001888124491      5.757780104754     -2.185420089966
  258     -0.003811132269     -5.756894308421     -2.178967125042
  258      3.835961937535      1.919192102961     -2.189745046798
  258     -3.853286243167     -1.916315152927     -2.146539747633
  258      3.834382396469     -1.927558047226     -2.182609389150
  258     -3.849988329522      1.925265314250     -2.147955001301
  258      3.838825024220      5.750573039504     -2.180579314264
  258     -3.855815102045     -5.751645572453     -2.142920416295
  258      3.837417526335     -5.752330513521     -2.174713075810
  258     -3.852594366482      5.754019647570     -2.143690618541
  258      7.688169680228      1.916352076751     -2.145703748370
  258      7.690301229586     -1.914835314838     -2.143817921437
  258      7.686975743060      5.755289628493     -2.140075073910
  258      7.690760429006     -5.751996689869     -2.140164222188
    8      1.918757375481      1.918638171529     -3.631106472094
    8     -1.918731721890     -1.917839217846     -3.624389496425
    8      1.920291234397     -1.918883823707     -3.626806525369
    8     -1.919475798328      1.919057773295     -3.619666088057
    8      1.918287130692      5.754084176745     -3.622809596936
    8     -1.915386098142     -5.754289477551     -3.619414957760
    8      1.920120103525     -5.753894041882     -3.618897056533
    8     -1.916881572214      5.753154646523     -3.613877689193
    8      5.755078935522      1.918659353103     -3.619488306287
    8     -5.754872790260     -1.916683688126     -3.574866495994
    8      5.752558740908     -1.918566826201     -3.615333314544
    8     -5.753835303800      1.919148228115     -3.567963699777
    8      5.754328603487      5.753412211935     -3.612872409746
    8     -5.756080336970     -5.753701990201     -3.584359218775
    8      5.750545056465     -5.753702512817     -3.611595347848
    8     -5.755671376880      5.752573431500     -3.569321815512
    8      0.000000000000      0.000000000000     -3.390356274875
    8      0.000000000000      3.835750260159     -3.390356274875
    8      0.000000000000     -3.835750260159     -3.390356274875
    8      0.000000000000      7.671500520300     -3.390356274875
    8      3.835750260161      0.000000000000     -3.390356274875
    8     -3.835750260161      0.000000000000     -3.390356274875
    8      3.835750260161      3.835750260159     -3.390356274875
    8     -3.835750260161     -3.835750260159     -3.390356274875
    8      3.835750260161     -3.835750260159     -3.390356274875
    8     -3.835750260161      3.835750260159     -3.390356274875
    8      3.835750260161      7.671500520300     -3.390356274875
    8     -3.835750260161      7.671500520300     -3.390356274875
    8      7.671500520300      0.000000000000     -3.390356274875
    8      7.671500520300      3.835750260159     -3.390356274875
    8      7.671500520300     -3.835750260159     -3.390356274875
    8      7.671500520300      7.671500520300     -3.390356274875
  258      1.917875130081      0.000000000000     -4.746498784825
  258     -1.917875130081      0.000000000000     -4.746498784825
  258      1.917875130081      3.835750260159     -4.746498784825
  258     -1.917875130081     -3.835750260159     -4.746498784825
  258      1.917875130081     -3.835750260159     -4.746498784825
  258     -1.917875130081      3.835750260159     -4.746498784825
  258      1.917875130081      7.671500520300     -4.746498784825
  258     -1.917875130081      7.671500520300     -4.746498784825
  258      5.753625390240      0.000000000000     -4.746498784825
  258     -5.753625390240      0.000000000000     -4.746498784825
  258      5.753625390240      3.835750260159     -4.746498784825
  258     -5.753625390240     -3.835750260159     -4.746498784825
  258      5.753625390240     -3.835750260159     -4.746498784825
  258     -5.753625390240      3.835750260159     -4.746498784825
  258      5.753625390240      7.671500520300     -4.746498784825
  258     -5.753625390240      7.671500520300     -4.746498784825
    8      0.000000000000      0.000000000000     -6.100000000000
    8      0.000000000000      3.835750260159     -6.100000000000
    8      0.000000000000     -3.835750260159     -6.100000000000
    8      0.000000000000      7.671500520300     -6.100000000000
    8      3.835750260161      0.000000000000     -6.100000000000
    8     -3.835750260161      0.000000000000     -6.100000000000
    8      3.835750260161      3.835750260159     -6.100000000000
    8     -3.835750260161     -3.835750260159     -6.100000000000
    8      3.835750260161     -3.835750260159     -6.100000000000
    8     -3.835750260161      3.835750260159     -6.100000000000
    8      3.835750260161      7.671500520300     -6.100000000000
    8     -3.835750260161      7.671500520300     -6.100000000000
    8      7.671500520300      0.000000000000     -6.100000000000
    8      7.671500520300      3.835750260159     -6.100000000000
    8      7.671500520300     -3.835750260159     -6.100000000000
    8      7.671500520300      7.671500520300     -6.100000000000
    1     23.531766543283     21.459191896397      5.961583472149
    6     22.159453490658     27.254410718010      5.822715812195
    6     22.342998179491     28.568651979900      6.559161915985
    1     21.475355601936     28.739331270709      7.206616412378
    1     23.240707438256     28.541228350480      7.180065457474
    1     22.412705976617     29.415304612229      5.872182467782
    1     22.150303427028     26.389478129186      6.493284186487
    1     21.240094834873     27.244194145296      5.230884146058
    1     24.737698674860     23.725607051213      5.826730908143
    6     24.614507182132     21.540999792369      5.784778981889
    1     24.932178847745     20.703660858074      5.141467181458
    1     25.131969977282     21.415956218288      6.740490895070
   14     24.909701822545     27.004962843031      5.225862180160
    8     23.223005090885     27.043741639670      4.838327177068
    8     25.025936324955     26.803451174450      6.848129249685
    8     28.610391955308     26.880330592594      3.818154505218
    6     28.646043885118     26.848402582415      5.238334995950
    6     25.736793166259     27.719623678418      7.689633228154
    6     29.989893195202     27.311966473449      5.792911615607
    6     25.191265780748     27.626702447503      9.102040992239
    1     30.083638297684     27.087088884145      6.860603664109
    1     25.749224986933     28.297660768544      9.767160635015
    1     24.134197623049     27.910329108063      9.132363759022
    1     25.279655193381     26.605306183711      9.485485830285
    1     26.808729468964     27.461747897075      7.671497169848
    1     25.644796970270     28.742482423452      7.294207536703
    1     27.844477783499     27.490470201574      5.648381034586
    1     28.439994329740     25.816145575998      5.569314163936
    1     30.101276828633     28.399421721174      5.687659387256
    1     30.836774626087     26.814396051962      5.289230224651
    8     24.133468197973     23.031583745123      3.969622909829
    6     24.900356738693     22.891461365619      5.127418033674
    1     25.997960688529     22.962682735216      4.884705427037
    0    0
