   2   1   1 E -4.0955950828582E+04 DE-8.2E-08(  8)
  0.153430010406E+02  0.000000000000E+00  0.000000000000E+00
  0.000000000000E+00  0.153430010406E+02  0.000000000000E+00
  0.000000000000E+00  0.000000000000E+00  0.500000000000E+03
    1
  0.100000000000E+01  0.000000000000E+00  0.000000000000E+00
  0.000000000000E+00  0.100000000000E+01  0.000000000000E+00
  0.000000000000E+00  0.000000000000E+00  0.100000000000E+01
  0.000000000000E+00  0.000000000000E+00  0.000000000000E+00
  225
    8      1.801367131836      2.658688805284      3.940439065913
    8     28.827895856024     29.730720475684      3.853823713695
    8      1.838979797885     -1.207686131766      3.958478853000
    8     -1.873758348224      2.294803813742      4.063123798754
    8      2.117481392519      6.376573315544      4.005455740415
    8     28.688644747962     24.024764299823      3.907290935214
    8      1.808273911279     -5.314876279538      4.053630364781
    8     -1.671392294445      5.526718512241      4.108086028822
    8      5.471492234177      2.595855514127      3.997764856218
    8     -5.146190453951     -2.290687481465      4.677724151912
    8      5.579353919782     -1.210198528981      3.958179553665
    8     -7.148983768827      0.273190054669      4.081776917233
    8      5.834062264378      6.200113293276      4.077613419227
    8     -5.275671700310     -4.948511044652      4.398744349263
    8      5.711696567971     -5.617210235603      4.107546842613
    8     -4.516697991224      3.978729067939      3.976842729031
  258      0.044065003703      1.933259082514      3.048682971642
  258      0.023063488260     -1.866605573530      3.018623591685
  258      0.051045205171      5.754250927519      3.051514942361
  258      0.006572122481     -5.729715085835      3.040679006144
  258      3.774787513717      1.950394321171      3.050385688016
  258     -3.604440041154     -1.907942435482      3.062360977408
  258      3.765118438892     -1.845497255111      3.026711756718
  258     -3.648949361718      2.043563534286      3.066405780652
  258      3.801383890742      5.742749322411      3.061880303263
  258     -3.645603179408     -5.751659584089      3.056178613918
  258      3.782977209235     -5.780852136902      3.043872384533
  258     -3.654586307101      5.654512983335      3.094708607562
  258      7.480494665839      1.859992035027      3.060381535851
  258      7.526449810181     -1.745345846224      3.075899807598
  258      7.521218058620      5.833181538528      3.036664302304
  258      7.559915338666     -5.757396402724      3.090052236823
    8      1.928809022598      1.867047230653      1.563345453463
    8     -1.835278282832     -1.962587413204      1.555902413243
    8      1.952811156403     -1.967695582701      1.571271532167
    8     -1.867630527211      1.897838514317      1.600002331562
    8      1.914807826461      5.698398089696      1.586579679766
    8     -1.837957129440     -5.697690783456      1.570579385462
    8      1.961939186893     -5.809133847416      1.596647315237
    8     -1.858190609127      5.783669981474      1.618739722850
    8      5.689330642885      1.862782174356      1.600318409077
    8     -5.806410125662     -1.851972953501      1.892849175927
    8      5.711894648948     -1.961230859471      1.609843396570
    8     -5.740483093157      1.953781672978      1.927720775824
    8      5.708652850840      5.714392180083      1.609950241958
    8     -5.821122251695     -5.758850589750      1.785353679494
    8      5.704785571872     -5.756041568839      1.620999715816
    8     -5.777051820373      5.734356097311      1.882115655251
    8      0.048128600274     -0.007749019394      1.852672636000
    8      0.005517649999      3.825991583026      1.896255236279
    8      0.092168366516     -3.841961176214      1.893388531236
    8      0.052796915974      7.679338282613      1.927830428845
    8      3.800099580375     -0.013561850547      1.883997299401
    8     -3.809835283380      0.014672655842      1.932310781577
    8      3.801532131211      3.820635869432      1.888446441577
    8     -3.855358665938     -3.809083581706      1.829948993527
    8      3.823647152452     -3.861847137086      2.046196238872
    8     -3.680592331101      3.842078334049      1.687756766524
    8      3.841363227209      7.652331311429      1.936660971711
    8     -3.836233564168      7.651944960974      1.916579583792
    8      7.555408523082      0.012431092711      1.689042940781
    8      7.628203110738      3.831939617379      1.983285605374
    8      7.626482696674     -3.812951164726      1.997067413389
    8      7.527549102333      7.674830328956      1.798974897621
  258      1.911549397144     -0.003652334121      0.403015130358
  258     -1.899812837171      0.017513459841      0.427612741926
  258      1.920318234639      3.820955734991      0.419005961817
  258     -1.901012218161     -3.831697147754      0.400253101560
  258      1.914129107154     -3.851890744931      0.426871082980
  258     -1.875933335681      3.844411743625      0.392787322802
  258      1.912253267094      7.650879477113      0.427676546847
  258     -1.906373854105      7.665155778185      0.443322106044
  258      5.719501837519     -0.004649272380      0.386174133970
  258     -5.742225100768      0.020461632135      0.538195930713
  258      5.732101369983      3.821818719486      0.440277921008
  258     -5.758731504103     -3.814271579917      0.554518502017
  258      5.751207536603     -3.834183631372      0.456879658551
  258     -5.748384706459      3.840334582774      0.543040341567
  258      5.728682887853      7.675608567089      0.413196332784
  258     -5.750245501201      7.675010189225      0.543605647289
    8     -0.006762828859      0.001483133921     -0.803696971174
    8      0.019596359681      3.838761391721     -0.807758307167
    8      0.004158467288     -3.842248933319     -0.795048349404
    8     -0.002244735275      7.665014385117     -0.772164251049
    8      3.821059345813     -0.005246376168     -0.814322252966
    8     -3.846204928507      0.010742300267     -0.754457832530
    8      3.839162212385      3.832803609592     -0.788868499381
    8     -3.853400445223     -3.832232276044     -0.785734807739
    8      3.839676286866     -3.842765372296     -0.745450324247
    8     -3.857126969610      3.839955261777     -0.832032208630
    8      3.824560859692      7.671667005181     -0.784347068128
    8     -3.849013889716      7.671894908108     -0.749317205268
    8      7.693951181272      0.003998252432     -0.835407975871
    8      7.684822962997      3.837067028966     -0.732992711040
    8      7.684459944638     -3.833011257606     -0.731145870064
    8      7.686775773201      7.669350602440     -0.792438735629
    8      1.917636271510      1.914487158989     -0.989014110065
    8     -1.924497440292     -1.907976879351     -0.981675999848
    8      1.913580650394     -1.933838487075     -0.982301326443
    8     -1.914709674808      1.918898270057     -0.970036025615
    8      1.921584346021      5.752955174729     -0.975232555169
    8     -1.923992446202     -5.767210233690     -0.973389654835
    8      1.913349677344     -5.764007900171     -0.968906860172
    8     -1.915699775798      5.765989939043     -0.961379090331
    8      5.754565912016      1.923650042968     -0.969505490722
    8     -5.746989373065     -1.907424405943     -0.814597750027
    8      5.753287752287     -1.931665627563     -0.965811765793
    8     -5.753502009628      1.927987311313     -0.802544327626
    8      5.754141032983      5.746958334091     -0.959141916569
    8     -5.750463260958     -5.751351059624     -0.850324190396
    8      5.756456445308     -5.752764107163     -0.956894432230
    8     -5.755486380842      5.752326407019     -0.816050853147
  258     -0.000109869552      1.914748164804     -2.190802675117
  258     -0.002961909571     -1.919013788292     -2.184739720255
  258      0.001604600110      5.757376251998     -2.185316033081
  258     -0.003320594000     -5.757794439992     -2.179761904497
  258      3.836166983800      1.919870815812     -2.189065668248
  258     -3.852969248138     -1.915862546716     -2.146283340279
  258      3.834760830124     -1.926383880944     -2.182229815294
  258     -3.850070482423      1.925280478075     -2.148166527190
  258      3.839151415494      5.749601028103     -2.179952053459
  258     -3.855432535600     -5.752167761727     -2.144165072958
  258      3.837244727369     -5.753570337713     -2.175465334225
  258     -3.852449754333      5.754257390877     -2.145453788413
  258      7.688611991401      1.916937301092     -2.146119528418
  258      7.689905714611     -1.914497960489     -2.143707591793
  258      7.686126027137      5.754609457927     -2.140559100653
  258      7.690450071168     -5.752813980337     -2.141214462186
    8      1.918593751591      1.918581996037     -3.631183547631
    8     -1.918908059498     -1.917870962225     -3.623044861947
    8      1.919806347658     -1.918780146633     -3.626487875446
    8     -1.919359885390      1.918832439675     -3.619717824145
    8      1.918364062020      5.754107875137     -3.622838306070
    8     -1.915386303158     -5.754154363945     -3.620296802568
    8      1.919979734966     -5.754022676401     -3.618734799479
    8     -1.916441348854      5.753259445719     -3.615197478508
    8      5.754950935914      1.918494782979     -3.619662173091
    8     -5.754570390792     -1.916992663916     -3.573320243205
    8      5.752886452395     -1.918574028180     -3.616498737731
    8     -5.754161679821      1.918720642814     -3.570884137361
    8      5.754303259798      5.753546726609     -3.613427958556
    8     -5.756115206312     -5.753601748245     -3.584180758416
    8      5.750740162362     -5.753642022848     -3.611775116686
    8     -5.755718347646      5.752877772480     -3.572362274767
    8      0.000000000000      0.000000000000     -3.390356274875
    8      0.000000000000      3.835750260159     -3.390356274875
    8      0.000000000000     -3.835750260159     -3.390356274875
    8      0.000000000000      7.671500520300     -3.390356274875
    8      3.835750260161      0.000000000000     -3.390356274875
    8     -3.835750260161      0.000000000000     -3.390356274875
    8      3.835750260161      3.835750260159     -3.390356274875
    8     -3.835750260161     -3.835750260159     -3.390356274875
    8      3.835750260161     -3.835750260159     -3.390356274875
    8     -3.835750260161      3.835750260159     -3.390356274875
    8      3.835750260161      7.671500520300     -3.390356274875
    8     -3.835750260161      7.671500520300     -3.390356274875
    8      7.671500520300      0.000000000000     -3.390356274875
    8      7.671500520300      3.835750260159     -3.390356274875
    8      7.671500520300     -3.835750260159     -3.390356274875
    8      7.671500520300      7.671500520300     -3.390356274875
  258      1.917875130081      0.000000000000     -4.746498784825
  258     -1.917875130081      0.000000000000     -4.746498784825
  258      1.917875130081      3.835750260159     -4.746498784825
  258     -1.917875130081     -3.835750260159     -4.746498784825
  258      1.917875130081     -3.835750260159     -4.746498784825
  258     -1.917875130081      3.835750260159     -4.746498784825
  258      1.917875130081      7.671500520300     -4.746498784825
  258     -1.917875130081      7.671500520300     -4.746498784825
  258      5.753625390240      0.000000000000     -4.746498784825
  258     -5.753625390240      0.000000000000     -4.746498784825
  258      5.753625390240      3.835750260159     -4.746498784825
  258     -5.753625390240     -3.835750260159     -4.746498784825
  258      5.753625390240     -3.835750260159     -4.746498784825
  258     -5.753625390240      3.835750260159     -4.746498784825
  258      5.753625390240      7.671500520300     -4.746498784825
  258     -5.753625390240      7.671500520300     -4.746498784825
    8      0.000000000000      0.000000000000     -6.100000000000
    8      0.000000000000      3.835750260159     -6.100000000000
    8      0.000000000000     -3.835750260159     -6.100000000000
    8      0.000000000000      7.671500520300     -6.100000000000
    8      3.835750260161      0.000000000000     -6.100000000000
    8     -3.835750260161      0.000000000000     -6.100000000000
    8      3.835750260161      3.835750260159     -6.100000000000
    8     -3.835750260161     -3.835750260159     -6.100000000000
    8      3.835750260161     -3.835750260159     -6.100000000000
    8     -3.835750260161      3.835750260159     -6.100000000000
    8      3.835750260161      7.671500520300     -6.100000000000
    8     -3.835750260161      7.671500520300     -6.100000000000
    8      7.671500520300      0.000000000000     -6.100000000000
    8      7.671500520300      3.835750260159     -6.100000000000
    8      7.671500520300     -3.835750260159     -6.100000000000
    8      7.671500520300      7.671500520300     -6.100000000000
    1     23.509122438000     21.494479420506      5.953587166704
    6     22.181342947262     27.271600034843      5.834637717836
    6     22.379349394366     28.589718153612      6.561730284655
    1     21.506690421754     28.782865579006      7.196173575893
    1     23.267681425360     28.551940999084      7.194872976411
    1     22.472254672212     29.429824426864      5.869642684795
    1     22.171012392426     26.412613047481      6.513101591856
    1     21.259142400635     27.262093299284      5.247841486842
    1     24.731078146782     23.754223560170      5.817030820634
    6     24.596353941449     21.569295113396      5.801039279641
    1     24.926468487654     20.724938361110      5.173761553363
    1     25.089757249112     21.456051121187      6.771006413264
   14     24.924203143749     27.017671794686      5.227394941603
    8     23.237488178731     27.045978141860      4.845623824928
    8     25.047303636686     26.819443896206      6.849610110800
    8     28.617694264426     26.861238718257      3.815383721553
    6     28.651774339182     26.830512017802      5.235887162880
    6     25.757312762590     27.740302640424      7.687203557088
    6     29.994261260630     27.295687348045      5.792655421911
    6     25.224399922349     27.639620191506      9.103864823039
    1     30.085923876024     27.070719303808      6.860596869489
    1     25.779948678597     28.316481135048      9.764735535663
    1     24.164306881165     27.910315050897      9.143451429056
    1     25.328487808798     26.619123101069      9.485607980069
    1     26.831202216537     27.492046269856      7.660109727696
    1     25.653083857821     28.762848955116      7.294262457436
    1     27.848985946593     27.472195667830      5.644269459916
    1     28.445341814782     25.798425470544      5.566961532788
    1     30.101684123479     28.383167580768      5.686553817354
    1     30.843139044553     26.799409502319      5.291108557190
    8     24.159420004254     23.038489004662      3.956992127587
    6     24.903027354634     22.909170324605      5.132657029050
    1     26.005687680183     22.970550734997      4.910250709610
    0    0
