   2   1   1 E -4.0955953966845E+04 DE 7.3E-08( 11)
  0.153430010406E+02  0.000000000000E+00  0.000000000000E+00
  0.000000000000E+00  0.153430010406E+02  0.000000000000E+00
  0.000000000000E+00  0.000000000000E+00  0.500000000000E+03
    1
  0.100000000000E+01  0.000000000000E+00  0.000000000000E+00
  0.000000000000E+00  0.100000000000E+01  0.000000000000E+00
  0.000000000000E+00  0.000000000000E+00  0.100000000000E+01
  0.000000000000E+00  0.000000000000E+00  0.000000000000E+00
  225
    8      1.807544805747      2.660935459395      3.938620268310
    8     28.821350860452     29.735548922264      3.852952862211
    8      1.827115171084     -1.203196862904      3.957928064553
    8     -1.867594753853      2.300423587875      4.061897265808
    8      2.116225531962      6.380000363822      4.004034240683
    8     28.689178387704     24.029264783603      3.909178374422
    8      1.808985448664     -5.311442087559      4.053128488087
    8     -1.672070673617      5.533509678406      4.109207386136
    8      5.482276119571      2.589560784787      3.995525220017
    8     -5.146512811279     -2.290922495132      4.677934121593
    8      5.563818425981     -1.213993218003      3.962168596473
    8     -7.166627990197      0.248826364668      4.078051229178
    8      5.831847008234      6.199591165644      4.077945593588
    8     -5.278717149168     -4.948974406186      4.398359833795
    8      5.710961338144     -5.617981763549      4.107878530982
    8     -4.510865402002      3.975380313990      3.978990785131
  258      0.046616961281      1.932787530667      3.048227405204
  258      0.023151610457     -1.865495188184      3.019284001645
  258      0.051322325748      5.754167969851      3.051902665591
  258      0.007196623441     -5.729497686039      3.041266624567
  258      3.775999872757      1.950072584445      3.048991006233
  258     -3.604225170844     -1.906428203970      3.062691093362
  258      3.764621512286     -1.845455958990      3.027560988919
  258     -3.645218995741      2.043871774191      3.066405134645
  258      3.800684539005      5.743905626790      3.061449652126
  258     -3.645373779483     -5.750158669266      3.056940164794
  258      3.783241990392     -5.780430615288      3.044030655749
  258     -3.653551714647      5.654294036327      3.094751057522
  258      7.478780310702      1.859361802963      3.057494602517
  258      7.525896307180     -1.741434948572      3.078675332895
  258      7.519728114094      5.834232426081      3.036550065256
  258      7.560004110789     -5.756104655922      3.090348593645
    8      1.929420432764      1.867208042652      1.563254992052
    8     -1.834795460418     -1.962216164504      1.555690014854
    8      1.953226474409     -1.967738213368      1.571592340759
    8     -1.866095371998      1.898212810412      1.600155164425
    8      1.914758075768      5.697845999973      1.586591237352
    8     -1.837631886155     -5.697791915224      1.571087695802
    8      1.962228966950     -5.809816641616      1.596987024814
    8     -1.858122158908      5.782640326834      1.619223636873
    8      5.689409194209      1.863763310399      1.599742420628
    8     -5.806584645898     -1.850371597688      1.891942728392
    8      5.711921980103     -1.959305496571      1.610354361349
    8     -5.742480237044      1.953450695357      1.933206784856
    8      5.708656525781      5.714776589096      1.609793388340
    8     -5.821611522282     -5.759320913374      1.785506633648
    8      5.705141189012     -5.755937637405      1.620808737509
    8     -5.777179581788      5.733659647861      1.885377680472
    8      0.047535833359     -0.006536754084      1.851337859403
    8      0.006316123486      3.825612753176      1.896051446003
    8      0.092387296617     -3.842476522087      1.893557344457
    8      0.052323214869      7.679050373425      1.928791133987
    8      3.799379789353     -0.012063555110      1.884268563254
    8     -3.809937477033      0.016659166995      1.930024648444
    8      3.803183264076      3.820670342906      1.889206778066
    8     -3.855411296204     -3.809167666748      1.829723114932
    8      3.823993685540     -3.862166881565      2.045570550408
    8     -3.681091765498      3.841157642364      1.687165788117
    8      3.841479036339      7.652183641459      1.935853183368
    8     -3.835673850233      7.652185016891      1.917873660302
    8      7.554498568589      0.015453530611      1.685837842666
    8      7.627629119597      3.831196125579      1.983567449073
    8      7.626797408066     -3.812789896714      1.996560861084
    8      7.527889410791      7.674544177523      1.798737792409
  258      1.911517157874     -0.004069245029      0.402621557634
  258     -1.899593103179      0.017466943235      0.427560755843
  258      1.920554593179      3.821154214992      0.418968398358
  258     -1.900860116695     -3.831413087197      0.400804892294
  258      1.914409464320     -3.851983512293      0.427320853447
  258     -1.875528684190      3.844270429930      0.392488459964
  258      1.912343177984      7.651148435475      0.427650968146
  258     -1.906170255284      7.665433701293      0.443724971414
  258      5.719435106643     -0.005307280378      0.385250324617
  258     -5.741676861245      0.020067244316      0.538110340988
  258      5.731932164691      3.822531080900      0.439496092729
  258     -5.758928238025     -3.813307095870      0.555328230305
  258      5.752001732518     -3.832843899661      0.457750170688
  258     -5.748480502676      3.840269832051      0.543916040373
  258      5.728876819703      7.676628736002      0.412906706500
  258     -5.749998224633      7.675651131344      0.544290959481
    8     -0.006471253611      0.001487751688     -0.804048479530
    8      0.019874310363      3.838951747674     -0.807768324492
    8      0.004156748006     -3.842047845515     -0.795093335060
    8     -0.002331333993      7.664957907315     -0.771693508861
    8      3.820851148208     -0.005670356231     -0.814416275200
    8     -3.846302623800      0.010612749830     -0.755699529090
    8      3.839221581281      3.833194901818     -0.789041328652
    8     -3.853070821320     -3.831973794784     -0.785842774294
    8      3.839701589537     -3.842401370739     -0.745288389189
    8     -3.857233683671      3.840285217730     -0.831872607514
    8      3.824512468506      7.671936236008     -0.784399794656
    8     -3.848655257226      7.672059679117     -0.748745296174
    8      7.693981202983      0.004042495765     -0.836650526951
    8      7.685158016356      3.837313820082     -0.732919069152
    8      7.684803508299     -3.832819016730     -0.731412622004
    8      7.687176200124      7.670004796980     -0.792540021896
    8      1.917661611413      1.914765284641     -0.989042675080
    8     -1.924325811987     -1.907898091919     -0.981496975426
    8      1.913538061228     -1.933639674441     -0.982240759674
    8     -1.914814624958      1.919237993740     -0.969928198348
    8      1.921869863395      5.753230711246     -0.975218104519
    8     -1.923741746349     -5.767247445278     -0.972949563328
    8      1.913179251082     -5.764281163974     -0.968677951818
    8     -1.915476846282      5.766053169237     -0.961207360837
    8      5.754173303939      1.923831988815     -0.969836774162
    8     -5.746798313176     -1.907269273755     -0.814510523488
    8      5.753442179311     -1.931522178644     -0.966077144942
    8     -5.753468270090      1.928365836146     -0.800665293860
    8      5.754477883435      5.747423100299     -0.959081553012
    8     -5.750140703635     -5.751406941206     -0.849940178358
    8      5.756464512975     -5.752317789198     -0.956814011762
    8     -5.755368466591      5.752700008722     -0.814514022809
  258      0.000063513797      1.914791094117     -2.190880135913
  258     -0.003021156449     -1.919139646292     -2.184591868993
  258      0.001739651574      5.757426400437     -2.185153323392
  258     -0.003466140546     -5.757653689220     -2.179535046980
  258      3.836164350483      1.919756012763     -2.189296472231
  258     -3.852762852185     -1.915899528890     -2.146058352132
  258      3.834779423629     -1.926585776489     -2.182377616996
  258     -3.850078380379      1.925395570786     -2.148060836750
  258      3.839219752491      5.749882240294     -2.180062387522
  258     -3.855424998173     -5.751911199154     -2.143825320353
  258      3.837368864609     -5.753308022634     -2.175313336477
  258     -3.852447092333      5.754397756943     -2.144960258101
  258      7.688482822410      1.917042807619     -2.145996751173
  258      7.690094392228     -1.914527175121     -2.144021013627
  258      7.686314395483      5.754894606186     -2.140379776410
  258      7.690513030988     -5.752610352364     -2.141019128390
    8      1.918660724003      1.918562305508     -3.631124938766
    8     -1.918754447758     -1.917801919219     -3.622857212785
    8      1.919980009393     -1.918851884564     -3.626584485870
    8     -1.919121936972      1.918872857444     -3.619486015607
    8      1.918293651888      5.754224861048     -3.623070381696
    8     -1.915263159713     -5.754132290955     -3.619896681116
    8      1.920038775377     -5.753888437574     -3.618783831727
    8     -1.916416697279      5.753258614116     -3.614976668376
    8      5.754836367200      1.918631153642     -3.619338256300
    8     -5.754513899651     -1.916940009393     -3.573676523053
    8      5.752745236069     -1.918487562447     -3.616566241195
    8     -5.754106000676      1.918731693394     -3.570379291229
    8      5.754141209335      5.753501482305     -3.613131188504
    8     -5.756082455807     -5.753653335542     -3.584337916149
    8      5.750527274279     -5.753699524229     -3.611518274361
    8     -5.755786278555      5.752874846515     -3.571879146004
    8      0.000000000000      0.000000000000     -3.390356274875
    8      0.000000000000      3.835750260159     -3.390356274875
    8      0.000000000000     -3.835750260159     -3.390356274875
    8      0.000000000000      7.671500520300     -3.390356274875
    8      3.835750260161      0.000000000000     -3.390356274875
    8     -3.835750260161      0.000000000000     -3.390356274875
    8      3.835750260161      3.835750260159     -3.390356274875
    8     -3.835750260161     -3.835750260159     -3.390356274875
    8      3.835750260161     -3.835750260159     -3.390356274875
    8     -3.835750260161      3.835750260159     -3.390356274875
    8      3.835750260161      7.671500520300     -3.390356274875
    8     -3.835750260161      7.671500520300     -3.390356274875
    8      7.671500520300      0.000000000000     -3.390356274875
    8      7.671500520300      3.835750260159     -3.390356274875
    8      7.671500520300     -3.835750260159     -3.390356274875
    8      7.671500520300      7.671500520300     -3.390356274875
  258      1.917875130081      0.000000000000     -4.746498784825
  258     -1.917875130081      0.000000000000     -4.746498784825
  258      1.917875130081      3.835750260159     -4.746498784825
  258     -1.917875130081     -3.835750260159     -4.746498784825
  258      1.917875130081     -3.835750260159     -4.746498784825
  258     -1.917875130081      3.835750260159     -4.746498784825
  258      1.917875130081      7.671500520300     -4.746498784825
  258     -1.917875130081      7.671500520300     -4.746498784825
  258      5.753625390240      0.000000000000     -4.746498784825
  258     -5.753625390240      0.000000000000     -4.746498784825
  258      5.753625390240      3.835750260159     -4.746498784825
  258     -5.753625390240     -3.835750260159     -4.746498784825
  258      5.753625390240     -3.835750260159     -4.746498784825
  258     -5.753625390240      3.835750260159     -4.746498784825
  258      5.753625390240      7.671500520300     -4.746498784825
  258     -5.753625390240      7.671500520300     -4.746498784825
    8      0.000000000000      0.000000000000     -6.100000000000
    8      0.000000000000      3.835750260159     -6.100000000000
    8      0.000000000000     -3.835750260159     -6.100000000000
    8      0.000000000000      7.671500520300     -6.100000000000
    8      3.835750260161      0.000000000000     -6.100000000000
    8     -3.835750260161      0.000000000000     -6.100000000000
    8      3.835750260161      3.835750260159     -6.100000000000
    8     -3.835750260161     -3.835750260159     -6.100000000000
    8      3.835750260161     -3.835750260159     -6.100000000000
    8     -3.835750260161      3.835750260159     -6.100000000000
    8      3.835750260161      7.671500520300     -6.100000000000
    8     -3.835750260161      7.671500520300     -6.100000000000
    8      7.671500520300      0.000000000000     -6.100000000000
    8      7.671500520300      3.835750260159     -6.100000000000
    8      7.671500520300     -3.835750260159     -6.100000000000
    8      7.671500520300      7.671500520300     -6.100000000000
    1     23.511505723169     21.492068881594      5.955849822231
    6     22.179933804917     27.270283531656      5.834853966422
    6     22.374629714180     28.588616805216      6.563003816206
    1     21.501796153670     28.778556153240      7.197943416218
    1     23.263691930588     28.552750517361      7.195510324723
    1     22.465721422258     29.429691141894      5.871634742183
    1     22.172655471846     26.410688617854      6.512685751441
    1     21.257155473494     27.258692875850      5.248796335299
    1     24.733020478104     23.751820234207      5.818118967785
    6     24.597995863386     21.567028076653      5.799431056953
    1     24.926132294879     20.723415060493      5.170045662648
    1     25.095086502550     21.452045097945      6.767220347674
   14     24.923071887935     27.018034367946      5.227135255001
    8     23.236357340725     27.048487089444      4.845001576147
    8     25.045952112329     26.819432187501      6.849253540853
    8     28.615534961588     26.864660286433      3.816608841609
    6     28.651136090290     26.833843570212      5.236967128937
    6     25.756431442836     27.739182854681      7.687410619992
    6     29.994463946580     27.298563063496      5.791912221561
    6     25.222549945669     27.638972270596      9.103702686192
    1     30.088246034034     27.072842479746      6.859386290534
    1     25.779222928448     28.314363929416      9.765447904795
    1     24.162952527831     27.912299536295      9.142693247856
    1     25.323922322008     26.617894937373      9.484890010024
    1     26.830128918609     27.489555617774      7.660770761995
    1     25.653622737678     28.762026135423      7.294834222958
    1     27.849192462476     27.475878527399      5.646323000195
    1     28.444498133459     25.801902365317      5.568504461192
    1     30.101882415179     28.386077035900      5.686544077787
    1     30.842370274149     26.802863646658      5.288456673242
    8     24.154633534801     23.039084816919      3.959445313051
    6     24.902257623055     22.908010395144      5.131841695463
    1     26.004061352254     22.969861755440      4.905522688627
    0    0
