   2   1   1 E -4.0953658375067E+04 DE 1.7E-08( 12)
  0.153430010406E+02  0.000000000000E+00  0.000000000000E+00
 -0.767150052032E+01  0.132874286715E+02  0.000000000000E+00
  0.000000000000E+00  0.000000000000E+00  0.500000000000E+03
    1
  0.100000000000E+01  0.000000000000E+00  0.000000000000E+00
  0.000000000000E+00  0.100000000000E+01  0.000000000000E+00
  0.000000000000E+00  0.000000000000E+00  0.100000000000E+01
  0.000000000000E+00  0.000000000000E+00  0.000000000000E+00
  225
    8      0.058881163087      2.234843441207      5.415223891583
    8      1.919568813580     -1.124208368497      5.378371671750
    8     -1.885111432896     -1.041473590085      5.309640178004
    8     -1.939164291770      5.548698203380      5.364588964375
    8      5.773203881541     -1.129922399306      5.381279423949
    8     -4.078803415050     -4.665946859042      5.881290863642
    8      3.837698280344     -4.416742324791      5.379448517755
    8      1.772547479995      5.615215090337      5.194327904548
    8     -5.780155962130     -1.101260486994      5.327163604222
    8      3.848509998933      2.014796703847      5.291481066867
    8      0.055909937439     -4.391509651273      5.376563801311
    8     -3.835819857142      2.181810875656      5.374110002056
    8      7.649288920462     -4.388681417867      5.383288539296
    8      7.630272022922      2.226824385795      5.398482903896
    8     -1.795686695612     -7.693835004054      5.230393161680
    8      1.923088781204     -7.737433687063      5.372529762279
  258      0.033376308434      0.035567092436      4.608088983767
  258     -1.907717070792      3.334213862057      4.604055378875
  258      3.845127117297     -0.026561583298      4.590500415423
  258     -1.782005021080     -3.249405595147      4.637944522282
  258      1.953058206576     -3.312998046078      4.610905856872
  258      1.958350148573      3.311865989076      4.682227699092
  258     -3.830469419155      0.015861714304      4.634667496415
  258     -3.837086832519      6.640776715223      4.605028540399
  258      7.652795938632      0.017742886392      4.607457430645
  258      3.824284896776      6.449873388546      4.703274202426
  258     -0.032827189831      6.658426346448      4.584203674076
  258      5.739337608496     -3.308767086683      4.610144332597
  258     -5.852154768598     -3.282790478354      4.597795076242
  258      5.717961679250      3.310179682622      4.681557874355
  258      0.025448236246     -6.633484271592      4.609413945647
  258     -5.763226360784      3.326766447267      4.605145043072
    8     -1.899682171650      1.148790822990      3.836248651423
    8      1.894506842291      1.096643893437      3.817798167425
    8      0.026246988658     -2.202466031128      3.838455846868
    8     -3.841301671058      4.422896635305      3.840184056287
    8      5.787617115856      1.087711691519      3.816065938599
    8     -2.017932957433     -5.412681693773      3.931413497012
    8      1.934229866161     -5.531841821063      3.821942523787
    8      3.833857196106      4.368249899893      3.771397521571
    8     -5.762615433464      1.125375208781      3.844101086295
    8     -0.052441177343      4.401323046838      3.817589049973
    8      3.844339514922     -2.225035195463      3.818041514811
    8     -3.820088700771     -2.363262455426      3.955536067903
    8      5.740851102299     -5.522285352558      3.821621110003
    8      7.645692308338     -2.211947531137      3.819684146289
    8     -5.719338184278     -5.443398617608      3.833676903833
    8     -7.627308768640      4.409049155639      3.826156202670
    8     -0.005462308275     -0.000020823822      2.317640432762
    8     -1.936230240581      3.323325688296      2.311546105210
    8      3.838118765764     -0.003075581105      2.303666820794
    8     -1.885366358429     -3.285835541888      2.319278867416
    8      1.923587984611     -3.317664647986      2.312842825873
    8      1.909313262883      3.317268002630      2.331800430202
    8     -3.831552561024     -0.048177876256      2.388449870914
    8     -3.835202617934      6.638274507872      2.320190999960
    8     -7.658828527399     -0.002688672973      2.314173254943
    8      3.842234087896      6.604368655781      2.374134957933
    8      0.008508301990      6.653003623136      2.329794138630
    8      5.749153867978     -3.319538789010      2.306067219655
    8     -5.769141851832     -3.277539733316      2.322988429860
    8      5.762954818383      3.316050634468      2.339970461347
    8     -0.039785961458     -6.617491481163      2.362254484467
    8     -5.743636254512      3.315209226545      2.318451315372
  258     -1.913621371421      1.107345862609      1.523952542205
  258      1.919087544017      1.117814459841      1.520313625598
  258      0.010066373957     -2.207274795008      1.506268922187
  258     -3.838209274868      4.427850673145      1.521906857844
  258      5.758106619094      1.116420727137      1.521203963633
  258     -1.938723976144     -5.530547304771      1.573144149571
  258      1.915323199412     -5.530543330596      1.514739714045
  258      3.836711979831      4.418604654035      1.510029497946
  258     -5.754740776098      1.103456779008      1.523652216639
  258      0.007208203660      4.421344066216      1.531819334491
  258      3.838825765290     -2.212662832606      1.500007594583
  258     -3.827869556301     -2.224759275148      1.551240719621
  258      5.752565021038     -5.531365945432      1.507710245545
  258      7.666021864614     -2.207031361459      1.501577344036
  258     -5.739271564402     -5.537544838272      1.553142619343
  258      7.659353272995      4.423384610474      1.538654950179
    8     -0.004847825655      2.213167185929      0.748549874874
    8      1.917249085579     -1.104334398766      0.737582090360
    8     -1.927217636558     -1.097297887430      0.748255969537
    8     -1.915287174419      5.542121220318      0.747823793077
    8      5.756721329376     -1.104023364799      0.736285358423
    8     -3.833381309673     -4.432265701178      0.793610751808
    8      3.832140409664     -4.431793315725      0.737978647593
    8      1.921999320695      5.540968522514      0.752016020329
    8     -5.737087787036     -1.097510647670      0.745833398481
    8      3.837676940844      2.217886353771      0.741751869404
    8     -0.002185455647     -4.432804687154      0.755460422177
    8     -3.837330583637      2.187815573689      0.757733347240
    8     -7.666531732849     -4.429049560455      0.750276585109
    8     -7.668381245117      2.215004821739      0.750677016520
    8     -1.919528325953     -7.745646434573      0.757381494164
    8      1.900428257437     -7.740726309602      0.761999231229
    8     -1.917883606665      1.108591069954     -0.822948028461
    8      1.917358235941      1.110713298324     -0.827173629667
    8     -0.003200885807     -2.215007333672     -0.822243266278
    8     -3.841265626309      4.424103704797     -0.810387784225
    8      5.756233744346      1.110437454737     -0.827918396311
    8     -1.928332820468     -5.530519033177     -0.798623201045
    8      1.914581773244     -5.537646747912     -0.823010783359
    8      3.837084843559      4.430521040695     -0.833078123601
    8     -5.753520029498      1.109046345041     -0.822247068647
    8      0.001428574419      4.427781674550     -0.821640056066
    8      3.836875246254     -2.214862015003     -0.830177649471
    8     -3.832029024258     -2.228342202527     -0.800799276886
    8      5.755640527513     -5.535091664483     -0.825860587107
    8     -7.665375244444     -2.212934281964     -0.825804483961
    8     -5.742388144104     -5.531507742613     -0.810230294133
    8      7.669975603295      4.429043699337     -0.817680546831
  258     -0.000161510892      2.216340164346     -1.596034227272
  258      1.916680320138     -1.104242287821     -1.601122360969
  258     -1.921734199358     -1.108178982571     -1.592355722925
  258     -1.916890308797      5.534844997217     -1.592023127542
  258      5.754985757305     -1.104204195809     -1.602230430791
  258     -3.834159797020     -4.430826070228     -1.587179392355
  258      3.834061872592     -4.429713739260     -1.601872250810
  258      1.917670227763      5.540071916789     -1.590475783145
  258     -5.748234986363     -1.108195682664     -1.592561416644
  258      3.836323335842      2.216033055624     -1.600351883586
  258     -0.008382155355     -4.432329266118     -1.587947919947
  258     -3.837138930230      2.212668272644     -1.593237879466
  258     -7.664996271828     -4.430933541182     -1.592715571590
  258      7.670184900009      2.216406165332     -1.595323667031
  258     -1.918563788706     -7.745191345182     -1.586752181144
  258      1.911936394915     -7.752706108589     -1.590621924697
    8     -0.001182725305     -0.000767952593     -2.399596606956
    8     -1.920960101961      3.324063221178     -2.397950034200
    8      3.836377080231      0.001127051946     -2.403049700732
    8     -1.920073076052     -3.323558886465     -2.396896051664
    8      1.915481644820     -3.322111477723     -2.399052565637
    8      1.917235991546      3.323687624893     -2.400499748781
    8     -3.835257945790     -0.004599046144     -2.395545845526
    8     -3.836744588856      6.640531352098     -2.396718695598
    8     -7.669017234657     -0.000429835490     -2.400228913346
    8     -3.833602471125     -6.638230770179     -2.396747711969
    8      0.003405109440      6.645875261595     -2.396002214823
    8      5.756326349605     -3.321394877703     -2.400081284289
    8     -5.748949347318     -3.322120411867     -2.397173788749
    8      5.755695899960      3.324690335428     -2.399820640433
    8     -0.004254748884     -6.641021737824     -2.394445950402
    8     -5.752793661719      3.323860870936     -2.398377888098
    8      0.000000000000      2.214571445248     -3.914846215896
    8      1.917875130079     -1.107285722624     -3.914846215896
    8     -1.917875130079     -1.107285722624     -3.914846215896
    8     -1.917875130080      5.536428613118     -3.914846215896
    8      5.753625390237     -1.107285722624     -3.914846215896
    8     -3.835750260157     -4.429142890494     -3.914846215896
    8      3.835750260157     -4.429142890494     -3.914846215896
    8      1.917875130080      5.536428613118     -3.914846215896
    8     -5.753625390237     -1.107285722624     -3.914846215896
    8      3.835750260159      2.214571445247     -3.914846215896
    8     -0.000000000001     -4.429142890492     -3.914846215896
    8     -3.835750260158      2.214571445246     -3.914846215896
    8     -7.671500520293     -4.429142890500     -3.914846215896
    8     -7.671500520300      2.214571445248     -3.914846215896
    8      5.753625390229      5.536428613098     -3.914846215896
    8      1.917875130071     -7.751000058346     -3.914846215896
  258      0.000000000000      0.000000000000     -4.697815459075
  258     -1.917875130080      3.321857167872     -4.697815459075
  258      3.835750260159     -0.000000000001     -4.697815459075
  258     -1.917875130079     -3.321857167871     -4.697815459075
  258      1.917875130079     -3.321857167871     -4.697815459075
  258      1.917875130080      3.321857167872     -4.697815459075
  258     -3.835750260159     -0.000000000001     -4.697815459075
  258     -3.835750260165      6.643714335750     -4.697815459075
  258      7.671500520294      0.000000000010     -4.697815459075
  258      3.835750260140      6.643714335750     -4.697815459075
  258      0.000000000000      6.643714335750     -4.697815459075
  258      5.753625390243     -3.321857167875     -4.697815459075
  258      9.589375650380     -3.321857167875     -4.697815459075
  258      5.753625390228      3.321857167862     -4.697815459075
  258     -7.671500520307      6.643714335750     -4.697815459075
  258     -5.753625390224      3.321857167861     -4.697815459075
    8     -1.917875130080      1.107285722623     -5.480784702254
    8      1.917875130079      1.107285722623     -5.480784702254
    8      0.000000000001     -2.214571445246     -5.480784702254
    8     -3.835750260160      4.429142890495     -5.480784702254
    8      5.753625390238      1.107285722622     -5.480784702254
    8     -1.917875130078     -5.536428613117     -5.480784702254
    8      1.917875130078     -5.536428613117     -5.480784702254
    8      3.835750260160      4.429142890495     -5.480784702254
    8     -5.753625390238      1.107285722622     -5.480784702254
    8      0.000000000000      4.429142890495     -5.480784702254
    8      3.835750260158     -2.214571445248     -5.480784702254
    8     -3.835750260158     -2.214571445248     -5.480784702254
    8      5.753625390243     -5.536428613123     -5.480784702254
    8     -7.671500520276     -2.214571445257     -5.480784702254
    8      1.917875130032      7.751000058380     -5.480784702254
    8      7.671500520293      4.429142890500     -5.480784702254
   14     -3.724759405806     -4.211452495118      7.373644482543
    8     -4.852024499529     -3.174551567558      7.974369798841
    8     -3.533656400632     -5.490883247193      8.381743186429
    8     -2.293760274991     -3.380988701052      7.209557113365
    6     -6.166455399269     -3.669975308877      8.306887299054
    6     -1.295024648549     -3.273068776041      8.242994362004
    6     -3.542312826022     -5.377899847501      9.810045976988
    6     -7.173445026597     -2.544933895588      8.208195946581
    6     -0.413849140095     -2.067758368835      8.003281401223
    6      3.259846294119      6.829009587988     10.412831579612
    1      7.176440629943     -2.909547288397      8.494275739278
    1      0.310972202328     -1.974134685585      8.820652419267
    1      3.258454081675      6.906252955459     11.506316790909
    1     -6.902945001233     -1.717087916004      8.869965211203
    1     -7.233663638369     -2.157316613419      7.189347649900
    1     -6.140255372934     -4.089327505589      9.324892381899
    1     -6.450590539845     -4.478702936986      7.616187951073
    1      2.229062524355      6.916463059861     10.059861296997
    1      3.626078439457      5.839940821730     10.136050605042
    1     -2.507125177974     -5.467287720680     10.170636151586
    1     -3.905551928941     -4.381729709373     10.109134904794
    1     -1.800080163635     -3.194599226817      9.217791788501
    1     -0.706159369616     -4.199979769461      8.238990898187
    1     -1.009664958833     -1.154447024226      7.951665708535
    1      0.144783368600     -2.162331395136      7.070337850253
    8      3.787421046188      4.414960504745      6.256346639062
    6      3.671010985839      4.298079359545      7.638933095148
    6      2.241197596747      4.522423492610      8.131286264470
    1      1.537235098066      3.830395345573      7.646050361991
    1      3.996785242657      3.286166656218      7.962878855957
    1      4.343138947091      5.014799278964      8.151367745495
    1      1.903925542170      5.536896034543      7.904195834538
    1      2.154239457458      4.358730480011      9.213802808718
    0    0
