   2   1   1 E -4.0953663442192E+04 DE-5.5E-07( 10)
  0.153430010406E+02  0.000000000000E+00  0.000000000000E+00
 -0.767150052032E+01  0.132874286715E+02  0.000000000000E+00
  0.000000000000E+00  0.000000000000E+00  0.500000000000E+03
    1
  0.100000000000E+01  0.000000000000E+00  0.000000000000E+00
  0.000000000000E+00  0.100000000000E+01  0.000000000000E+00
  0.000000000000E+00  0.000000000000E+00  0.100000000000E+01
  0.000000000000E+00  0.000000000000E+00  0.000000000000E+00
  225
    8      0.059286200717      2.236420235282      5.395297135282
    8      1.918204385046     -1.123776864507      5.356472089708
    8     -1.886657252536     -1.040800405623      5.288349983511
    8     -1.939374597943      5.548854259415      5.342524559177
    8      5.773606246357     -1.130444905622      5.360491780096
    8     -4.076588675281     -4.667858743802      5.849335070491
    8      3.838056766416     -4.415684785042      5.359349069236
    8      1.773393648391      5.616791757078      5.174957020239
    8     -5.781365863521     -1.103055263018      5.305616874952
    8      3.847324091363      2.014410304617      5.270695737680
    8      0.053748566630     -4.390668460317      5.354701780043
    8     -3.836863842173      2.182325371169      5.351999271473
    8      7.649981227680     -4.388789602769      5.360837720171
    8      7.628207390084      2.227034588153      5.375937214359
    8     -1.795868316020     -7.692800069014      5.211116684618
    8      1.922498614485     -7.737887320775      5.349329242617
  258      0.032736678634      0.037186035015      4.583158594487
  258     -1.905765113278      3.334922769760      4.575708929027
  258      3.845251229622     -0.025558619067      4.563081702690
  258     -1.780180977560     -3.249411464416      4.617440655853
  258      1.954610592860     -3.315241199752      4.586499490006
  258      1.960169420810      3.312126392169      4.659894595301
  258     -3.829829202744      0.013704102518      4.611748744793
  258     -3.834985677574      6.640720854001      4.575331806234
  258      7.654398871930      0.016521087436      4.581185745411
  258      3.825550056054      6.448752936583      4.680992215398
  258     -0.028700932800      6.658902095446      4.560491624214
  258      5.742313502423     -3.307762459953      4.584190068576
  258     -5.851629865206     -3.282740046922      4.577669090590
  258      5.720455254155      3.309197712568      4.655521135355
  258      0.023819460149     -6.632003638584      4.587283410396
  258     -5.763935696557      3.327187078476      4.575120904623
    8     -1.901322476173      1.148679674418      3.818466393211
    8      1.894421418112      1.096999734566      3.800245258108
    8      0.026209760906     -2.201195264006      3.822101269574
    8     -3.841539006194      4.422814756510      3.821949080395
    8      5.785740739874      1.087028839545      3.797791732512
    8     -2.015041847792     -5.414431870820      3.910785817983
    8      1.933755653876     -5.530131892632      3.804580561922
    8      3.834196354172      4.366823704857      3.752376866218
    8     -5.763166743375      1.124049452010      3.826760468117
    8     -0.050671350418      4.403627003191      3.798350170405
    8      3.843556841183     -2.224284732755      3.800424332901
    8     -3.820199895296     -2.361102489022      3.936365950457
    8      5.741041246687     -5.522022468525      3.803366731752
    8      7.645667716959     -2.211594432190      3.800992566892
    8     -5.722117732258     -5.446021020779      3.813367247197
    8     -7.629812348718      4.410759085368      3.806812028134
    8     -0.005498647751      0.000058874812      2.302756026908
    8     -1.935747844796      3.323745903675      2.296339806014
    8      3.837781268935     -0.002874196919      2.286950047600
    8     -1.885050682943     -3.285362410823      2.305811946686
    8      1.923081364329     -3.316590537702      2.297915357514
    8      1.909422960644      3.317162331201      2.318429652018
    8     -3.831894368504     -0.047488916643      2.372113316159
    8     -3.835557983878      6.638157016002      2.304142747533
    8     -7.659320215416     -0.002746961167      2.298739012142
    8      3.842471658390      6.602513107907      2.359822535571
    8      0.007193221731      6.653148223009      2.312450246152
    8      5.749063841803     -3.319055638575      2.290775893254
    8     -5.769307448932     -3.278116300802      2.309033900892
    8      5.762441392446      3.315297203596      2.325330907402
    8     -0.038941698513     -6.616917308208      2.345367536690
    8     -5.743723906069      3.314463053634      2.302812192206
  258     -1.913136053057      1.106964789523      1.508012874298
  258      1.919335861007      1.118229980851      1.504815714189
  258      0.010154354124     -2.207293332015      1.491606655908
  258     -3.837387154877      4.427840166697      1.505011212876
  258      5.758622180616      1.117110626078      1.504853054961
  258     -1.938072989267     -5.530630578996      1.558552265408
  258      1.915608737614     -5.529503196529      1.498621343220
  258      3.836964801958      4.418063946603      1.494958563325
  258     -5.753979709347      1.102580905481      1.507552025655
  258      0.008654769259      4.421974754049      1.515857719146
  258      3.838905596589     -2.212542488369      1.484231086310
  258     -3.826357073897     -2.225810514823      1.538209420565
  258      5.754124706244     -5.530625328534      1.491624975234
  258      7.667289851446     -2.206457863922      1.485895410626
  258     -5.738271732852     -5.536902977836      1.538803574212
  258      7.659405284795      4.424658961912      1.522074236683
    8     -0.004928899062      2.213278967926      0.738540199753
    8      1.916851714462     -1.104017462839      0.727833527718
    8     -1.927204966151     -1.097618717793      0.739028580763
    8     -1.915635933181      5.542195899834      0.737640037093
    8      5.756318204002     -1.104207264718      0.726113549596
    8     -3.832894509485     -4.431824960620      0.783451568932
    8      3.831513900381     -4.431700173180      0.728224131354
    8      1.921890717904      5.540816257088      0.741954995199
    8     -5.737662647506     -1.097773973361      0.736099501034
    8      3.836915860575      2.217453469795      0.731256530780
    8     -0.002940584720     -4.432667481924      0.745804156302
    8     -3.837295532867      2.188521433421      0.747598791437
    8     -7.666479268710     -4.428629773025      0.739766588916
    8     -7.668443127501      2.215110995706      0.740374912077
    8     -1.919922230485     -7.746587832187      0.747002737180
    8      1.900399559070     -7.740939850460      0.751749203365
    8     -1.917810990042      1.108235663601     -0.831419641872
    8      1.917392759291      1.110687359891     -0.836228488871
    8     -0.002868624726     -2.214954789794     -0.831008170914
    8     -3.840373897217      4.424665593489     -0.819586982549
    8      5.756552427466      1.110400180309     -0.836914506125
    8     -1.928003385223     -5.530805110447     -0.807007182644
    8      1.914835171156     -5.537546800699     -0.831739427585
    8      3.837197483428      4.430310474015     -0.842470936728
    8     -5.752648531972      1.109238914404     -0.830995976314
    8      0.001997070756      4.427717045180     -0.830793958330
    8      3.836866911650     -2.215007295746     -0.839259382119
    8     -3.831707863173     -2.228003971113     -0.809450088844
    8      5.755916677420     -5.534920159515     -0.835034937666
    8     -7.664855765062     -2.212279238585     -0.835220890368
    8     -5.741557865157     -5.531521284371     -0.819071685782
    8      7.670381852211      4.429577112222     -0.826512951626
  258     -0.000598952574      2.216403727962     -1.599159931838
  258      1.916013236726     -1.103998551822     -1.604051170430
  258     -1.922562952052     -1.108225796873     -1.595271797235
  258     -1.917153796149      5.535089063963     -1.595086414670
  258      5.754097476302     -1.104651152498     -1.605308372665
  258     -3.834379983876     -4.430636910432     -1.590036915420
  258      3.833318597535     -4.429723113459     -1.604964142273
  258      1.917418860232      5.540332199500     -1.592985903119
  258     -5.748850357704     -1.107911242916     -1.596297883310
  258      3.835628520274      2.216016966442     -1.603557509251
  258     -0.009188828203     -4.432416646921     -1.590905238735
  258     -3.837520650086      2.212615601037     -1.596280343541
  258     -7.664907130502     -4.430882512163     -1.595555058315
  258      7.669238507272      2.215979251827     -1.598663294799
  258     -1.919277893441     -7.745483508209     -1.590069559512
  258      1.910861968176     -7.752990642569     -1.593675624899
    8     -0.001051135008     -0.000811010505     -2.404030336565
    8     -1.920670760246      3.323896586887     -2.402513044703
    8      3.836739574558      0.001463810579     -2.407552799068
    8     -1.919767972566     -3.323604610619     -2.401284506751
    8      1.915647554082     -3.322172698338     -2.403580704170
    8      1.917639560949      3.323500377334     -2.405313023980
    8     -3.834932597360     -0.004403066617     -2.400396184133
    8     -3.836628422453      6.640475735960     -2.401352693381
    8     -7.668756477932     -0.000442653608     -2.404869401634
    8     -3.832992180147     -6.637875410319     -2.401163350930
    8      0.003838624744      6.646075242856     -2.400353123363
    8      5.756544040218     -3.321387518247     -2.404530181784
    8     -5.748740054728     -3.322058108647     -2.401772846827
    8      5.756419211209      3.324960166822     -2.404263101929
    8     -0.003661094546     -6.640594206567     -2.399033293351
    8     -5.752465047887      3.323717018513     -2.402755661661
    8      0.000000000000      2.214571445248     -3.914846215896
    8      1.917875130079     -1.107285722624     -3.914846215896
    8     -1.917875130079     -1.107285722624     -3.914846215896
    8     -1.917875130080      5.536428613118     -3.914846215896
    8      5.753625390237     -1.107285722624     -3.914846215896
    8     -3.835750260157     -4.429142890494     -3.914846215896
    8      3.835750260157     -4.429142890494     -3.914846215896
    8      1.917875130080      5.536428613118     -3.914846215896
    8     -5.753625390237     -1.107285722624     -3.914846215896
    8      3.835750260159      2.214571445247     -3.914846215896
    8     -0.000000000001     -4.429142890492     -3.914846215896
    8     -3.835750260158      2.214571445246     -3.914846215896
    8     -7.671500520293     -4.429142890500     -3.914846215896
    8     -7.671500520300      2.214571445248     -3.914846215896
    8      5.753625390229      5.536428613098     -3.914846215896
    8      1.917875130071     -7.751000058346     -3.914846215896
  258      0.000000000000      0.000000000000     -4.697815459075
  258     -1.917875130080      3.321857167872     -4.697815459075
  258      3.835750260159     -0.000000000001     -4.697815459075
  258     -1.917875130079     -3.321857167871     -4.697815459075
  258      1.917875130079     -3.321857167871     -4.697815459075
  258      1.917875130080      3.321857167872     -4.697815459075
  258     -3.835750260159     -0.000000000001     -4.697815459075
  258     -3.835750260165      6.643714335750     -4.697815459075
  258      7.671500520294      0.000000000010     -4.697815459075
  258      3.835750260140      6.643714335750     -4.697815459075
  258      0.000000000000      6.643714335750     -4.697815459075
  258      5.753625390243     -3.321857167875     -4.697815459075
  258      9.589375650380     -3.321857167875     -4.697815459075
  258      5.753625390228      3.321857167862     -4.697815459075
  258     -7.671500520307      6.643714335750     -4.697815459075
  258     -5.753625390224      3.321857167861     -4.697815459075
    8     -1.917875130080      1.107285722623     -5.480784702254
    8      1.917875130079      1.107285722623     -5.480784702254
    8      0.000000000001     -2.214571445246     -5.480784702254
    8     -3.835750260160      4.429142890495     -5.480784702254
    8      5.753625390238      1.107285722622     -5.480784702254
    8     -1.917875130078     -5.536428613117     -5.480784702254
    8      1.917875130078     -5.536428613117     -5.480784702254
    8      3.835750260160      4.429142890495     -5.480784702254
    8     -5.753625390238      1.107285722622     -5.480784702254
    8      0.000000000000      4.429142890495     -5.480784702254
    8      3.835750260158     -2.214571445248     -5.480784702254
    8     -3.835750260158     -2.214571445248     -5.480784702254
    8      5.753625390243     -5.536428613123     -5.480784702254
    8     -7.671500520276     -2.214571445257     -5.480784702254
    8      1.917875130032      7.751000058380     -5.480784702254
    8      7.671500520293      4.429142890500     -5.480784702254
   14     -3.730451441071     -4.206715101732      7.339884261360
    8     -4.861761306051     -3.167415962081      7.925807014873
    8     -3.547701091197     -5.482490560164      8.352089049692
    8     -2.297887528400     -3.381074100282      7.182635370150
    6     -6.181359137496     -3.657474427056      8.243993038546
    6     -1.291370494554     -3.282957773137      8.208865589303
    6     -3.502161765072     -5.366081066929      9.776504192936
    6     -7.192300189120     -2.544714759096      8.092870497644
    6     -0.404133512373     -2.085664758583      7.972009331104
    6      3.315204541982      6.854497777692     10.411779276479
    1      7.154147616852     -2.906417312531      8.367496486349
    1      0.324855656808     -1.999808498346      8.786067642099
    1      3.338633689432      6.944505593415     11.501232637493
    1     -6.943393307727     -1.696923612283      8.737667039197
    1     -7.236790979298     -2.182331159198      7.065470194376
    1     -6.176048759191     -4.048726743221      9.274235009359
    1     -6.444008701690     -4.488433308302      7.572070738722
    1      2.277378552249      6.937934142455     10.084746482575
    1      3.669414731749      5.859344696766     10.141614705397
    1     -2.455359917661     -5.463023660598     10.097071721787
    1     -3.840396629773     -4.363984919191     10.087253848948
    1     -1.789902988139     -3.207245609866      9.187785050014
    1     -0.709819327331     -4.214899213228      8.199286561325
    1     -0.990864939970     -1.166775154189      7.926180731517
    1      0.151243522171     -2.178087246857      7.038415086865
    8      3.783822221866      4.416934163568      6.230616567500
    6      3.652831276634      4.320284756379      7.614448159917
    6      2.228261399250      4.581480969642      8.089711036292
    1      1.512227374133      3.903634315503      7.606797134136
    1      3.956392699745      3.307535939511      7.952181654679
    1      4.338966346238      5.026984709715      8.119456792169
    1      1.915593584731      5.599198767375      7.850036218031
    1      2.124738113737      4.430136687024      9.172594281188
    0    0
