   2   1   1 E -4.0953671039523E+04 DE 1.7E-08( 15)
  0.153430010406E+02  0.000000000000E+00  0.000000000000E+00
 -0.767150052032E+01  0.132874286715E+02  0.000000000000E+00
  0.000000000000E+00  0.000000000000E+00  0.500000000000E+03
    1
  0.100000000000E+01  0.000000000000E+00  0.000000000000E+00
  0.000000000000E+00  0.100000000000E+01  0.000000000000E+00
  0.000000000000E+00  0.000000000000E+00  0.100000000000E+01
  0.000000000000E+00  0.000000000000E+00  0.000000000000E+00
  225
    8      0.061014817116      2.240489231009      5.340097981666
    8      1.917873526124     -1.122079033205      5.297230335650
    8     -1.889430385652     -1.039369996176      5.227288108106
    8     -1.937239910049      5.548290745505      5.286815206756
    8      5.776796937493     -1.131312096463      5.304138757538
    8     -4.092902926272     -4.662181121573      5.729821945263
    8      3.841755535247     -4.414029272774      5.306233178110
    8      1.780022341425      5.618286722367      5.119253833848
    8     -5.779114892742     -1.105603695506      5.241934302868
    8      3.844353521945      2.010538510602      5.212672809251
    8      0.056231126046     -4.391281511065      5.287828200677
    8     -3.839173243531      2.184402467551      5.295131470404
    8      7.654476712102     -4.388634984058      5.296988996143
    8      7.624096349016      2.227146066342      5.316478694210
    8     -1.792620004390     -7.682053504933      5.155143387666
    8      1.922354595819     -7.739871973542      5.291679049199
  258      0.035248680444      0.042759265306      4.524360416021
  258     -1.900098645555      3.336405053998      4.516649936435
  258      3.848313981002     -0.026120602094      4.503660559651
  258     -1.771050578907     -3.251303542985      4.555644964387
  258      1.965445569855     -3.322053177448      4.529880141894
  258      1.966231905996      3.311025140833      4.600943953532
  258     -3.824649210598      0.014570697763      4.555604626264
  258     -3.826714489936      6.639351568530      4.513935834772
  258      7.658346518579      0.018841161510      4.520265255386
  258      3.830950890649      6.445459613143      4.609158000198
  258     -0.019954681243      6.657144160367      4.502116890663
  258      5.749632934237     -3.306386826724      4.525075887730
  258     -5.846405582814     -3.280207493073      4.519414474993
  258      5.730758300210      3.307596306775      4.591849371058
  258      0.028778620177     -6.630477414960      4.531138195877
  258     -5.763479585112      3.328810922850      4.513022902713
    8     -1.902350374783      1.150508568641      3.767829958290
    8      1.894837897849      1.097761035924      3.748177535729
    8      0.030007417420     -2.197949149840      3.771307631731
    8     -3.840159423123      4.422138353923      3.772632992679
    8      5.783700191903      1.085073617587      3.745766530596
    8     -2.006435896376     -5.420434097584      3.847808866899
    8      1.939454390551     -5.528107797078      3.754162470249
    8      3.838564920997      4.363444388842      3.687030678164
    8     -5.763435057890      1.122845953959      3.777666616366
    8     -0.044974533716      4.407278715608      3.746993857924
    8      3.844917595858     -2.224192459391      3.750273496505
    8     -3.816624744100     -2.355257422995      3.881277207676
    8      5.742728348809     -5.522624242499      3.752424678964
    8      7.648509441653     -2.209575358619      3.746012858962
    8     -5.723729399675     -5.453318718424      3.756774531046
    8     -7.632714921698      4.412396814110      3.753085929707
    8     -0.003835373155      0.001270667352      2.255399997043
    8     -1.932796327607      3.324800125362      2.248080995081
    8      3.838287864102     -0.002821159686      2.235957407880
    8     -1.880641983070     -3.285032233466      2.258267243127
    8      1.925061387894     -3.315327383096      2.250357979726
    8      1.910223755129      3.315544193668      2.271605214283
    8     -3.830514658990     -0.043294688834      2.322601222701
    8     -3.833876365215      6.636085169230      2.253954557166
    8     -7.659194389065     -0.001640731606      2.249383114506
    8      3.844618714468      6.598383135862      2.309150823473
    8      0.005341761945      6.651606852693      2.260415895996
    8      5.750488284600     -3.318594378282      2.243045190702
    8     -5.767595541386     -3.279990295797      2.261859751766
    8      5.764487376568      3.311634786467      2.274554369025
    8     -0.031776289803     -6.618296761746      2.292734570872
    8     -5.741602470627      3.312818864262      2.252808085178
  258     -1.910277236551      1.106667438480      1.465268545585
  258      1.921623250753      1.118609952570      1.462030399620
  258      0.013651572026     -2.207038303529      1.450035694451
  258     -3.832896204780      4.427638559095      1.459446458500
  258      5.761669479200      1.118564870037      1.459923137771
  258     -1.932672225752     -5.532884042174      1.515068614624
  258      1.919470689721     -5.528285950385      1.455380498888
  258      3.838803424584      4.415362086396      1.449421388441
  258     -5.750188532056      1.101816007208      1.464216107049
  258      0.013263964775      4.422654546916      1.471872297660
  258      3.841279904035     -2.212218894990      1.441994131415
  258     -3.821040494781     -2.227075406875      1.500532432253
  258      5.759767232130     -5.530147555522      1.448328127996
  258      7.671254127760     -2.204610724768      1.442405217421
  258     -5.734032773534     -5.536489372420      1.496807542130
  258      7.663088360107      4.427268672353      1.476378030732
    8     -0.003892377946      2.213618254839      0.705095828138
    8      1.917412897647     -1.103779873814      0.695906199077
    8     -1.924663122844     -1.097607486251      0.708546808452
    8     -1.914542942577      5.541584271344      0.704779991970
    8      5.756626083538     -1.105012796199      0.693567309508
    8     -3.829327775278     -4.431556092410      0.749811719484
    8      3.832628649840     -4.432389407241      0.696642256912
    8      1.922651203281      5.539186251467      0.707928280178
    8     -5.737367590091     -1.097630661566      0.704545668498
    8      3.836835263087      2.215833535951      0.696650511523
    8     -0.001395141392     -4.433171720609      0.713696065485
    8     -3.835354675385      2.190195856140      0.714550417613
    8     -7.665217168707     -4.428058490263      0.706140325077
    8     -7.666653010816      2.214684974345      0.706046632256
    8     -1.918624385189     -7.749801817940      0.712220229252
    8      1.903706815929     -7.742201477084      0.717400991411
    8     -1.916711531891      1.107436124725     -0.860306393827
    8      1.918436424400      1.110281990318     -0.865957909617
    8     -0.001060240982     -2.215061949064     -0.859765383861
    8     -3.836573702303      4.425527427704     -0.850270603589
    8      5.757987919023      1.109925227499     -0.866945518542
    8     -1.925207674560     -5.531878021312     -0.836036658277
    8      1.916908021303     -5.537375875365     -0.861331861313
    8      3.838161938036      4.429236506946     -0.874528204178
    8     -5.749629981129      1.109809939890     -0.860453123272
    8      0.003935191442      4.427293520050     -0.861150232782
    8      3.837521839751     -2.215392838760     -0.868605463173
    8     -3.829655768314     -2.226746903439     -0.838266870578
    8      5.757562642464     -5.534877696619     -0.865100011450
    8     -7.662998363238     -2.210471691967     -0.865981294431
    8     -5.738963670694     -5.531702830940     -0.848607610009
    8      7.673182638529      4.430264655399     -0.856862832213
  258     -0.001061209926      2.216463190920     -1.618102981005
  258      1.915047716237     -1.103851946623     -1.622463335630
  258     -1.923549353587     -1.108496279982     -1.613366613727
  258     -1.917172745610      5.535474235639     -1.614353143014
  258      5.752460248455     -1.106118539241     -1.624063076934
  258     -3.833772742002     -4.430560495248     -1.607868524602
  258      3.832337418493     -4.430298211668     -1.623449873342
  258      1.917286032323      5.540707180490     -1.611112040198
  258     -5.749584118482     -1.107051294481     -1.616968221143
  258      3.834380824860      2.215445105013     -1.623028304125
  258     -0.009814098805     -4.432807315209     -1.609540241144
  258     -3.837411687382      2.212600188303     -1.615479182597
  258     -7.664197663327     -4.430669571405     -1.614100983206
  258      7.668407792308      2.214744548460     -1.617973865800
  258     -1.920085187782     -7.746705099792     -1.609802339171
  258      1.909568843359     -7.753983862576     -1.612928994319
    8     -0.000096193083     -0.001167459708     -2.419793093631
    8     -1.919160530351      3.323264020030     -2.419066947863
    8      3.838037622368      0.001736527366     -2.423710725662
    8     -1.918370147879     -3.323770724869     -2.417020216956
    8      1.916685346250     -3.322371713527     -2.419657990714
    8      1.918838699934      3.322701881379     -2.422222313044
    8     -3.833849526898     -0.003920634769     -2.417500768273
    8     -3.835404034015      6.640425413793     -2.417809637715
    8     -7.667414792811     -0.000111162777     -2.421698071433
    8     -3.830928198723     -6.637237896040     -2.417204864273
    8      0.005447030809      6.646430049284     -2.416217539403
    8      5.757798157070     -3.321293815146     -2.419987459793
    8     -5.747551696538     -3.321739293028     -2.417846043952
    8      5.759104679497      3.325217028902     -2.420515829504
    8     -0.001426741356     -6.639904337787     -2.415772667228
    8     -5.750707805078      3.323330198749     -2.418903879014
    8      0.000000000000      2.214571445248     -3.914846215896
    8      1.917875130079     -1.107285722624     -3.914846215896
    8     -1.917875130079     -1.107285722624     -3.914846215896
    8     -1.917875130080      5.536428613118     -3.914846215896
    8      5.753625390237     -1.107285722624     -3.914846215896
    8     -3.835750260157     -4.429142890494     -3.914846215896
    8      3.835750260157     -4.429142890494     -3.914846215896
    8      1.917875130080      5.536428613118     -3.914846215896
    8     -5.753625390237     -1.107285722624     -3.914846215896
    8      3.835750260159      2.214571445247     -3.914846215896
    8     -0.000000000001     -4.429142890492     -3.914846215896
    8     -3.835750260158      2.214571445246     -3.914846215896
    8     -7.671500520293     -4.429142890500     -3.914846215896
    8     -7.671500520300      2.214571445248     -3.914846215896
    8      5.753625390229      5.536428613098     -3.914846215896
    8      1.917875130071     -7.751000058346     -3.914846215896
  258      0.000000000000      0.000000000000     -4.697815459075
  258     -1.917875130080      3.321857167872     -4.697815459075
  258      3.835750260159     -0.000000000001     -4.697815459075
  258     -1.917875130079     -3.321857167871     -4.697815459075
  258      1.917875130079     -3.321857167871     -4.697815459075
  258      1.917875130080      3.321857167872     -4.697815459075
  258     -3.835750260159     -0.000000000001     -4.697815459075
  258     -3.835750260165      6.643714335750     -4.697815459075
  258      7.671500520294      0.000000000010     -4.697815459075
  258      3.835750260140      6.643714335750     -4.697815459075
  258      0.000000000000      6.643714335750     -4.697815459075
  258      5.753625390243     -3.321857167875     -4.697815459075
  258      9.589375650380     -3.321857167875     -4.697815459075
  258      5.753625390228      3.321857167862     -4.697815459075
  258     -7.671500520307      6.643714335750     -4.697815459075
  258     -5.753625390224      3.321857167861     -4.697815459075
    8     -1.917875130080      1.107285722623     -5.480784702254
    8      1.917875130079      1.107285722623     -5.480784702254
    8      0.000000000001     -2.214571445246     -5.480784702254
    8     -3.835750260160      4.429142890495     -5.480784702254
    8      5.753625390238      1.107285722622     -5.480784702254
    8     -1.917875130078     -5.536428613117     -5.480784702254
    8      1.917875130078     -5.536428613117     -5.480784702254
    8      3.835750260160      4.429142890495     -5.480784702254
    8     -5.753625390238      1.107285722622     -5.480784702254
    8      0.000000000000      4.429142890495     -5.480784702254
    8      3.835750260158     -2.214571445248     -5.480784702254
    8     -3.835750260158     -2.214571445248     -5.480784702254
    8      5.753625390243     -5.536428613123     -5.480784702254
    8     -7.671500520276     -2.214571445257     -5.480784702254
    8      1.917875130032      7.751000058380     -5.480784702254
    8      7.671500520293      4.429142890500     -5.480784702254
   14     -3.822017642481     -4.185350475143      7.231146568937
    8     -4.995301570786     -3.153705642008      7.744454057881
    8     -3.701211785973     -5.452193965677      8.257838791890
    8     -2.393389224888     -3.354031022550      7.126273721214
    6     -6.313445427427     -3.677203832201      8.023405030326
    6     -1.356452124561     -3.337993986128      8.124620942041
    6     -3.667548161241     -5.296653860525      9.676538924105
    6     -7.369637290685     -2.615881157819      7.740732947933
    6     -0.329182740434     -2.274584546054      7.844525464860
    6      3.220454305549      6.889934353419     10.334521226885
    1      6.977767275928     -2.995392862180      7.988564055318
    1      0.459989355788     -2.276299946913      8.604998549341
    1      3.203667147310      7.032347870735     11.417751415922
    1     -7.189469009434     -1.710614338550      8.341648891254
    1     -7.375656860977     -2.324858690333      6.684918592353
    1     -6.346610245913     -4.005190317107      9.081184302084
    1     -6.496919847903     -4.566488610939      7.385571047345
    1      2.189152570385      6.880477761386      9.970802711894
    1      3.655660333508      5.909994349720     10.128283566018
    1     -2.618480679872     -5.309405092922     10.008444874262
    1     -4.077195252010     -4.315107323885      9.952306258622
    1     -1.819228853921     -3.182858173029      9.100904770878
    1     -0.887995212061     -4.325556934262      8.123654904245
    1     -0.795659859563     -1.301220765627      7.831967837928
    1      0.146766273978     -2.438421393159      6.893347187376
    8      3.786884620215      4.410882963901      6.145478552410
    6      3.604411050936      4.325714361880      7.525448197131
    6      2.136550974389      4.500729766050      7.925524429804
    1      1.501766972844      3.725748947723      7.462022805599
    1      3.967417290511      3.339223776339      7.887241173905
    1      4.232596853340      5.085549014923      8.032721967284
    1      1.739211035591      5.470021102658      7.593137108654
    1      1.995084384842      4.419353754731      9.013537043297
    0    0
