   2   1   1 E -4.0953652096032E+04 DE 1.7E-07(  6)
  0.153430010406E+02  0.000000000000E+00  0.000000000000E+00
 -0.767150052032E+01  0.132874286715E+02  0.000000000000E+00
  0.000000000000E+00  0.000000000000E+00  0.500000000000E+03
    1
  0.100000000000E+01  0.000000000000E+00  0.000000000000E+00
  0.000000000000E+00  0.100000000000E+01  0.000000000000E+00
  0.000000000000E+00  0.000000000000E+00  0.100000000000E+01
  0.000000000000E+00  0.000000000000E+00  0.000000000000E+00
  225
    8      0.057888229790      2.234401572620      5.437382252368
    8      1.920722559665     -1.124606319056      5.400592284713
    8     -1.883959362313     -1.040683483202      5.331307527175
    8     -1.939585124795      5.548453176546      5.387690637266
    8      5.772929515675     -1.129863660552      5.403150115588
    8     -4.081462615202     -4.663762215784      5.901628678334
    8      3.838844538501     -4.417898807197      5.402106013495
    8      1.771693257310      5.614065087354      5.213564009943
    8     -5.780011872306     -1.099220901634      5.347369249509
    8      3.848699895479      2.015048072971      5.313689064662
    8      0.057670627480     -4.391125798898      5.398700082089
    8     -3.836380520666      2.182547665502      5.397465348031
    8      7.649390834725     -4.389242455764      5.404108293015
    8      7.631588474491      2.227176359087      5.422080319141
    8     -1.793754735661     -7.693614720229      5.248956936759
    8      1.924195708563     -7.737102431640      5.397017934416
  258      0.032725194694      0.037104733803      4.634110558971
  258     -1.910371563761      3.334427954977      4.634385207403
  258      3.844214629711     -0.027691297147      4.620164581389
  258     -1.782124489523     -3.248863923973      4.658720758815
  258      1.953641413280     -3.312624410469      4.637479200931
  258      1.956585580971      3.311541015973      4.706438185103
  258     -3.831996468773      0.019700130561      4.658782900883
  258     -3.838208744457      6.640132500750      4.636955193221
  258      7.651136771237      0.018830243922      4.634727296370
  258      3.823622110293      6.450685790843      4.722523938456
  258     -0.036909654091      6.657370707935      4.607890632791
  258      5.736569630628     -3.309733281107      4.637263048999
  258     -5.852999963982     -3.282565341636      4.616476628098
  258      5.717833861507      3.310575147240      4.709447240047
  258      0.027998155104     -6.634660025386      4.633115012662
  258     -5.764151406436      3.326849156605      4.637095702086
    8     -1.899394899443      1.150891370190      3.854282122894
    8      1.893718951458      1.096504353202      3.835911785776
    8      0.026454183008     -2.202947509110      3.855233670832
    8     -3.841240239756      4.422987827433      3.859460121435
    8      5.788967489034      1.088461578374      3.835191881022
    8     -2.019141999385     -5.411137684695      3.950247717246
    8      1.935565526460     -5.532718206263      3.840311801131
    8      3.834393186114      4.368809646705      3.789582857713
    8     -5.762455787025      1.126955996123      3.861974649038
    8     -0.054612581290      4.399726830004      3.836598890549
    8      3.844836917055     -2.225681079939      3.836843597212
    8     -3.819679358322     -2.364638492790      3.973817963601
    8      5.740809762742     -5.523010590674      3.839984198820
    8      7.645249601715     -2.212345903264      3.837277165628
    8     -5.718073181002     -5.442842645000      3.851426430823
    8     -7.624610788590      4.407106876373      3.845368746753
    8     -0.005815308219      0.000537128255      2.330844122455
    8     -1.936786674274      3.323691972132      2.324717530545
    8      3.838201600465     -0.002921869603      2.319031427805
    8     -1.885122394130     -3.285800783863      2.330487835888
    8      1.924158046082     -3.318063937945      2.326426201104
    8      1.909056347974      3.317348885689      2.343848478542
    8     -3.831408354318     -0.048204879805      2.403355339289
    8     -3.834957770200      6.638225857780      2.334727559307
    8     -7.658764258793     -0.002203200546      2.327778615227
    8      3.842892710787      6.605261592035      2.386227087564
    8      0.008630612210      6.652437946403      2.344274788129
    8      5.748712624647     -3.320023242997      2.319377990746
    8     -5.768898703740     -3.277183629351      2.334779853998
    8      5.763496376958      3.316096627174      2.352708757141
    8     -0.039976129257     -6.617640517654      2.377432796179
    8     -5.743215688598      3.315535195074      2.332414972820
  258     -1.914368238742      1.108190130464      1.538121233046
  258      1.918646458753      1.117631914328      1.534377337857
  258      0.010182588742     -2.206896954289      1.519847574440
  258     -3.838944411200      4.427899664231      1.537384250565
  258      5.757517279863      1.115982360213      1.535943466607
  258     -1.938178280352     -5.530342072307      1.585900201839
  258      1.915267568413     -5.531400011328      1.529294144272
  258      3.836835025911      4.418563821222      1.523032325309
  258     -5.755294533396      1.104108136626      1.538139513047
  258      0.005734042598      4.420975041566      1.545948945572
  258      3.838400821114     -2.212555805107      1.514373134895
  258     -3.828254049892     -2.223792513872      1.563423504847
  258      5.751170297389     -5.532159322570      1.522092070946
  258      7.664858055828     -2.207203731175      1.515294054004
  258     -5.740386729926     -5.538229989218      1.565503363131
  258      7.659528129571      4.422257073390      1.553087477418
    8     -0.004814328910      2.213331305511      0.756034506010
    8      1.917662114698     -1.104169639234      0.745224558942
    8     -1.927208742173     -1.096539949573      0.755379418510
    8     -1.915251135343      5.542164248367      0.755290326836
    8      5.756795432929     -1.103577065454      0.744104844618
    8     -3.833147122922     -4.432770711329      0.801438154699
    8      3.832340780581     -4.431869118910      0.745568310026
    8      1.922167570449      5.540881641755      0.759809192753
    8     -5.737089136854     -1.096871054116      0.753136266606
    8      3.837987325655      2.218163448700      0.749727510061
    8     -0.000971999492     -4.432852195724      0.762525795817
    8     -3.837405898922      2.187055342755      0.765516108373
    8     -7.666614109246     -4.429107987476      0.757689677233
    8     -7.668250975558      2.215247600007      0.758346824397
    8     -1.918645604645     -7.745554990390      0.765120921660
    8      1.900138524061     -7.740595561097      0.770081170866
    8     -1.918163568289      1.108912144433     -0.817273014427
    8      1.917162765288      1.110783068686     -0.821181118884
    8     -0.003358770699     -2.214845432297     -0.816200280940
    8     -3.842061948658      4.423735620004     -0.804092087895
    8      5.755860193738      1.110612922143     -0.821821606505
    8     -1.928378925546     -5.530392311627     -0.793369953647
    8      1.914546674858     -5.537790486147     -0.817081033739
    8      3.837004194048      4.430681541840     -0.826764250703
    8     -5.754292504010      1.108997099617     -0.816718219103
    8      0.001105341647      4.427924297674     -0.815777149127
    8      3.836635676858     -2.214720988392     -0.823892595544
    8     -3.832377265521     -2.228422255553     -0.795262074416
    8      5.755130538796     -5.535177023157     -0.819710857542
    8     -7.666149661431     -2.213166468269     -0.819679670154
    8     -5.742707439130     -5.531558484015     -0.804457062694
    8      7.669674907413      4.428708301577     -0.812073372280
  258      0.000156063328      2.216279885045     -1.595820717900
  258      1.917138532198     -1.104379288080     -1.600918189311
  258     -1.921246746046     -1.108038692634     -1.592239433861
  258     -1.916683708541      5.534716462344     -1.591920923847
  258      5.755574999674     -1.103690658442     -1.601958445545
  258     -3.833820260731     -4.430845719879     -1.587103283395
  258      3.834585478911     -4.429696593789     -1.601525199186
  258      1.917983147132      5.539865990334     -1.590603944519
  258     -5.748122264885     -1.108100783960     -1.592348389005
  258      3.836815716437      2.215960667330     -1.600099360384
  258     -0.007585582683     -4.432238137547     -1.587960436902
  258     -3.836895706571      2.212644919143     -1.593012635599
  258     -7.665016211258     -4.430938490435     -1.592669606108
  258      7.670874507245      2.216962537286     -1.595082241305
  258     -1.917796172377     -7.744928511136     -1.586548929634
  258      1.912844461930     -7.752340247909     -1.590435135973
    8     -0.001434318690     -0.000694646841     -2.397468071857
    8     -1.921298695090      3.324190004006     -2.395679782278
    8      3.835913953005      0.000854343460     -2.400765227231
    8     -1.920225268680     -3.323464057627     -2.394763493213
    8      1.915255853641     -3.322070846659     -2.396917742547
    8      1.917077718784      3.323758330424     -2.398352934160
    8     -3.835563356949     -0.004614081111     -2.393244495957
    8     -3.836923431008      6.640461206568     -2.394557347222
    8     -7.669356183919     -0.000366582985     -2.398092195072
    8     -3.834003089498     -6.638605498416     -2.394820749436
    8      0.003150566253      6.645912369509     -2.393685354088
    8      5.756019226529     -3.321301169819     -2.398108521200
    8     -5.749354598341     -3.322095817571     -2.395004818240
    8      5.755119195428      3.324526935840     -2.397693872307
    8     -0.004621195761     -6.641265236867     -2.392147466983
    8     -5.753020719345      3.324089589656     -2.396440167272
    8      0.000000000000      2.214571445248     -3.914846215896
    8      1.917875130079     -1.107285722624     -3.914846215896
    8     -1.917875130079     -1.107285722624     -3.914846215896
    8     -1.917875130080      5.536428613118     -3.914846215896
    8      5.753625390237     -1.107285722624     -3.914846215896
    8     -3.835750260157     -4.429142890494     -3.914846215896
    8      3.835750260157     -4.429142890494     -3.914846215896
    8      1.917875130080      5.536428613118     -3.914846215896
    8     -5.753625390237     -1.107285722624     -3.914846215896
    8      3.835750260159      2.214571445247     -3.914846215896
    8     -0.000000000001     -4.429142890492     -3.914846215896
    8     -3.835750260158      2.214571445246     -3.914846215896
    8     -7.671500520293     -4.429142890500     -3.914846215896
    8     -7.671500520300      2.214571445248     -3.914846215896
    8      5.753625390229      5.536428613098     -3.914846215896
    8      1.917875130071     -7.751000058346     -3.914846215896
  258      0.000000000000      0.000000000000     -4.697815459075
  258     -1.917875130080      3.321857167872     -4.697815459075
  258      3.835750260159     -0.000000000001     -4.697815459075
  258     -1.917875130079     -3.321857167871     -4.697815459075
  258      1.917875130079     -3.321857167871     -4.697815459075
  258      1.917875130080      3.321857167872     -4.697815459075
  258     -3.835750260159     -0.000000000001     -4.697815459075
  258     -3.835750260165      6.643714335750     -4.697815459075
  258      7.671500520294      0.000000000010     -4.697815459075
  258      3.835750260140      6.643714335750     -4.697815459075
  258      0.000000000000      6.643714335750     -4.697815459075
  258      5.753625390243     -3.321857167875     -4.697815459075
  258      9.589375650380     -3.321857167875     -4.697815459075
  258      5.753625390228      3.321857167862     -4.697815459075
  258     -7.671500520307      6.643714335750     -4.697815459075
  258     -5.753625390224      3.321857167861     -4.697815459075
    8     -1.917875130080      1.107285722623     -5.480784702254
    8      1.917875130079      1.107285722623     -5.480784702254
    8      0.000000000001     -2.214571445246     -5.480784702254
    8     -3.835750260160      4.429142890495     -5.480784702254
    8      5.753625390238      1.107285722622     -5.480784702254
    8     -1.917875130078     -5.536428613117     -5.480784702254
    8      1.917875130078     -5.536428613117     -5.480784702254
    8      3.835750260160      4.429142890495     -5.480784702254
    8     -5.753625390238      1.107285722622     -5.480784702254
    8      0.000000000000      4.429142890495     -5.480784702254
    8      3.835750260158     -2.214571445248     -5.480784702254
    8     -3.835750260158     -2.214571445248     -5.480784702254
    8      5.753625390243     -5.536428613123     -5.480784702254
    8     -7.671500520276     -2.214571445257     -5.480784702254
    8      1.917875130032      7.751000058380     -5.480784702254
    8      7.671500520293      4.429142890500     -5.480784702254
   14     -3.725166816660     -4.212572859867      7.396382925289
    8     -4.851057380826     -3.175138712552      8.004078196603
    8     -3.534644643307     -5.498468179137      8.398616402949
    8     -2.292935552309     -3.380466986774      7.231468821548
    6     -6.166638197327     -3.674506538555      8.332005567491
    6     -1.294880962909     -3.277021208030      8.267436807316
    6     -3.539735376597     -5.383866880583      9.827782336360
    6     -7.173039123822     -2.542677709376      8.245116253382
    6     -0.405955248563     -2.073807486528      8.021561017481
    6      3.260493124181      6.817478923882     10.429798166299
    1      7.175311021852     -2.909832968858      8.527595965276
    1      0.321322790194     -1.982636771863      8.838332015112
    1      3.261356216612      6.894349887631     11.525084876620
    1     -6.897677788137     -1.721396917682      8.914586244680
    1     -7.230079197179     -2.147010875339      7.226939263064
    1     -6.139890917858     -4.105987543695      9.345256498710
    1     -6.456335617430     -4.472560075121      7.628903313583
    1      2.229268858512      6.908830104958     10.074536583543
    1      3.628008157448      5.828948263418     10.145815201113
    1     -2.502598450875     -5.474244659835     10.186169165411
    1     -3.906183746116     -4.387756016512     10.128476885931
    1     -1.800652580757     -3.191372880127      9.241835245439
    1     -0.709088098577     -4.206780563557      8.264547783807
    1     -1.000333080694     -1.158053467784      7.966368866546
    1      0.148959442375     -2.177645000606      7.085027088718
    8      3.789201810466      4.416760942695      6.279169871358
    6      3.671560650052      4.296205899768      7.660908844974
    6      2.235375856602      4.511957331792      8.153748694962
    1      1.537454310051      3.810650529133      7.668034482141
    1      4.000698262635      3.283410139499      7.984111763415
    1      4.336988908310      5.018184811994      8.178022047691
    1      1.892192624996      5.524798777520      7.921023710320
    1      2.153229558118      4.351429113673      9.237492340036
    0    0
