   2   1   1 E -4.0953660219177E+04 DE-2.3E-07( 10)
  0.153430010406E+02  0.000000000000E+00  0.000000000000E+00
 -0.767150052032E+01  0.132874286715E+02  0.000000000000E+00
  0.000000000000E+00  0.000000000000E+00  0.500000000000E+03
    1
  0.100000000000E+01  0.000000000000E+00  0.000000000000E+00
  0.000000000000E+00  0.100000000000E+01  0.000000000000E+00
  0.000000000000E+00  0.000000000000E+00  0.100000000000E+01
  0.000000000000E+00  0.000000000000E+00  0.000000000000E+00
  225
    8      0.058880118070      2.235174404224      5.408076472890
    8      1.918818654937     -1.124338759515      5.370684299546
    8     -1.885444608299     -1.041511244215      5.302395875395
    8     -1.939602011578      5.548736722289      5.356670980272
    8      5.773256460456     -1.130169872610      5.373840282865
    8     -4.083647987756     -4.666969851203      5.873651120394
    8      3.837653954000     -4.416314432150      5.372301586613
    8      1.771861374994      5.615267518058      5.187401032890
    8     -5.780768756018     -1.101714690909      5.319406343644
    8      3.848020337825      2.014075096394      5.284148173947
    8      0.054937992205     -4.391184831700      5.369098612998
    8     -3.836292066184      2.181857014796      5.366159523650
    8      7.649618420142     -4.388455427638      5.375535699577
    8      7.629274802150      2.226919455293      5.390554917696
    8     -1.796730388162     -7.693909054878      5.224589531798
    8      1.922684449872     -7.737576739085      5.364293302818
  258      0.033063751620      0.035808368037      4.599611416877
  258     -1.907294469139      3.334409178058      4.594284053206
  258      3.845081475189     -0.026352168146      4.581029901605
  258     -1.781419933607     -3.249358197584      4.631105210163
  258      1.953358740903     -3.313643989354      4.602591738973
  258      1.958477086106      3.311482841090      4.674502043532
  258     -3.830397815401      0.015233211676      4.626831192207
  258     -3.836631673857      6.640763662760      4.594897010928
  258      7.653172296417      0.017402050648      4.598333850552
  258      3.823057924744      6.448859063164      4.697068140952
  258     -0.031860445960      6.658499878181      4.576075535142
  258      5.740204576859     -3.308269593028      4.601297897997
  258     -5.852158834551     -3.282740156715      4.590863150583
  258      5.718103072075      3.309534803983      4.672909046897
  258      0.024550999208     -6.633044974893      4.602046172916
  258     -5.763341708732      3.326950464019      4.594899288732
    8     -1.900337624296      1.148723562557      3.830253201251
    8      1.894288889663      1.096487584820      3.811793686146
    8      0.026182637354     -2.202181963909      3.832917139227
    8     -3.841566934407      4.422919566162      3.833923493530
    8      5.786934400060      1.087331444309      3.809771951185
    8     -2.016565341631     -5.413053422282      3.924516473022
    8      1.933740444577     -5.531293766815      3.816181703558
    8      3.833625340127      4.367513880040      3.765387421219
    8     -5.762988676142      1.125023557065      3.838153160777
    8     -0.052348499611      4.402000561219      3.811053568316
    8      3.844002941575     -2.224762438863      3.812057741917
    8     -3.820190338865     -2.362356978570      3.949192263228
    8      5.740870785425     -5.522164011616      3.815495603171
    8      7.645537530945     -2.211751524979      3.813347138875
    8     -5.720586048231     -5.443800501616      3.826829068220
    8     -7.628200198451      4.409652530574      3.819830248593
    8     -0.005647571726     -0.000096026739      2.312545191699
    8     -1.936275882719      3.323433301921      2.306291459831
    8      3.837910216245     -0.003067054705      2.297916620681
    8     -1.885409879715     -3.285660938261      2.314636578133
    8      1.923355956016     -3.317341413973      2.307720246469
    8      1.909078431132      3.317127509779      2.327167584388
    8     -3.831790879333     -0.047971098663      2.382867896504
    8     -3.835478404660      6.638317103034      2.314736371901
    8     -7.659080826182     -0.002683513329      2.308871604548
    8      3.841921308975      6.603867341569      2.369816232897
    8      0.007893091018      6.653069880655      2.323898540293
    8      5.749034653551     -3.319356781924      2.300809138850
    8     -5.769337255311     -3.277594257741      2.318203166465
    8      5.762666713002      3.315828108922      2.335100953625
    8     -0.039747451494     -6.617244738264      2.356663547321
    8     -5.743847623227      3.314993609885      2.313136856594
  258     -1.913579551465      1.107212587813      1.518531814480
  258      1.919009089584      1.117914321942      1.515047965617
  258      0.009986330439     -2.207313246279      1.501301828992
  258     -3.838104994477      4.427860097397      1.516187164311
  258      5.758183677453      1.116668899894      1.515673721723
  258     -1.938654540558     -5.530488294564      1.568410190541
  258      1.915295854176     -5.530199297302      1.509307720988
  258      3.836666116492      4.418464780547      1.505138534637
  258     -5.754614382756      1.103207086929      1.518147980055
  258      0.007523897720      4.421506646788      1.526457446446
  258      3.838764744637     -2.212647351547      1.494605287287
  258     -3.827573073397     -2.225032567020      1.546667493145
  258      5.752951682284     -5.531063160691      1.502246027636
  258      7.666344505000     -2.206817453165      1.496220882945
  258     -5.739111729669     -5.537304992185      1.548394013129
  258      7.659174543229      4.423791950294      1.533185827086
    8     -0.005003459115      2.213145025585      0.745155745844
    8      1.917025061862     -1.104239594418      0.734231237960
    8     -1.927364528862     -1.097394876092      0.745060770979
    8     -1.915567287073      5.542171837237      0.744343380522
    8      5.756529756188     -1.104054570468      0.732800813390
    8     -3.833380950122     -4.432115687348      0.790264687711
    8      3.831847929151     -4.431724655254      0.734635134026
    8      1.921851730569      5.540949770346      0.748755440999
    8     -5.737383067702     -1.097550290416      0.742466457857
    8      3.837302905056      2.217771434558      0.738231753911
    8     -0.002515135593     -4.432726786462      0.752187149844
    8     -3.837449287774      2.188063850977      0.754277713535
    8     -7.666593042810     -4.428854767326      0.746717665265
    8     -7.668532850178      2.215087857835      0.747209585569
    8     -1.919843246428     -7.745940885413      0.754060557782
    8      1.900255353769     -7.740769349438      0.758619967504
    8     -1.917934388856      1.108475742825     -0.825802045107
    8      1.917277069005      1.110705586498     -0.830258956829
    8     -0.003148072229     -2.214974099155     -0.825227878544
    8     -3.841106470653      4.424315618303     -0.813486385631
    8      5.756277568910      1.110474893028     -0.830952085989
    8     -1.928327893364     -5.530634607632     -0.801405046817
    8      1.914585325839     -5.537637799123     -0.825915627120
    8      3.837036034762      4.430502788282     -0.836140970929
    8     -5.753281930605      1.109120010523     -0.825198475187
    8      0.001546059826      4.427771744223     -0.824700409729
    8      3.836830228014     -2.214905955578     -0.833278709753
    8     -3.832013264607     -2.228243358420     -0.803701910959
    8      5.755667528224     -5.535008195118     -0.828941794136
    8     -7.665249455832     -2.212728331865     -0.828963050653
    8     -5.742193690665     -5.531533455583     -0.813159683577
    8      7.669993004108      4.429276571603     -0.820606051603
  258     -0.000357634988      2.216355405407     -1.597118310321
  258      1.916393925029     -1.104160126951     -1.602132278748
  258     -1.922048730530     -1.108195835639     -1.593360620717
  258     -1.917040458241      5.534923771536     -1.593054211420
  258      5.754662241341     -1.104340010808     -1.603292904412
  258     -3.834284370341     -4.430760748610     -1.588127992353
  258      3.833785487703     -4.429694271316     -1.602964444426
  258      1.917546382267      5.540147528525     -1.591295216435
  258     -5.748404821855     -1.108149456661     -1.593721014191
  258      3.836030098153      2.216061379400     -1.601428636629
  258     -0.008715786214     -4.432348635991     -1.588941773272
  258     -3.837342684251      2.212668229978     -1.594293250604
  258     -7.665014590635     -4.430896714608     -1.593687486027
  258      7.669810782904      2.216295202228     -1.596457029530
  258     -1.918876430416     -7.745230570100     -1.587833961507
  258      1.911529194249     -7.752785855647     -1.591652164602
    8     -0.001192259064     -0.000765386795     -2.401105497343
    8     -1.920908090398      3.324007511410     -2.399454347398
    8      3.836478605786      0.001264491910     -2.404574475230
    8     -1.920025972494     -3.323590094780     -2.398319820620
    8      1.915508783416     -3.322152808186     -2.400569672685
    8      1.917321375133      3.323630925068     -2.402072378096
    8     -3.835158991978     -0.004550092508     -2.397155189708
    8     -3.836754290069      6.640541091229     -2.398272851478
    8     -7.668974570812     -0.000416031387     -2.401744969962
    8     -3.833447128893     -6.638095816106     -2.398170468780
    8      0.003511707367      6.645951367628     -2.397470587952
    8      5.756362011655     -3.321392312216     -2.401575841829
    8     -5.748894739587     -3.322124241147     -2.398672117387
    8      5.755868853288      3.324782793120     -2.401302696587
    8     -0.004105851711     -6.640859747607     -2.395987184860
    8     -5.752759545386      3.323822248332     -2.399800357360
    8      0.000000000000      2.214571445248     -3.914846215896
    8      1.917875130079     -1.107285722624     -3.914846215896
    8     -1.917875130079     -1.107285722624     -3.914846215896
    8     -1.917875130080      5.536428613118     -3.914846215896
    8      5.753625390237     -1.107285722624     -3.914846215896
    8     -3.835750260157     -4.429142890494     -3.914846215896
    8      3.835750260157     -4.429142890494     -3.914846215896
    8      1.917875130080      5.536428613118     -3.914846215896
    8     -5.753625390237     -1.107285722624     -3.914846215896
    8      3.835750260159      2.214571445247     -3.914846215896
    8     -0.000000000001     -4.429142890492     -3.914846215896
    8     -3.835750260158      2.214571445246     -3.914846215896
    8     -7.671500520293     -4.429142890500     -3.914846215896
    8     -7.671500520300      2.214571445248     -3.914846215896
    8      5.753625390229      5.536428613098     -3.914846215896
    8      1.917875130071     -7.751000058346     -3.914846215896
  258      0.000000000000      0.000000000000     -4.697815459075
  258     -1.917875130080      3.321857167872     -4.697815459075
  258      3.835750260159     -0.000000000001     -4.697815459075
  258     -1.917875130079     -3.321857167871     -4.697815459075
  258      1.917875130079     -3.321857167871     -4.697815459075
  258      1.917875130080      3.321857167872     -4.697815459075
  258     -3.835750260159     -0.000000000001     -4.697815459075
  258     -3.835750260165      6.643714335750     -4.697815459075
  258      7.671500520294      0.000000000010     -4.697815459075
  258      3.835750260140      6.643714335750     -4.697815459075
  258      0.000000000000      6.643714335750     -4.697815459075
  258      5.753625390243     -3.321857167875     -4.697815459075
  258      9.589375650380     -3.321857167875     -4.697815459075
  258      5.753625390228      3.321857167862     -4.697815459075
  258     -7.671500520307      6.643714335750     -4.697815459075
  258     -5.753625390224      3.321857167861     -4.697815459075
    8     -1.917875130080      1.107285722623     -5.480784702254
    8      1.917875130079      1.107285722623     -5.480784702254
    8      0.000000000001     -2.214571445246     -5.480784702254
    8     -3.835750260160      4.429142890495     -5.480784702254
    8      5.753625390238      1.107285722622     -5.480784702254
    8     -1.917875130078     -5.536428613117     -5.480784702254
    8      1.917875130078     -5.536428613117     -5.480784702254
    8      3.835750260160      4.429142890495     -5.480784702254
    8     -5.753625390238      1.107285722622     -5.480784702254
    8      0.000000000000      4.429142890495     -5.480784702254
    8      3.835750260158     -2.214571445248     -5.480784702254
    8     -3.835750260158     -2.214571445248     -5.480784702254
    8      5.753625390243     -5.536428613123     -5.480784702254
    8     -7.671500520276     -2.214571445257     -5.480784702254
    8      1.917875130032      7.751000058380     -5.480784702254
    8      7.671500520293      4.429142890500     -5.480784702254
   14     -3.737901245231     -4.210860818222      7.366550969810
    8     -4.871338942051     -3.177989904283      7.960523428312
    8     -3.548743810380     -5.488553211988      8.376289139317
    8     -2.309328522142     -3.377252277968      7.205686937632
    6     -6.184959853787     -3.677506561126      8.288037502181
    6     -1.309705794707     -3.262943608238      8.236536179545
    6     -3.579500338193     -5.379984835892      9.805018308703
    6     -7.193762322834     -2.555531861753      8.200416708660
    6     -0.409668220754     -2.079361610461      7.972449183163
    6      3.193749036585      6.840222573049     10.392514600300
    1      7.157598145574     -2.924075546899      8.484385949363
    1      0.316011080808     -1.979260651625      8.787671736448
    1      3.168302917556      6.918035927809     11.486042104079
    1     -6.925008684791     -1.733088449562      8.868605062590
    1     -7.256819336428     -2.158580949813      7.186359304693
    1     -6.158860190053     -4.106739271584      9.301334260830
    1     -6.466925234641     -4.480108957474      7.590707157949
    1      2.170926364134      6.940580889615     10.016392400986
    1      3.552306518272      5.845399106325     10.127110605681
    1     -2.550699941655     -5.486578399844     10.183260617143
    1     -3.930796088006     -4.377905991307     10.098978844140
    1     -1.812621867614     -3.156491662292      9.208520838331
    1     -0.736395684112     -4.198158851492      8.252422033133
    1     -0.989323297371     -1.158378850969      7.900655732882
    1      0.147967223587     -2.202134903402      7.043719892927
    8      3.783856083213      4.413345591267      6.250372369505
    6      3.660058067334      4.287887207127      7.631547143589
    6      2.222171685790      4.474235296563      8.114835501123
    1      1.540430872862      3.758549715235      7.632147814208
    1      4.010255918803      3.283483151665      7.953052099853
    1      4.312344596270      5.019001304235      8.149176243282
    1      1.855373195484      5.476750546806      7.879690598937
    1      2.133894756576      4.316069309796      9.197684155778
    0    0
