   2   1   1 E -4.0953653135726E+04 DE-8.6E-08( 10)
  0.153430010406E+02  0.000000000000E+00  0.000000000000E+00
 -0.767150052032E+01  0.132874286715E+02  0.000000000000E+00
  0.000000000000E+00  0.000000000000E+00  0.500000000000E+03
    1
  0.100000000000E+01  0.000000000000E+00  0.000000000000E+00
  0.000000000000E+00  0.100000000000E+01  0.000000000000E+00
  0.000000000000E+00  0.000000000000E+00  0.100000000000E+01
  0.000000000000E+00  0.000000000000E+00  0.000000000000E+00
  225
    8      0.057967967258      2.234454064275      5.434095489288
    8      1.920550496082     -1.124541393886      5.397161829880
    8     -1.884084224135     -1.040782826859      5.328041661322
    8     -1.939492324652      5.548429081355      5.384178011242
    8      5.773017050561     -1.129893786921      5.399834458499
    8     -4.081254856641     -4.663964667468      5.899776844361
    8      3.838813206995     -4.417751297442      5.398763819561
    8      1.771912349190      5.614052412448      5.210878566357
    8     -5.780105518634     -1.099489816036      5.344221455327
    8      3.848514848084      2.015054264512      5.310425999823
    8      0.057392320061     -4.391057034165      5.395291177925
    8     -3.836452351510      2.182447907977      5.393867287634
    8      7.649551489116     -4.389216355787      5.400914532133
    8      7.631397113969      2.227101833349      5.418519135128
    8     -1.793976941685     -7.693530728117      5.246246432783
    8      1.924023991064     -7.737099143930      5.393330778638
  258      0.032684074592      0.037019290322      4.629970414241
  258     -1.910068476697      3.334404536862      4.629623151571
  258      3.844232210614     -0.027458522989      4.615484055491
  258     -1.782020588825     -3.248961095615      4.655715108851
  258      1.953613190566     -3.312780072269      4.633307065655
  258      1.956911534583      3.311646334618      4.702721002206
  258     -3.831880808676      0.019042650510      4.654991970317
  258     -3.838014606727      6.640179110455      4.631957547164
  258      7.651319771487      0.018580530286      4.630429669954
  258      3.823609581749      6.450430206030      4.719789186889
  258     -0.036175664135      6.657521014046      4.604203763058
  258      5.736981408718     -3.309579715661      4.633007478352
  258     -5.852772024361     -3.282569612068      4.613582268420
  258      5.717982374854      3.310525196224      4.705173892954
  258      0.027514225400     -6.634350849521      4.629395983280
  258     -5.764349096165      3.326855600114      4.632099334786
    8     -1.899550922655      1.150635712280      3.851580117624
    8      1.893800859101      1.096589983492      3.833242435714
    8      0.026377626524     -2.202844341761      3.852806824343
    8     -3.841270922040      4.422928605008      3.856615881960
    8      5.788707924704      1.088409585475      3.832381281790
    8     -2.018891269525     -5.411357293576      3.947573402454
    8      1.935372996267     -5.532496331719      3.837581219223
    8      3.834352598069      4.368732161652      3.787035333372
    8     -5.762484559307      1.126649425889      3.859353559614
    8     -0.054200866529      4.399984252368      3.833885132545
    8      3.844733610727     -2.225615986166      3.834066269270
    8     -3.819698866728     -2.364372962988      3.971194514484
    8      5.740859913531     -5.522934710457      3.837274656725
    8      7.645323122164     -2.212305433994      3.834681951634
    8     -5.718194968770     -5.443066134471      3.848936321572
    8     -7.625023349775      4.407477591884      3.842569722417
    8     -0.005802383323      0.000443049622      2.329114580439
    8     -1.936685226801      3.323694114591      2.322940956759
    8      3.838171555886     -0.002908811241      2.317005100323
    8     -1.885110472838     -3.285792750038      2.329139287005
    8      1.924023992840     -3.317944544752      2.324634808975
    8      1.909123486226      3.317380953727      2.342431756901
    8     -3.831434844996     -0.048271335236      2.401339467731
    8     -3.835006560555      6.638221130394      2.332750701198
    8     -7.658807360462     -0.002272564779      2.326019681157
    8      3.842877604187      6.605183913729      2.384789200398
    8      0.008576012767      6.652506603304      2.342281329350
    8      5.748760592970     -3.319972600824      2.317611187951
    8     -5.768860694863     -3.277263617740      2.333346486404
    8      5.763320673232      3.316080604873      2.351059350484
    8     -0.039992722661     -6.617494497139      2.375367756738
    8     -5.743230646918      3.315437675699      2.330570060077
  258     -1.914275192215      1.108089929068      1.536166080102
  258      1.918726779854      1.117697765070      1.532521972374
  258      0.010155772151     -2.206945693145      1.518045147038
  258     -3.838853442301      4.427894387594      1.535293086910
  258      5.757530389195      1.116126109222      1.534028854195
  258     -1.938240775227     -5.530345301939      1.584222208013
  258      1.915270116553     -5.531261114899      1.527296394209
  258      3.836858034643      4.418570714671      1.521403838090
  258     -5.755255461802      1.103982612879      1.536166230178
  258      0.005980715618      4.421038850547      1.544073295912
  258      3.838409134172     -2.212552756988      1.512446026809
  258     -3.828045245375     -2.224003724920      1.561932699910
  258      5.751353930584     -5.532066158677      1.520149052621
  258      7.665010120652     -2.207173583318      1.513461942466
  258     -5.740211667459     -5.538165380494      1.563936374149
  258      7.659416113736      4.422390276166      1.551125266148
    8     -0.004790768974      2.213321397936      0.755263538124
    8      1.917629176452     -1.104159176419      0.744443968226
    8     -1.927200741249     -1.096658294913      0.754709785296
    8     -1.915273871435      5.542155569154      0.754499077391
    8      5.756763919662     -1.103592531961      0.743314475958
    8     -3.833120191426     -4.432710539588      0.800682460334
    8      3.832271678185     -4.431848013437      0.744789317942
    8      1.922178112611      5.540905524033      0.759092698828
    8     -5.737130188499     -1.096965913188      0.752442663723
    8      3.837903549477      2.218140656572      0.748890972459
    8     -0.001131908365     -4.432832064043      0.761802933865
    8     -3.837397256837      2.187135071250      0.764698535146
    8     -7.666558186902     -4.429071537881      0.756941615822
    8     -7.668287445418      2.215248658629      0.757544439204
    8     -1.918763872373     -7.745581634881      0.764331736768
    8      1.900125488570     -7.740626641637      0.769242873976
    8     -1.918139564400      1.108851831155     -0.817776539593
    8      1.917174052041      1.110779391338     -0.821742431675
    8     -0.003331212771     -2.214859422166     -0.816732703836
    8     -3.841956805740      4.423797041864     -0.804673699160
    8      5.755895849154      1.110614656650     -0.822386889239
    8     -1.928390658868     -5.530406346734     -0.793788146196
    8      1.914571544074     -5.537770739026     -0.817631982717
    8      3.837005500354      4.430681851317     -0.827320351360
    8     -5.754210302082      1.109001034865     -0.817237490469
    8      0.001185067360      4.427913526224     -0.816337935596
    8      3.836650536928     -2.214750137217     -0.824474225550
    8     -3.832340250138     -2.228413947557     -0.795701970069
    8      5.755174813342     -5.535161301127     -0.820291876234
    8     -7.666087586346     -2.213115471311     -0.820253972002
    8     -5.742622832069     -5.531562290689     -0.804941127298
    8      7.669688845872      4.428756629302     -0.812599136769
  258      0.000125319813      2.216291476796     -1.595502676337
  258      1.917075405367     -1.104358945503     -1.600582274045
  258     -1.921327223476     -1.108056693887     -1.591900109808
  258     -1.916731906382      5.534726273465     -1.591587291038
  258      5.755482471682     -1.103773278337     -1.601636427725
  258     -3.833865031415     -4.430838324559     -1.586745800678
  258      3.834514726149     -4.429683130308     -1.601223599651
  258      1.917956937842      5.539875183825     -1.590195901571
  258     -5.748220869473     -1.108077618337     -1.592091588294
  258      3.836721358780      2.215984696944     -1.599770222925
  258     -0.007695112742     -4.432238507832     -1.587617920318
  258     -3.836949924552      2.212659150981     -1.592690401047
  258     -7.665012853586     -4.430918373443     -1.592287253329
  258      7.670767461575      2.216914790687     -1.594777973375
  258     -1.917915318039     -7.744960720419     -1.586226233272
  258      1.912728410054     -7.752401603633     -1.590111919250
    8     -0.001413044731     -0.000699183179     -2.397536952028
    8     -1.921252444344      3.324155813174     -2.395746536368
    8      3.835973731053      0.000897663344     -2.400878732649
    8     -1.920206582475     -3.323471650220     -2.394806041885
    8      1.915279478380     -3.322085050703     -2.396991780843
    8      1.917117015063      3.323741794906     -2.398419242864
    8     -3.835521472886     -0.004596184092     -2.393381899460
    8     -3.836914348125      6.640467251744     -2.394641141705
    8     -7.669342201052     -0.000372917232     -2.398191924182
    8     -3.833958299917     -6.638545806203     -2.394848917763
    8      0.003200912843      6.645932130421     -2.393787731582
    8      5.756050484647     -3.321310824097     -2.398122717551
    8     -5.749323512872     -3.322109605987     -2.395078799993
    8      5.755201728973      3.324545356043     -2.397769844637
    8     -0.004557466833     -6.641215524956     -2.392255881727
    8     -5.752995482908      3.324066445906     -2.396455414351
    8      0.000000000000      2.214571445248     -3.914846215896
    8      1.917875130079     -1.107285722624     -3.914846215896
    8     -1.917875130079     -1.107285722624     -3.914846215896
    8     -1.917875130080      5.536428613118     -3.914846215896
    8      5.753625390237     -1.107285722624     -3.914846215896
    8     -3.835750260157     -4.429142890494     -3.914846215896
    8      3.835750260157     -4.429142890494     -3.914846215896
    8      1.917875130080      5.536428613118     -3.914846215896
    8     -5.753625390237     -1.107285722624     -3.914846215896
    8      3.835750260159      2.214571445247     -3.914846215896
    8     -0.000000000001     -4.429142890492     -3.914846215896
    8     -3.835750260158      2.214571445246     -3.914846215896
    8     -7.671500520293     -4.429142890500     -3.914846215896
    8     -7.671500520300      2.214571445248     -3.914846215896
    8      5.753625390229      5.536428613098     -3.914846215896
    8      1.917875130071     -7.751000058346     -3.914846215896
  258      0.000000000000      0.000000000000     -4.697815459075
  258     -1.917875130080      3.321857167872     -4.697815459075
  258      3.835750260159     -0.000000000001     -4.697815459075
  258     -1.917875130079     -3.321857167871     -4.697815459075
  258      1.917875130079     -3.321857167871     -4.697815459075
  258      1.917875130080      3.321857167872     -4.697815459075
  258     -3.835750260159     -0.000000000001     -4.697815459075
  258     -3.835750260165      6.643714335750     -4.697815459075
  258      7.671500520294      0.000000000010     -4.697815459075
  258      3.835750260140      6.643714335750     -4.697815459075
  258      0.000000000000      6.643714335750     -4.697815459075
  258      5.753625390243     -3.321857167875     -4.697815459075
  258      9.589375650380     -3.321857167875     -4.697815459075
  258      5.753625390228      3.321857167862     -4.697815459075
  258     -7.671500520307      6.643714335750     -4.697815459075
  258     -5.753625390224      3.321857167861     -4.697815459075
    8     -1.917875130080      1.107285722623     -5.480784702254
    8      1.917875130079      1.107285722623     -5.480784702254
    8      0.000000000001     -2.214571445246     -5.480784702254
    8     -3.835750260160      4.429142890495     -5.480784702254
    8      5.753625390238      1.107285722622     -5.480784702254
    8     -1.917875130078     -5.536428613117     -5.480784702254
    8      1.917875130078     -5.536428613117     -5.480784702254
    8      3.835750260160      4.429142890495     -5.480784702254
    8     -5.753625390238      1.107285722622     -5.480784702254
    8      0.000000000000      4.429142890495     -5.480784702254
    8      3.835750260158     -2.214571445248     -5.480784702254
    8     -3.835750260158     -2.214571445248     -5.480784702254
    8      5.753625390243     -5.536428613123     -5.480784702254
    8     -7.671500520276     -2.214571445257     -5.480784702254
    8      1.917875130032      7.751000058380     -5.480784702254
    8      7.671500520293      4.429142890500     -5.480784702254
   14     -3.725204626453     -4.212842852181      7.394364374754
    8     -4.851176703283     -3.175431642712      8.001619670747
    8     -3.535153723905     -5.498080850699      8.397360683251
    8     -2.293297110290     -3.380899405913      7.229523164932
    6     -6.166806138977     -3.674226948580      8.329979794048
    6     -1.295047390284     -3.276744882100      8.265331232205
    6     -3.539665217642     -5.383890515313      9.826644698403
    6     -7.172830426857     -2.542711675165      8.243309246521
    6     -0.406237350037     -2.073989727842      8.019745498373
    6      3.260773587306      6.818005648253     10.429194135424
    1      7.175758826059     -2.909515708139      8.526010208581
    1      0.320784380141     -1.982732971972      8.836518484918
    1      3.261629252700      6.894759645268     11.524189128359
    1     -6.897862437870     -1.721689436452      8.912866761873
    1     -7.230412194833     -2.146729288796      7.225700814591
    1     -6.140181904823     -4.105198230921      9.343302710627
    1     -6.455884958267     -4.472774525192      7.627731332325
    1      2.229298242393      6.908861882986     10.074634820884
    1      3.628216673560      5.829169441604     10.146710718654
    1     -2.502532529599     -5.474378906777     10.185243769940
    1     -3.905348712792     -4.387688484471     10.127427950951
    1     -1.800595305398     -3.191122298113      9.239788606468
    1     -0.709470153795     -4.206537512364      8.263052701645
    1     -1.000050598411     -1.158150863865      7.964802983222
    1      0.148982435984     -2.177333063822      7.083691785640
    8      3.788371720227      4.416431676169      6.276578051241
    6      3.671267684119      4.296021117335      7.658426809194
    6      2.235768821135      4.511666163353      8.151501141288
    1      1.537534871276      3.810904759345      7.666496443767
    1      4.000714300074      3.283750944277      7.981742167657
    1      4.336680038184      5.017606861253      8.175339578728
    1      1.892186428449      5.524166839464      7.919364196609
    1      2.153168616472      4.350987142252      9.235022844296
    0    0
