   2   1   1 E -4.0953670125223E+04 DE 1.1E-08( 15)
  0.153430010406E+02  0.000000000000E+00  0.000000000000E+00
 -0.767150052032E+01  0.132874286715E+02  0.000000000000E+00
  0.000000000000E+00  0.000000000000E+00  0.500000000000E+03
    1
  0.100000000000E+01  0.000000000000E+00  0.000000000000E+00
  0.000000000000E+00  0.100000000000E+01  0.000000000000E+00
  0.000000000000E+00  0.000000000000E+00  0.100000000000E+01
  0.000000000000E+00  0.000000000000E+00  0.000000000000E+00
  225
    8      0.063233218207      2.238962479106      5.325304836612
    8      1.917209993468     -1.123358765661      5.282171765161
    8     -1.889716245817     -1.043264746977      5.212798902275
    8     -1.940325237845      5.549173548178      5.271368325548
    8      5.775958771212     -1.131891828667      5.289808625555
    8     -4.082132607331     -4.671849969059      5.732616691260
    8      3.836264268804     -4.411331804494      5.288766656444
    8      1.773582943288      5.623201333650      5.101174706489
    8     -5.779597799082     -1.106568750234      5.230136424683
    8      3.847161412820      2.008966794512      5.197813649019
    8      0.052071671906     -4.395300126833      5.275204178289
    8     -3.836364796180      2.182131114908      5.279388888710
    8      7.653900088974     -4.386921407802      5.286506171186
    8      7.621766754062      2.228325913130      5.300813331195
    8     -1.802606652831     -7.689526983386      5.143741055099
    8      1.918743461610     -7.739698005148      5.272279357734
  258      0.037971714640      0.034130635915      4.507972248202
  258     -1.897971922695      3.335588070844      4.494186267809
  258      3.849807283666     -0.025636967636      4.481410782225
  258     -1.774002356394     -3.254005067050      4.540844615455
  258      1.960545046476     -3.317549912859      4.510010695889
  258      1.965703366727      3.309778254500      4.585049086136
  258     -3.823621865913      0.011852178340      4.539779566748
  258     -3.829110752709      6.641034219459      4.489949489166
  258      7.660781444298      0.018110155520      4.501074482273
  258      3.825075186432      6.444203713988      4.600299456885
  258     -0.021524052827      6.658697549718      4.485687749125
  258      5.750145459147     -3.304662602096      4.506387931539
  258     -5.846296481127     -3.281808234027      4.509784589246
  258      5.722683775779      3.305819308517      4.572218504029
  258      0.023457118599     -6.630759590388      4.514479557667
  258     -5.756604182447      3.329040111142      4.489241144334
    8     -1.900723679379      1.147061280159      3.757243556296
    8      1.896237596747      1.095853292623      3.736775614143
    8      0.029368766980     -2.200971253777      3.758300682897
    8     -3.840673804338      4.422886308155      3.758992733878
    8      5.783178488267      1.082478882568      3.732146589505
    8     -2.004292551796     -5.425322020150      3.834242402043
    8      1.934149803778     -5.528262567936      3.742842674217
    8      3.834234287463      4.361945521786      3.677310046992
    8     -5.764211951533      1.123316531655      3.765430892221
    8     -0.047124677106      4.406878082288      3.732835983066
    8      3.844279309930     -2.222854655295      3.736958174053
    8     -3.818637158267     -2.357038004145      3.868841973523
    8      5.740954507881     -5.520859354834      3.740474330936
    8      7.648814765075     -2.209647291133      3.736229511904
    8     -5.722777239100     -5.444842092124      3.747022992790
    8     -7.633341329364      4.414409869721      3.740782822083
    8     -0.004305266684     -0.000126465877      2.246720350317
    8     -1.933971198673      3.323417704618      2.239546679702
    8      3.838238525513     -0.003731376796      2.224834862808
    8     -1.883027588857     -3.286032205509      2.249067085386
    8      1.924816592834     -3.316378483198      2.240382156617
    8      1.908979233232      3.314943444924      2.262347353158
    8     -3.831267680245     -0.042594936807      2.312455444956
    8     -3.835333226921      6.637245895852      2.244598041820
    8     -7.658670019439     -0.002280615004      2.240406753099
    8      3.841072608822      6.597358896421      2.302151452936
    8      0.004428301097      6.652590535118      2.251432002892
    8      5.750551142678     -3.317851254743      2.234174175530
    8     -5.768730869668     -3.278127239872      2.254326338314
    8      5.764108694893      3.312026147062      2.266987625705
    8     -0.033225473297     -6.619165820199      2.283452235652
    8     -5.743275420673      3.313464656539      2.243621547717
  258     -1.910052145197      1.105581761381      1.455022223731
  258      1.921134254667      1.118201267097      1.451548979913
  258      0.012944517709     -2.208173112902      1.440017362557
  258     -3.833354266100      4.427650676335      1.447964877374
  258      5.762363275030      1.117743765732      1.448320768228
  258     -1.935246372574     -5.533568022549      1.507068246457
  258      1.918485134124     -5.528110481608      1.444728512597
  258      3.837806936337      4.416282001733      1.440473991150
  258     -5.749753643289      1.101803049601      1.453094021239
  258      0.013343317926      4.422435780197      1.462028866934
  258      3.841657204849     -2.212978382063      1.430861951222
  258     -3.823620803964     -2.226490161828      1.489145300299
  258      5.759703891071     -5.528562735729      1.437807597115
  258      7.672233034589     -2.204818576877      1.432220378264
  258     -5.733070768560     -5.535475220392      1.488409291522
  258      7.662281348938      4.428165956492      1.466521396668
    8     -0.004792137018      2.212589679533      0.699872857915
    8      1.916496233261     -1.104284804813      0.689660114650
    8     -1.925856175067     -1.098141409761      0.701620327439
    8     -1.916023937872      5.541871048751      0.699137436965
    8      5.756702356076     -1.105855424518      0.687211840867
    8     -3.831405219899     -4.431523524029      0.743439521106
    8      3.831826055032     -4.432263536118      0.690415677789
    8      1.922200570312      5.539503243670      0.701837321668
    8     -5.737196231002     -1.097985082796      0.698243636939
    8      3.836178596616      2.215612164919      0.691005642751
    8     -0.003178442538     -4.433421058506      0.708104805138
    8     -3.835933262854      2.191451434586      0.708397078957
    8     -7.665955695655     -4.427964948612      0.701058715207
    8     -7.667148889360      2.214477156039      0.700608396704
    8     -1.920889716149     -7.749812083670      0.706820890594
    8      1.903084322865     -7.741973712274      0.712054934728
    8     -1.916548350915      1.107586002768     -0.864524668388
    8      1.918155289711      1.110186481790     -0.870711157280
    8     -0.000917215836     -2.215268722091     -0.865124227332
    8     -3.837181484775      4.425996630635     -0.855136846981
    8      5.758437141860      1.109759270190     -0.871520814331
    8     -1.925795225745     -5.532452981329     -0.840176987365
    8      1.916294312137     -5.537952244146     -0.865439584369
    8      3.837831704150      4.428943108549     -0.879080993233
    8     -5.748718744161      1.110008269755     -0.864176018305
    8      0.003473690342      4.427182825804     -0.865079149054
    8      3.838060080680     -2.215711952127     -0.873926257325
    8     -3.829801996969     -2.227082105268     -0.843089819621
    8      5.757925408479     -5.534555079552     -0.869652737455
    8     -7.661968512156     -2.210922080453     -0.870204265812
    8     -5.739827213503     -5.531817708616     -0.853516988285
    8      7.672918832232      4.430840004989     -0.860569804093
  258     -0.001664352985      2.216459546804     -1.618168053297
  258      1.914282147061     -1.103805084294     -1.622528824110
  258     -1.923767598230     -1.108696283877     -1.613483603637
  258     -1.917587610481      5.535602099704     -1.613923902159
  258      5.752087414569     -1.106472981296     -1.624146478053
  258     -3.834453723538     -4.430646911013     -1.607869127930
  258      3.831863005316     -4.430296876394     -1.624028200826
  258      1.916671104956      5.540802112014     -1.611119675833
  258     -5.748064026249     -1.108203942752     -1.614923593722
  258      3.833982788686      2.215731056812     -1.623024372637
  258     -0.010902026036     -4.433006795648     -1.609190807715
  258     -3.837910374440      2.212830962644     -1.615622746147
  258     -7.664586145028     -4.430831172703     -1.614422083994
  258      7.667599955062      2.214132953720     -1.617811868495
  258     -1.921156402863     -7.746493549283     -1.609665040489
  258      1.908520852610     -7.754228339966     -1.612825473005
    8     -0.000099066741     -0.001087994471     -2.422395006115
    8     -1.919223746970      3.323393585856     -2.421446636708
    8      3.838546393167      0.002169150337     -2.425889454137
    8     -1.918488339087     -3.324180438805     -2.419219535726
    8      1.916904054764     -3.322739689766     -2.421904520020
    8      1.918437673991      3.322795037886     -2.424270191543
    8     -3.833285598359     -0.004280679235     -2.419232378100
    8     -3.835442707341      6.640687053564     -2.420141807877
    8     -7.666985929232     -0.000131695448     -2.423009717823
    8     -3.830859279208     -6.636937975635     -2.419201662248
    8      0.005061228650      6.646058128658     -2.418972312612
    8      5.757796676720     -3.321633930932     -2.422601943449
    8     -5.746943965245     -3.321945586174     -2.419845956983
    8      5.758971591943      3.325352456869     -2.422788996673
    8     -0.001461575490     -6.639706966757     -2.418394478629
    8     -5.751079973007      3.323022942494     -2.420952841934
    8      0.000000000000      2.214571445248     -3.914846215896
    8      1.917875130079     -1.107285722624     -3.914846215896
    8     -1.917875130079     -1.107285722624     -3.914846215896
    8     -1.917875130080      5.536428613118     -3.914846215896
    8      5.753625390237     -1.107285722624     -3.914846215896
    8     -3.835750260157     -4.429142890494     -3.914846215896
    8      3.835750260157     -4.429142890494     -3.914846215896
    8      1.917875130080      5.536428613118     -3.914846215896
    8     -5.753625390237     -1.107285722624     -3.914846215896
    8      3.835750260159      2.214571445247     -3.914846215896
    8     -0.000000000001     -4.429142890492     -3.914846215896
    8     -3.835750260158      2.214571445246     -3.914846215896
    8     -7.671500520293     -4.429142890500     -3.914846215896
    8     -7.671500520300      2.214571445248     -3.914846215896
    8      5.753625390229      5.536428613098     -3.914846215896
    8      1.917875130071     -7.751000058346     -3.914846215896
  258      0.000000000000      0.000000000000     -4.697815459075
  258     -1.917875130080      3.321857167872     -4.697815459075
  258      3.835750260159     -0.000000000001     -4.697815459075
  258     -1.917875130079     -3.321857167871     -4.697815459075
  258      1.917875130079     -3.321857167871     -4.697815459075
  258      1.917875130080      3.321857167872     -4.697815459075
  258     -3.835750260159     -0.000000000001     -4.697815459075
  258     -3.835750260165      6.643714335750     -4.697815459075
  258      7.671500520294      0.000000000010     -4.697815459075
  258      3.835750260140      6.643714335750     -4.697815459075
  258      0.000000000000      6.643714335750     -4.697815459075
  258      5.753625390243     -3.321857167875     -4.697815459075
  258      9.589375650380     -3.321857167875     -4.697815459075
  258      5.753625390228      3.321857167862     -4.697815459075
  258     -7.671500520307      6.643714335750     -4.697815459075
  258     -5.753625390224      3.321857167861     -4.697815459075
    8     -1.917875130080      1.107285722623     -5.480784702254
    8      1.917875130079      1.107285722623     -5.480784702254
    8      0.000000000001     -2.214571445246     -5.480784702254
    8     -3.835750260160      4.429142890495     -5.480784702254
    8      5.753625390238      1.107285722622     -5.480784702254
    8     -1.917875130078     -5.536428613117     -5.480784702254
    8      1.917875130078     -5.536428613117     -5.480784702254
    8      3.835750260160      4.429142890495     -5.480784702254
    8     -5.753625390238      1.107285722622     -5.480784702254
    8      0.000000000000      4.429142890495     -5.480784702254
    8      3.835750260158     -2.214571445248     -5.480784702254
    8     -3.835750260158     -2.214571445248     -5.480784702254
    8      5.753625390243     -5.536428613123     -5.480784702254
    8     -7.671500520276     -2.214571445257     -5.480784702254
    8      1.917875130032      7.751000058380     -5.480784702254
    8      7.671500520293      4.429142890500     -5.480784702254
   14     -3.746491890579     -4.216212789184      7.224364367600
    8     -4.884642910664     -3.187087442426      7.797046901682
    8     -3.564342573707     -5.496698662249      8.223173742578
    8     -2.317796508446     -3.392855769875      7.083545227879
    6     -6.212087432355     -3.671743878194      8.079224590436
    6     -1.250280973086     -3.388476957676      8.054464360963
    6     -3.476097545141     -5.403474292554      9.644674909499
    6     -7.207120602756     -2.556856213943      7.938850461848
    6     -0.276570183411     -2.279369449580      7.810085154132
    6      3.208595291573      6.923820587363     10.283896795158
    1      7.136767430744     -2.906805652184      8.207208179557
    1      0.459598183926     -2.224675059525      8.608970467843
    1      3.207456982203      7.038700540175     11.366938714538
    1     -6.953163028362     -1.721059612563      8.588783321479
    1     -7.241995658983     -2.183414486278      6.920934554822
    1     -6.231127694447     -4.088833376890      9.095713154395
    1     -6.462523454924     -4.483114236840      7.385563884667
    1      2.187957120970      7.109895187348      9.928562305826
    1      3.462980613987      5.878953372714     10.057142369692
    1     -2.431699150589     -5.645074737427      9.943444568264
    1     -3.673546333783     -4.351832836275      9.971783637499
    1     -1.687078381650     -3.292104574117      9.048602971417
    1     -0.752158106721     -4.357305008666      7.995301432172
    1     -0.780261475456     -1.334761265268      7.746730753294
    1      0.262089544228     -2.430863986263      6.900777690181
    8      3.772507165365      4.404683690323      6.131421638799
    6      3.623934665588      4.272139612463      7.508619903519
    6      2.177752516666      4.440593027460      7.952805061007
    1      1.517823811013      3.706916393741      7.471885884632
    1      3.980561312159      3.271952829650      7.822053283008
    1      4.273103787006      5.000619451893      8.028384033841
    1      1.793927866256      5.427569468497      7.691629204390
    1      2.060189542153      4.299224951310      9.033325092164
    0    0
