   2   1   1 E -4.0953652254607E+04 DE 1.9E-06(  3)
  0.153430010406E+02  0.000000000000E+00  0.000000000000E+00
 -0.767150052032E+01  0.132874286715E+02  0.000000000000E+00
  0.000000000000E+00  0.000000000000E+00  0.500000000000E+03
    1
  0.100000000000E+01  0.000000000000E+00  0.000000000000E+00
  0.000000000000E+00  0.100000000000E+01  0.000000000000E+00
  0.000000000000E+00  0.000000000000E+00  0.100000000000E+01
  0.000000000000E+00  0.000000000000E+00  0.000000000000E+00
  225
    8      0.057903215949      2.234406537014      5.436917981920
    8      1.920705007178     -1.124596387397      5.400088123473
    8     -1.883975605067     -1.040692543822      5.330838722028
    8     -1.939573898653      5.548453482933      5.387184917192
    8      5.772936158047     -1.129869251085      5.402669246093
    8     -4.081443574090     -4.663813001264      5.901379442681
    8      3.838844847206     -4.417876675389      5.401626275174
    8      1.771728975507      5.614061539427      5.213184662647
    8     -5.780030647281     -1.099262013502      5.346911821347
    8      3.848674070990      2.015049145065      5.313223974949
    8      0.057633921524     -4.391109170658      5.398206085375
    8     -3.836395927202      2.182535520234      5.396951562171
    8      7.649413389797     -4.389240762475      5.403644000949
    8      7.631553389574      2.227166264555      5.421572407200
    8     -1.793777805718     -7.693604379886      5.248569197289
    8      1.924175367104     -7.737100331562      5.396487393768
  258      0.032715774606      0.037092128114      4.633481628850
  258     -1.910326511432      3.334429116280      4.633656935350
  258      3.844212598105     -0.027655076591      4.619453027541
  258     -1.782099907674     -3.248874478702      4.658263954662
  258      1.953633843868     -3.312645818019      4.636846032519
  258      1.956637897562      3.311558033473      4.705879553641
  258     -3.831982641921      0.019596980186      4.658206839453
  258     -3.838178246071      6.640139055798      4.636193504900
  258      7.651161138705      0.018784932692      4.634073983923
  258      3.823620288584      6.450645242902      4.722126629744
  258     -0.036787918527      6.657394800180      4.607334245134
  258      5.736637730909     -3.309710866661      4.636617164961
  258     -5.852971561924     -3.282571236063      4.616030533328
  258      5.717851765075      3.310568483416      4.708806229299
  258      0.027920970906     -6.634607702267      4.632550777634
  258     -5.764186463161      3.326849516129      4.636331013275
    8     -1.899421089752      1.150859304274      3.853892416269
    8      1.893732655654      1.096512076054      3.835525853957
    8      0.026446691170     -2.202929682940      3.854883431620
    8     -3.841245837316      4.422981671429      3.859050259171
    8      5.788925005616      1.088455611517      3.834787899885
    8     -2.019080307691     -5.411169189316      3.949845551460
    8      1.935540828136     -5.532681649945      3.839919143375
    8      3.834394465841      4.368796635035      3.789215366594
    8     -5.762462474491      1.126911044235      3.861595989974
    8     -0.054556605948      4.399772788196      3.836199895444
    8      3.844821509987     -2.225671703159      3.836442243697
    8     -3.819680730402     -2.364591335144      3.973424151641
    8      5.740818874560     -5.523001070453      3.839592983912
    8      7.645255035819     -2.212340793639      3.836899460031
    8     -5.718117086480     -5.442889752167      3.851047839384
    8     -7.624677286024      4.407160077994      3.844958909301
    8     -0.005812511455      0.000524732751      2.330592815777
    8     -1.936772842405      3.323696331362      2.324457634261
    8      3.838196410003     -0.002918610263      2.318741184448
    8     -1.885113361198     -3.285797010848      2.330287308702
    8      1.924139538100     -3.318043041821      2.326168128954
    8      1.909067996885      3.317355039366      2.343643079437
    8     -3.831412595567     -0.048212492802      2.403060438140
    8     -3.834965057975      6.638224495647      2.334443032162
    8     -7.658775601446     -0.002213651516      2.327523855704
    8      3.842893624295      6.605243123587      2.386019191703
    8      0.008619314778      6.652446010205      2.343980195582
    8      5.748718234203     -3.320015048397      2.319122060103
    8     -5.768899006016     -3.277198005136      2.334565519544
    8      5.763469770080      3.316094574877      2.352473566640
    8     -0.039975981059     -6.617618421761      2.377129918546
    8     -5.743219415655      3.315519673625      2.332146347362
  258     -1.914354683232      1.108177403970      1.537826410935
  258      1.918657405277      1.117642836745      1.534098074354
  258      0.010179611014     -2.206902288806      1.519575259484
  258     -3.838932072479      4.427898046381      1.537071775555
  258      5.757518310378      1.116004228490      1.535657383789
  258     -1.938183324317     -5.530340992077      1.585643994775
  258      1.915269394012     -5.531378091914      1.528993287701
  258      3.836839465756      4.418563827386      1.522788012218
  258     -5.755289948911      1.104088575247      1.537843023137
  258      0.005769328234      4.420985355409      1.545665790156
  258      3.838401256070     -2.212555994199      1.514083216017
  258     -3.828221517858     -2.223824417313      1.563197092854
  258      5.751196769134     -5.532144955559      1.521799695563
  258      7.664878951812     -2.207198227468      1.515016873110
  258     -5.740363896036     -5.538220788359      1.565263722666
  258      7.659512303818      4.422276666487      1.552790935347
    8     -0.004810558832      2.213331155166      0.755922472955
    8      1.917658328604     -1.104165022067      0.745113694366
    8     -1.927208000108     -1.096554952567      0.755282866983
    8     -1.915254545059      5.542163986750      0.755176218405
    8      5.756788434751     -1.103577514875      0.743991779908
    8     -3.833142935617     -4.432762269967      0.801327213519
    8      3.832328405805     -4.431866177870      0.745456776611
    8      1.922167703053      5.540886562612      0.759707300906
    8     -5.737098091585     -1.096883702765      0.753036158442
    8      3.837973709945      2.218158024777      0.749607525788
    8     -0.000993438606     -4.432850816533      0.762419458277
    8     -3.837405596963      2.187066065883      0.765398230915
    8     -7.666606159170     -4.429103487278      0.757579471368
    8     -7.668257887434      2.215249628880      0.758231833571
    8     -1.918660057340     -7.745561206676      0.765006706264
    8      1.900134097336     -7.740599383933      0.769961607892
    8     -1.918160183988      1.108903370795     -0.817350907018
    8      1.917164683550      1.110782969674     -0.821267795327
    8     -0.003353815838     -2.214845997111     -0.816283117737
    8     -3.842046404979      4.423745001170     -0.804179955834
    8      5.755864691318      1.110613777990     -0.821908008545
    8     -1.928380545295     -5.530395643909     -0.793437965017
    8      1.914551273495     -5.537788358304     -0.817166353204
    8      3.837005048612      4.430681707293     -0.826849600745
    8     -5.754280745283      1.108998005652     -0.816799188194
    8      0.001118496809      4.427923402501     -0.815863872660
    8      3.836637372000     -2.214724865775     -0.823981834673
    8     -3.832372341855     -2.228419872599     -0.795332540668
    8      5.755136957321     -5.535174763515     -0.819800596469
    8     -7.666141502733     -2.213156974266     -0.819768597576
    8     -5.742692998962     -5.531559648556     -0.804533464896
    8      7.669676805792      4.428715924430     -0.812154838205
  258      0.000151651997      2.216281572782     -1.595763743244
  258      1.917129453716     -1.104375638930     -1.600858487094
  258     -1.921258953631     -1.108040599068     -1.592179226662
  258     -1.916690287601      5.534718137613     -1.591861052618
  258      5.755560656049     -1.103701944763     -1.601900950831
  258     -3.833826422922     -4.430843644536     -1.587041031404
  258      3.834575101229     -4.429694313426     -1.601469878656
  258      1.917979830834      5.539867730673     -1.590533392485
  258     -5.748137530065     -1.108096227377     -1.592300459640
  258      3.836802199197      2.215963925638     -1.600040970000
  258     -0.007600731519     -4.432237909992     -1.587900409666
  258     -3.836903659837      2.212646670452     -1.592953929353
  258     -7.665015513983     -4.430935376483     -1.592603065440
  258      7.670858020493      2.216955916966     -1.595027848849
  258     -1.917812793427     -7.744933660216     -1.586492334636
  258      1.912827641495     -7.752349038802     -1.590376899517
    8     -0.001431187709     -0.000695136616     -2.397482079362
    8     -1.921291928587      3.324185115922     -2.395693163427
    8      3.835922432011      0.000861337562     -2.400784956070
    8     -1.920221784562     -3.323464563316     -2.394773993364
    8      1.915259244894     -3.322072766450     -2.396932711145
    8      1.917084584402      3.323755601638     -2.398366944634
    8     -3.835557314660     -0.004610944158     -2.393269092620
    8     -3.836922096869      6.640461476041     -2.394573687686
    8     -7.669355066089     -0.000368042204     -2.398110872654
    8     -3.833996114671     -6.638596677600     -2.394828521613
    8      0.003158362386      6.645916063521     -2.393703014955
    8      5.756023279426     -3.321302306031     -2.398115095112
    8     -5.749351252167     -3.322097112394     -2.395019517200
    8      5.755131059681      3.324530036161     -2.397708375713
    8     -0.004611157352     -6.641257223675     -2.392166735698
    8     -5.753017054779      3.324086097622     -2.396446681780
    8      0.000000000000      2.214571445248     -3.914846215896
    8      1.917875130079     -1.107285722624     -3.914846215896
    8     -1.917875130079     -1.107285722624     -3.914846215896
    8     -1.917875130080      5.536428613118     -3.914846215896
    8      5.753625390237     -1.107285722624     -3.914846215896
    8     -3.835750260157     -4.429142890494     -3.914846215896
    8      3.835750260157     -4.429142890494     -3.914846215896
    8      1.917875130080      5.536428613118     -3.914846215896
    8     -5.753625390237     -1.107285722624     -3.914846215896
    8      3.835750260159      2.214571445247     -3.914846215896
    8     -0.000000000001     -4.429142890492     -3.914846215896
    8     -3.835750260158      2.214571445246     -3.914846215896
    8     -7.671500520293     -4.429142890500     -3.914846215896
    8     -7.671500520300      2.214571445248     -3.914846215896
    8      5.753625390229      5.536428613098     -3.914846215896
    8      1.917875130071     -7.751000058346     -3.914846215896
  258      0.000000000000      0.000000000000     -4.697815459075
  258     -1.917875130080      3.321857167872     -4.697815459075
  258      3.835750260159     -0.000000000001     -4.697815459075
  258     -1.917875130079     -3.321857167871     -4.697815459075
  258      1.917875130079     -3.321857167871     -4.697815459075
  258      1.917875130080      3.321857167872     -4.697815459075
  258     -3.835750260159     -0.000000000001     -4.697815459075
  258     -3.835750260165      6.643714335750     -4.697815459075
  258      7.671500520294      0.000000000010     -4.697815459075
  258      3.835750260140      6.643714335750     -4.697815459075
  258      0.000000000000      6.643714335750     -4.697815459075
  258      5.753625390243     -3.321857167875     -4.697815459075
  258      9.589375650380     -3.321857167875     -4.697815459075
  258      5.753625390228      3.321857167862     -4.697815459075
  258     -7.671500520307      6.643714335750     -4.697815459075
  258     -5.753625390224      3.321857167861     -4.697815459075
    8     -1.917875130080      1.107285722623     -5.480784702254
    8      1.917875130079      1.107285722623     -5.480784702254
    8      0.000000000001     -2.214571445246     -5.480784702254
    8     -3.835750260160      4.429142890495     -5.480784702254
    8      5.753625390238      1.107285722622     -5.480784702254
    8     -1.917875130078     -5.536428613117     -5.480784702254
    8      1.917875130078     -5.536428613117     -5.480784702254
    8      3.835750260160      4.429142890495     -5.480784702254
    8     -5.753625390238      1.107285722622     -5.480784702254
    8      0.000000000000      4.429142890495     -5.480784702254
    8      3.835750260158     -2.214571445248     -5.480784702254
    8     -3.835750260158     -2.214571445248     -5.480784702254
    8      5.753625390243     -5.536428613123     -5.480784702254
    8     -7.671500520276     -2.214571445257     -5.480784702254
    8      1.917875130032      7.751000058380     -5.480784702254
    8      7.671500520293      4.429142890500     -5.480784702254
   14     -3.725179757981     -4.212609610265      7.396100430439
    8     -4.851077350863     -3.175190035828      8.003733132088
    8     -3.534732887467     -5.498403800475      8.398447791024
    8     -2.292994736481     -3.380536716249      7.231204281483
    6     -6.166671504831     -3.674456651501      8.331710104324
    6     -1.294897036871     -3.276973715088      8.267132113974
    6     -3.539725177757     -5.383884929441      9.827631292177
    6     -7.173004577433     -2.542688883892      8.244856407375
    6     -0.405997741698     -2.073840970951      8.021300342921
    6      3.260542855647      6.817559488418     10.429721271061
    1      7.175380275949     -2.909776575776      8.527368784677
    1      0.321243191538     -1.982646341076      8.838064087340
    1      3.261366559501      6.894418662395     11.524958303214
    1     -6.897709537637     -1.721443443829      8.914334602315
    1     -7.230136376007     -2.146964932515      7.226772320399
    1     -6.139949682990     -4.105878150532      9.344961226643
    1     -6.456261880156     -4.472584008874      7.628733372440
    1      2.229294278789      6.908813528148     10.074540771512
    1      3.628050252263      5.828986040705     10.145992021266
    1     -2.502587581132     -5.474270140072     10.186032508596
    1     -3.906039661654     -4.387758582245     10.128337007038
    1     -1.800627055934     -3.191340617446      9.241539525767
    1     -0.709143932331     -4.206739139037      8.264335022803
    1     -1.000277888178     -1.158070908698      7.966144289829
    1      0.148967054005     -2.177595023733      7.084845997347
    8      3.789105501513      4.416725648829      6.278806751300
    6      3.671502472027      4.296187662580      7.660564806141
    6      2.235440750966      4.511909212796      8.153413092330
    1      1.537469047600      3.810690788130      7.667809193505
    1      4.000704373070      3.283477339365      7.983764950094
    1      4.336921140759      5.018104709799      8.177648803118
    1      1.892196151155      5.524697273906      7.920786682629
    1      2.153218667547      4.351358756815      9.237120399312
    0    0
