   2   1   1 E -4.0953651937502E+04 DE-1.0E-07(  4)
  0.153430010406E+02  0.000000000000E+00  0.000000000000E+00
 -0.767150052032E+01  0.132874286715E+02  0.000000000000E+00
  0.000000000000E+00  0.000000000000E+00  0.500000000000E+03
    1
  0.100000000000E+01  0.000000000000E+00  0.000000000000E+00
  0.000000000000E+00  0.100000000000E+01  0.000000000000E+00
  0.000000000000E+00  0.000000000000E+00  0.100000000000E+01
  0.000000000000E+00  0.000000000000E+00  0.000000000000E+00
  225
    8      0.057863387906      2.234401427135      5.437817437648
    8      1.920738396701     -1.124616131417      5.401037922560
    8     -1.883932244334     -1.040670615894      5.331745566395
    8     -1.939597470591      5.548449445619      5.388145154512
    8      5.772920010349     -1.129859504026      5.403584751073
    8     -4.081470777700     -4.663731786384      5.901846516119
    8      3.838858787937     -4.417923162385      5.402555316984
    8      1.771678910881      5.614052089015      5.213947257491
    8     -5.780010813155     -1.099181561456      5.347782729412
    8      3.848707563796      2.015049343376      5.314118425205
    8      0.057691621173     -4.391119366316      5.399146423663
    8     -3.836387195565      2.182570302253      5.397923953401
    8      7.649390774084     -4.389247410269      5.404539365819
    8      7.631619848770      2.227181408174      5.422533190241
    8     -1.793703655517     -7.693609026548      5.249301007302
    8      1.924219950929     -7.737104118397      5.397498353056
  258      0.032722109577      0.037157420166      4.634717871105
  258     -1.910429122814      3.334430254135      4.635116606588
  258      3.844209677145     -0.027730704584      4.620873722770
  258     -1.782121786353     -3.248850800972      4.659171918945
  258      1.953686082067     -3.312635261027      4.638107385333
  258      1.956543983896      3.311516905525      4.707001799016
  258     -3.832020856463      0.019818430867      4.659358922157
  258     -3.838226731260      6.640114339747      4.637723141309
  258      7.651108924857      0.018876505322      4.635373510754
  258      3.823639668399      6.450692199241      4.722897085634
  258     -0.037034497068      6.657342265452      4.608442623732
  258      5.736488393264     -3.309749843712      4.637903481557
  258     -5.853030405737     -3.282544416050      4.616897352240
  258      5.717873891823      3.310567476379      4.710088215159
  258      0.028085514036     -6.634712508751      4.633686120384
  258     -5.764165333427      3.326853692580      4.637864452205
    8     -1.899382696314      1.150935650210      3.854613309434
    8      1.893706512043      1.096492352494      3.836240738115
    8      0.026458344136     -2.202957792969      3.855536877740
    8     -3.841238451850      4.422985780947      3.859822202784
    8      5.788995027314      1.088462140472      3.835538439143
    8     -2.019180313425     -5.411106872246      3.950577204881
    8      1.935591638445     -5.532736816920      3.840653334532
    8      3.834404889871      4.368816424940      3.789897545827
    8     -5.762451228354      1.126987419959      3.862307056284
    8     -0.054660150195      4.399695524156      3.836946308054
    8      3.844843765571     -2.225689925665      3.837195040217
    8     -3.819678957917     -2.364674518145      3.974135425565
    8      5.740804623887     -5.523020967077      3.840327090905
    8      7.645239725245     -2.212349932957      3.837598340386
    8     -5.718054344877     -5.442823909100      3.851733565528
    8     -7.624552063058      4.407066069402      3.845719636208
    8     -0.005819657824      0.000545320890      2.331039420978
    8     -1.936793527995      3.323696899406      2.324915657032
    8      3.838205062615     -0.002920337308      2.319265110504
    8     -1.885127355402     -3.285801840944      2.330640069705
    8      1.924168074488     -3.318071969090      2.326630619510
    8      1.909049170253      3.317346517805      2.344011703630
    8     -3.831403747115     -0.048205718612      2.403595164990
    8     -3.834953279618      6.638224398028      2.334954073778
    8     -7.658757749726     -0.002192768339      2.327979692864
    8      3.842904012453      6.605280154465      2.386389520225
    8      0.008633345948      6.652429330158      2.344500445202
    8      5.748704660632     -3.320031123843      2.319576066618
    8     -5.768891174080     -3.277176811909      2.334949115425
    8      5.763508370298      3.316092803029      2.352884018107
    8     -0.039983921514     -6.617645429013      2.377674259560
    8     -5.743204020496      3.315540204568      2.332628369488
  258     -1.914381864475      1.108201866262      1.538385848127
  258      1.918639999969      1.117624241599      1.534631984130
  258      0.010181546154     -2.206894254332      1.520101066018
  258     -3.838954019660      4.427900126893      1.537672798883
  258      5.757512197022      1.115971390866      1.536207388117
  258     -1.938162540524     -5.530336934155      1.586132439718
  258      1.915263593103     -5.531419763169      1.529566097041
  258      3.836839749208      4.418561324104      1.523255038770
  258     -5.755295690999      1.104117557522      1.538410409643
  258      0.005707145558      4.420969174867      1.546206130685
  258      3.838393033718     -2.212553089635      1.514636874127
  258     -3.828254614337     -2.223775379640      1.563653285309
  258      5.751151245299     -5.532174849005      1.522359797255
  258      7.664846614302     -2.207205380713      1.515549004332
  258     -5.740409362515     -5.538236930070      1.565724625635
  258      7.659535795975      4.422240624117      1.553352252492
    8     -0.004812858538      2.213332920101      0.756107845822
    8      1.917668409940     -1.104168949508      0.745300991922
    8     -1.927207790539     -1.096527059019      0.755447604880
    8     -1.915248819844      5.542164364427      0.755366535330
    8      5.756799303438     -1.103570763254      0.744185194730
    8     -3.833143003967     -4.432782050464      0.801521348914
    8      3.832345796018     -4.431871628875      0.745647345709
    8      1.922171869487      5.540877899175      0.759886418311
    8     -5.737087507522     -1.096857685868      0.753207217398
    8      3.837993412911      2.218168317735      0.749807719171
    8     -0.000952627971     -4.432852954550      0.762593238368
    8     -3.837404182685      2.187039542012      0.765599813993
    8     -7.666614036607     -4.429107639868      0.757761189986
    8     -7.668245539862      2.215251593033      0.758422415549
    8     -1.918632401685     -7.745557367484      0.765199037489
    8      1.900132350768     -7.740594922709      0.770169217991
    8     -1.918169040263      1.108915938853     -0.817223653909
    8      1.917159291777      1.110783010433     -0.821128609407
    8     -0.003362306159     -2.214844213829     -0.816145446483
    8     -3.842074018223      4.423729389559     -0.804033626466
    8      5.755856043333      1.110615402223     -0.821766861475
    8     -1.928378760065     -5.530391112809     -0.793329571949
    8      1.914543900790     -5.537792943940     -0.817026311563
    8      3.837002529044      4.430684579605     -0.826708493185
    8     -5.754302765876      1.108995406478     -0.816672855354
    8      0.001100077429      4.427927810820     -0.815726469040
    8      3.836631506088     -2.214718512554     -0.823834672147
    8     -3.832383150891     -2.228423920180     -0.795218575156
    8      5.755123462126     -5.535179031919     -0.819653687879
    8     -7.666159260982     -2.213171448596     -0.819625637964
    8     -5.742712832729     -5.531558302552     -0.804407738085
    8      7.669670171554      4.428704653703     -0.812025882260
  258      0.000160015905      2.216277955473     -1.595927534940
  258      1.917144452702     -1.104383386038     -1.601024942386
  258     -1.921240382522     -1.108037559421     -1.592347895697
  258     -1.916680060364      5.534715164683     -1.592030735013
  258      5.755586763611     -1.103682684886     -1.602063571381
  258     -3.833814435475     -4.430846049715     -1.587210558041
  258      3.834593036662     -4.429698401242     -1.601629553459
  258      1.917986804538      5.539864057097     -1.590717315461
  258     -5.748120247928     -1.108098800850     -1.592459738449
  258      3.836823654848      2.215958594202     -1.600206332954
  258     -0.007574298959     -4.432238342915     -1.588071487009
  258     -3.836890689548      2.212642492368     -1.593119144529
  258     -7.665014129564     -4.430939822587     -1.592779241729
  258      7.670887500004      2.216972285161     -1.595188090518
  258     -1.917783189939     -7.744922748409     -1.586655938177
  258      1.912858714742     -7.752332251411     -1.590541955801
    8     -0.001439000176     -0.000694242104     -2.397472474104
    8     -1.921304673270      3.324191727341     -2.395681416815
    8      3.835905815979      0.000848553782     -2.400765878133
    8     -1.920227804538     -3.323463697946     -2.394768650613
    8      1.915251317982     -3.322070842067     -2.396922459082
    8      1.917074926025      3.323759034496     -2.398359847572
    8     -3.835567700957     -0.004615363205     -2.393245114416
    8     -3.836926641938      6.640459304998     -2.394561028139
    8     -7.669359096297     -0.000364882852     -2.398096208262
    8     -3.834009188635     -6.638612629618     -2.394831462135
    8      0.003147892602      6.645913247002     -2.393684813229
    8      5.756015673182     -3.321299424993     -2.398117607373
    8     -5.749360583412     -3.322095519229     -2.395010295976
    8      5.755110854131      3.324524531462     -2.397698199741
    8     -0.004629162572     -6.641269561196     -2.392147322141
    8     -5.753023595210      3.324093904388     -2.396448410893
    8      0.000000000000      2.214571445248     -3.914846215896
    8      1.917875130079     -1.107285722624     -3.914846215896
    8     -1.917875130079     -1.107285722624     -3.914846215896
    8     -1.917875130080      5.536428613118     -3.914846215896
    8      5.753625390237     -1.107285722624     -3.914846215896
    8     -3.835750260157     -4.429142890494     -3.914846215896
    8      3.835750260157     -4.429142890494     -3.914846215896
    8      1.917875130080      5.536428613118     -3.914846215896
    8     -5.753625390237     -1.107285722624     -3.914846215896
    8      3.835750260159      2.214571445247     -3.914846215896
    8     -0.000000000001     -4.429142890492     -3.914846215896
    8     -3.835750260158      2.214571445246     -3.914846215896
    8     -7.671500520293     -4.429142890500     -3.914846215896
    8     -7.671500520300      2.214571445248     -3.914846215896
    8      5.753625390229      5.536428613098     -3.914846215896
    8      1.917875130071     -7.751000058346     -3.914846215896
  258      0.000000000000      0.000000000000     -4.697815459075
  258     -1.917875130080      3.321857167872     -4.697815459075
  258      3.835750260159     -0.000000000001     -4.697815459075
  258     -1.917875130079     -3.321857167871     -4.697815459075
  258      1.917875130079     -3.321857167871     -4.697815459075
  258      1.917875130080      3.321857167872     -4.697815459075
  258     -3.835750260159     -0.000000000001     -4.697815459075
  258     -3.835750260165      6.643714335750     -4.697815459075
  258      7.671500520294      0.000000000010     -4.697815459075
  258      3.835750260140      6.643714335750     -4.697815459075
  258      0.000000000000      6.643714335750     -4.697815459075
  258      5.753625390243     -3.321857167875     -4.697815459075
  258      9.589375650380     -3.321857167875     -4.697815459075
  258      5.753625390228      3.321857167862     -4.697815459075
  258     -7.671500520307      6.643714335750     -4.697815459075
  258     -5.753625390224      3.321857167861     -4.697815459075
    8     -1.917875130080      1.107285722623     -5.480784702254
    8      1.917875130079      1.107285722623     -5.480784702254
    8      0.000000000001     -2.214571445246     -5.480784702254
    8     -3.835750260160      4.429142890495     -5.480784702254
    8      5.753625390238      1.107285722622     -5.480784702254
    8     -1.917875130078     -5.536428613117     -5.480784702254
    8      1.917875130078     -5.536428613117     -5.480784702254
    8      3.835750260160      4.429142890495     -5.480784702254
    8     -5.753625390238      1.107285722622     -5.480784702254
    8      0.000000000000      4.429142890495     -5.480784702254
    8      3.835750260158     -2.214571445248     -5.480784702254
    8     -3.835750260158     -2.214571445248     -5.480784702254
    8      5.753625390243     -5.536428613123     -5.480784702254
    8     -7.671500520276     -2.214571445257     -5.480784702254
    8      1.917875130032      7.751000058380     -5.480784702254
    8      7.671500520293      4.429142890500     -5.480784702254
   14     -3.725143644089     -4.212549483367      7.396646774453
    8     -4.851036426217     -3.175045160198      8.004418757468
    8     -3.534633690289     -5.498576194295      8.398764410065
    8     -2.292888247609     -3.380383584345      7.231683168952
    6     -6.166615150207     -3.674581673987      8.332269014458
    6     -1.294869516142     -3.277077479534      8.267730782656
    6     -3.539705440232     -5.383818990801      9.827920936851
    6     -7.173101805424     -2.542630896673      8.245353140654
    6     -0.405883806408     -2.073739118661      8.021795784594
    6      3.260424905731      6.817361987053     10.429875948276
    1      7.175217317563     -2.909888485028      8.527806937742
    1      0.321423888443     -1.982627551423      8.838603863878
    1      3.261332664919      6.894303935046     11.525228518197
    1     -6.897650833700     -1.721318109686      8.914825079552
    1     -7.230042662740     -2.147026872924      7.227057063363
    1     -6.139832648292     -4.106108991668      9.345527404543
    1     -6.456409440721     -4.472562034673      7.629009180884
    1      2.229186306835      6.908847326726     10.074485676694
    1      3.628013071954      5.828812492586     10.145721839559
    1     -2.502521956540     -5.474227619714     10.186319131600
    1     -3.906303459808     -4.387689398393     10.128607130797
    1     -1.800696319352     -3.191409870645      9.242142216568
    1     -0.709021939353     -4.206854668017      8.264717388147
    1     -1.000396335476     -1.157994407738      7.966551061942
    1      0.148979632255     -2.177694552105      7.085141033141
    8      3.789251408930      4.416791625187      6.279479781222
    6      3.671646239765      4.296219833156      7.661197064672
    6      2.235304691676      4.511998092403      8.154059525399
    1      1.537422636745      3.810604328946      7.668217553957
    1      4.000697105124      3.283332534244      7.984409286798
    1      4.336980312519      5.018299746126      8.178414233147
    1      1.892201181656      5.524901352002      7.921217171823
    1      2.153264868296      4.351475863321      9.237834352917
    0    0
