   2   1   1 E -4.0953655684755E+04 DE-1.8E-07( 10)
  0.153430010406E+02  0.000000000000E+00  0.000000000000E+00
 -0.767150052032E+01  0.132874286715E+02  0.000000000000E+00
  0.000000000000E+00  0.000000000000E+00  0.500000000000E+03
    1
  0.100000000000E+01  0.000000000000E+00  0.000000000000E+00
  0.000000000000E+00  0.100000000000E+01  0.000000000000E+00
  0.000000000000E+00  0.000000000000E+00  0.100000000000E+01
  0.000000000000E+00  0.000000000000E+00  0.000000000000E+00
  225
    8      0.058370494835      2.234539064226      5.425067717879
    8      1.920094247242     -1.124419448637      5.388278981328
    8     -1.884539996860     -1.041344628234      5.319603751872
    8     -1.939339367180      5.548563739743      5.374754484981
    8      5.773151700830     -1.129880752253      5.390950456538
    8     -4.081418168569     -4.664979279990      5.893768498334
    8      3.838293325242     -4.417270148147      5.389447110092
    8      1.771912215769      5.614464877145      5.203152024819
    8     -5.780157012193     -1.100367509218      5.336219901161
    8      3.848505062070      2.014917373068      5.301490536027
    8      0.056900550406     -4.391311667615      5.386451539191
    8     -3.836115405992      2.182084243785      5.384419144113
    8      7.649290566148     -4.388899471537      5.392496613056
    8      7.630878569333      2.226970186786      5.409041455786
    8     -1.795137862350     -7.693664509822      5.239237535985
    8      1.923554805669     -7.737214793676      5.383428721284
  258      0.033062260358      0.036189175194      4.619768079509
  258     -1.909012154076      3.334290548780      4.617560485380
  258      3.844652506131     -0.027009315016      4.603708215506
  258     -1.781925762294     -3.249349213818      4.647824767155
  258      1.953318852406     -3.312829547703      4.622754615069
  258      1.957464542381      3.311719892105      4.693124861390
  258     -3.831227623581      0.017468049574      4.645473492274
  258     -3.837628788575      6.640490227534      4.619220470326
  258      7.651943438489      0.018185730513      4.619645532963
  258      3.823383098939      6.450171200852      4.712903284435
  258     -0.034675594000      6.657955076893      4.594808873434
  258      5.738069550291     -3.309190144074      4.622208948801
  258     -5.852487670389     -3.282743103945      4.606514588678
  258      5.717739535396      3.310416995809      4.694150658913
  258      0.026463013145     -6.633893998613      4.620059321209
  258     -5.763780196877      3.326816650634      4.619424388427
    8     -1.899588944488      1.149636170441      3.844550869967
    8      1.894128134013      1.096578710182      3.826148760707
    8      0.026336448079     -2.202730729010      3.846316789680
    8     -3.841304591914      4.422928394544      3.848938173954
    8      5.788194786156      1.088131934492      3.824827695945
    8     -2.018275187307     -5.412002908186      3.940498499900
    8      1.934798397821     -5.532236515462      3.830307090332
    8      3.833976625005      4.368603261786      3.780153704453
    8     -5.762545558539      1.126037337477      3.852292578133
    8     -0.053426182823      4.400608413556      3.826418628765
    8      3.844577178979     -2.225303484164      3.826613944579
    8     -3.819751267132     -2.363933846715      3.964771019082
    8      5.740865462990     -5.522621481423      3.829994238110
    8      7.645539662158     -2.212142930500      3.827848591972
    8     -5.718714881860     -5.443147812274      3.842414076601
    8     -7.626135772269      4.408214262392      3.835137132770
    8     -0.005634640210      0.000177950179      2.324089536370
    8     -1.936492508021      3.323491008884      2.317920897166
    8      3.838137252465     -0.002983868746      2.311071105961
    8     -1.885198367868     -3.285866605809      2.325089606713
    8      1.923817442885     -3.317838353514      2.319406982961
    8      1.909178654739      3.317344798299      2.337804402599
    8     -3.831494312953     -0.048264063945      2.395596200215
    8     -3.835092386508      6.638265441486      2.327122218319
    8     -7.658822946892     -0.002480554078      2.320805705660
    8      3.842456122775      6.604983066954      2.380386731728
    8      0.008591920146      6.652765087386      2.336809328530
    8      5.748973734397     -3.319758026165      2.312515439070
    8     -5.768984631484     -3.277393869653      2.328949279161
    8      5.763093594067      3.316159735940      2.346253731402
    8     -0.039964743764     -6.617493473835      2.369568453761
    8     -5.743471607925      3.315378890780      2.325211441707
  258     -1.913971200861      1.107725544850      1.530814448720
  258      1.918890614637      1.117749804319      1.527182417769
  258      0.010125688074     -2.207116657290      1.512894045458
  258     -3.838578056133      4.427886058766      1.529352561191
  258      5.757763165097      1.116301900389      1.528422119679
  258     -1.938521417981     -5.530440568880      1.579500016818
  258      1.915280176348     -5.530913304095      1.521754191036
  258      3.836717017215      4.418670697249      1.516589695008
  258     -5.755067569846      1.103768991501      1.530661744399
  258      0.006526169323      4.421167065432      1.538717456064
  258      3.838617609544     -2.212587678785      1.506962561518
  258     -3.828033979915     -2.224340250656      1.557294622476
  258      5.751888001788     -5.531735251458      1.514657922153
  258      7.665447177037     -2.207128482367      1.508280943562
  258     -5.739769240081     -5.537868042178      1.559389022549
  258      7.659327590479      4.422850168738      1.545706683928
    8     -0.004825864340      2.213240385567      0.752582823700
    8      1.917451701539     -1.104258092476      0.741658702274
    8     -1.927205492974     -1.096969304422      0.752153597849
    8     -1.915265199293      5.542140314127      0.751804743254
    8      5.756755590788     -1.103778369795      0.740452235895
    8     -3.833264338565     -4.432476048547      0.797931592603
    8      3.832240491605     -4.431799934058      0.741996129361
    8      1.922061798710      5.540963966368      0.756285622625
    8     -5.737086033226     -1.097235301368      0.749799162156
    8      3.837812085192      2.218076205918      0.746030849697
    8     -0.001631824917     -4.432820209104      0.759307620530
    8     -3.837387549488      2.187458172809      0.761858468792
    8     -7.666551927889     -4.429073299936      0.754314419004
    8     -7.668379258855      2.215132530203      0.754794099396
    8     -1.919158750892     -7.745516855639      0.761596483517
    8      1.900272236136     -7.740655172628      0.766260546679
    8     -1.918016979135      1.108739386955     -0.819745938445
    8      1.917263669550      1.110760814343     -0.823799667193
    8     -0.003286129775     -2.214936190327     -0.818837500439
    8     -3.841655311668      4.423927608888     -0.806883074741
    8      5.756036196754      1.110549598363     -0.824506345771
    8     -1.928400273961     -5.530416929684     -0.795538333743
    8      1.914557754179     -5.537694079542     -0.819705622873
    8      3.837030257230      4.430642975541     -0.829484321833
    8     -5.753919516698      1.109024155023     -0.819100552226
    8      0.001281429826      4.427840579831     -0.818327638412
    8      3.836763613431     -2.214783010490     -0.826687060603
    8     -3.832192478032     -2.228391217549     -0.797593732605
    8      5.755398778254     -5.535126088065     -0.822435903446
    8     -7.665751519594     -2.213049187448     -0.822353661363
    8     -5.742524676083     -5.531525570788     -0.806897506905
    8      7.669796221802      4.428887963681     -0.814481960381
  258      0.000000819685      2.216320235561     -1.595339861908
  258      1.916906290287     -1.104301055054     -1.600439209777
  258     -1.921496476488     -1.108116890001     -1.591698559561
  258     -1.916812371283      5.534773316189     -1.591386540684
  258      5.755263767017     -1.103969849397     -1.601515316577
  258     -3.834001347476     -4.430832166289     -1.586520010109
  258      3.834321013436     -4.429683033526     -1.601138786534
  258      1.917837523611      5.539959943050     -1.589899163003
  258     -5.748215712598     -1.108145438522     -1.591869016444
  258      3.836537402061      2.216034636122     -1.599615368975
  258     -0.008013032124     -4.432264757472     -1.587353947419
  258     -3.837045162565      2.212679688879     -1.592546788466
  258     -7.665017916947     -4.430909462231     -1.592080892175
  258      7.670501509679      2.216685915127     -1.594607667152
  258     -1.918234389573     -7.745050852013     -1.586021623659
  258      1.912366623021     -7.752547681457     -1.589948086880
    8     -0.001297822882     -0.000726885345     -2.398137489873
    8     -1.921115124712      3.324117738894     -2.396420875091
    8      3.836165782884      0.001013688714     -2.401550709534
    8     -1.920159153813     -3.323506569657     -2.395412707285
    8      1.915378980342     -3.322085966252     -2.397596150649
    8      1.917158310699      3.323729114167     -2.398991922848
    8     -3.835413722634     -0.004603795172     -2.394021371256
    8     -3.836834010714      6.640514571559     -2.395247181970
    8     -7.669203276945     -0.000387951644     -2.398782658632
    8     -3.833804434785     -6.638389270897     -2.395338312857
    8      0.003288251328      6.645898311766     -2.394479123710
    8      5.756177574655     -3.321347700486     -2.398664567531
    8     -5.749137389906     -3.322115579543     -2.395678310315
    8      5.755416822597      3.324610182471     -2.398364255464
    8     -0.004436445679     -6.641130410812     -2.392921455801
    8     -5.752919923235      3.323972420863     -2.396976461322
    8      0.000000000000      2.214571445248     -3.914846215896
    8      1.917875130079     -1.107285722624     -3.914846215896
    8     -1.917875130079     -1.107285722624     -3.914846215896
    8     -1.917875130080      5.536428613118     -3.914846215896
    8      5.753625390237     -1.107285722624     -3.914846215896
    8     -3.835750260157     -4.429142890494     -3.914846215896
    8      3.835750260157     -4.429142890494     -3.914846215896
    8      1.917875130080      5.536428613118     -3.914846215896
    8     -5.753625390237     -1.107285722624     -3.914846215896
    8      3.835750260159      2.214571445247     -3.914846215896
    8     -0.000000000001     -4.429142890492     -3.914846215896
    8     -3.835750260158      2.214571445246     -3.914846215896
    8     -7.671500520293     -4.429142890500     -3.914846215896
    8     -7.671500520300      2.214571445248     -3.914846215896
    8      5.753625390229      5.536428613098     -3.914846215896
    8      1.917875130071     -7.751000058346     -3.914846215896
  258      0.000000000000      0.000000000000     -4.697815459075
  258     -1.917875130080      3.321857167872     -4.697815459075
  258      3.835750260159     -0.000000000001     -4.697815459075
  258     -1.917875130079     -3.321857167871     -4.697815459075
  258      1.917875130079     -3.321857167871     -4.697815459075
  258      1.917875130080      3.321857167872     -4.697815459075
  258     -3.835750260159     -0.000000000001     -4.697815459075
  258     -3.835750260165      6.643714335750     -4.697815459075
  258      7.671500520294      0.000000000010     -4.697815459075
  258      3.835750260140      6.643714335750     -4.697815459075
  258      0.000000000000      6.643714335750     -4.697815459075
  258      5.753625390243     -3.321857167875     -4.697815459075
  258      9.589375650380     -3.321857167875     -4.697815459075
  258      5.753625390228      3.321857167862     -4.697815459075
  258     -7.671500520307      6.643714335750     -4.697815459075
  258     -5.753625390224      3.321857167861     -4.697815459075
    8     -1.917875130080      1.107285722623     -5.480784702254
    8      1.917875130079      1.107285722623     -5.480784702254
    8      0.000000000001     -2.214571445246     -5.480784702254
    8     -3.835750260160      4.429142890495     -5.480784702254
    8      5.753625390238      1.107285722622     -5.480784702254
    8     -1.917875130078     -5.536428613117     -5.480784702254
    8      1.917875130078     -5.536428613117     -5.480784702254
    8      3.835750260160      4.429142890495     -5.480784702254
    8     -5.753625390238      1.107285722622     -5.480784702254
    8      0.000000000000      4.429142890495     -5.480784702254
    8      3.835750260158     -2.214571445248     -5.480784702254
    8     -3.835750260158     -2.214571445248     -5.480784702254
    8      5.753625390243     -5.536428613123     -5.480784702254
    8     -7.671500520276     -2.214571445257     -5.480784702254
    8      1.917875130032      7.751000058380     -5.480784702254
    8      7.671500520293      4.429142890500     -5.480784702254
   14     -3.725977832652     -4.213373592777      7.387647945971
    8     -4.852054031797     -3.176370885881      7.992658285631
    8     -3.536690612515     -5.496760706985      8.392480790718
    8     -2.294087964933     -3.382412675741      7.222956639426
    6     -6.167756624247     -3.672975672726      8.321070643513
    6     -1.295464370219     -3.276272454740      8.257473808164
    6     -3.539571765452     -5.384320008505      9.821434981722
    6     -7.172507756678     -2.542940127197      8.234630431059
    6     -0.407003811313     -2.075678848595      8.011377765430
    6      3.262455619252      6.819999705597     10.426345576308
    1      7.176336735748     -2.908423399183      8.517664379022
    1      0.319549707903     -1.983301181268      8.827771457239
    1      3.264086074129      6.896617680163     11.520776886649
    1     -6.898130967821     -1.722495376250      8.904259425078
    1     -7.231061756780     -2.146150663043      7.218388717328
    1     -6.142249820753     -4.103847824810      9.334174484986
    1     -6.455834542080     -4.471891952076      7.620152075598
    1      2.230572800182      6.908624493931     10.074511634101
    1      3.628931194159      5.831502960468     10.145444006337
    1     -2.502328788805     -5.475229424590     10.178022631886
    1     -3.902462775900     -4.387946805084     10.122828643470
    1     -1.800298142238     -3.189582069603      9.231723022348
    1     -0.710833848462     -4.206118219350      8.257484042270
    1     -0.999062558072     -1.159629650935      7.956119438635
    1      0.148965095839     -2.178686899033      7.076895492367
    8      3.787377112785      4.415568568602      6.268825982085
    6      3.669502487437      4.295140465502      7.650768927374
    6      2.235674595654      4.510531121284      8.143136403497
    1      1.537808471002      3.810146045424      7.658975709322
    1      3.999813111595      3.283719405128      7.973725077645
    1      4.336974299611      5.015433208218      8.165661167057
    1      1.890648499081      5.522117831722      7.911826567761
    1      2.151215693582      4.349934384404      9.226326436247
    0    0
