   2   1   1 E -4.0953652014381E+04 DE 2.9E-08(  8)
  0.153430010406E+02  0.000000000000E+00  0.000000000000E+00
 -0.767150052032E+01  0.132874286715E+02  0.000000000000E+00
  0.000000000000E+00  0.000000000000E+00  0.500000000000E+03
    1
  0.100000000000E+01  0.000000000000E+00  0.000000000000E+00
  0.000000000000E+00  0.100000000000E+01  0.000000000000E+00
  0.000000000000E+00  0.000000000000E+00  0.100000000000E+01
  0.000000000000E+00  0.000000000000E+00  0.000000000000E+00
  225
    8      0.057873595395      2.234402795810      5.437615191517
    8      1.920729620076     -1.124611644324      5.400829460651
    8     -1.883944897372     -1.040672655217      5.331531856506
    8     -1.939590812155      5.548448862167      5.387935461259
    8      5.772927368840     -1.129861918044      5.403384145147
    8     -4.081456779718     -4.663730324396      5.901756889336
    8      3.838855764366     -4.417913885219      5.402349706409
    8      1.771690961168      5.614056265796      5.213766057634
    8     -5.780009692669     -1.099196555730      5.347583636612
    8      3.848702397304      2.015052214489      5.313918169533
    8      0.057682614422     -4.391120896590      5.398931670177
    8     -3.836386590781      2.182559678851      5.397709858478
    8      7.649394299334     -4.389247426883      5.404332733339
    8      7.631605710804      2.227179861501      5.422322635173
    8     -1.793725399767     -7.693609035614      5.249135861990
    8      1.924208929591     -7.737103472217      5.397279448924
  258      0.032718003707      0.037135241574      4.634417262569
  258     -1.910403137327      3.334429519932      4.634756090659
  258      3.844208327998     -0.027707979794      4.620524040292
  258     -1.782124181302     -3.248856580319      4.658950710938
  258      1.953661008355     -3.312632725284      4.637798464280
  258      1.956566107251      3.311533604537      4.706721279315
  258     -3.832011031420      0.019756474785      4.659070916833
  258     -3.838218651554      6.640121504173      4.637346055633
  258      7.651121707933      0.018850842771      4.635054363836
  258      3.823630470674      6.450693419739      4.722710191065
  258     -0.036967662596      6.657356453714      4.608171693923
  258      5.736530336398     -3.309742163404      4.637589518764
  258     -5.853011828862     -3.282554866505      4.616687756861
  258      5.717854780356      3.310575695587      4.709773141134
  258      0.028037179311     -6.634683007635      4.633400312814
  258     -5.764167105905      3.326851140551      4.637486222310
    8     -1.899390973090      1.150917358421      3.854463588367
    8      1.893710989596      1.096501298808      3.836093909299
    8      0.026455401466     -2.202952437640      3.855401051558
    8     -3.841239329271      4.422985885466      3.859661307119
    8      5.788982548295      1.088466970203      3.835386377291
    8     -2.019166575316     -5.411119418258      3.950429582914
    8      1.935580384117     -5.532728141648      3.840500252647
    8      3.834401844653      4.368814088056      3.789756673740
    8     -5.762451596089      1.126972359122      3.862157918337
    8     -0.054636911865      4.399708711136      3.836795421551
    8      3.844840031327     -2.225687513861      3.837039426475
    8     -3.819677918638     -2.364655568907      3.973991576059
    8      5.740807786534     -5.523017764736      3.840174314320
    8      7.645245006452     -2.212348487961      3.837454688089
    8     -5.718058198345     -5.442834641558      3.851599153189
    8     -7.624581052503      4.407082832405      3.845565986597
    8     -0.005818243969      0.000542003921      2.330963079846
    8     -1.936790323425      3.323695655893      2.324838137016
    8      3.838203334093     -0.002920530576      2.319172189154
    8     -1.885123750201     -3.285800459182      2.330582025918
    8      1.924163133851     -3.318067859551      2.326550566884
    8      1.909053190438      3.317347995533      2.343952337652
    8     -3.831405528424     -0.048204755014      2.403496562167
    8     -3.834955290859      6.638224748674      2.334864104646
    8     -7.658760650446     -0.002196693811      2.327901777251
    8      3.842901035945      6.605273192643      2.386327373223
    8      0.008630695374      6.652432625253      2.344408893278
    8      5.748707658781     -3.320028424450      2.319499231060
    8     -5.768893341380     -3.277179720009      2.334884788659
    8      5.763501924378      3.316093884002      2.352818516984
    8     -0.039979929829     -6.617642078537      2.377574471185
    8     -5.743207979042      3.315537001694      2.332544850025
  258     -1.914376036704      1.108198011134      1.538266182813
  258      1.918643143234      1.117628699829      1.534519461937
  258      0.010182406459     -2.206894618353      1.519987647051
  258     -3.838950215552      4.427899999680      1.537544034066
  258      5.757512839411      1.115977842042      1.536091696039
  258     -1.938170311953     -5.530338400516      1.586028246645
  258      1.915265753901     -5.531411156031      1.529444011946
  258      3.836838310306      4.418561898609      1.523157745995
  258     -5.755296344584      1.104113676182      1.538288541600
  258      0.005719524323      4.420971376790      1.546091948369
  258      3.838395509385     -2.212554025325      1.514520048336
  258     -3.828251952531     -2.223783767998      1.563551804738
  258      5.751158194285     -5.532168720346      1.522240148732
  258      7.664849986450     -2.207204514695      1.515435006147
  258     -5.740398771043     -5.538235189413      1.565626816763
  258      7.659530443039      4.422245539630      1.553233755916
    8     -0.004813384976      2.213332271639      0.756087040145
    8      1.917666505045     -1.104168929260      0.745279690246
    8     -1.927207706386     -1.096532683592      0.755429820830
    8     -1.915250708910      5.542163939420      0.755344738182
    8      5.756797514338     -1.103572618149      0.744162564113
    8     -3.833143111097     -4.432776412526      0.801494812126
    8      3.832343213810     -4.431870458153      0.745624900050
    8      1.922170266462      5.540879364162      0.759864428900
    8     -5.737088556610     -1.096863450539      0.753188461345
    8      3.837990502839      2.218166056924      0.749784348738
    8     -0.000960158077     -4.432851937414      0.762575100501
    8     -3.837404838073      2.187046760886      0.765574405493
    8     -7.666613926950     -4.429107192866      0.757741802150
    8     -7.668247420467      2.215250209763      0.758400945103
    8     -1.918637013440     -7.745555879289      0.765176289417
    8      1.900135244080     -7.740595947049      0.770142560873
    8     -1.918167195604      1.108914281155     -0.817232065432
    8      1.917160512483      1.110782832059     -0.821138484807
    8     -0.003360210026     -2.214844385370     -0.816155968870
    8     -3.842069218643      4.423732099113     -0.804046125522
    8      5.755857441146      1.110614544978     -0.821777504980
    8     -1.928378613131     -5.530391308525     -0.793333694683
    8      1.914545827264     -5.537791909853     -0.817037001586
    8      3.837003021537      4.430683132151     -0.826719720446
    8     -5.754299095195      1.108996145168     -0.816680233685
    8      0.001102153538      4.427926138941     -0.815736205872
    8      3.836633003944     -2.214719769332     -0.823846169190
    8     -3.832380918664     -2.228422790469     -0.795223833642
    8      5.755125186128     -5.535178279511     -0.819665400922
    8     -7.666157045352     -2.213169039011     -0.819636494794
    8     -5.742710592849     -5.531558659339     -0.804415881923
    8      7.669672082204      4.428705631323     -0.812034238508
  258      0.000158701519      2.216278745363     -1.595856332348
  258      1.917142426614     -1.104381605280     -1.600953102402
  258     -1.921242928070     -1.108037748871     -1.592276021396
  258     -1.916682083083      5.534715345536     -1.591958126338
  258      5.755581698088     -1.103686066317     -1.601992528612
  258     -3.833816727860     -4.430845836612     -1.587139755708
  258      3.834590090335     -4.429697228538     -1.601558977523
  258      1.917985538813      5.539864149837     -1.590642897571
  258     -5.748122810143     -1.108098836887     -1.592387895198
  258      3.836819994041      2.215959323278     -1.600134665730
  258     -0.007578492546     -4.432237927722     -1.587998531283
  258     -3.836893151040      2.212643854580     -1.593048054043
  258     -7.665015434967     -4.430938810628     -1.592706100608
  258      7.670882127674      2.216968744859     -1.595117493344
  258     -1.917788427861     -7.744925274671     -1.586584743623
  258      1.912853249979     -7.752335952936     -1.590470586497
    8     -0.001437389225     -0.000694237112     -2.397460213290
    8     -1.921302342703      3.324190636793     -2.395670063579
    8      3.835909037818      0.000850809905     -2.400755662279
    8     -1.920226763955     -3.323463573975     -2.394755882799
    8      1.915253154715     -3.322071011241     -2.396909940878
    8      1.917076194304      3.323758490767     -2.398346357440
    8     -3.835566036193     -0.004614061237     -2.393235663253
    8     -3.836925684114      6.640460208824     -2.394549142180
    8     -7.669358606400     -0.000365411489     -2.398084775225
    8     -3.834006998519     -6.638609662600     -2.394816673225
    8      0.003148711836      6.645913186710     -2.393675090407
    8      5.756016685023     -3.321300058820     -2.398102492578
    8     -5.749358747710     -3.322095832271     -2.394997895877
    8      5.755114375669      3.324525209093     -2.397686145347
    8     -0.004625107356     -6.641267700708     -2.392137566420
    8     -5.753022398367      3.324092431964     -2.396434130196
    8      0.000000000000      2.214571445248     -3.914846215896
    8      1.917875130079     -1.107285722624     -3.914846215896
    8     -1.917875130079     -1.107285722624     -3.914846215896
    8     -1.917875130080      5.536428613118     -3.914846215896
    8      5.753625390237     -1.107285722624     -3.914846215896
    8     -3.835750260157     -4.429142890494     -3.914846215896
    8      3.835750260157     -4.429142890494     -3.914846215896
    8      1.917875130080      5.536428613118     -3.914846215896
    8     -5.753625390237     -1.107285722624     -3.914846215896
    8      3.835750260159      2.214571445247     -3.914846215896
    8     -0.000000000001     -4.429142890492     -3.914846215896
    8     -3.835750260158      2.214571445246     -3.914846215896
    8     -7.671500520293     -4.429142890500     -3.914846215896
    8     -7.671500520300      2.214571445248     -3.914846215896
    8      5.753625390229      5.536428613098     -3.914846215896
    8      1.917875130071     -7.751000058346     -3.914846215896
  258      0.000000000000      0.000000000000     -4.697815459075
  258     -1.917875130080      3.321857167872     -4.697815459075
  258      3.835750260159     -0.000000000001     -4.697815459075
  258     -1.917875130079     -3.321857167871     -4.697815459075
  258      1.917875130079     -3.321857167871     -4.697815459075
  258      1.917875130080      3.321857167872     -4.697815459075
  258     -3.835750260159     -0.000000000001     -4.697815459075
  258     -3.835750260165      6.643714335750     -4.697815459075
  258      7.671500520294      0.000000000010     -4.697815459075
  258      3.835750260140      6.643714335750     -4.697815459075
  258      0.000000000000      6.643714335750     -4.697815459075
  258      5.753625390243     -3.321857167875     -4.697815459075
  258      9.589375650380     -3.321857167875     -4.697815459075
  258      5.753625390228      3.321857167862     -4.697815459075
  258     -7.671500520307      6.643714335750     -4.697815459075
  258     -5.753625390224      3.321857167861     -4.697815459075
    8     -1.917875130080      1.107285722623     -5.480784702254
    8      1.917875130079      1.107285722623     -5.480784702254
    8      0.000000000001     -2.214571445246     -5.480784702254
    8     -3.835750260160      4.429142890495     -5.480784702254
    8      5.753625390238      1.107285722622     -5.480784702254
    8     -1.917875130078     -5.536428613117     -5.480784702254
    8      1.917875130078     -5.536428613117     -5.480784702254
    8      3.835750260160      4.429142890495     -5.480784702254
    8     -5.753625390238      1.107285722622     -5.480784702254
    8      0.000000000000      4.429142890495     -5.480784702254
    8      3.835750260158     -2.214571445248     -5.480784702254
    8     -3.835750260158     -2.214571445248     -5.480784702254
    8      5.753625390243     -5.536428613123     -5.480784702254
    8     -7.671500520276     -2.214571445257     -5.480784702254
    8      1.917875130032      7.751000058380     -5.480784702254
    8      7.671500520293      4.429142890500     -5.480784702254
   14     -3.725154922441     -4.212559881855      7.396531154510
    8     -4.851043974640     -3.175093143019      8.004274753942
    8     -3.534640393382     -5.498525192173      8.398700257318
    8     -2.292920582753     -3.380423817511      7.231598807294
    6     -6.166631683070     -3.674543384543      8.332155078048
    6     -1.294872791532     -3.277047125788      8.267604072433
    6     -3.539717281986     -5.383848423976      9.827867664283
    6     -7.173074751031     -2.542652521917      8.245256219789
    6     -0.405914120731     -2.073772361120      8.021701570083
    6      3.260455935573      6.817414278881     10.429852332425
    1      7.175261814868     -2.909853373217      8.527721434446
    1      0.321380247627     -1.982625187391      8.838488491803
    1      3.261329529539      6.894307767423     11.525169457468
    1     -6.897676166097     -1.721356398540      8.914726161102
    1     -7.230066855419     -2.147017683610      7.227028353108
    1     -6.139871689500     -4.106055232234      9.345407731805
    1     -6.456361991389     -4.472557230652      7.628973016976
    1      2.229225067715      6.908832966419     10.074521357654
    1      3.628009901002      5.828871624080     10.145797281429
    1     -2.502557366638     -5.474235149468     10.186273288239
    1     -3.906238246415     -4.387726232684     10.128556212266
    1     -1.800664821756     -3.191396554602      9.242016300919
    1     -0.709055769603     -4.206816657232      8.264651837149
    1     -1.000353512217     -1.158024829920      7.966481255667
    1      0.148971931476     -2.177667028596      7.085112713596
    8      3.789237944941      4.416772152408      6.279343012917
    6      3.671606494924      4.296213027281      7.661072429342
    6      2.235341987201      4.511975165048      8.153924816908
    1      1.537435206053      3.810635108648      7.668160307597
    1      4.000701111713      3.283380173025      7.984291896690
    1      4.336976324555      5.018236726575      8.178253415181
    1      1.892194848467      5.524841191315      7.921143389763
    1      2.153238553113      4.351451545775      9.237684303325
    0    0
