   2   1   1 E -4.0953651928818E+04 DE-1.6E-09(  6)
  0.153430010406E+02  0.000000000000E+00  0.000000000000E+00
 -0.767150052032E+01  0.132874286715E+02  0.000000000000E+00
  0.000000000000E+00  0.000000000000E+00  0.500000000000E+03
    1
  0.100000000000E+01  0.000000000000E+00  0.000000000000E+00
  0.000000000000E+00  0.100000000000E+01  0.000000000000E+00
  0.000000000000E+00  0.000000000000E+00  0.100000000000E+01
  0.000000000000E+00  0.000000000000E+00  0.000000000000E+00
  225
    8      0.057862253598      2.234401220371      5.437835029834
    8      1.920738339370     -1.124616371035      5.401056719472
    8     -1.883930980256     -1.040671698751      5.331766404218
    8     -1.939597841328      5.548449585874      5.388162976541
    8      5.772919492310     -1.129859072722      5.403602606841
    8     -4.081472536868     -4.663732542430      5.901851492632
    8      3.838858782827     -4.417923699559      5.402573255537
    8      1.771677949047      5.614051452188      5.213965582166
    8     -5.780011680840     -1.099181608947      5.347801331914
    8      3.848707830555      2.015048836854      5.314135342246
    8      0.057690975903     -4.391118201212      5.399166677566
    8     -3.836387136861      2.182571198989      5.397941895320
    8      7.649391338289     -4.389247016466      5.404559149680
    8      7.631620673408      2.227181406761      5.422550801089
    8     -1.793701814395     -7.693609048370      5.249315587216
    8      1.924220493685     -7.737104221606      5.397516466463
  258      0.032723344396      0.037161199692      4.634752760761
  258     -1.910432233236      3.334430128903      4.635159245536
  258      3.844210465926     -0.027733624280      4.620914377615
  258     -1.782120574877     -3.248850222134      4.659198908855
  258      1.953691615429     -3.312636282361      4.638143514881
  258      1.956541001928      3.311513453859      4.707035914623
  258     -3.832022165285      0.019827176654      4.659394023142
  258     -3.838226969854      6.640113418011      4.637767336887
  258      7.651108106060      0.018880956017      4.635411140821
  258      3.823641966054      6.450691419393      4.722920217682
  258     -0.037043791679      6.657340315972      4.608474131872
  258      5.736482366193     -3.309750712000      4.637939768034
  258     -5.853032493964     -3.282542286951      4.616923552022
  258      5.717879269646      3.310564993665      4.710125598265
  258      0.028092651911     -6.634716853075      4.633721911194
  258     -5.764164928508      3.326853883445      4.637909052338
    8     -1.899382029246      1.150937012663      3.854624043785
    8      1.893705780489      1.096491753544      3.836251051245
    8      0.026458123253     -2.202957995760      3.855547059927
    8     -3.841238447883      4.422985481718      3.859833760970
    8      5.788995653433      1.088461776991      3.835549029374
    8     -2.019182256364     -5.411105440657      3.950587916758
    8      1.935592240392     -5.532737097686      3.840664273453
    8      3.834405151395      4.368816547983      3.789908617552
    8     -5.762451581250      1.126988253431      3.862317839770
    8     -0.054661376004      4.399694718986      3.836956334237
    8      3.844843844786     -2.225689940433      3.837206270363
    8     -3.819679161374     -2.364676929572      3.974146717508
    8      5.740804451392     -5.523021086853      3.840338119571
    8      7.645239687659     -2.212350029093      3.837608636256
    8     -5.718053889904     -5.442822936245      3.851742856965
    8     -7.624551120538      4.407064939234      3.845729942329
    8     -0.005819990712      0.000545461548      2.331042480480
    8     -1.936793704751      3.323697063725      2.324918499534
    8      3.838205101870     -0.002919972998      2.319269093375
    8     -1.885128089999     -3.285801994343      2.330642760471
    8      1.924168160465     -3.318072134057      2.326633834787
    8      1.909048634938      3.317346493237      2.344013936974
    8     -3.831403710385     -0.048206533873      2.403600015795
    8     -3.834953249781      6.638224209605      2.334957636279
    8     -7.658757457761     -0.002192589602      2.327982764203
    8      3.842904349133      6.605281141140      2.386392122878
    8      0.008633842975      6.652429084270      2.344504756451
    8      5.748704527293     -3.320031285975      2.319578938380
    8     -5.768890616780     -3.277176725719      2.334952075764
    8      5.763508858252      3.316092817300      2.352886671880
    8     -0.039985117368     -6.617645281047      2.377679375751
    8     -5.743203721052      3.315540240794      2.332631469262
  258     -1.914382387250      1.108201932512      1.538398475650
  258      1.918639803432      1.117623711581      1.534643886791
  258      0.010181384109     -2.206894444158      1.520113153724
  258     -3.838954155852      4.427900108003      1.537686216970
  258      5.757512385834      1.115970919109      1.536219618448
  258     -1.938161640421     -5.530336767070      1.586143410388
  258      1.915263434017     -5.531420299552      1.529578955549
  258      3.836840006262      4.418561551213      1.523265489801
  258     -5.755295264032      1.104117552074      1.538423305043
  258      0.005706276338      4.420969269403      1.546218193259
  258      3.838392919819     -2.212553012519      1.514649369659
  258     -3.828254320192     -2.223774792854      1.563664608205
  258      5.751151231214     -5.532175227543      1.522372634552
  258      7.664846941295     -2.207205319489      1.515561124472
  258     -5.740410154419     -5.538236808812      1.565735171633
  258      7.659536499684      4.422240888654      1.553364737310
    8     -0.004812805529      2.213333076448      0.756108511224
    8      1.917668404952     -1.104168875590      0.745301502291
    8     -1.927207892911     -1.096526628773      0.755447992505
    8     -1.915248624435      5.542164427003      0.755367072331
    8      5.756799384875     -1.103570699419      0.744185737050
    8     -3.833143107287     -4.432782617720      0.801522921932
    8      3.832345795436     -4.431871819892      0.745648040523
    8      1.922172069470      5.540877786793      0.759887206154
    8     -5.737087566654     -1.096857217939      0.753207586434
    8      3.837993431136      2.218168576973      0.749808585618
    8     -0.000952348354     -4.432853113978      0.762593513131
    8     -3.837404197302      2.187038781049      0.765600788349
    8     -7.666613934006     -4.429107656950      0.757761562862
    8     -7.668245569665      2.215251769685      0.758423070997
    8     -1.918632373250     -7.745557774408      0.765199774703
    8      1.900131822060     -7.740594786881      0.770170215415
    8     -1.918169091170      1.108915999449     -0.817224333869
    8      1.917159242319      1.110783065708     -0.821129172292
    8     -0.003362480311     -2.214844280290     -0.816145898662
    8     -3.842074161803      4.423729323818     -0.804033899430
    8      5.755856082907      1.110615486230     -0.821767412131
    8     -1.928378754473     -5.530391145920     -0.793330528880
    8      1.914543771660     -5.537793022921     -0.817026830497
    8      3.837002552286      4.430684791879     -0.826708801240
    8     -5.754302833552      1.108995452951     -0.816673610653
    8      0.001100122825      4.427927979264     -0.815726991988
    8      3.836631461324     -2.214718483361     -0.823835146447
    8     -3.832383226403     -2.228424079536     -0.795219508076
    8      5.755123522236     -5.535179055690     -0.819654176453
    8     -7.666159104141     -2.213171498904     -0.819626076211
    8     -5.742712768206     -5.531558234608     -0.804408405676
    8      7.669670100342      4.428704766915     -0.812026476050
  258      0.000159932146      2.216277975258     -1.595940173651
  258      1.917144377230     -1.104383529594     -1.601037663126
  258     -1.921240466467     -1.108037558263     -1.592360520915
  258     -1.916680106257      5.534715185364     -1.592043452419
  258      5.755586911539     -1.103682754910     -1.602076276363
  258     -3.833814421659     -4.430846043359     -1.587222829891
  258      3.834593073832     -4.429698509249     -1.601642252127
  258      1.917986788136      5.539864124726     -1.590729993424
  258     -5.748120253133     -1.108098709786     -1.592472584202
  258      3.836823693651      2.215958706079     -1.600218975606
  258     -0.007574240524     -4.432238385648     -1.588084210584
  258     -3.836890656079      2.212642460095     -1.593131753752
  258     -7.665014071420     -4.430939891734     -1.592791929773
  258      7.670887693176      2.216972437095     -1.595200677222
  258     -1.917783107216     -7.744922646513     -1.586668492900
  258      1.912858886371     -7.752332148835     -1.590554613488
    8     -0.001439025028     -0.000694260546     -2.397474169542
    8     -1.921304730803      3.324191783276     -2.395682987927
    8      3.835905768453      0.000848571199     -2.400767454833
    8     -1.920227809585     -3.323463771656     -2.394770311695
    8      1.915251249113     -3.322070861793     -2.396924180972
    8      1.917074940790      3.323759059947     -2.398361669440
    8     -3.835567710040     -0.004615578501     -2.393246535441
    8     -3.836926659411      6.640459173177     -2.394562660029
    8     -7.669359092080     -0.000364882204     -2.398097892582
    8     -3.834009173783     -6.638612675954     -2.394833195720
    8      0.003148056206      6.645913272260     -2.393686274630
    8      5.756015700816     -3.321299419024     -2.398119446075
    8     -5.749360590967     -3.322095529278     -2.395011966314
    8      5.755110795516      3.324524563986     -2.397699941421
    8     -0.004629437138     -6.641269559232     -2.392148724096
    8     -5.753023667400      3.324093928371     -2.396450133696
    8      0.000000000000      2.214571445248     -3.914846215896
    8      1.917875130079     -1.107285722624     -3.914846215896
    8     -1.917875130079     -1.107285722624     -3.914846215896
    8     -1.917875130080      5.536428613118     -3.914846215896
    8      5.753625390237     -1.107285722624     -3.914846215896
    8     -3.835750260157     -4.429142890494     -3.914846215896
    8      3.835750260157     -4.429142890494     -3.914846215896
    8      1.917875130080      5.536428613118     -3.914846215896
    8     -5.753625390237     -1.107285722624     -3.914846215896
    8      3.835750260159      2.214571445247     -3.914846215896
    8     -0.000000000001     -4.429142890492     -3.914846215896
    8     -3.835750260158      2.214571445246     -3.914846215896
    8     -7.671500520293     -4.429142890500     -3.914846215896
    8     -7.671500520300      2.214571445248     -3.914846215896
    8      5.753625390229      5.536428613098     -3.914846215896
    8      1.917875130071     -7.751000058346     -3.914846215896
  258      0.000000000000      0.000000000000     -4.697815459075
  258     -1.917875130080      3.321857167872     -4.697815459075
  258      3.835750260159     -0.000000000001     -4.697815459075
  258     -1.917875130079     -3.321857167871     -4.697815459075
  258      1.917875130079     -3.321857167871     -4.697815459075
  258      1.917875130080      3.321857167872     -4.697815459075
  258     -3.835750260159     -0.000000000001     -4.697815459075
  258     -3.835750260165      6.643714335750     -4.697815459075
  258      7.671500520294      0.000000000010     -4.697815459075
  258      3.835750260140      6.643714335750     -4.697815459075
  258      0.000000000000      6.643714335750     -4.697815459075
  258      5.753625390243     -3.321857167875     -4.697815459075
  258      9.589375650380     -3.321857167875     -4.697815459075
  258      5.753625390228      3.321857167862     -4.697815459075
  258     -7.671500520307      6.643714335750     -4.697815459075
  258     -5.753625390224      3.321857167861     -4.697815459075
    8     -1.917875130080      1.107285722623     -5.480784702254
    8      1.917875130079      1.107285722623     -5.480784702254
    8      0.000000000001     -2.214571445246     -5.480784702254
    8     -3.835750260160      4.429142890495     -5.480784702254
    8      5.753625390238      1.107285722622     -5.480784702254
    8     -1.917875130078     -5.536428613117     -5.480784702254
    8      1.917875130078     -5.536428613117     -5.480784702254
    8      3.835750260160      4.429142890495     -5.480784702254
    8     -5.753625390238      1.107285722622     -5.480784702254
    8      0.000000000000      4.429142890495     -5.480784702254
    8      3.835750260158     -2.214571445248     -5.480784702254
    8     -3.835750260158     -2.214571445248     -5.480784702254
    8      5.753625390243     -5.536428613123     -5.480784702254
    8     -7.671500520276     -2.214571445257     -5.480784702254
    8      1.917875130032      7.751000058380     -5.480784702254
    8      7.671500520293      4.429142890500     -5.480784702254
   14     -3.725141182266     -4.212548889859      7.396659652746
    8     -4.851035788276     -3.175037440952      8.004431561607
    8     -3.534634239325     -5.498584000167      8.398770460823
    8     -2.292883254883     -3.380377993681      7.231687125507
    6     -6.166610972268     -3.674588648708      8.332280154238
    6     -1.294871488423     -3.277083497000      8.267743624356
    6     -3.539701846468     -5.383811929602      9.827923931857
    6     -7.173106192224     -2.542626188892      8.245361960356
    6     -0.405879557769     -2.073733211243      8.021803848749
    6      3.260419611961      6.817354193420     10.429877804086
    1      7.175211184232     -2.909893969468      8.527814717167
    1      0.321428511442     -1.982629174972      8.838615856983
    1      3.261334428753      6.894306430809     11.525236552099
    1     -6.897646593205     -1.721312746116      8.914835038506
    1     -7.230040078519     -2.147026324029      7.227054452871
    1     -6.139827553686     -4.106114225763      9.345539344339
    1     -6.456416558822     -4.472564433732      7.629009285572
    1      2.229178935761      6.908849552831     10.074479881757
    1      3.628015277946      5.828802080656     10.145712503676
    1     -2.502515369046     -5.474227849658     10.186322307263
    1     -3.906311293862     -4.387682318687     10.128611891272
    1     -1.800701405137     -3.191410583961      9.242154389271
    1     -0.709017634511     -4.206859981302      8.264721711740
    1     -1.000403278992     -1.157988822616      7.966556172296
    1      0.148982180400     -2.177698016158      7.085138193046
    8      3.789250698573      4.416792471030      6.279490226305
    6      3.671653905440      4.296219800223      7.661205854090
    6      2.235298385196      4.512001161679      8.154073727369
    1      1.537419955243      3.810598464043      7.668218621506
    1      4.000696528620      3.283325181145      7.984418534569
    1      4.336980576394      5.018308752808      8.178429001433
    1      1.892201825701      5.524910075718      7.921222033872
    1      2.153269415954      4.351477994993      9.237848918343
    0    0
