   2   1   1 E -4.0953651970741E+04 DE 5.4E-07(  3)
  0.153430010406E+02  0.000000000000E+00  0.000000000000E+00
 -0.767150052032E+01  0.132874286715E+02  0.000000000000E+00
  0.000000000000E+00  0.000000000000E+00  0.500000000000E+03
    1
  0.100000000000E+01  0.000000000000E+00  0.000000000000E+00
  0.000000000000E+00  0.100000000000E+01  0.000000000000E+00
  0.000000000000E+00  0.000000000000E+00  0.100000000000E+01
  0.000000000000E+00  0.000000000000E+00  0.000000000000E+00
  225
    8      0.057868645231      2.234401629648      5.437734311437
    8      1.920736121894     -1.124614233512      5.400951104183
    8     -1.883937836926     -1.040670496747      5.331655044006
    8     -1.939594698783      5.548449717028      5.388060043248
    8      5.772922460598     -1.129860823553      5.403501486905
    8     -4.081466974017     -4.663733177602      5.901811356039
    8      3.838857273944     -4.417919396580      5.402470265559
    8      1.771683580807      5.614054781295      5.213869099188
    8     -5.780009045392     -1.099186931898      5.347699353280
    8      3.848705941874      2.015051308491      5.314036845061
    8      0.057689652048     -4.391121504703      5.399056437137
    8     -3.836386676653      2.182565293801      5.397837597654
    8      7.649390869576     -4.389247629348      5.404452233877
    8      7.631613866380      2.227180829470      5.422448141507
    8     -1.793713596804     -7.693608825205      5.249233072989
    8      1.924215648132     -7.737103179987      5.397409811757
  258      0.032720326060      0.037145063998      4.634585682325
  258     -1.910417191648      3.334430180277      4.634956828563
  258      3.844208796594     -0.027720374856      4.620719691255
  258     -1.782123739311     -3.248853245450      4.659072981240
  258      1.953671802374     -3.312632229759      4.637970834439
  258      1.956554152313      3.311525799308      4.706876673956
  258     -3.832016053618      0.019789509063      4.659230219154
  258     -3.838223987155      6.640117961956      4.637556597263
  258      7.651114045556      0.018863919603      4.635232451861
  258      3.823634065779      6.450693786152      4.722815097868
  258     -0.037003433935      6.657348852310      4.608323359072
  258      5.736508215284     -3.309746797606      4.637765230647
  258     -5.853022524384     -3.282550410274      4.616803335311
  258      5.717860932900      3.310572929602      4.709948452541
  258      0.028062640909     -6.634698749935      4.633557844246
  258     -5.764165037514      3.326852628067      4.637697028738
    8     -1.899385429521      1.150927726464      3.854553302873
    8      1.893709174132      1.096495471091      3.836182254188
    8      0.026457772112     -2.202956062834      3.855481707269
    8     -3.841238770812      4.422986615466      3.859757341350
    8      5.788990000478      1.088463592907      3.835477883986
    8     -2.019173159780     -5.411112788013      3.950517715814
    8      1.935587187866     -5.532733887536      3.840591996693
    8      3.834403218442      4.368816154179      3.789839758328
    8     -5.762451285857      1.126981692127      3.862246767704
    8     -0.054651152009      4.399700688054      3.836886220683
    8      3.844842581150     -2.225688878174      3.837132519692
    8     -3.819678297746     -2.364665717659      3.974076312742
    8      5.740805910414     -5.523019660995      3.840265748088
    8      7.645241549183     -2.212349422893      3.837540714601
    8     -5.718056282222     -5.442828365832      3.851679974910
    8     -7.624562689463      4.407072931098      3.845658151625
    8     -0.005818638698      0.000544257683      2.331011233816
    8     -1.936792360746      3.323696287200      2.324887146814
    8      3.838204372049     -0.002920700183      2.319230774765
    8     -1.885125398077     -3.285801486163      2.330617882830
    8      1.924166537003     -3.318070632225      2.326601138746
    8      1.909051007471      3.317347177900      2.343989188327
    8     -3.831404443688     -0.048204133033      2.403557456909
    8     -3.834954105929      6.638224652356      2.334921073215
    8     -7.658759403183     -0.002194466598      2.327950854262
    8      3.842902068925      6.605276553875      2.386365845720
    8      0.008632314227      6.652430279635      2.344465990446
    8      5.748705870758     -3.320029884263      2.319548094431
    8     -5.768893018140     -3.277178243596      2.334924063529
    8      5.763505830024      3.316093548602      2.352859426476
    8     -0.039981202011     -6.617645048602      2.377636033420
    8     -5.743206229320      3.315539433282      2.332597387971
  258     -1.914379275148      1.108200545420      1.538335878685
  258      1.918641233781      1.117626093026      1.534584942074
  258      0.010182086454     -2.206894240595      1.520053289816
  258     -3.838952564560      4.427900015123      1.537618958086
  258      5.757512535158      1.115973921137      1.536159074535
  258     -1.938165993415     -5.530337674937      1.586088704749
  258      1.915264788937     -5.531416230770      1.529515188633
  258      3.836838988993      4.418561376004      1.523214319184
  258     -5.755296271665      1.104116475699      1.538359374130
  258      0.005711973936      4.420969678652      1.546158355158
  258      3.838394217989     -2.212553741068      1.514587976823
  258     -3.828254592540     -2.223778445630      1.563609759124
  258      5.751153639952     -5.532172189310      1.522309645003
  258      7.664847473089     -2.207205148435      1.515501122642
  258     -5.740404951377     -5.538236329124      1.565683424543
  258      7.659533890262      4.422242204146      1.553302869520
    8     -0.004813165269      2.213332643162      0.756101545422
    8      1.917667707645     -1.104168866398      0.745294823640
    8     -1.927207765620     -1.096529040270      0.755442311323
    8     -1.915249485673      5.542164133139      0.755360169362
    8      5.756798418368     -1.103571446676      0.744178474276
    8     -3.833143466759     -4.432779825031      0.801511899230
    8      3.832344892344     -4.431871241808      0.745640501247
    8      1.922170851856      5.540878618792      0.759879387795
    8     -5.737087812340     -1.096859970020      0.753201680837
    8      3.837992439708      2.218166996867      0.749800436539
    8     -0.000955442318     -4.432852892505      0.762588209151
    8     -3.837404521607      2.187042919923      0.765591537415
    8     -7.666614181545     -4.429107985204      0.757755674922
    8     -7.668246324847      2.215250996952      0.758416009415
    8     -1.918633924982     -7.745556444198      0.765191937357
    8      1.900133917594     -7.740595301625      0.770160669227
    8     -1.918168268669      1.108915479867     -0.817224517060
    8      1.917159893461      1.110782914657     -0.821129867267
    8     -0.003361383960     -2.214844138307     -0.816147449041
    8     -3.842072246181      4.423730303918     -0.804036162827
    8      5.755856484455      1.110614998191     -0.821768386683
    8     -1.928378602878     -5.530391302963     -0.793328855334
    8      1.914544654794     -5.537792577170     -0.817028032147
    8      3.837002748410      4.430683782783     -0.826710651390
    8     -5.754301463851      1.108995675709     -0.816673174864
    8      0.001100639709      4.427927110564     -0.815727534417
    8      3.836632147662     -2.214718827937     -0.823836766722
    8     -3.832382348016     -2.228423330166     -0.795218361576
    8      5.755124161880     -5.535178814598     -0.819655788756
    8     -7.666158539192     -2.213170576866     -0.819627509985
    8     -5.742712348733     -5.531558547498     -0.804408477233
    8      7.669671027933      4.428704894024     -0.812026508034
  258      0.000159522963      2.216278193094     -1.595891024123
  258      1.917143822126     -1.104382673916     -1.600988152421
  258     -1.921241092148     -1.108037574806     -1.592311124172
  258     -1.916680723570      5.534715211622     -1.591993612657
  258      5.755584870288     -1.103683770006     -1.602027085871
  258     -3.833815242261     -4.430845955839     -1.587174539854
  258      3.834592000281     -4.429697936089     -1.601593183977
  258      1.917986272237      5.539864109511     -1.590679884661
  258     -5.748120736734     -1.108099041360     -1.592422333897
  258      3.836822441619      2.215958668839     -1.600169702058
  258     -0.007575704576     -4.432238155052     -1.588034192972
  258     -3.836891520493      2.212642988335     -1.593082700992
  258     -7.665014748190     -4.430939454615     -1.592742179834
  258      7.670885570550      2.216970824583     -1.595151750738
  258     -1.917784981631     -7.744923742647     -1.586619493154
  258      1.912856735740     -7.752333607607     -1.590505341027
    8     -0.001438347907     -0.000694246010     -2.397465722206
    8     -1.921303812793      3.324191393914     -2.395675136540
    8      3.835906970865      0.000849300357     -2.400759747089
    8     -1.920227408373     -3.323463560559     -2.394761943788
    8      1.915252037995     -3.322070824507     -2.396915546820
    8      1.917075287849      3.323758853820     -2.398352500008
    8     -3.835567168520     -0.004614799949     -2.393239343108
    8     -3.836926219796      6.640459764664     -2.394554391111
    8     -7.669358889064     -0.000365062872     -2.398089594559
    8     -3.834008411325     -6.638611635628     -2.394823779450
    8      0.003147901168      6.645913079152     -2.393679011055
    8      5.756015990123     -3.321299652051     -2.398109868776
    8     -5.749359926578     -3.322095526796     -2.395003460215
    8      5.755112046525      3.324524747400     -2.397691407835
    8     -0.004627564125     -6.641268981843     -2.392141571251
    8     -5.753023147337      3.324093340623     -2.396441072292
    8      0.000000000000      2.214571445248     -3.914846215896
    8      1.917875130079     -1.107285722624     -3.914846215896
    8     -1.917875130079     -1.107285722624     -3.914846215896
    8     -1.917875130080      5.536428613118     -3.914846215896
    8      5.753625390237     -1.107285722624     -3.914846215896
    8     -3.835750260157     -4.429142890494     -3.914846215896
    8      3.835750260157     -4.429142890494     -3.914846215896
    8      1.917875130080      5.536428613118     -3.914846215896
    8     -5.753625390237     -1.107285722624     -3.914846215896
    8      3.835750260159      2.214571445247     -3.914846215896
    8     -0.000000000001     -4.429142890492     -3.914846215896
    8     -3.835750260158      2.214571445246     -3.914846215896
    8     -7.671500520293     -4.429142890500     -3.914846215896
    8     -7.671500520300      2.214571445248     -3.914846215896
    8      5.753625390229      5.536428613098     -3.914846215896
    8      1.917875130071     -7.751000058346     -3.914846215896
  258      0.000000000000      0.000000000000     -4.697815459075
  258     -1.917875130080      3.321857167872     -4.697815459075
  258      3.835750260159     -0.000000000001     -4.697815459075
  258     -1.917875130079     -3.321857167871     -4.697815459075
  258      1.917875130079     -3.321857167871     -4.697815459075
  258      1.917875130080      3.321857167872     -4.697815459075
  258     -3.835750260159     -0.000000000001     -4.697815459075
  258     -3.835750260165      6.643714335750     -4.697815459075
  258      7.671500520294      0.000000000010     -4.697815459075
  258      3.835750260140      6.643714335750     -4.697815459075
  258      0.000000000000      6.643714335750     -4.697815459075
  258      5.753625390243     -3.321857167875     -4.697815459075
  258      9.589375650380     -3.321857167875     -4.697815459075
  258      5.753625390228      3.321857167862     -4.697815459075
  258     -7.671500520307      6.643714335750     -4.697815459075
  258     -5.753625390224      3.321857167861     -4.697815459075
    8     -1.917875130080      1.107285722623     -5.480784702254
    8      1.917875130079      1.107285722623     -5.480784702254
    8      0.000000000001     -2.214571445246     -5.480784702254
    8     -3.835750260160      4.429142890495     -5.480784702254
    8      5.753625390238      1.107285722622     -5.480784702254
    8     -1.917875130078     -5.536428613117     -5.480784702254
    8      1.917875130078     -5.536428613117     -5.480784702254
    8      3.835750260160      4.429142890495     -5.480784702254
    8     -5.753625390238      1.107285722622     -5.480784702254
    8      0.000000000000      4.429142890495     -5.480784702254
    8      3.835750260158     -2.214571445248     -5.480784702254
    8     -3.835750260158     -2.214571445248     -5.480784702254
    8      5.753625390243     -5.536428613123     -5.480784702254
    8     -7.671500520276     -2.214571445257     -5.480784702254
    8      1.917875130032      7.751000058380     -5.480784702254
    8      7.671500520293      4.429142890500     -5.480784702254
   14     -3.725150199187     -4.212552954749      7.396598781240
    8     -4.851040887675     -3.175069503672      8.004359601905
    8     -3.534634645294     -5.498550427220      8.398739555504
    8     -2.292902651398     -3.380401654918      7.231653232489
    6     -6.166624282886     -3.674561993071      8.332222917403
    6     -1.294868577463     -3.277061666633      8.267678507041
    6     -3.539713806144     -5.383836135813      9.827901887978
    6     -7.173087569063     -2.542643696346      8.245314635907
    6     -0.405898682759     -2.073756652473      8.021759050952
    6      3.260440933242      6.817387595402     10.429866427583
    1      7.175238335646     -2.909871679152      8.527772319145
    1      0.321404577449     -1.982625132419      8.838554539596
    1      3.261329757455      6.894302403015     11.525201137810
    1     -6.897663322104     -1.721336715106      8.914783712873
    1     -7.230052984468     -2.147024604110      7.227050995867
    1     -6.139851710065     -4.106085173948      9.345476181646
    1     -6.456386176879     -4.472557903000      7.628999161118
    1      2.229208403209      6.908840217519     10.074504108491
    1      3.628009326351      5.828844986253     10.145754633251
    1     -2.502542620737     -5.474230460307     10.186301161145
    1     -3.906274454196     -4.387711093159     10.128586530635
    1     -1.800679317518     -3.191404381513      9.242088684411
    1     -0.709037273520     -4.206836253344      8.264693121267
    1     -1.000375234097     -1.158010015279      7.966524925463
    1      0.148974860984     -2.177682592744      7.085135717801
    8      3.789248045711      4.416786170125      6.279427139646
    6      3.671624301173      4.296218269910      7.661150822031
    6      2.235324210331      4.511988150913      8.154003007096
    1      1.537429908348      3.810619505217      7.668198387658
    1      4.000698291282      3.283356301111      7.984362632254
    1      4.336979523154      5.018268904223      8.178347093849
    1      1.892198772761      5.524873224231      7.921189709028
    1      2.153251797870      4.351466202716      9.237769953556
    0    0
