   2   1   1 E -4.0953652545415E+04 DE 1.2E-07(  8)
  0.153430010406E+02  0.000000000000E+00  0.000000000000E+00
 -0.767150052032E+01  0.132874286715E+02  0.000000000000E+00
  0.000000000000E+00  0.000000000000E+00  0.500000000000E+03
    1
  0.100000000000E+01  0.000000000000E+00  0.000000000000E+00
  0.000000000000E+00  0.100000000000E+01  0.000000000000E+00
  0.000000000000E+00  0.000000000000E+00  0.100000000000E+01
  0.000000000000E+00  0.000000000000E+00  0.000000000000E+00
  225
    8      0.058003993816      2.234410524388      5.435827507591
    8      1.920642023058     -1.124548695890      5.399295321630
    8     -1.884127934096     -1.040828490094      5.329976643301
    8     -1.939550498552      5.548493889372      5.386208503000
    8      5.772964772601     -1.129831259544      5.401750344337
    8     -4.081340193448     -4.663775628747      5.900757856679
    8      3.838627839686     -4.417768216585      5.400524092910
    8      1.771536015784      5.614313713970      5.212132842357
    8     -5.779932615116     -1.099407861610      5.346184211652
    8      3.848797664959      2.015023256754      5.312252025472
    8      0.057621074847     -4.391292921997      5.397416639610
    8     -3.836193050761      2.182408137912      5.395963297006
    8      7.649243616111     -4.389123787882      5.402799444993
    8      7.631522516077      2.227188212386      5.420584459499
    8     -1.794159207451     -7.693724735865      5.247932383557
    8      1.924028286168     -7.737121145026      5.395374974019
  258      0.032919867355      0.036736852687      4.632580918874
  258     -1.910127564482      3.334378809246      4.632417177465
  258      3.844363363127     -0.027624329886      4.618283618289
  258     -1.782272706206     -3.248927342621      4.657502401189
  258      1.953438802957     -3.312399715102      4.635799724520
  258      1.956615275130      3.311578750176      4.704877445693
  258     -3.831817821479      0.019447505670      4.657254244114
  258     -3.838210450658      6.640259100486      4.634855706736
  258      7.651277027562      0.018830062302      4.633023016872
  258      3.823569713092      6.450783668516      4.721497884489
  258     -0.036744830825      6.657460441005      4.606349646323
  258      5.736773810950     -3.309707458111      4.635523888113
  258     -5.852942118104     -3.282636498265      4.615539838183
  258      5.717481222551      3.310600859652      4.707612233949
  258      0.027830154148     -6.634625757903      4.631602410474
  258     -5.763680581900      3.326819954355      4.635017812098
    8     -1.899316300625      1.150619494204      3.853242059499
    8      1.893770786392      1.096535353670      3.834852510411
    8      0.026435889610     -2.202958235774      3.854253459072
    8     -3.841232748834      4.423022991371      3.858219281611
    8      5.788955469057      1.088393571538      3.834008066953
    8     -2.019183951419     -5.411247133324      3.949476897073
    8      1.935420916172     -5.532760157425      3.839189901883
    8      3.834229304788      4.368834730240      3.788553398623
    8     -5.762485837457      1.126923037974      3.860859420355
    8     -0.054504983145      4.399757636194      3.835450698498
    8      3.844858127790     -2.225614865942      3.835661788393
    8     -3.819694369500     -2.364603273278      3.973128093109
    8      5.740774643793     -5.522936989004      3.838833670405
    8      7.645338326253     -2.212318876629      3.836281806632
    8     -5.717972362637     -5.442622385019      3.850732265595
    8     -7.624742847370      4.407214602007      3.844249884151
    8     -0.005789641957      0.000522269867      2.330112578479
    8     -1.936794907446      3.323588872243      2.324009942609
    8      3.838197583189     -0.002960278508      2.318122253358
    8     -1.885184790110     -3.285826907044      2.329969859980
    8      1.924150928726     -3.318116831295      2.325640161304
    8      1.909050530323      3.317328344933      2.343108489492
    8     -3.831435718625     -0.048159131611      2.402496246116
    8     -3.834965895035      6.638243795273      2.333868243299
    8     -7.658740265846     -0.002251040748      2.326991721590
    8      3.842751385877      6.605215793736      2.385569642824
    8      0.008686317673      6.652491441837      2.343552975646
    8      5.748773598477     -3.319979840669      2.318638131264
    8     -5.768943324010     -3.277150338242      2.334161848582
    8      5.763536608548      3.316146588984      2.352009537310
    8     -0.039932927510     -6.617737852601      2.376628133726
    8     -5.743317522043      3.315586255015      2.331595988417
  258     -1.914315850681      1.108117207938      1.537350177936
  258      1.918650129871      1.117631598986      1.533561375506
  258      0.010186562116     -2.206916120806      1.519051143276
  258     -3.838905930769      4.427902162658      1.536450849208
  258      5.757592743218      1.115946900788      1.535050990504
  258     -1.938302113722     -5.530420169050      1.585246953860
  258      1.915270236701     -5.531341161363      1.528480820433
  258      3.836757636230      4.418618888740      1.522307422490
  258     -5.755274923102      1.104120020840      1.537308498992
  258      0.005803776829      4.420977536884      1.545157127014
  258      3.838488868335     -2.212576711142      1.513544169243
  258     -3.828449271923     -2.223760947528      1.562611064267
  258      5.751242558677     -5.532087486778      1.521265401796
  258      7.664911809831     -2.207220770598      1.514510543900
  258     -5.740265234253     -5.538176159661      1.564847291609
  258      7.659563956145      4.422354780951      1.552308519062
    8     -0.004850116359      2.213307671590      0.755713639364
    8      1.917598320531     -1.104215528573      0.744854377079
    8     -1.927222282417     -1.096584825098      0.755027235190
    8     -1.915242365709      5.542166506639      0.754958107169
    8      5.756810345562     -1.103655055248      0.743703473822
    8     -3.833225789387     -4.432711823750      0.801095054993
    8      3.832369536754     -4.431863476106      0.745183662310
    8      1.922139184262      5.540885919138      0.759399372883
    8     -5.737037417728     -1.096929796803      0.752774621869
    8      3.838008002112      2.218164095498      0.749373034989
    8     -0.001071871374     -4.432855134191      0.762256078030
    8     -3.837421487420      2.187140857755      0.765126868089
    8     -7.666656933297     -4.429139134921      0.757395074322
    8     -7.668273810144      2.215180292348      0.758006375608
    8     -1.918738621819     -7.745504223793      0.764777167931
    8      1.900218833563     -7.740575103463      0.769649091605
    8     -1.918121583703      1.108921082494     -0.817546564795
    8      1.917188614060      1.110787187883     -0.821436497808
    8     -0.003366408323     -2.214868618524     -0.816489750733
    8     -3.842019720639      4.423744225411     -0.804397599227
    8      5.755887754279      1.110579759258     -0.822109078734
    8     -1.928372656138     -5.530385614326     -0.793596909033
    8      1.914528373732     -5.537775098566     -0.817363407601
    8      3.837015838026      4.430658737454     -0.827057616874
    8     -5.754240473576      1.109010341912     -0.816920788712
    8      0.001091111971      4.427895374540     -0.816003597578
    8      3.836672382730     -2.214723573634     -0.824196220692
    8     -3.832334507323     -2.228428229317     -0.795516189811
    8      5.755189153446     -5.535168528740     -0.819991837636
    8     -7.666057568271     -2.213179494893     -0.819922793482
    8     -5.742728982330     -5.531543628582     -0.804731541144
    8      7.669711314505      4.428713742166     -0.812297289252
  258      0.000131296151      2.216292358456     -1.595705877559
  258      1.917112026432     -1.104364932172     -1.600827981757
  258     -1.921249793049     -1.108051094859     -1.592119769732
  258     -1.916686322743      5.534725650638     -1.591796702703
  258      5.755539605115     -1.103720684537     -1.601868831409
  258     -3.833846319167     -4.430857069932     -1.586981836632
  258      3.834557602415     -4.429702673106     -1.601434253495
  258      1.917962621747      5.539886860315     -1.590498319512
  258     -5.748035511929     -1.108159891664     -1.592124055314
  258      3.836806405645      2.215974147067     -1.599995434835
  258     -0.007635939951     -4.432242292257     -1.587812813861
  258     -3.836901434338      2.212658728804     -1.592916079831
  258     -7.665034060550     -4.430945944896     -1.592585652801
  258      7.670835328036      2.216890554395     -1.594954527245
  258     -1.917852267926     -7.744952347111     -1.586418049343
  258      1.912779398858     -7.752371638120     -1.590331522135
    8     -0.001398407923     -0.000699672234     -2.397522856401
    8     -1.921270966634      3.324202090556     -2.395770603934
    8      3.835956162879      0.000875968906     -2.400823424538
    8     -1.920219310045     -3.323472596150     -2.394827363678
    8      1.915284106110     -3.322060816306     -2.396964555990
    8      1.917062539558      3.323768752317     -2.398384131497
    8     -3.835548446771     -0.004633161376     -2.393261680528
    8     -3.836893440620      6.640479756251     -2.394602212505
    8     -7.669316986605     -0.000372126311     -2.398118402213
    8     -3.833972586799     -6.638579060240     -2.394842234994
    8      0.003144564069      6.645877687082     -2.393766338168
    8      5.756043109496     -3.321315714889     -2.398162417863
    8     -5.749294457811     -3.322090324600     -2.395038927858
    8      5.755145385870      3.324536697030     -2.397748843906
    8     -0.004610528008     -6.641265646412     -2.392211104167
    8     -5.753012004620      3.324059281784     -2.396498325266
    8      0.000000000000      2.214571445248     -3.914846215896
    8      1.917875130079     -1.107285722624     -3.914846215896
    8     -1.917875130079     -1.107285722624     -3.914846215896
    8     -1.917875130080      5.536428613118     -3.914846215896
    8      5.753625390237     -1.107285722624     -3.914846215896
    8     -3.835750260157     -4.429142890494     -3.914846215896
    8      3.835750260157     -4.429142890494     -3.914846215896
    8      1.917875130080      5.536428613118     -3.914846215896
    8     -5.753625390237     -1.107285722624     -3.914846215896
    8      3.835750260159      2.214571445247     -3.914846215896
    8     -0.000000000001     -4.429142890492     -3.914846215896
    8     -3.835750260158      2.214571445246     -3.914846215896
    8     -7.671500520293     -4.429142890500     -3.914846215896
    8     -7.671500520300      2.214571445248     -3.914846215896
    8      5.753625390229      5.536428613098     -3.914846215896
    8      1.917875130071     -7.751000058346     -3.914846215896
  258      0.000000000000      0.000000000000     -4.697815459075
  258     -1.917875130080      3.321857167872     -4.697815459075
  258      3.835750260159     -0.000000000001     -4.697815459075
  258     -1.917875130079     -3.321857167871     -4.697815459075
  258      1.917875130079     -3.321857167871     -4.697815459075
  258      1.917875130080      3.321857167872     -4.697815459075
  258     -3.835750260159     -0.000000000001     -4.697815459075
  258     -3.835750260165      6.643714335750     -4.697815459075
  258      7.671500520294      0.000000000010     -4.697815459075
  258      3.835750260140      6.643714335750     -4.697815459075
  258      0.000000000000      6.643714335750     -4.697815459075
  258      5.753625390243     -3.321857167875     -4.697815459075
  258      9.589375650380     -3.321857167875     -4.697815459075
  258      5.753625390228      3.321857167862     -4.697815459075
  258     -7.671500520307      6.643714335750     -4.697815459075
  258     -5.753625390224      3.321857167861     -4.697815459075
    8     -1.917875130080      1.107285722623     -5.480784702254
    8      1.917875130079      1.107285722623     -5.480784702254
    8      0.000000000001     -2.214571445246     -5.480784702254
    8     -3.835750260160      4.429142890495     -5.480784702254
    8      5.753625390238      1.107285722622     -5.480784702254
    8     -1.917875130078     -5.536428613117     -5.480784702254
    8      1.917875130078     -5.536428613117     -5.480784702254
    8      3.835750260160      4.429142890495     -5.480784702254
    8     -5.753625390238      1.107285722622     -5.480784702254
    8      0.000000000000      4.429142890495     -5.480784702254
    8      3.835750260158     -2.214571445248     -5.480784702254
    8     -3.835750260158     -2.214571445248     -5.480784702254
    8      5.753625390243     -5.536428613123     -5.480784702254
    8     -7.671500520276     -2.214571445257     -5.480784702254
    8      1.917875130032      7.751000058380     -5.480784702254
    8      7.671500520293      4.429142890500     -5.480784702254
   14     -3.725222701594     -4.212653039879      7.395418958195
    8     -4.851122835193     -3.175512953410      8.002561783022
    8     -3.534108486234     -5.498035373113      8.398000516229
    8     -2.293009234023     -3.380728812491      7.230555422199
    6     -6.166541418463     -3.674273427844      8.331130465466
    6     -1.295053045473     -3.276954172705      8.266323757920
    6     -3.539928072886     -5.383988659069      9.827157939859
    6     -7.172838338768     -2.542845442727      8.244267768097
    6     -0.406287485244     -2.074060639979      8.020656512390
    6      3.260680628620      6.817910766472     10.429426645343
    1      7.175601338411     -2.909785595566      8.526774788443
    1      0.320882472097     -1.982763019605      8.837286010919
    1      3.261818441313      6.894517709501     11.524560180836
    1     -6.897668815445     -1.721679644206      8.913720421077
    1     -7.230084591716     -2.147032762685      7.226389756450
    1     -6.139822307548     -4.105492381108      9.344388918003
    1     -6.456341000095     -4.472511866752      7.628576900991
    1      2.229612485668      6.908936396800     10.074931534179
    1      3.627657479950      5.829728302562     10.145150554801
    1     -2.503206767206     -5.474249836571     10.185445228062
    1     -3.906109957624     -4.388154405633     10.127896538371
    1     -1.800658018224     -3.191179333899      9.240509982341
    1     -0.709360617798     -4.206450646453      8.263899893775
    1     -1.000275888317     -1.158362883681      7.965680432593
    1      0.148782505062     -2.177526217226      7.084530139226
    8      3.789146360880      4.416512086983      6.278064336005
    6      3.671332254481      4.296111822155      7.659857853154
    6      2.235431575127      4.511879148345      8.152778173311
    1      1.537517396816      3.810665526296      7.667283238552
    1      4.000644136695      3.283460850429      7.983012187495
    1      4.337657891537      5.017715509035      8.176207210191
    1      1.892038357646      5.524591527986      7.920343144636
    1      2.153089762440      4.351370397046      9.236463651241
    0    0
