   2   1   1 E -4.0953669207453E+04 DE-1.5E-09( 15)
  0.153430010406E+02  0.000000000000E+00  0.000000000000E+00
 -0.767150052032E+01  0.132874286715E+02  0.000000000000E+00
  0.000000000000E+00  0.000000000000E+00  0.500000000000E+03
    1
  0.100000000000E+01  0.000000000000E+00  0.000000000000E+00
  0.000000000000E+00  0.100000000000E+01  0.000000000000E+00
  0.000000000000E+00  0.000000000000E+00  0.100000000000E+01
  0.000000000000E+00  0.000000000000E+00  0.000000000000E+00
  225
    8      0.061915733472      2.237413577173      5.316571613344
    8      1.916253202348     -1.122827285179      5.275456231494
    8     -1.893308549210     -1.043960264651      5.205454985115
    8     -1.940550777405      5.548620680992      5.262690417027
    8      5.775537129778     -1.131701801613      5.281604266873
    8     -4.076413915175     -4.675716856919      5.753808368291
    8      3.833546334231     -4.411282981137      5.279612848214
    8      1.772484090430      5.620591038263      5.098358035705
    8     -5.780868546385     -1.110221555208      5.224553719404
    8      3.846611061946      2.009169846625      5.190188371600
    8      0.049630835887     -4.394515780516      5.268609351421
    8     -3.835375983532      2.180722394145      5.271132975969
    8      7.649608545086     -4.387436455137      5.278246606538
    8      7.622665817350      2.226591502401      5.292450753727
    8     -1.800238878304     -7.692355901625      5.140913235983
    8      1.917885181511     -7.740017019207      5.263006074864
  258      0.038223181047      0.031594128679      4.498080893155
  258     -1.897803611597      3.334290577646      4.481657029947
  258      3.849567612723     -0.025661544902      4.470111383239
  258     -1.776950793285     -3.252530789982      4.528854325339
  258      1.957027416938     -3.315716588482      4.499229286620
  258      1.965343689135      3.309772108914      4.577045663999
  258     -3.823675974607      0.008008165183      4.529950189959
  258     -3.830122734703      6.641736920158      4.476377115261
  258      7.660475117507      0.016468158467      4.491290596420
  258      3.827877320395      6.443878535234      4.602115982864
  258     -0.020223483985      6.658253089410      4.477310741757
  258      5.750145091439     -3.305920660408      4.494678933828
  258     -5.848543107229     -3.281954451160      4.500803335108
  258      5.721154067661      3.305176400950      4.560837608417
  258      0.022042038447     -6.631522815038      4.506261186878
  258     -5.755042629054      3.327463203396      4.476009610672
    8     -1.901415547157      1.143420425170      3.750409273230
    8      1.895897821999      1.095588018349      3.730869588513
    8      0.027443076123     -2.199302683918      3.752031919335
    8     -3.841469063966      4.422411421318      3.751258949867
    8      5.782485143917      1.082127428671      3.725834530082
    8     -2.002809618937     -5.423214220092      3.825318302427
    8      1.932298411029     -5.528448550003      3.735409731584
    8      3.833576769205      4.362483325893      3.672936479351
    8     -5.764657517847      1.121401602161      3.758857612961
    8     -0.046996190447      4.406783109522      3.725960691049
    8      3.843077478576     -2.222430003679      3.729905300093
    8     -3.821053878878     -2.358051895233      3.853433905146
    8      5.739634595528     -5.520854203787      3.732866646991
    8      7.647591269853     -2.209712064238      3.729076676856
    8     -5.727649614706     -5.444403433057      3.734887616811
    8     -7.635106629068      4.414618819822      3.733773680278
    8     -0.004246090387     -0.000169164575      2.242306622474
    8     -1.934506426413      3.322135278109      2.236546695977
    8      3.837674615968     -0.004046925967      2.220375250477
    8     -1.883598730628     -3.285445513373      2.245702422564
    8      1.923343484155     -3.316622321403      2.236094006995
    8      1.909029682751      3.314980986742      2.259532387450
    8     -3.832177905561     -0.044110084614      2.307159754350
    8     -3.836104294198      6.636916542768      2.240089091236
    8     -7.659451595656     -0.003175362244      2.236393468343
    8      3.840899696567      6.599770469159      2.299852256935
    8      0.004761298877      6.653479561694      2.247619385429
    8      5.749903181381     -3.317672058672      2.230071134177
    8     -5.770965763941     -3.278701098691      2.249369895977
    8      5.763899895942      3.312986924432      2.264143030508
    8     -0.033983227779     -6.619661222679      2.279137139495
    8     -5.744590257385      3.313507015876      2.239800738468
  258     -1.910400780236      1.104556204318      1.450035637892
  258      1.920748456693      1.118049490242      1.446505663984
  258      0.011953301858     -2.208086915598      1.434090094691
  258     -3.833905182080      4.427328845920      1.442283421772
  258      5.762282880073      1.117681270198      1.443573325142
  258     -1.936081110848     -5.532994954451      1.501718955844
  258      1.917567514122     -5.527433243450      1.439319045824
  258      3.836652586206      4.417157340574      1.437018655260
  258     -5.750756909320      1.101278646804      1.448319529672
  258      0.012894128521      4.422408703525      1.456978476759
  258      3.841415164350     -2.213070828510      1.425634249476
  258     -3.825935207501     -2.226996491772      1.483316079500
  258      5.759165691063     -5.528469060506      1.432319802861
  258      7.671332102481     -2.205030306835      1.426999339378
  258     -5.734152212916     -5.533934609091      1.483203814905
  258      7.662128774235      4.428878335169      1.461889157578
    8     -0.005509991591      2.212540394232      0.697699585422
    8      1.915517755731     -1.104821819176      0.686865329874
    8     -1.926399671397     -1.098837919499      0.698833300139
    8     -1.915968557697      5.541673523692      0.696990792148
    8      5.756123256554     -1.106488660674      0.684240696212
    8     -3.832519991016     -4.430146013480      0.740269120489
    8      3.831394367439     -4.432349019847      0.687503631146
    8      1.921153112839      5.540165720666      0.699066295284
    8     -5.737475454966     -1.098883442758      0.695672237156
    8      3.836304011391      2.215941063505      0.688840495419
    8     -0.004709477325     -4.433531830442      0.705492165373
    8     -3.836654227797      2.191450480969      0.705923998687
    8     -7.666944676533     -4.428240577106      0.697768701509
    8     -7.667997791452      2.213904729710      0.698739420598
    8     -1.921438330703     -7.748347041513      0.704362203326
    8      1.903134618744     -7.741717475354      0.708604740241
    8     -1.916629789518      1.107541556981     -0.866170982215
    8      1.918243398718      1.110353944284     -0.871671684259
    8     -0.001648294555     -2.215538034137     -0.866741484503
    8     -3.837068202697      4.425652376792     -0.856346677785
    8      5.758272249815      1.109550385903     -0.872781147515
    8     -1.926481925028     -5.531725483212     -0.841447160983
    8      1.915727178047     -5.537507668992     -0.867309183974
    8      3.837765567981      4.429263391305     -0.880143580424
    8     -5.749211851421      1.109895622259     -0.864760823207
    8      0.003008905140      4.426742522312     -0.866140268526
    8      3.837821839695     -2.215672557201     -0.875441851968
    8     -3.829801497439     -2.227105532995     -0.844132073479
    8      5.757772702609     -5.534711865375     -0.871282036105
    8     -7.661816263571     -2.211027597146     -0.871391680996
    8     -5.740101440183     -5.531434062223     -0.854970279911
    8      7.672872828198      4.430568594171     -0.861278448222
  258     -0.001919744235      2.216556787640     -1.617104929619
  258      1.914176978557     -1.103710302106     -1.621972046135
  258     -1.924065583054     -1.108821139308     -1.612633616131
  258     -1.917842159575      5.535538440320     -1.613027451915
  258      5.751813629722     -1.106592028435     -1.623374849152
  258     -3.834967452182     -4.430574065040     -1.607269832413
  258      3.831441339885     -4.430384095088     -1.623185775684
  258      1.916546938340      5.541108366926     -1.610095874521
  258     -5.748083477883     -1.108458694411     -1.613383270371
  258      3.833955393585      2.215927350609     -1.621914161572
  258     -0.011395977223     -4.432931169829     -1.608361098821
  258     -3.838099281606      2.212748460827     -1.614506374377
  258     -7.664966834099     -4.430834814475     -1.613804073204
  258      7.667290334345      2.213683335157     -1.616504602700
  258     -1.921613656085     -7.746694527042     -1.608386339671
  258      1.907915050796     -7.754487419597     -1.611872181546
    8      0.000072808439     -0.001181806537     -2.422743934390
    8     -1.919280022065      3.323475857430     -2.422215159161
    8      3.838497416126      0.002245447267     -2.426355545387
    8     -1.918738992376     -3.324063564173     -2.420272262966
    8      1.916779764124     -3.322447537462     -2.422456409614
    8      1.918242889793      3.322993751895     -2.424357791590
    8     -3.833660518628     -0.004408837442     -2.419329507204
    8     -3.835528247854      6.640629630994     -2.420368325049
    8     -7.666987161300     -0.000285509631     -2.423323520321
    8     -3.830929449919     -6.636733594345     -2.419461500190
    8      0.004896969101      6.645801659566     -2.419504609579
    8      5.757734604016     -3.321690849452     -2.423029086338
    8     -5.746897073391     -3.321854165612     -2.420367347984
    8      5.758971862721      3.325457542145     -2.423009846200
    8     -0.001872947527     -6.639914212162     -2.418646118742
    8     -5.751226136634      3.322783759562     -2.421351079068
    8      0.000000000000      2.214571445248     -3.914846215896
    8      1.917875130079     -1.107285722624     -3.914846215896
    8     -1.917875130079     -1.107285722624     -3.914846215896
    8     -1.917875130080      5.536428613118     -3.914846215896
    8      5.753625390237     -1.107285722624     -3.914846215896
    8     -3.835750260157     -4.429142890494     -3.914846215896
    8      3.835750260157     -4.429142890494     -3.914846215896
    8      1.917875130080      5.536428613118     -3.914846215896
    8     -5.753625390237     -1.107285722624     -3.914846215896
    8      3.835750260159      2.214571445247     -3.914846215896
    8     -0.000000000001     -4.429142890492     -3.914846215896
    8     -3.835750260158      2.214571445246     -3.914846215896
    8     -7.671500520293     -4.429142890500     -3.914846215896
    8     -7.671500520300      2.214571445248     -3.914846215896
    8      5.753625390229      5.536428613098     -3.914846215896
    8      1.917875130071     -7.751000058346     -3.914846215896
  258      0.000000000000      0.000000000000     -4.697815459075
  258     -1.917875130080      3.321857167872     -4.697815459075
  258      3.835750260159     -0.000000000001     -4.697815459075
  258     -1.917875130079     -3.321857167871     -4.697815459075
  258      1.917875130079     -3.321857167871     -4.697815459075
  258      1.917875130080      3.321857167872     -4.697815459075
  258     -3.835750260159     -0.000000000001     -4.697815459075
  258     -3.835750260165      6.643714335750     -4.697815459075
  258      7.671500520294      0.000000000010     -4.697815459075
  258      3.835750260140      6.643714335750     -4.697815459075
  258      0.000000000000      6.643714335750     -4.697815459075
  258      5.753625390243     -3.321857167875     -4.697815459075
  258      9.589375650380     -3.321857167875     -4.697815459075
  258      5.753625390228      3.321857167862     -4.697815459075
  258     -7.671500520307      6.643714335750     -4.697815459075
  258     -5.753625390224      3.321857167861     -4.697815459075
    8     -1.917875130080      1.107285722623     -5.480784702254
    8      1.917875130079      1.107285722623     -5.480784702254
    8      0.000000000001     -2.214571445246     -5.480784702254
    8     -3.835750260160      4.429142890495     -5.480784702254
    8      5.753625390238      1.107285722622     -5.480784702254
    8     -1.917875130078     -5.536428613117     -5.480784702254
    8      1.917875130078     -5.536428613117     -5.480784702254
    8      3.835750260160      4.429142890495     -5.480784702254
    8     -5.753625390238      1.107285722622     -5.480784702254
    8      0.000000000000      4.429142890495     -5.480784702254
    8      3.835750260158     -2.214571445248     -5.480784702254
    8     -3.835750260158     -2.214571445248     -5.480784702254
    8      5.753625390243     -5.536428613123     -5.480784702254
    8     -7.671500520276     -2.214571445257     -5.480784702254
    8      1.917875130032      7.751000058380     -5.480784702254
    8      7.671500520293      4.429142890500     -5.480784702254
   14     -3.729886179154     -4.207036397334      7.237986168087
    8     -4.855838304624     -3.157174857606      7.799036494223
    8     -3.554734335037     -5.479689322927      8.252728274062
    8     -2.299903921454     -3.385365928631      7.075733758438
    6     -6.182561996552     -3.620148837779      8.116570344745
    6     -1.316667485071     -3.178282167521      8.104210285119
    6     -3.562423023725     -5.380925272592      9.680025649591
    6     -7.150104891768     -2.477355754913      8.055885315791
    6     -0.382315119906     -2.057157780307      7.738457165549
    6      3.243561491414      6.835444938980     10.289650347723
    1      7.195088166464     -2.815805122954      8.341060526646
    1      0.287617042385     -1.845416621140      8.579997585096
    1      3.202031226447      6.942313150027     11.377055839781
    1     -6.857291235049     -1.675443395934      8.729331002611
    1     -7.212389470634     -2.059854271984      7.058586518128
    1     -6.170768539647     -4.068402637649      9.117151049887
    1     -6.480979401863     -4.401876917842      7.412630966062
    1      2.223229942568      6.888707123657      9.906905412950
    1      3.628901461230      5.843448209936     10.071514945439
    1     -2.530838168134     -5.465843609587     10.043731792646
    1     -3.917911686559     -4.385969881503      9.975604776466
    1     -1.832607723867     -2.954325717830      9.046852973751
    1     -0.777087723207     -4.122878430444      8.235128534593
    1     -0.925047240044     -1.141966780757      7.491139369239
    1      0.235516411519     -2.321656604152      6.882576091900
    8      3.779251530248      4.402199354074      6.122942720741
    6      3.679283884699      4.265566651030      7.503697466471
    6      2.263754357885      4.470751157279      8.000721217887
    1      1.561024240472      3.789635674653      7.511090409792
    1      4.019957683805      3.256900003360      7.800822269107
    1      4.354715879630      4.974717024243      8.012186597862
    1      1.918594452181      5.481477276763      7.795239847350
    1      2.176618122351      4.289171356890      9.077252560285
    0    0
