   2   1   1 E -4.0953651931609E+04 DE 1.3E-07(  3)
  0.153430010406E+02  0.000000000000E+00  0.000000000000E+00
 -0.767150052032E+01  0.132874286715E+02  0.000000000000E+00
  0.000000000000E+00  0.000000000000E+00  0.500000000000E+03
    1
  0.100000000000E+01  0.000000000000E+00  0.000000000000E+00
  0.000000000000E+00  0.100000000000E+01  0.000000000000E+00
  0.000000000000E+00  0.000000000000E+00  0.100000000000E+01
  0.000000000000E+00  0.000000000000E+00  0.000000000000E+00
  225
    8      0.057862617847      2.234401292643      5.437829570642
    8      1.920738401617     -1.124616289732      5.401050926981
    8     -1.883931437521     -1.040671283303      5.331759882196
    8     -1.939597729375      5.548449541052      5.388157558240
    8      5.772919691111     -1.129859239682      5.403597129561
    8     -4.081471932148     -4.663732036257      5.901850517023
    8      3.838858793208     -4.417923569167      5.402567689677
    8      1.771678241436      5.614051648985      5.213959794091
    8     -5.780011267965     -1.099181516507      5.347795517857
    8      3.848707846721      2.015049054270      5.314130203542
    8      0.057691314019     -4.391118689908      5.399160348986
    8     -3.836387156690      2.182570891562      5.397936458973
    8      7.649391104646     -4.389247126930      5.404552924420
    8      7.631620397561      2.227181443641      5.422545400016
    8     -1.793702401896     -7.693609163170      5.249311155721
    8      1.924220306134     -7.737104172642      5.397510998327
  258      0.032722960632      0.037159681852      4.634741079887
  258     -1.910431195908      3.334430194068      4.635144831228
  258      3.844210128262     -0.027732655970      4.620900693599
  258     -1.782121059676     -3.248850367202      4.659189783642
  258      1.953689492017     -3.312635678005      4.638131334888
  258      1.956541957267      3.311514694000      4.707024324587
  258     -3.832021698611      0.019824180869      4.659382098798
  258     -3.838226953480      6.640113746151      4.637752430469
  258      7.651108332496      0.018879359439      4.635398426170
  258      3.823641066398      6.450691694026      4.722912167394
  258     -0.037040630518      6.657340998388      4.608463522157
  258      5.736484446169     -3.309750422790      4.637927539520
  258     -5.853031838401     -3.282543108156      4.616914629896
  258      5.717877117393      3.310565934531      4.710113020934
  258      0.028090175703     -6.634715313610      4.633709615808
  258     -5.764164916566      3.326853805265      4.637894004171
    8     -1.899382209626      1.150936557797      3.854620912078
    8      1.893706045457      1.096492000754      3.836248008289
    8      0.026458223769     -2.202957936293      3.855544055875
    8     -3.841238439120      4.422985617073      3.859830351542
    8      5.788995539003      1.088462027724      3.835545946463
    8     -2.019181495136     -5.411105872415      3.950584955442
    8      1.935592113089     -5.532737056982      3.840661056521
    8      3.834405160900      4.368816426871      3.789905274336
    8     -5.762451454346      1.126988008392      3.862314627566
    8     -0.054661015965      4.399694945214      3.836953549635
    8      3.844843873678     -2.225689999272      3.837202929766
    8     -3.819679107222     -2.364676095335      3.974143585978
    8      5.740804472851     -5.523021046420      3.840334840639
    8      7.645239690256     -2.212349998228      3.837605688653
    8     -5.718054080414     -5.442823138054      3.851740292485
    8     -7.624551387697      4.407065230292      3.845727045305
    8     -0.005819889729      0.000545462249      2.331041774953
    8     -1.936793654141      3.323697001680      2.324917886240
    8      3.838205086525     -0.002920084725      2.319268083774
    8     -1.885127837586     -3.285801954691      2.330642097578
    8      1.924168181293     -3.318072128750      2.326633076772
    8      1.909048840175      3.317346489806      2.344013421091
    8     -3.831403711467     -0.048206228617      2.403598761402
    8     -3.834953241639      6.638224286751      2.334956824591
    8     -7.658757537217     -0.002192616618      2.327982058512
    8      3.842904234268      6.605280752147      2.386391422275
    8      0.008633687625      6.652429165160      2.344503643923
    8      5.748704561051     -3.320031255864      2.319578311239
    8     -5.768890809669     -3.277176733683      2.334951327560
    8      5.763508725723      3.316092811159      2.352886154060
    8     -0.039984686259     -6.617645399840      2.377678008515
    8     -5.743203853827      3.315540261345      2.332630788279
  258     -1.914382231015      1.108201925338      1.538394289249
  258      1.918639849323      1.117623859504      1.534639910170
  258      0.010181452098     -2.206894358508      1.520109141286
  258     -3.838954125831      4.427900113978      1.537681769899
  258      5.757512308343      1.115970977753      1.536215492869
  258     -1.938161926298     -5.530336820360      1.586139782296
  258      1.915263469001     -5.531420144969      1.529574686830
  258      3.836839888702      4.418561480019      1.523261946801
  258     -5.755295418406      1.104117579227      1.538419011382
  258      0.005706524058      4.420969234634      1.546214187639
  258      3.838392965774     -2.212553024652      1.514645203596
  258     -3.828254515206     -2.223774938874      1.563660731143
  258      5.751151185600     -5.532175115897      1.522368338803
  258      7.664846770585     -2.207205349894      1.515557093990
  258     -5.740409920692     -5.538236864817      1.565731608702
  258      7.659536311611      4.422240786690      1.553360563555
    8     -0.004812810873      2.213333029001      0.756108337017
    8      1.917668416970     -1.104168894501      0.745301362059
    8     -1.927207845337     -1.096526758796      0.755447889888
    8     -1.915248669495      5.542164406053      0.755366936983
    8      5.756799368286     -1.103570706547      0.744185589315
    8     -3.833143074322     -4.432782460255      0.801522436929
    8      3.832345819168     -4.431871754043      0.745647847040
    8      1.922172017068      5.540877826446      0.759886977967
    8     -5.737087530000     -1.096857370232      0.753207480235
    8      3.837993451631      2.218168506237      0.749808361432
    8     -0.000952412144     -4.432853064269      0.762593465681
    8     -3.837404188196      2.187039031378      0.765600493494
    8     -7.666613967474     -4.429107675592      0.757761502400
    8     -7.668245562677      2.215251712142      0.758422904226
    8     -1.918632351553     -7.745557619363      0.765199590533
    8      1.900132006525     -7.740594830926      0.770169917180
    8     -1.918169082111      1.108915995480     -0.817224162992
    8      1.917159248452      1.110783061080     -0.821129027728
    8     -0.003362440436     -2.214844252778     -0.816145802787
    8     -3.842074146496      4.423729318741     -0.804033838602
    8      5.755856057152      1.110615473336     -0.821767285292
    8     -1.928378772052     -5.530391136022     -0.793330263393
    8      1.914543797540     -5.537793001183     -0.817026708320
    8      3.837002538260      4.430684721969     -0.826708746103
    8     -5.754302841392      1.108995430818     -0.816673401872
    8      0.001100097121      4.427927926446     -0.815726847934
    8      3.836631468667     -2.214718482733     -0.823835036969
    8     -3.832383210646     -2.228424033832     -0.795219260377
    8      5.755123495308     -5.535179052786     -0.819654048519
    8     -7.666159177627     -2.213171505246     -0.819625966854
    8     -5.742712806149     -5.531558261733     -0.804408235940
    8      7.669670104591      4.428704711333     -0.812026326334
  258      0.000159969378      2.216277962366     -1.595935755974
  258      1.917144423417     -1.104383492800     -1.601033218886
  258     -1.921240407906     -1.108037557421     -1.592356109443
  258     -1.916680069208      5.534715182469     -1.592039025057
  258      5.755586889294     -1.103682700606     -1.602071830154
  258     -3.833814412394     -4.430846049318     -1.587218547504
  258      3.834593077511     -4.429698479396     -1.601637801636
  258      1.917986798907      5.539864110940     -1.590725609679
  258     -5.748120194768     -1.108098769091     -1.592468053591
  258      3.836823708555      2.215958652336     -1.600214570363
  258     -0.007574222216     -4.432238372046     -1.588079765518
  258     -3.836890639576      2.212642458042     -1.593127353346
  258     -7.665014084478     -4.430939872432     -1.592787521986
  258      7.670887666862      2.216972396522     -1.595196268859
  258     -1.917783098591     -7.744922656874     -1.586664117301
  258      1.912858856222     -7.752332149680     -1.590550193183
    8     -0.001439022698     -0.000694254743     -2.397473738534
    8     -1.921304720514      3.324191770236     -2.395682586843
    8      3.835905762836      0.000848547292     -2.400767058115
    8     -1.920227815310     -3.323463743906     -2.394769902113
    8      1.915251259510     -3.322070849552     -2.396923733110
    8      1.917074919959      3.323759056589     -2.398361166982
    8     -3.835567724456     -0.004615508391     -2.393246182573
    8     -3.836926657329      6.640459226663     -2.394562241055
    8     -7.669359103182     -0.000364869246     -2.398097465054
    8     -3.834009193922     -6.638612682187     -2.394832741121
    8      0.003147985038      6.645913259140     -2.393685930221
    8      5.756015684223     -3.321299415834     -2.398118952536
    8     -5.749360598704     -3.322095517857     -2.395011534856
    8      5.755110787457      3.324524539707     -2.397699502534
    8     -0.004629368222     -6.641269578083     -2.392148393272
    8     -5.753023653148      3.324093929756     -2.396449685893
    8      0.000000000000      2.214571445248     -3.914846215896
    8      1.917875130079     -1.107285722624     -3.914846215896
    8     -1.917875130079     -1.107285722624     -3.914846215896
    8     -1.917875130080      5.536428613118     -3.914846215896
    8      5.753625390237     -1.107285722624     -3.914846215896
    8     -3.835750260157     -4.429142890494     -3.914846215896
    8      3.835750260157     -4.429142890494     -3.914846215896
    8      1.917875130080      5.536428613118     -3.914846215896
    8     -5.753625390237     -1.107285722624     -3.914846215896
    8      3.835750260159      2.214571445247     -3.914846215896
    8     -0.000000000001     -4.429142890492     -3.914846215896
    8     -3.835750260158      2.214571445246     -3.914846215896
    8     -7.671500520293     -4.429142890500     -3.914846215896
    8     -7.671500520300      2.214571445248     -3.914846215896
    8      5.753625390229      5.536428613098     -3.914846215896
    8      1.917875130071     -7.751000058346     -3.914846215896
  258      0.000000000000      0.000000000000     -4.697815459075
  258     -1.917875130080      3.321857167872     -4.697815459075
  258      3.835750260159     -0.000000000001     -4.697815459075
  258     -1.917875130079     -3.321857167871     -4.697815459075
  258      1.917875130079     -3.321857167871     -4.697815459075
  258      1.917875130080      3.321857167872     -4.697815459075
  258     -3.835750260159     -0.000000000001     -4.697815459075
  258     -3.835750260165      6.643714335750     -4.697815459075
  258      7.671500520294      0.000000000010     -4.697815459075
  258      3.835750260140      6.643714335750     -4.697815459075
  258      0.000000000000      6.643714335750     -4.697815459075
  258      5.753625390243     -3.321857167875     -4.697815459075
  258      9.589375650380     -3.321857167875     -4.697815459075
  258      5.753625390228      3.321857167862     -4.697815459075
  258     -7.671500520307      6.643714335750     -4.697815459075
  258     -5.753625390224      3.321857167861     -4.697815459075
    8     -1.917875130080      1.107285722623     -5.480784702254
    8      1.917875130079      1.107285722623     -5.480784702254
    8      0.000000000001     -2.214571445246     -5.480784702254
    8     -3.835750260160      4.429142890495     -5.480784702254
    8      5.753625390238      1.107285722622     -5.480784702254
    8     -1.917875130078     -5.536428613117     -5.480784702254
    8      1.917875130078     -5.536428613117     -5.480784702254
    8      3.835750260160      4.429142890495     -5.480784702254
    8     -5.753625390238      1.107285722622     -5.480784702254
    8      0.000000000000      4.429142890495     -5.480784702254
    8      3.835750260158     -2.214571445248     -5.480784702254
    8     -3.835750260158     -2.214571445248     -5.480784702254
    8      5.753625390243     -5.536428613123     -5.480784702254
    8     -7.671500520276     -2.214571445257     -5.480784702254
    8      1.917875130032      7.751000058380     -5.480784702254
    8      7.671500520293      4.429142890500     -5.480784702254
   14     -3.725142100934     -4.212549021190      7.396655311363
    8     -4.851035875385     -3.175040411279      8.004427269476
    8     -3.534634028722     -5.498581027406      8.398768437454
    8     -2.292885070314     -3.380379983740      7.231686162158
    6     -6.166612630191     -3.674586084620      8.332276481922
    6     -1.294870568585     -3.277081215589      8.267739412489
    6     -3.539703301370     -5.383814673815      9.827923359500
    6     -7.173104525224     -2.542628044752      8.245359065294
    6     -0.405881128225     -2.073735443445      8.021801233178
    6      3.260421593901      6.817356956682     10.429877162288
    1      7.175213475058     -2.909892017547      8.527812143066
    1      0.321426823664     -1.982628604916      8.838611731246
    1      3.261333790352      6.894305523243     11.525233497255
    1     -6.897648068724     -1.721314741715      8.914831636785
    1     -7.230040878634     -2.147026676618      7.227055742717
    1     -6.139829261686     -4.106112454927      9.345535261195
    1     -6.456414099536     -4.472563384843      7.629009536375
    1      2.229181867942      6.908848732071     10.074481940403
    1      3.628014317164      5.828806090389     10.145715610232
    1     -2.502517960278     -5.474227698265     10.186321167593
    1     -3.906308593335     -4.387685035431     10.128610264693
    1     -1.800699587062     -3.191410393509      9.242150201626
    1     -0.709019188658     -4.206858003211      8.264720403597
    1     -1.000400775880     -1.157990982085      7.966554572813
    1      0.148981095874     -2.177696865451      7.085139557498
    8      3.789251018731      4.416792030809      6.279487198613
    6      3.671650911477      4.296219903989      7.661203536314
    6      2.235300785202      4.512000092263      8.154068869238
    1      1.537421096016      3.810600637667      7.668218516247
    1      4.000696644523      3.283327888804      7.984415505362
    1      4.336980430897      5.018305583310      8.178424041222
    1      1.892201733785      5.524906912085      7.921220584512
    1      2.153267893698      4.351477361062      9.237843953792
    0    0
