   2   1   1 E -4.0953653911164E+04 DE 1.4E-08( 12)
  0.153430010406E+02  0.000000000000E+00  0.000000000000E+00
 -0.767150052032E+01  0.132874286715E+02  0.000000000000E+00
  0.000000000000E+00  0.000000000000E+00  0.500000000000E+03
    1
  0.100000000000E+01  0.000000000000E+00  0.000000000000E+00
  0.000000000000E+00  0.100000000000E+01  0.000000000000E+00
  0.000000000000E+00  0.000000000000E+00  0.100000000000E+01
  0.000000000000E+00  0.000000000000E+00  0.000000000000E+00
  225
    8      0.058572951987      2.234276370050      5.430461905894
    8      1.920331595562     -1.124570479768      5.394794562199
    8     -1.884528103394     -1.041576280781      5.325082744987
    8     -1.939450215291      5.548658718637      5.381270245136
    8      5.772913783949     -1.129707703169      5.396942255097
    8     -4.080889809326     -4.664443723475      5.897152336831
    8      3.837546545680     -4.417394520952      5.394945332836
    8      1.771096726135      5.615105429117      5.207021250908
    8     -5.779472981896     -1.099869292549      5.342245455064
    8      3.849207613859      2.014912521197      5.307095392123
    8      0.057175786170     -4.392218866031      5.392807360470
    8     -3.835354301124      2.181733861179      5.391001550696
    8      7.648531298156     -4.388704620354      5.398546479161
    8      7.631271609648      2.227140283045      5.415442869248
    8     -1.795913567487     -7.694176055084      5.243976596152
    8      1.923278553206     -7.737231679961      5.389998618787
  258      0.033662986495      0.035206188066      4.627497510294
  258     -1.909246837026      3.334054018911      4.626152223702
  258      3.844951983932     -0.027483316895      4.612068172104
  258     -1.783137945007     -3.249434175246      4.653143654159
  258      1.952575059235     -3.311885215055      4.630200525673
  258      1.956734946242      3.311609568641      4.699298001949
  258     -3.831100726545      0.018385628944      4.652219405622
  258     -3.838460931281      6.640685434430      4.628158378982
  258      7.651739258979      0.018939677324      4.627527262951
  258      3.823165128527      6.450885239743      4.717621586202
  258     -0.036459497524      6.657841846068      4.601424705228
  258      5.737139733400     -3.309534181636      4.629937926286
  258     -5.852872714332     -3.282701169277      4.612367448848
  258      5.716299949673      3.310710373822      4.701419932519
  258      0.026942747111     -6.634772051036      4.626523093756
  258     -5.762364487361      3.326681723516      4.628458721150
    8     -1.898797404346      1.149442890343      3.849714213654
    8      1.894183363776      1.096365981166      3.831122045844
    8      0.026336569157     -2.203325884562      3.850771186174
    8     -3.841248166170      4.423077905826      3.854129802863
    8      5.788870597683      1.088061036278      3.829903778140
    8     -2.019764699806     -5.412006774450      3.946740804796
    8      1.934673015995     -5.533096842371      3.835344360976
    8      3.833496750821      4.368901294498      3.784615405390
    8     -5.762471278050      1.126761972295      3.857128064683
    8     -0.054216700333      4.399783364654      3.831684959192
    8      3.844817941191     -2.225449817345      3.831626093202
    8     -3.819927907777     -2.364469608323      3.970132167484
    8      5.740468863549     -5.522618769820      3.835069614165
    8      7.645513730042     -2.212154892117      3.833038356297
    8     -5.717767897258     -5.441654037945      3.848450178279
    8     -7.625338111706      4.407502049260      3.840610411532
    8     -0.005611801539      0.000175232763      2.327957338444
    8     -1.936797530793      3.323120267879      2.321983414704
    8      3.838216783683     -0.003222847571      2.315321937660
    8     -1.885613405017     -3.286145904741      2.328329925193
    8      1.924022539511     -3.318457344115      2.323281335183
    8      1.908968568672      3.317134670753      2.340666051375
    8     -3.831485846942     -0.048113346125      2.399899044589
    8     -3.835083856933      6.638292319771      2.331353544914
    8     -7.658615176156     -0.002459079858      2.324652053341
    8      3.841987967852      6.605092460563      2.383437610370
    8      0.008841471721      6.652680877048      2.341479413582
    8      5.748938340104     -3.319856888916      2.316504082787
    8     -5.769216019434     -3.277035739571      2.332281698934
    8      5.763489476302      3.316264845595      2.349839910674
    8     -0.040066358578     -6.618195346312      2.374131773837
    8     -5.743643913121      3.315744456477      2.329217034600
  258     -1.914087663367      1.107732520491      1.535295546493
  258      1.918725426203      1.117467154285      1.531295572483
  258      0.010092995246     -2.207204693924      1.516852849324
  258     -3.838801054046      4.427870330208      1.533868574103
  258      5.757839370309      1.115788984704      1.532576166586
  258     -1.938931234529     -5.530759068700      1.583514916135
  258      1.915162920754     -5.531296073417      1.526282817547
  258      3.836416382671      4.418734257295      1.520251507776
  258     -5.755190906303      1.104155481659      1.535051606205
  258      0.005994273126      4.420878401789      1.542983224543
  258      3.838735652882     -2.212749500832      1.511269832005
  258     -3.829080093694     -2.223790968394      1.560463773763
  258      5.751411788785     -5.531879805558      1.519040099645
  258      7.665088971221     -2.207317761447      1.512460895522
  258     -5.740019552706     -5.538005369998      1.563125043795
  258      7.659554000203      4.422559786927      1.550276317012
    8     -0.004967794282      2.213085622115      0.755059306674
    8      1.917387700835     -1.104534772866      0.744056523550
    8     -1.927281888662     -1.096872751345      0.754269655550
    8     -1.915259501186      5.542091830995      0.754383142793
    8      5.756883623090     -1.103974768170      0.742864105547
    8     -3.833678974959     -4.432627251381      0.800310053032
    8      3.832452514876     -4.431913823381      0.744386956158
    8      1.921920256938      5.540856961573      0.758398783841
    8     -5.736831693729     -1.097154363668      0.752062188692
    8      3.838078054531      2.218062342391      0.748595642102
    8     -0.001532817632     -4.432991737289      0.761826759201
    8     -3.837447909966      2.187414112340      0.764321788819
    8     -7.666840572934     -4.429309980299      0.756940665577
    8     -7.668347995340      2.214892917802      0.757334768921
    8     -1.919231703757     -7.745342779871      0.764090877955
    8      1.900470357763     -7.740585108144      0.768720027224
    8     -1.917985897721      1.108888827711     -0.817830519178
    8      1.917268511893      1.110700629704     -0.821671928699
    8     -0.003412196889     -2.215037868602     -0.816868471630
    8     -3.841902845287      4.423738108989     -0.804809612107
    8      5.755998304690      1.110409070140     -0.822450961674
    8     -1.928443984178     -5.530427433811     -0.793697988966
    8      1.914411336378     -5.537775701885     -0.817658555113
    8      3.836979463299      4.430528241280     -0.827464923065
    8     -5.754062496292      1.109015255478     -0.816971448478
    8      0.000960431040      4.427751222889     -0.816137079605
    8      3.836812358523     -2.214788769474     -0.824604425382
    8     -3.832243685829     -2.228505137930     -0.795743525608
    8      5.755359079457     -5.535193434325     -0.820296999281
    8     -7.665756755496     -2.213305170890     -0.820121497885
    8     -5.742946664305     -5.531536362727     -0.805022955606
    8      7.669789366771      4.428682876361     -0.812386919630
  258      0.000029054572      2.216275770707     -1.594964465095
  258      1.917023717664     -1.104406154472     -1.600149076439
  258     -1.921248082210     -1.108141227009     -1.591373388238
  258     -1.916750977244      5.534706339113     -1.591018645176
  258      5.755466822168     -1.103892770976     -1.601194068434
  258     -3.833995706086     -4.430948261734     -1.586236906019
  258      3.834462544100     -4.429760046006     -1.600776234659
  258      1.917798591803      5.539893454123     -1.589824291303
  258     -5.747775648972     -1.108379218239     -1.591059461163
  258      3.836750234753      2.215968967585     -1.599275531441
  258     -0.007851492549     -4.432313643840     -1.586948681094
  258     -3.836927111617      2.212690680206     -1.592235824891
  258     -7.665125835593     -4.430999128683     -1.591926726534
  258      7.670745039230      2.216632289434     -1.594135460510
  258     -1.918088430714     -7.745050042672     -1.585600026671
  258      1.912569827640     -7.752510426786     -1.589602134694
    8     -0.001284191465     -0.000752689046     -2.397240515545
    8     -1.921195494868      3.324200493530     -2.395581794004
    8      3.836106228594      0.000895400619     -2.400560938676
    8     -1.920238878879     -3.323546769283     -2.394569653629
    8      1.915369317802     -3.322079700181     -2.396637738415
    8      1.916958754503      3.323767006596     -2.398000191254
    8     -3.835485536972     -0.004718396891     -2.392858927856
    8     -3.836817236895      6.640539337194     -2.394267322427
    8     -7.669169261590     -0.000405446441     -2.397724524741
    8     -3.833947171384     -6.638523709958     -2.394454329453
    8      0.003077656671      6.645721110769     -2.393608829911
    8      5.756132106004     -3.321397106792     -2.397850318957
    8     -5.749099700144     -3.322119226271     -2.394704358139
    8      5.755222783520      3.324515385162     -2.397454555836
    8     -0.004612879948     -6.641307958540     -2.391955779431
    8     -5.752994086026      3.323942528882     -2.396181591409
    8      0.000000000000      2.214571445248     -3.914846215896
    8      1.917875130079     -1.107285722624     -3.914846215896
    8     -1.917875130079     -1.107285722624     -3.914846215896
    8     -1.917875130080      5.536428613118     -3.914846215896
    8      5.753625390237     -1.107285722624     -3.914846215896
    8     -3.835750260157     -4.429142890494     -3.914846215896
    8      3.835750260157     -4.429142890494     -3.914846215896
    8      1.917875130080      5.536428613118     -3.914846215896
    8     -5.753625390237     -1.107285722624     -3.914846215896
    8      3.835750260159      2.214571445247     -3.914846215896
    8     -0.000000000001     -4.429142890492     -3.914846215896
    8     -3.835750260158      2.214571445246     -3.914846215896
    8     -7.671500520293     -4.429142890500     -3.914846215896
    8     -7.671500520300      2.214571445248     -3.914846215896
    8      5.753625390229      5.536428613098     -3.914846215896
    8      1.917875130071     -7.751000058346     -3.914846215896
  258      0.000000000000      0.000000000000     -4.697815459075
  258     -1.917875130080      3.321857167872     -4.697815459075
  258      3.835750260159     -0.000000000001     -4.697815459075
  258     -1.917875130079     -3.321857167871     -4.697815459075
  258      1.917875130079     -3.321857167871     -4.697815459075
  258      1.917875130080      3.321857167872     -4.697815459075
  258     -3.835750260159     -0.000000000001     -4.697815459075
  258     -3.835750260165      6.643714335750     -4.697815459075
  258      7.671500520294      0.000000000010     -4.697815459075
  258      3.835750260140      6.643714335750     -4.697815459075
  258      0.000000000000      6.643714335750     -4.697815459075
  258      5.753625390243     -3.321857167875     -4.697815459075
  258      9.589375650380     -3.321857167875     -4.697815459075
  258      5.753625390228      3.321857167862     -4.697815459075
  258     -7.671500520307      6.643714335750     -4.697815459075
  258     -5.753625390224      3.321857167861     -4.697815459075
    8     -1.917875130080      1.107285722623     -5.480784702254
    8      1.917875130079      1.107285722623     -5.480784702254
    8      0.000000000001     -2.214571445246     -5.480784702254
    8     -3.835750260160      4.429142890495     -5.480784702254
    8      5.753625390238      1.107285722622     -5.480784702254
    8     -1.917875130078     -5.536428613117     -5.480784702254
    8      1.917875130078     -5.536428613117     -5.480784702254
    8      3.835750260160      4.429142890495     -5.480784702254
    8     -5.753625390238      1.107285722622     -5.480784702254
    8      0.000000000000      4.429142890495     -5.480784702254
    8      3.835750260158     -2.214571445248     -5.480784702254
    8     -3.835750260158     -2.214571445248     -5.480784702254
    8      5.753625390243     -5.536428613123     -5.480784702254
    8     -7.671500520276     -2.214571445257     -5.480784702254
    8      1.917875130032      7.751000058380     -5.480784702254
    8      7.671500520293      4.429142890500     -5.480784702254
   14     -3.724593358722     -4.213199180453      7.391376995664
    8     -4.851184332837     -3.177110054381      7.997575933358
    8     -3.529209388105     -5.496133750430      8.395465448987
    8     -2.293302445425     -3.380814360354      7.226430170446
    6     -6.165553050194     -3.674232540991      8.330696715850
    6     -1.296275765370     -3.276448657317      8.262586352894
    6     -3.541151833980     -5.382965258930      9.824711146159
    6     -7.171704718148     -2.543993355227      8.242706019941
    6     -0.408157556633     -2.074076354711      8.018556669760
    6      3.260154995756      6.819910392504     10.425843822676
    1      7.177223399884     -2.910681772025      8.525179150055
    1      0.318602950118     -1.983160288987      8.834843140788
    1      3.266697806874      6.892093544059     11.520546288309
    1     -6.897625501297     -1.722709178946      8.911658820885
    1     -7.229321783195     -2.148644746299      7.225294294475
    1     -6.137226569208     -4.101490788116      9.345110057382
    1     -6.455991893320     -4.475104707243      7.632264753892
    1      2.228146382998      6.913843699475     10.078084764978
    1      3.622809532169      5.832410305890     10.137283083124
    1     -2.506699377955     -5.472079876347     10.186302394948
    1     -3.908869146556     -4.388561829874     10.124521570022
    1     -1.802291538576     -3.190548719530      9.235766010733
    1     -0.710747158540     -4.205282140307      8.261569753310
    1     -1.001507045397     -1.158688862742      7.965151624948
    1      0.147289226287     -2.175780297038      7.083313180124
    8      3.788615153073      4.414837615762      6.273653483983
    6      3.672602787297      4.295634277810      7.655568476314
    6      2.238078388999      4.513149380762      8.150127736552
    1      1.539122663090      3.812815776170      7.666110343105
    1      4.000790569650      3.283330883449      7.979166512399
    1      4.342717990242      5.015287558179      8.168525362733
    1      1.894356298688      5.525515213406      7.918718957393
    1      2.155070017094      4.352692881774      9.233431593559
    0    0
