   2   1   1 E -4.0953651927296E+04 DE 9.1E-08(  3)
  0.153430010406E+02  0.000000000000E+00  0.000000000000E+00
 -0.767150052032E+01  0.132874286715E+02  0.000000000000E+00
  0.000000000000E+00  0.000000000000E+00  0.500000000000E+03
    1
  0.100000000000E+01  0.000000000000E+00  0.000000000000E+00
  0.000000000000E+00  0.100000000000E+01  0.000000000000E+00
  0.000000000000E+00  0.000000000000E+00  0.100000000000E+01
  0.000000000000E+00  0.000000000000E+00  0.000000000000E+00
  225
    8      0.057862074299      2.234401188436      5.437838087438
    8      1.920738285333     -1.124616389833      5.401059991236
    8     -1.883930741274     -1.040671932752      5.331770090674
    8     -1.939597770931      5.548449631854      5.388166013267
    8      5.772919456277     -1.129859024034      5.403605672472
    8     -4.081472917251     -4.663732324840      5.901852589006
    8      3.838858795303     -4.417923763792      5.402576351857
    8      1.771677860764      5.614051302017      5.213969083083
    8     -5.780011824982     -1.099181638526      5.347804566519
    8      3.848707777505      2.015048678483      5.314138614046
    8      0.057690816475     -4.391118042019      5.399170145877
    8     -3.836387140045      2.182571285618      5.397944951376
    8      7.649391497021     -4.389246954196      5.404562570165
    8      7.631620934803      2.227181327492      5.422553907369
    8     -1.793701478282     -7.693608943527      5.249318472488
    8      1.924220478705     -7.737104188291      5.397519510221
  258      0.032723594109      0.037161813258      4.634758482145
  258     -1.910432876703      3.334430126695      4.635166290236
  258      3.844210605957     -0.027734102634      4.620921016687
  258     -1.782120511636     -3.248850137636      4.659203440190
  258      1.953692631170     -3.312636386392      4.638149437579
  258      1.956540640725      3.311512892570      4.707041287608
  258     -3.832022406877      0.019828690886      4.659399833702
  258     -3.838227020485      6.640113249526      4.637774647124
  258      7.651107873815      0.018881751134      4.635417322517
  258      3.823642411701      6.450690766099      4.722923591600
  258     -0.037045478944      6.657340078968      4.608479260491
  258      5.736481198543     -3.309750860237      4.637945697770
  258     -5.853032757114     -3.282541964549      4.616927855715
  258      5.717880060482      3.310564588190      4.710131447421
  258      0.028093878668     -6.634717582288      4.633727791230
  258     -5.764164808583      3.326853946778      4.637916459149
    8     -1.899381915875      1.150937163722      3.854625918002
    8      1.893705695958      1.096491591764      3.836252812986
    8      0.026458074249     -2.202957987671      3.855548831178
    8     -3.841238440441      4.422985383833      3.859835695641
    8      5.788995768964      1.088461498281      3.835550754357
    8     -2.019182096820     -5.411105143733      3.950589892270
    8      1.935592239444     -5.532737156610      3.840666129561
    8      3.834405097878      4.368816475032      3.789910309140
    8     -5.762451642388      1.126988330420      3.862319757551
    8     -0.054661588439      4.399694753760      3.836958109919
    8      3.844843889265     -2.225689929660      3.837208177629
    8     -3.819679188884     -2.364677137601      3.974148886905
    8      5.740804510648     -5.523021104203      3.840340004316
    8      7.645239715535     -2.212350007158      3.837610448038
    8     -5.718054217365     -5.442822687535      3.851744435432
    8     -7.624550746622      4.407065029616      3.845731704801
    8     -0.005820062697      0.000545452986      2.331042990952
    8     -1.936793748689      3.323697105510      2.324918957916
    8      3.838205115058     -0.002919971447      2.319269721184
    8     -1.885128155658     -3.285802001013      2.330643265356
    8      1.924168145879     -3.318072166918      2.326634320796
    8      1.909048515878      3.317346486922      2.344014245672
    8     -3.831403692899     -0.048206756137      2.403600767295
    8     -3.834953231136      6.638224165360      2.334958138190
    8     -7.658757385885     -0.002192608117      2.327983279248
    8      3.842904405063      6.605281322543      2.386392319688
    8      0.008633913325      6.652429096103      2.344505443790
    8      5.748704538575     -3.320031313050      2.319579397818
    8     -5.768890548567     -3.277176649967      2.334952560996
    8      5.763508951034      3.316092801659      2.352886883707
    8     -0.039985302475     -6.617645165779      2.377680191732
    8     -5.743203624373      3.315540270913      2.332631977851
  258     -1.914382460768      1.108201976378      1.538400488349
  258      1.918639804695      1.117623674686      1.534645828660
  258      0.010181358970     -2.206894461498      1.520115044743
  258     -3.838954182386      4.427900108863      1.537688369371
  258      5.757512383762      1.115970916720      1.536221646538
  258     -1.938161586955     -5.530336810815      1.586145150095
  258      1.915263430926     -5.531420384882      1.529581014277
  258      3.836840097580      4.418561600415      1.523267295990
  258     -5.755295250848      1.104117586172      1.538425351611
  258      0.005706174001      4.420969268877      1.546220157748
  258      3.838392888284     -2.212553003617      1.514651379678
  258     -3.828254300152     -2.223774748478      1.563666302687
  258      5.751151178554     -5.532175297924      1.522374685161
  258      7.664846966394     -2.207205324237      1.515563037179
  258     -5.740410229175     -5.538236843793      1.565736872841
  258      7.659536514054      4.422240865964      1.553366792098
    8     -0.004812786041      2.213333096676      0.756108720380
    8      1.917668398441     -1.104168871698      0.745301705089
    8     -1.927207891249     -1.096526571963      0.755448183501
    8     -1.915248582502      5.542164440686      0.755367285100
    8      5.756799417825     -1.103570681156      0.744185948429
    8     -3.833143117314     -4.432782719607      0.801523260679
    8      3.832345803879     -4.431871837149      0.745648248357
    8      1.922172135655      5.540877769813      0.759887425896
    8     -5.737087577631     -1.096857152481      0.753207770144
    8      3.837993434825      2.218168648732      0.749808795177
    8     -0.000952292284     -4.432853118905      0.762593690866
    8     -3.837404191244      2.187038643898      0.765601066329
    8     -7.666613902481     -4.429107650020      0.757761767000
    8     -7.668245580785      2.215251788697      0.758423252497
    8     -1.918632390077     -7.745557841545      0.765199958246
    8      1.900131730020     -7.740594758235      0.770170499777
    8     -1.918169100421      1.108916007916     -0.817224593519
    8      1.917159216554      1.110783080373     -0.821129396003
    8     -0.003362521971     -2.214844297717     -0.816146065707
    8     -3.842074192428      4.423729311850     -0.804034015216
    8      5.755856096343      1.110615505837     -0.821767674942
    8     -1.928378766938     -5.530391141928     -0.793330813072
    8      1.914543748853     -5.537793035050     -0.817027061747
    8      3.837002555349      4.430684836914     -0.826708928708
    8     -5.754302847965      1.108995455784     -0.816673861682
    8      0.001100137814      4.427928010804     -0.815727212603
    8      3.836631455122     -2.214718489904     -0.823835344005
    8     -3.832383234857     -2.228424115332     -0.795219792221
    8      5.755123532480     -5.535179057660     -0.819654378368
    8     -7.666159082524     -2.213171515403     -0.819626227804
    8     -5.742712753197     -5.531558222562     -0.804408665131
    8      7.669670078839      4.428704785440     -0.812026711788
  258      0.000159946747      2.216278001251     -1.595942422677
  258      1.917144349471     -1.104383573280     -1.601039903358
  258     -1.921240444028     -1.108037583491     -1.592362745964
  258     -1.916680169969      5.534715153723     -1.592045697921
  258      5.755586964667     -1.103682840686     -1.602078531454
  258     -3.833814403669     -4.430846056531     -1.587225009284
  258      3.834593114752     -4.429698506040     -1.601644534967
  258      1.917986844339      5.539864075443     -1.590732237295
  258     -5.748120278851     -1.108098710527     -1.592474837408
  258      3.836823652860      2.215958783573     -1.600221194457
  258     -0.007574234713     -4.432238345514     -1.588086451834
  258     -3.836890675480      2.212642526399     -1.593134005036
  258     -7.665014093670     -4.430939830524     -1.592794178532
  258      7.670887792290      2.216972490227     -1.595202887473
  258     -1.917783137707     -7.744922625720     -1.586670695063
  258      1.912858973759     -7.752332193066     -1.590556865012
    8     -0.001439041059     -0.000694238842     -2.397474574190
    8     -1.921304707408      3.324191761947     -2.395683342823
    8      3.835905786744      0.000848593647     -2.400767914514
    8     -1.920227834675     -3.323463794930     -2.394770659995
    8      1.915251244925     -3.322070894518     -2.396924569618
    8      1.917074912702      3.323759055894     -2.398362006316
    8     -3.835567698561     -0.004615620431     -2.393246962102
    8     -3.836926677153      6.640459198298     -2.394563028539
    8     -7.669359130844     -0.000364842169     -2.398098313936
    8     -3.834009190135     -6.638612644851     -2.394833543480
    8      0.003148104112      6.645913285400     -2.393686761817
    8      5.756015688564     -3.321299432345     -2.398119754732
    8     -5.749360564594     -3.322095561242     -2.395012351237
    8      5.755110809507      3.324524520246     -2.397700399626
    8     -0.004629477369     -6.641269555066     -2.392149164308
    8     -5.753023717181      3.324093924386     -2.396450433128
    8      0.000000000000      2.214571445248     -3.914846215896
    8      1.917875130079     -1.107285722624     -3.914846215896
    8     -1.917875130079     -1.107285722624     -3.914846215896
    8     -1.917875130080      5.536428613118     -3.914846215896
    8      5.753625390237     -1.107285722624     -3.914846215896
    8     -3.835750260157     -4.429142890494     -3.914846215896
    8      3.835750260157     -4.429142890494     -3.914846215896
    8      1.917875130080      5.536428613118     -3.914846215896
    8     -5.753625390237     -1.107285722624     -3.914846215896
    8      3.835750260159      2.214571445247     -3.914846215896
    8     -0.000000000001     -4.429142890492     -3.914846215896
    8     -3.835750260158      2.214571445246     -3.914846215896
    8     -7.671500520293     -4.429142890500     -3.914846215896
    8     -7.671500520300      2.214571445248     -3.914846215896
    8      5.753625390229      5.536428613098     -3.914846215896
    8      1.917875130071     -7.751000058346     -3.914846215896
  258      0.000000000000      0.000000000000     -4.697815459075
  258     -1.917875130080      3.321857167872     -4.697815459075
  258      3.835750260159     -0.000000000001     -4.697815459075
  258     -1.917875130079     -3.321857167871     -4.697815459075
  258      1.917875130079     -3.321857167871     -4.697815459075
  258      1.917875130080      3.321857167872     -4.697815459075
  258     -3.835750260159     -0.000000000001     -4.697815459075
  258     -3.835750260165      6.643714335750     -4.697815459075
  258      7.671500520294      0.000000000010     -4.697815459075
  258      3.835750260140      6.643714335750     -4.697815459075
  258      0.000000000000      6.643714335750     -4.697815459075
  258      5.753625390243     -3.321857167875     -4.697815459075
  258      9.589375650380     -3.321857167875     -4.697815459075
  258      5.753625390228      3.321857167862     -4.697815459075
  258     -7.671500520307      6.643714335750     -4.697815459075
  258     -5.753625390224      3.321857167861     -4.697815459075
    8     -1.917875130080      1.107285722623     -5.480784702254
    8      1.917875130079      1.107285722623     -5.480784702254
    8      0.000000000001     -2.214571445246     -5.480784702254
    8     -3.835750260160      4.429142890495     -5.480784702254
    8      5.753625390238      1.107285722622     -5.480784702254
    8     -1.917875130078     -5.536428613117     -5.480784702254
    8      1.917875130078     -5.536428613117     -5.480784702254
    8      3.835750260160      4.429142890495     -5.480784702254
    8     -5.753625390238      1.107285722622     -5.480784702254
    8      0.000000000000      4.429142890495     -5.480784702254
    8      3.835750260158     -2.214571445248     -5.480784702254
    8     -3.835750260158     -2.214571445248     -5.480784702254
    8      5.753625390243     -5.536428613123     -5.480784702254
    8     -7.671500520276     -2.214571445257     -5.480784702254
    8      1.917875130032      7.751000058380     -5.480784702254
    8      7.671500520293      4.429142890500     -5.480784702254
   14     -3.725140669357     -4.212548867586      7.396662061749
    8     -4.851035576308     -3.175036296593      8.004433505706
    8     -3.534634447543     -5.498585117187      8.398771509644
    8     -2.292882479937     -3.380377030826      7.231687725288
    6     -6.166610266495     -3.674590176940      8.332282192892
    6     -1.294871848781     -3.277084803156      8.267746095412
    6     -3.539701006715     -5.383810393479      9.827924568828
    6     -7.173107076812     -2.542625156915      8.245363479348
    6     -0.405878747880     -2.073731978369      8.021805185606
    6      3.260418510508      6.817352663314     10.429878109311
    1      7.175210514244     -2.909894828582      8.527815906639
    1      0.321428976580     -1.982629549456      8.838617563664
    1      3.261334777122      6.894306925031     11.525237587877
    1     -6.897645911597     -1.721312175020      8.914836456005
    1     -7.230039580264     -2.147026341653      7.227054132738
    1     -6.139826725344     -4.106114893344      9.345540962874
    1     -6.456417746106     -4.472564629336      7.629009366262
    1      2.229178004045      6.908849929243     10.074478961783
    1      3.628015597317      5.828800570253     10.145710969274
    1     -2.502514581515     -5.474227922433     10.186322677028
    1     -3.906312540217     -4.387681415068     10.128612573067
    1     -1.800702102145     -3.191410681702      9.242156045772
    1     -0.709017092109     -4.206860526684      8.264722360664
    1     -1.000404308139     -1.157988210810      7.966557001356
    1      0.148982476000     -2.177698623919      7.085137791747
    8      3.789250171751      4.416792394862      6.279492695854
    6      3.671655481781      4.296219761070      7.661207332108
    6      2.235297127366      4.512001754003      8.154076264378
    1      1.537419696016      3.810597577211      7.668218767730
    1      4.000696280073      3.283324201217      7.984419894856
    1      4.336980432821      5.018310161854      8.178431292612
    1      1.892202092356      5.524911299387      7.921222836341
    1      2.153270281727      4.351478406513      9.237850912863
    0    0
