   2   1   1 E -4.0953667106817E+04 DE 2.2E-07( 10)
  0.153430010406E+02  0.000000000000E+00  0.000000000000E+00
 -0.767150052032E+01  0.132874286715E+02  0.000000000000E+00
  0.000000000000E+00  0.000000000000E+00  0.500000000000E+03
    1
  0.100000000000E+01  0.000000000000E+00  0.000000000000E+00
  0.000000000000E+00  0.100000000000E+01  0.000000000000E+00
  0.000000000000E+00  0.000000000000E+00  0.100000000000E+01
  0.000000000000E+00  0.000000000000E+00  0.000000000000E+00
  225
    8      0.060567920841      2.236061640893      5.346908870953
    8      1.916476163030     -1.122999147135      5.308765544513
    8     -1.892027057815     -1.042533673029      5.237217987517
    8     -1.939841360144      5.549073681822      5.294812291610
    8      5.773999967338     -1.131193157991      5.312962430506
    8     -4.054577492761     -4.676195388799      5.816346813377
    8      3.832921851829     -4.412818025803      5.310486779480
    8      1.772477618850      5.619727846745      5.130663259005
    8     -5.781202285641     -1.107630464677      5.257933301330
    8      3.847158714439      2.010640382427      5.222468522606
    8      0.048754126784     -4.393338986989      5.304745080328
    8     -3.834666988453      2.180002181500      5.303355123252
    8      7.646431589318     -4.387386280579      5.311251287879
    8      7.625633701649      2.225649986287      5.325515246582
    8     -1.797469276648     -7.697587972076      5.170261946517
    8      1.919320544781     -7.739575749285      5.297412390784
  258      0.036822194462      0.030976432586      4.531844151780
  258     -1.901071656751      3.333903831360      4.518620709685
  258      3.847794154925     -0.026055898931      4.506687585699
  258     -1.781599780413     -3.249474178681      4.561953235166
  258      1.952781664794     -3.312609116836      4.533362815976
  258      1.962600495025      3.310674660018      4.609111098795
  258     -3.826510299840      0.009446920466      4.561269651632
  258     -3.833516442370      6.641963667559      4.515411223371
  258      7.657499824053      0.016375021007      4.527033070129
  258      3.830777522704      6.444254062438      4.637757701268
  258     -0.024847512945      6.659528986308      4.510700934078
  258      5.745503966551     -3.307001585559      4.529529825896
  258     -5.852173055715     -3.281827685145      4.530177490491
  258      5.717625478927      3.305836544251      4.596887417914
  258      0.022206554478     -6.633881186768      4.538448294185
  258     -5.755980979579      3.326411041433      4.515124390265
    8     -1.900761433457      1.143866301716      3.777614199398
    8      1.895267361900      1.095773837234      3.758752832992
    8      0.025645210766     -2.199708867724      3.779648289213
    8     -3.841546122354      4.422574998866      3.779180217708
    8      5.784102841714      1.083271303695      3.754440122117
    8     -2.008001516461     -5.416720754207      3.861190405622
    8      1.931372849622     -5.530075643300      3.763107997092
    8      3.832956652531      4.364166438819      3.705012515510
    8     -5.764268153182      1.122380025291      3.785644706047
    8     -0.049052036642      4.405413256295      3.755712351484
    8      3.842765188715     -2.223146969980      3.757700237797
    8     -3.821876218814     -2.358498124713      3.883458379329
    8      5.739333842120     -5.520902886699      3.760854215824
    8      7.645458138895     -2.210031025197      3.757887003242
    8     -5.729262139457     -5.443202967309      3.764539393806
    8     -7.632021698041      4.412461868609      3.763621451236
    8     -0.004909299098     -0.000044045193      2.266886828060
    8     -1.935465861618      3.322114926015      2.261627115473
    8      3.837440603135     -0.003973956242      2.247556571950
    8     -1.885226901949     -3.284993728987      2.270176624567
    8      1.922528596925     -3.317177555833      2.261179182104
    8      1.908871389404      3.315905663401      2.283110554013
    8     -3.832693635010     -0.045899549858      2.333352585643
    8     -3.836276948391      6.637538030292      2.266489975781
    8     -7.659590709157     -0.003358141717      2.261860461359
    8      3.841126433420      6.602584366574      2.325002017530
    8      0.006065122805      6.654081439849      2.275099125176
    8      5.749023676371     -3.318112137111      2.254896579563
    8     -5.772124634373     -3.277797062312      2.272567708332
    8      5.763515028785      3.314214552312      2.289228837661
    8     -0.036550541365     -6.619302909150      2.306941629246
    8     -5.744846553761      3.314293417371      2.265832756759
  258     -1.911824766810      1.105355591497      1.473502536794
  258      1.919813147441      1.118025696567      1.469846913172
  258      0.010495428797     -2.207605896847      1.456535199323
  258     -3.835787774680      4.427489358366      1.467555347491
  258      5.760687575139      1.117113967168      1.468387159832
  258     -1.938056238214     -5.531711548930      1.524748717754
  258      1.916148348945     -5.528392172868      1.463367924691
  258      3.836211698212      4.418151292522      1.460804048438
  258     -5.752777582039      1.102105183515      1.472171648426
  258      0.010640010608      4.422177113971      1.480903994277
  258      3.840157594885     -2.212993145914      1.449047293306
  258     -3.828567042537     -2.225989622352      1.503778067903
  258      5.756229181846     -5.529222996518      1.456106196057
  258      7.668635968355     -2.205748764197      1.450439076944
  258     -5.736918522987     -5.534509132512      1.505036881046
  258      7.660942019759      4.426910148600      1.486832224041
    8     -0.005711991383      2.212793261155      0.714486971846
    8      1.915462036339     -1.104837932822      0.703265483175
    8     -1.927251826980     -1.098400214749      0.714691250706
    8     -1.915875962409      5.541928273565      0.713892111383
    8      5.755970410290     -1.105825733094      0.701026539676
    8     -3.833944922734     -4.430244195266      0.757592916114
    8      3.831354572126     -4.432093768366      0.703825470346
    8      1.920919723851      5.540920722259      0.716224875922
    8     -5.737685562590     -1.098557772632      0.711725388047
    8      3.836756226537      2.216810309364      0.706285698438
    8     -0.004749323713     -4.433113439474      0.722032505512
    8     -3.837257750931      2.190357122792      0.722865324841
    8     -7.667638144399     -4.428616998275      0.714781750777
    8     -7.668492042700      2.214050944445      0.715964346071
    8     -1.921283423498     -7.746745101792      0.722099981628
    8      1.902120329645     -7.741251570424      0.725998557795
    8     -1.917185237311      1.108055150402     -0.851967588786
    8      1.917798346343      1.110617608784     -0.856808299313
    8     -0.002674781326     -2.215374834613     -0.852123081222
    8     -3.838712012745      4.425044741870     -0.840963994998
    8      5.757433916327      1.109838978086     -0.857929694926
    8     -1.927597574430     -5.531051660757     -0.827100525918
    8      1.914882571446     -5.537434506104     -0.852685378308
    8      3.837393474687      4.429902414084     -0.864341775613
    8     -5.750995885759      1.109611505519     -0.850389469965
    8      0.002095627513      4.427104151935     -0.851142721784
    8      3.837292851739     -2.215339083495     -0.860566307635
    8     -3.830837732487     -2.227525602803     -0.829707987519
    8      5.756829635961     -5.534832777697     -0.856241922158
    8     -7.663155809336     -2.211803867599     -0.856141451118
    8     -5.741355503469     -5.531218418984     -0.840278525789
    8      7.671677076333      4.429981053651     -0.846477437486
  258     -0.001453982497      2.216608569051     -1.609383586189
  258      1.914881194469     -1.103853749755     -1.614496629917
  258     -1.923352862219     -1.108587338621     -1.605267104481
  258     -1.917709307630      5.535293223301     -1.605292060256
  258      5.752819450441     -1.105806796240     -1.615763176914
  258     -3.835049980118     -4.430599262771     -1.600037617592
  258      3.832168715582     -4.430120474783     -1.615519181399
  258      1.916780610006      5.540887354347     -1.603030475496
  258     -5.748008326902     -1.108590711672     -1.605239835224
  258      3.834711474327      2.216160022133     -1.613976798354
  258     -0.010656106181     -4.432616620648     -1.600800176563
  258     -3.837895706143      2.212840551533     -1.606734985210
  258     -7.665318056029     -4.430779302411     -1.606315709651
  258      7.668252141224      2.214515475390     -1.608579181563
  258     -1.920825649238     -7.746128847403     -1.600258541470
  258      1.909133789888     -7.753965807831     -1.604068026494
    8     -0.000409384742     -0.000975034208     -2.415066473792
    8     -1.919919912423      3.323757112223     -2.414197633358
    8      3.837709440315      0.001928909437     -2.418709614236
    8     -1.919456921371     -3.323846701371     -2.412607599597
    8      1.916204451154     -3.322261955293     -2.414645274902
    8      1.917613146711      3.323384420583     -2.416130356861
    8     -3.834354809652     -0.004535857029     -2.411276643645
    8     -3.836068678898      6.640705585950     -2.412367405460
    8     -7.667768576630     -0.000326977374     -2.415535951822
    8     -3.832060765521     -6.637096228509     -2.411721564846
    8      0.004159866670      6.645721809213     -2.411975869215
    8      5.757104915812     -3.321632845551     -2.415334543191
    8     -5.747622098479     -3.321930962026     -2.412644463228
    8      5.757697509630      3.325188698286     -2.415284429480
    8     -0.002978317572     -6.640374778353     -2.410576720438
    8     -5.751964643819      3.323082046308     -2.413579587876
    8      0.000000000000      2.214571445248     -3.914846215896
    8      1.917875130079     -1.107285722624     -3.914846215896
    8     -1.917875130079     -1.107285722624     -3.914846215896
    8     -1.917875130080      5.536428613118     -3.914846215896
    8      5.753625390237     -1.107285722624     -3.914846215896
    8     -3.835750260157     -4.429142890494     -3.914846215896
    8      3.835750260157     -4.429142890494     -3.914846215896
    8      1.917875130080      5.536428613118     -3.914846215896
    8     -5.753625390237     -1.107285722624     -3.914846215896
    8      3.835750260159      2.214571445247     -3.914846215896
    8     -0.000000000001     -4.429142890492     -3.914846215896
    8     -3.835750260158      2.214571445246     -3.914846215896
    8     -7.671500520293     -4.429142890500     -3.914846215896
    8     -7.671500520300      2.214571445248     -3.914846215896
    8      5.753625390229      5.536428613098     -3.914846215896
    8      1.917875130071     -7.751000058346     -3.914846215896
  258      0.000000000000      0.000000000000     -4.697815459075
  258     -1.917875130080      3.321857167872     -4.697815459075
  258      3.835750260159     -0.000000000001     -4.697815459075
  258     -1.917875130079     -3.321857167871     -4.697815459075
  258      1.917875130079     -3.321857167871     -4.697815459075
  258      1.917875130080      3.321857167872     -4.697815459075
  258     -3.835750260159     -0.000000000001     -4.697815459075
  258     -3.835750260165      6.643714335750     -4.697815459075
  258      7.671500520294      0.000000000010     -4.697815459075
  258      3.835750260140      6.643714335750     -4.697815459075
  258      0.000000000000      6.643714335750     -4.697815459075
  258      5.753625390243     -3.321857167875     -4.697815459075
  258      9.589375650380     -3.321857167875     -4.697815459075
  258      5.753625390228      3.321857167862     -4.697815459075
  258     -7.671500520307      6.643714335750     -4.697815459075
  258     -5.753625390224      3.321857167861     -4.697815459075
    8     -1.917875130080      1.107285722623     -5.480784702254
    8      1.917875130079      1.107285722623     -5.480784702254
    8      0.000000000001     -2.214571445246     -5.480784702254
    8     -3.835750260160      4.429142890495     -5.480784702254
    8      5.753625390238      1.107285722622     -5.480784702254
    8     -1.917875130078     -5.536428613117     -5.480784702254
    8      1.917875130078     -5.536428613117     -5.480784702254
    8      3.835750260160      4.429142890495     -5.480784702254
    8     -5.753625390238      1.107285722622     -5.480784702254
    8      0.000000000000      4.429142890495     -5.480784702254
    8      3.835750260158     -2.214571445248     -5.480784702254
    8     -3.835750260158     -2.214571445248     -5.480784702254
    8      5.753625390243     -5.536428613123     -5.480784702254
    8     -7.671500520276     -2.214571445257     -5.480784702254
    8      1.917875130032      7.751000058380     -5.480784702254
    8      7.671500520293      4.429142890500     -5.480784702254
   14     -3.671604677991     -4.213565491092      7.292956485690
    8     -4.768862546643     -3.146693424088      7.880889060883
    8     -3.492008863011     -5.487884894266      8.304553140053
    8     -2.232711421947     -3.408661189466      7.098818684783
    6     -6.102888683846     -3.585932036919      8.213764544503
    6     -1.186433072481     -3.305388933297      8.085116755191
    6     -3.555874945824     -5.392060245764      9.735484703442
    6     -7.045813087284     -2.409058175129      8.199946344719
    6     -0.396189647305     -2.030266241179      7.875319398545
    6      3.249950395351      6.802825199011     10.312789300977
    1      7.290225537326     -2.737232001962      8.470437003600
    1      0.391054524678     -1.969273787969      8.638075434202
    1      3.197933094370      6.886416324240     11.404122769280
    1     -6.729839621757     -1.642183661057      8.910697177185
    1     -7.101654563407     -1.945990828591      7.216425542888
    1     -6.080605625837     -4.061014713973      9.203556208353
    1     -6.439125421042     -4.340427886925      7.492191457351
    1      2.233053045759      6.854939396405      9.920158930747
    1      3.646888339051      5.823074539309     10.072035736029
    1     -2.535655705356     -5.452443086157     10.134790705180
    1     -3.947492767253     -4.409033783035     10.019697576463
    1     -1.647425815834     -3.320015045022      9.091983351085
    1     -0.542265214147     -4.199166003626      7.994530527434
    1     -1.044266359634     -1.141812210095      7.955610812701
    1      0.093526274052     -2.003316091917      6.887868462403
    8      3.797194523336      4.395868626570      6.158562927995
    6      3.717347797641      4.247916572612      7.539489015563
    6      2.304055907735      4.432281649983      8.063811934542
    1      1.602415682775      3.751748062243      7.569860460509
    1      4.077085719838      3.241219301455      7.829141368617
    1      4.387506662389      4.966659960624      8.042607431646
    1      1.946006085124      5.445724063315      7.882421254580
    1      2.236669149663      4.229624824992      9.139243943502
    0    0
