   2   1   1 E -4.0953651948823E+04 DE 6.3E-08(  6)
  0.153430010406E+02  0.000000000000E+00  0.000000000000E+00
 -0.767150052032E+01  0.132874286715E+02  0.000000000000E+00
  0.000000000000E+00  0.000000000000E+00  0.500000000000E+03
    1
  0.100000000000E+01  0.000000000000E+00  0.000000000000E+00
  0.000000000000E+00  0.100000000000E+01  0.000000000000E+00
  0.000000000000E+00  0.000000000000E+00  0.100000000000E+01
  0.000000000000E+00  0.000000000000E+00  0.000000000000E+00
  225
    8      0.057865099150      2.234401489525      5.437790809505
    8      1.920737767840     -1.124615630212      5.401010033331
    8     -1.883934052943     -1.040670173148      5.331715807542
    8     -1.939596733551      5.548449480922      5.388117949622
    8      5.772920856870     -1.129860006256      5.403558040847
    8     -4.081469179550     -4.663731667114      5.901836015225
    8      3.838858408432     -4.417922071461      5.402528104647
    8      1.771680433357      5.614052959198      5.213921378119
    8     -5.780010141514     -1.099182835429      5.347755569926
    8      3.848707074059      2.015050053126      5.314092484251
    8      0.057691437162     -4.391120285974      5.399117125710
    8     -3.836387042245      2.182568725917      5.397896375877
    8      7.649390488073     -4.389247596997      5.404510923514
    8      7.631618143975      2.227181233860      5.422506116225
    8     -1.793706925778     -7.693609002863      5.249279104182
    8      1.924218782832     -7.737103837919      5.397470202140
  258      0.032721199698      0.037153050834      4.634672907988
  258     -1.910425028148      3.334430293843      4.635062021297
  258      3.844209171910     -0.027727075269      4.620821221804
  258     -1.782122724462     -3.248851639465      4.659137851452
  258      1.953680533140     -3.312634216143      4.638060852168
  258      1.956547555448      3.311520344074      4.706958701260
  258     -3.832019211875      0.019808075897      4.659314693161
  258     -3.838225981972      6.640115598265      4.637666310341
  258      7.651110484497      0.018871807177      4.635325347922
  258      3.823637416540      6.450693101832      4.722868762477
  258     -0.037023414133      6.657344562704      4.608402057548
  258      5.736495482346     -3.309748823051      4.637856497821
  258     -5.853027625909     -3.282546726371      4.616864973514
  258      5.717868679999      3.310569708500      4.710040324951
  258      0.028077293483     -6.634707545003      4.633641812963
  258     -5.764165376715      3.326853362267      4.637807248835
    8     -1.899383603899      1.150933208375      3.854594898156
    8      1.893707320809      1.096493304386      3.836222833857
    8      0.026458236461     -2.202957297670      3.855519818817
    8     -3.841238526669      4.422986133547      3.859802282308
    8      5.788993646255      1.088462558393      3.835519942943
    8     -2.019177893647     -5.411108878252      3.950558639184
    8      1.935590328024     -5.532736094436      3.840634495843
    8      3.834404308299      4.368816446377      3.789879619537
    8     -5.762451088813      1.126985765616      3.862288554612
    8     -0.054657639665      4.399697077024      3.836928003861
    8      3.844843461836     -2.225689688514      3.837175814984
    8     -3.819678736967     -2.364671500111      3.974116781926
    8      5.740805006614     -5.523020651602      3.840308251926
    8      7.645240263401     -2.212349809062      3.837580636460
    8     -5.718054970616     -5.442825276059      3.851717020405
    8     -7.624554874756      4.407068212072      3.845700939176
    8     -0.005819251382      0.000545089764      2.331031729096
    8     -1.936793179386      3.323696701456      2.324907909959
    8      3.838204900463     -0.002920557675      2.319255522393
    8     -1.885126576412     -3.285801742310      2.330633918393
    8      1.924167719123     -3.318071647386      2.326622529005
    8      1.909049729871      3.317346681810      2.344005529397
    8     -3.831403919141     -0.048204889003      2.403584463241
    8     -3.834953504930      6.638224496152      2.334945004479
    8     -7.658758277683     -0.002193201921      2.327971828888
    8      3.842903344764      6.605278978798      2.386382988805
    8      0.008632921507      6.652429601115      2.344490744842
    8      5.748705008249     -3.320030780685      2.319568503030
    8     -5.768891873905     -3.277177269376      2.334942213528
    8      5.763507666115      3.316092987308      2.352877158449
    8     -0.039982694320     -6.617645515748      2.377663317967
    8     -5.743204692120      3.315540084850      2.332619908924
  258     -1.914381047304      1.108201545471      1.538369170117
  258      1.918640380862      1.117624889478      1.534616322836
  258      0.010181761991     -2.206894166888      1.520085087543
  258     -3.838953635627      4.427900110503      1.537654897768
  258      5.757512194188      1.115972195282      1.536191316362
  258     -1.938163743310     -5.530337176176      1.586117824479
  258      1.915263966962     -5.531418702128      1.529549132087
  258      3.836839460557      4.418561216841      1.523241461267
  258     -5.755296011739      1.104117344392      1.538393387949
  258      0.005708600066      4.420969236420      1.546190190642
  258      3.838393365666     -2.212553291574      1.514620548886
  258     -3.828254767614     -2.223776302803      1.563638585354
  258      5.751151769371     -5.532174055712      1.522343028962
  258      7.664846633837     -2.207205363995      1.515533004238
  258     -5.740408011431     -5.538236841203      1.565710828287
  258      7.659535064486      4.422240865930      1.553335796972
    8     -0.004812968468      2.213332829317      0.756106488431
    8      1.917668265180     -1.104168901112      0.745299682520
    8     -1.927207739476     -1.096527628395      0.755446529868
    8     -1.915249022277      5.542164232976      0.755365221150
    8      5.756799050682     -1.103570900294      0.744183742869
    8     -3.833143142648     -4.432781335539      0.801518817380
    8      3.832345574174     -4.431871489269      0.745645818953
    8      1.922171480435      5.540878134101      0.759884772088
    8     -5.737087579338     -1.096858385762      0.753206095975
    8      3.837993191796      2.218167864192      0.749805979916
    8     -0.000953380284     -4.432852938775      0.762592285878
    8     -3.837404254671      2.187040713177      0.765597846991
    8     -7.666614077769     -4.429107780138      0.757760104192
    8     -7.668245709731      2.215251405679      0.758421030720
    8     -1.918632712877     -7.745556995428      0.765197390134
    8      1.900132937035     -7.740595102899      0.770167213607
    8     -1.918168824774      1.108915834924     -0.817223275433
    8      1.917159486224      1.110782956858     -0.821128331519
    8     -0.003361988831     -2.214844151012     -0.816145487078
    8     -3.842073530373      4.423729629304     -0.804033809094
    8      5.755856127009      1.110615249265     -0.821766648770
    8     -1.928378696656     -5.530391162718     -0.793328711960
    8      1.914544144832     -5.537792833602     -0.817026187327
    8      3.837002584690      4.430684270306     -0.826708554151
    8     -5.754302432141      1.108995479078     -0.816672319546
    8      0.001100169387      4.427927566840     -0.815726129581
    8      3.836631688122     -2.214718585104     -0.823834675619
    8     -3.832382943530     -2.228423697075     -0.795217896207
    8      5.755123605641     -5.535178978591     -0.819653684050
    8     -7.666159155897     -2.213171198203     -0.819625623839
    8     -5.742712769999     -5.531558398695     -0.804407276433
    8      7.669670435205      4.428704655284     -0.812025418417
  258      0.000159916071      2.216277994762     -1.595913686905
  258      1.917144336698     -1.104383154084     -1.601010998859
  258     -1.921240518161     -1.108037553632     -1.592333985253
  258     -1.916680207854      5.534715165377     -1.592016697703
  258      5.755586235261     -1.103682922696     -1.602049716919
  258     -3.833814635189     -4.430846014897     -1.587196977559
  258      3.834592772991     -4.429698238170     -1.601615713615
  258      1.917986672041      5.539864046699     -1.590703232198
  258     -5.748120349356     -1.108098887467     -1.592445570258
  258      3.836823353415      2.215958549060     -1.600192460229
  258     -0.007574646435     -4.432238269449     -1.588057409911
  258     -3.836890907387      2.212642619213     -1.593105322812
  258     -7.665014317945     -4.430939702591     -1.592765245806
  258      7.670886953326      2.216971853074     -1.595174311327
  258     -1.917783645758     -7.744923048861     -1.586642137011
  258      1.912858168397     -7.752332632627     -1.590528078761
    8     -0.001438820941     -0.000694248892     -2.397469950403
    8     -1.921304446595      3.324191635582     -2.395679058344
    8      3.835906119262      0.000848729355     -2.400763526542
    8     -1.920227691811     -3.323463620780     -2.394766190413
    8      1.915251521358     -3.322070813021     -2.396919887318
    8      1.917075028126      3.323758987027     -2.398357149310
    8     -3.835567575385     -0.004615152966     -2.393242905784
    8     -3.836926523265      6.640459455933     -2.394558547233
    8     -7.669359035507     -0.000364945900     -2.398093705938
    8     -3.834008986876     -6.638612385693     -2.394828714849
    8      0.003147815372      6.645913183282     -2.393682562095
    8      5.756015743250     -3.321299478621     -2.398114823207
    8     -5.749360426388     -3.322095492967     -2.395007769162
    8      5.755111155015      3.324524586357     -2.397695632191
    8     -0.004628671105     -6.641269423557     -2.392145127997
    8     -5.753023457411      3.324093745684     -2.396445762489
    8      0.000000000000      2.214571445248     -3.914846215896
    8      1.917875130079     -1.107285722624     -3.914846215896
    8     -1.917875130079     -1.107285722624     -3.914846215896
    8     -1.917875130080      5.536428613118     -3.914846215896
    8      5.753625390237     -1.107285722624     -3.914846215896
    8     -3.835750260157     -4.429142890494     -3.914846215896
    8      3.835750260157     -4.429142890494     -3.914846215896
    8      1.917875130080      5.536428613118     -3.914846215896
    8     -5.753625390237     -1.107285722624     -3.914846215896
    8      3.835750260159      2.214571445247     -3.914846215896
    8     -0.000000000001     -4.429142890492     -3.914846215896
    8     -3.835750260158      2.214571445246     -3.914846215896
    8     -7.671500520293     -4.429142890500     -3.914846215896
    8     -7.671500520300      2.214571445248     -3.914846215896
    8      5.753625390229      5.536428613098     -3.914846215896
    8      1.917875130071     -7.751000058346     -3.914846215896
  258      0.000000000000      0.000000000000     -4.697815459075
  258     -1.917875130080      3.321857167872     -4.697815459075
  258      3.835750260159     -0.000000000001     -4.697815459075
  258     -1.917875130079     -3.321857167871     -4.697815459075
  258      1.917875130079     -3.321857167871     -4.697815459075
  258      1.917875130080      3.321857167872     -4.697815459075
  258     -3.835750260159     -0.000000000001     -4.697815459075
  258     -3.835750260165      6.643714335750     -4.697815459075
  258      7.671500520294      0.000000000010     -4.697815459075
  258      3.835750260140      6.643714335750     -4.697815459075
  258      0.000000000000      6.643714335750     -4.697815459075
  258      5.753625390243     -3.321857167875     -4.697815459075
  258      9.589375650380     -3.321857167875     -4.697815459075
  258      5.753625390228      3.321857167862     -4.697815459075
  258     -7.671500520307      6.643714335750     -4.697815459075
  258     -5.753625390224      3.321857167861     -4.697815459075
    8     -1.917875130080      1.107285722623     -5.480784702254
    8      1.917875130079      1.107285722623     -5.480784702254
    8      0.000000000001     -2.214571445246     -5.480784702254
    8     -3.835750260160      4.429142890495     -5.480784702254
    8      5.753625390238      1.107285722622     -5.480784702254
    8     -1.917875130078     -5.536428613117     -5.480784702254
    8      1.917875130078     -5.536428613117     -5.480784702254
    8      3.835750260160      4.429142890495     -5.480784702254
    8     -5.753625390238      1.107285722622     -5.480784702254
    8      0.000000000000      4.429142890495     -5.480784702254
    8      3.835750260158     -2.214571445248     -5.480784702254
    8     -3.835750260158     -2.214571445248     -5.480784702254
    8      5.753625390243     -5.536428613123     -5.480784702254
    8     -7.671500520276     -2.214571445257     -5.480784702254
    8      1.917875130032      7.751000058380     -5.480784702254
    8      7.671500520293      4.429142890500     -5.480784702254
   14     -3.725146197774     -4.212550522116      7.396630764010
    8     -4.851037625535     -3.175053840360      8.004399858036
    8     -3.534633416980     -5.498567082677      8.398756173065
    8     -2.292893723480     -3.380390038531      7.231674674866
    6     -6.166618552007     -3.674574411308      8.332253947875
    6     -1.294868806637     -3.277071660896      8.267713468917
    6     -3.539708588287     -5.383825617951      9.827914897395
    6     -7.173096940501     -2.542635567097      8.245340729752
    6     -0.405888862659     -2.073745436594      8.021784091200
    6      3.260430584745      6.817371005035     10.429873220703
    1      7.175224641268     -2.909882225815      8.527795817619
    1      0.321417526608     -1.982626198143      8.838587533472
    1      3.261331113708      6.894302300272     11.525219136900
    1     -6.897655631896     -1.721324643764      8.914811494874
    1     -7.230046181001     -2.147026515478      7.227056803279
    1     -6.139839358946     -4.106101413439      9.345510733928
    1     -6.456401056214     -4.472560103892      7.629006871956
    1      2.229194413518      6.908844658310     10.074492541818
    1      3.628011192749      5.828824269683     10.145733368324
    1     -2.502529551462     -5.474228086401     10.186313896234
    1     -3.906293462934     -4.387697449439     10.128600521399
    1     -1.800690045661     -3.191408337993      9.242124952068
    1     -0.709027295326     -4.206848120610      8.264710167424
    1     -1.000388447466     -1.158000365025      7.966543025321
    1      0.148977581805     -2.177690253907      7.085141112164
    8      3.789251267545      4.416790038303      6.279463073747
    6      3.671638462895      4.296219435582      7.661182382917
    6      2.235311402330      4.511994541451      8.154041040863
    1      1.537425168280      3.810610197062      7.668212934544
    1      4.000697737603      3.283341072524      7.984395083443
    1      4.336980313100      5.018288788813      8.178392888094
    1      1.892200169960      5.524891287903      7.921208993223
    1      2.153259710009      4.351472772020      9.237813719259
    0    0
