   2   1   1 E -4.0951896989396E+04 DE-9.1E-08( 11)
  0.153430010406E+02  0.000000000000E+00  0.000000000000E+00
  0.000000000000E+00  0.153430010406E+02  0.000000000000E+00
  0.000000000000E+00  0.000000000000E+00  0.500000000000E+03
    1
  0.100000000000E+01  0.000000000000E+00  0.000000000000E+00
  0.000000000000E+00  0.100000000000E+01  0.000000000000E+00
  0.000000000000E+00  0.000000000000E+00  0.100000000000E+01
  0.000000000000E+00  0.000000000000E+00  0.000000000000E+00
  225
    8      1.643636285049      2.250483004895      4.310629485938
    8     -1.696307626964     -1.420817152078      4.279334101917
    8      2.134587662443     -1.492085571195      4.270563369255
    8     -2.206147547850      2.275276482001      4.297677659147
    8      2.073851861288      6.002389733615      4.320728200405
    8     -1.912345083453     -5.488824547948      4.332505525880
    8      1.835863139202     -5.350492165146      4.294990662490
    8     -1.718979796967      6.034556294381      4.319634423391
    8      5.481374684770      1.936368121918      4.353126987508
    8     -5.506180429026     -1.162323879602      4.217986759222
    8      5.944068847876     -1.479923338654      4.269399998996
    8     -6.015867743952      2.228040381474      4.325134883807
    8      5.887759834587      5.294174221596      4.281736268428
    8     -5.710203674151     -5.708769065922      4.582454063447
    8      5.594651315634     -5.194795476246      4.270513497395
    8     -5.542831096210      5.726466601729      4.362912074350
  258     -0.072018562445      1.929039915376      3.310348356446
  258      0.047676581199     -1.869404121872      3.283663331371
  258      0.041853403603      5.743687285151      3.325227942490
  258      0.049200564652     -5.728013580319      3.275644452842
  258      3.781014310838      1.913160422566      3.319795420923
  258     -3.797595787701     -1.840153069400      3.312603390306
  258      3.874972861658     -1.875618554571      3.291605939580
  258     -3.941335998894      1.911606803137      3.336105384781
  258      3.851181226717      5.727494227390      3.301265976120
  258     -3.662010404413     -5.704874482551      3.255028096645
  258      3.777926370312     -5.697929513208      3.273559905034
  258     -3.795927824786      5.736540783736      3.338281729568
  258      7.604113761948      1.959940290047      3.323052146938
  258     -7.637847886023     -1.862654619934      3.309804966792
  258     -7.670472957445      5.830030312264      3.411904259982
  258      7.481156458390     -5.762317105304      3.302756147494
    8      1.915151044325      1.888800949915      1.767240572473
    8     -1.884836411187     -1.935233813557      1.772719706295
    8      1.906937369346     -1.930381100787      1.757219873364
    8     -1.897575630500      1.891018960288      1.769811854290
    8      1.920303756260      5.719934959097      1.762354140316
    8     -1.875601075749     -5.759262256116      1.775317358132
    8      1.927579974192     -5.761988232196      1.765985929446
    8     -1.922672250684      5.729599781283      1.755210342655
    8      5.761317480170      1.935778751699      1.775798640750
    8     -5.767081126008     -1.969957492485      1.799922511154
    8      5.757306809903     -1.929189935095      1.770277487305
    8     -5.761126760270      1.902856632987      1.782925087654
    8      5.702857739264      5.800334401275      1.767975881190
    8     -5.712100553745     -5.739147992711      1.898133407778
    8      5.711436726587     -5.780753528079      1.789125591076
    8     -5.710546089398      5.791534621280      1.776265986197
    8      0.010794791457     -0.006883258565      2.145253954757
    8     -0.008559074604      3.822003744366      2.174307852860
    8      0.010563227970     -3.828404937471      2.176181292108
    8      0.024330307750      7.663196600051      2.185071812705
    8      3.832622901420     -0.005179488736      2.137336262588
    8     -3.820590325803      0.011267722688      2.093621484645
    8      3.804799226927      3.818020398574      2.166539551331
    8     -3.794247341614     -3.820011349530      2.165156387259
    8      3.813556743601     -3.819048872048      2.137876481662
    8     -3.858233188247      3.825116348864      2.181224698053
    8      3.817337707120     -7.659514351615      2.240448541851
    8     -3.767090543387     -7.655658245978      2.213942713211
    8      7.663886654826      0.019148028543      2.143537725089
    8      7.670501214180      3.858590297219      2.154142674452
    8      7.653393451901     -3.845276163555      2.161437070080
    8      7.650035584077     -7.636126729772      2.050207026955
  258      1.915580606941      0.003725580344      0.581753279949
  258     -1.921488882718     -0.001452520808      0.581750700485
  258      1.912947715145      3.816243977582      0.594841982133
  258     -1.907726934737     -3.814287068965      0.570660635010
  258      1.922757178123     -3.829184410731      0.573029524384
  258     -1.930405938423      3.814186012930      0.599367587989
  258      1.929228466143      7.646118348374      0.596458363432
  258     -1.899973806607      7.648028077210      0.592375679554
  258      5.757277969292      0.013637150508      0.592633331842
  258     -5.755638205601     -0.004059171994      0.593800755158
  258      5.763374724372      3.862212143328      0.610065090701
  258     -5.760403807420     -3.849329654392      0.623456822992
  258      5.747955318649     -3.825360110829      0.595097029382
  258     -5.770073186233      3.860477517369      0.615081413195
  258      5.774038674503      7.665752118204      0.554644966011
  258     -5.752078660232     -7.651035557045      0.639634344878
    8     -0.001595122933     -0.003007019002     -0.678024221472
    8     -0.005566165697      3.830205359700     -0.658073948870
    8      0.001071983927     -3.827787425172     -0.662894474257
    8      0.004730217267      7.659632043275     -0.649317812498
    8      3.844386583314      0.000452288674     -0.670415800956
    8     -3.850434355043     -0.007276880714     -0.682378188604
    8      3.832071818128      3.837837033455     -0.657747077323
    8     -3.828649379544     -3.845593983358     -0.653674854435
    8      3.836060949346     -3.832012714654     -0.666410679451
    8     -3.845970292128      3.838173396155     -0.655608506087
    8      3.822827338152      7.663382149109     -0.647260757635
    8     -3.826536056839     -7.660537139465     -0.640502980808
    8     -7.669305491668     -0.002998249829     -0.663236759059
    8      7.671978451247      3.852055426202     -0.662719870711
    8      7.673966977323     -3.840278302759     -0.650685337553
    8     -7.673265371711     -7.667929749317     -0.688965214583
    8      1.915259685383      1.914108189679     -0.863609039688
    8     -1.926224125105     -1.918370216762     -0.855467886928
    8      1.920847804923     -1.917661245198     -0.875144862903
    8     -1.929523188883      1.916878050918     -0.860439553863
    8      1.918637177485      5.743874929585     -0.873266669607
    8     -1.910240423744     -5.758462986379     -0.865926687983
    8      1.917403602228     -5.750003874276     -0.868086921356
    8     -1.914590727817      5.756719665192     -0.871143433448
    8      5.760156226827      1.918283727268     -0.854690321271
    8     -5.759036340397     -1.927508937719     -0.844858290436
    8      5.755714547174     -1.923373106577     -0.865896746495
    8     -5.757019278538      1.919290642067     -0.854086229271
    8      5.751628903859      5.750600064089     -0.860090159584
    8     -5.753883194493     -5.750077199196     -0.819541509689
    8      5.754087224000     -5.745518957321     -0.864511695896
    8     -5.753459799539      5.758844854363     -0.850315007446
  258     -0.001970088254      1.920120026863     -2.121903505480
  258      0.004472749318     -1.913576209680     -2.123950695799
  258     -0.004044466652      5.746271112563     -2.119140014183
  258      0.001661726999     -5.758988062341     -2.121580772436
  258      3.843914136625      1.925629869030     -2.109898689278
  258     -3.834305067347     -1.912705574308     -2.130291558858
  258      3.842208080533     -1.911030241526     -2.122509682508
  258     -3.842569684357      1.928317959365     -2.108344338460
  258      3.836950661888      5.746005203378     -2.116560270006
  258     -3.834975250236     -5.753591555047     -2.101139126974
  258      3.834737562192     -5.751902828041     -2.121929616516
  258     -3.851058682452      5.757162182408     -2.095436748971
  258     -7.669824596183      1.921308980020     -2.108459360618
  258     -7.663861155170     -1.920390283214     -2.104750848992
  258     -7.664756874574      5.762004438700     -2.123962868426
  258     -7.664589610114     -5.753529992965     -2.111362021261
    8      1.914981700648      1.918092351163     -3.576333174644
    8     -1.917354821872     -1.916663398071     -3.578783734765
    8      1.915406235481     -1.918004957671     -3.579312950159
    8     -1.916649692515      1.917233842480     -3.574811421090
    8      1.919076252167      5.753267318544     -3.579037975740
    8     -1.917857064048     -5.752349991569     -3.571296825914
    8      1.917366180764     -5.753277580487     -3.574501567415
    8     -1.913176533170      5.754079339448     -3.579072978169
    8      5.751875722607      1.917894370540     -3.572600335703
    8     -5.758992703058     -1.920556419338     -3.563723663883
    8      5.753063823670     -1.918738013995     -3.577379609771
    8     -5.755387552708      1.917214949754     -3.574266196201
    8      5.751800655286      5.753149282906     -3.576203882369
    8     -5.752438454110     -5.753509504147     -3.556369995160
    8      5.752851745337     -5.754561400150     -3.573876948660
    8     -5.751640356933      5.757831190752     -3.569535501737
    8      0.000000000000      0.000000000000     -3.390356274875
    8      0.000000000000      3.835750260159     -3.390356274875
    8      0.000000000000     -3.835750260159     -3.390356274875
    8      0.000000000000      7.671500520300     -3.390356274875
    8      3.835750260161      0.000000000000     -3.390356274875
    8     -3.835750260161      0.000000000000     -3.390356274875
    8      3.835750260161      3.835750260159     -3.390356274875
    8     -3.835750260161     -3.835750260159     -3.390356274875
    8      3.835750260161     -3.835750260159     -3.390356274875
    8     -3.835750260161      3.835750260159     -3.390356274875
    8      3.835750260161      7.671500520300     -3.390356274875
    8     -3.835750260161      7.671500520300     -3.390356274875
    8      7.671500520300      0.000000000000     -3.390356274875
    8      7.671500520300      3.835750260159     -3.390356274875
    8      7.671500520300     -3.835750260159     -3.390356274875
    8      7.671500520300      7.671500520300     -3.390356274875
  258      1.917875130081      0.000000000000     -4.746498784825
  258     -1.917875130081      0.000000000000     -4.746498784825
  258      1.917875130081      3.835750260159     -4.746498784825
  258     -1.917875130081     -3.835750260159     -4.746498784825
  258      1.917875130081     -3.835750260159     -4.746498784825
  258     -1.917875130081      3.835750260159     -4.746498784825
  258      1.917875130081      7.671500520300     -4.746498784825
  258     -1.917875130081      7.671500520300     -4.746498784825
  258      5.753625390240      0.000000000000     -4.746498784825
  258     -5.753625390240      0.000000000000     -4.746498784825
  258      5.753625390240      3.835750260159     -4.746498784825
  258     -5.753625390240     -3.835750260159     -4.746498784825
  258      5.753625390240     -3.835750260159     -4.746498784825
  258     -5.753625390240      3.835750260159     -4.746498784825
  258      5.753625390240      7.671500520300     -4.746498784825
  258     -5.753625390240      7.671500520300     -4.746498784825
    8      0.000000000000      0.000000000000     -6.100000000000
    8      0.000000000000      3.835750260159     -6.100000000000
    8      0.000000000000     -3.835750260159     -6.100000000000
    8      0.000000000000      7.671500520300     -6.100000000000
    8      3.835750260161      0.000000000000     -6.100000000000
    8     -3.835750260161      0.000000000000     -6.100000000000
    8      3.835750260161      3.835750260159     -6.100000000000
    8     -3.835750260161     -3.835750260159     -6.100000000000
    8      3.835750260161     -3.835750260159     -6.100000000000
    8     -3.835750260161      3.835750260159     -6.100000000000
    8      3.835750260161      7.671500520300     -6.100000000000
    8     -3.835750260161      7.671500520300     -6.100000000000
    8      7.671500520300      0.000000000000     -6.100000000000
    8      7.671500520300      3.835750260159     -6.100000000000
    8      7.671500520300     -3.835750260159     -6.100000000000
    8      7.671500520300      7.671500520300     -6.100000000000
   14     -5.685969344347     -4.532803062032      5.643873550384
    8     -7.073693596947     -3.641506644168      5.312045019544
    8     -5.603564665176     -4.983728966209      7.187492725217
    8     -4.272474166471     -3.701728751740      5.237367970998
    6      7.285504333220     -3.331982578401      6.363436164327
    6     -3.275230451298     -3.368350547989      6.271667012052
    6     -5.906922485194     -4.606243963296      8.534378349369
    6      7.585503633826     -1.980236089638      6.982997955931
    6     -3.732193747047     -2.160627397821      7.062285194870
    6     -6.796148507529     -5.669923528615      9.165344235730
    1      6.922528991623     -1.807616592912      7.836179835518
    1     -2.933941082665     -1.832910975183      7.736187590704
    1     -7.003609030138     -5.415148024946     10.220609008369
    1     -6.721236085851     -1.916204780473      7.326127990234
    1      7.414286167060     -1.183751730998      6.257430600278
    1      7.312104211418     -4.144792748335      7.095869313101
    1      6.318624323126     -3.347587920181      5.860457118753
    1     -7.754037154118     -5.747330104857      8.635601039394
    1     -6.307577441554     -6.645092677516      9.131640108590
    1     -4.956338898671     -4.514900185303      9.081652657965
    1     -6.397579468934     -3.626476610777      8.555792434916
    1     -3.125091635541     -4.256793605549      6.891780819500
    1     -2.355482095992     -3.166156203842      5.723428323096
    1     -4.613637206984     -2.390122888861      7.662447575939
    1     -3.985325778139     -1.336284462256      6.392205166605
    8      7.272955970999     -7.554788298695      4.655364476011
    6      7.100386252587     -7.389294550111      6.057399166346
    6     -7.598870566413      6.811705163574      6.827946346387
    1      7.263612820173      5.865343559825      6.556473482457
    1      6.022009306046     -7.314333956685      6.278161223287
    1      7.556233625346     -6.429840068545      6.358705032737
    1     -6.535344110606      6.740206339387      6.584449390265
    1      7.627956021356      6.960622980318      7.908951502280
    0    0
