   2   1   1 E -4.0951895460772E+04 DE-1.7E-08(  6)
  0.153430010406E+02  0.000000000000E+00  0.000000000000E+00
  0.000000000000E+00  0.153430010406E+02  0.000000000000E+00
  0.000000000000E+00  0.000000000000E+00  0.500000000000E+03
    1
  0.100000000000E+01  0.000000000000E+00  0.000000000000E+00
  0.000000000000E+00  0.100000000000E+01  0.000000000000E+00
  0.000000000000E+00  0.000000000000E+00  0.100000000000E+01
  0.000000000000E+00  0.000000000000E+00  0.000000000000E+00
  225
    8      1.659795317119      2.258785395833      4.309328257403
    8     -1.703866859360     -1.426587002701      4.287327485069
    8      2.129034136789     -1.491055932838      4.283512808056
    8     -2.194063389350      2.265268677441      4.306662465822
    8      2.056949172873      6.009851369602      4.326633533199
    8     -1.905754099594     -5.488801144296      4.338996056644
    8      1.841157866677     -5.349324176520      4.306012586237
    8     -1.732332068720      6.033034041225      4.322109617957
    8      5.501726354827      1.950367797437      4.355103801714
    8     -5.506836474260     -1.172524166637      4.220639597392
    8      5.941063787469     -1.481299502326      4.284805776306
    8     -6.001512947939      2.220664398821      4.330170155609
    8      5.860161188426      5.334115298074      4.294775116351
    8     -5.711912542207     -5.702314340194      4.588005607999
    8      5.591973870690     -5.197512139113      4.277736515215
    8     -5.555315491500      5.722580497993      4.361675822779
  258     -0.082242106764      1.930017012965      3.325975140316
  258      0.053602915500     -1.868951915315      3.295119086441
  258      0.037384921408      5.750024102051      3.337868455067
  258      0.047640688639     -5.733147481927      3.288641406810
  258      3.771672947113      1.916717687826      3.332203595237
  258     -3.797810100315     -1.845008452600      3.332650622667
  258      3.879116401714     -1.877847805889      3.305764620581
  258     -3.943687633835      1.912146532493      3.345048974060
  258      3.850771381876      5.726451811356      3.319189338393
  258     -3.663399065424     -5.708550203252      3.255197183003
  258      3.772175250762     -5.696635873723      3.284859198077
  258     -3.802755226307      5.739152494752      3.336951091330
  258      7.593607657054      1.961433194682      3.334595382304
  258     -7.633866916723     -1.869527982499      3.317342160866
  258     -7.668805462601      5.832066336399      3.412922030356
  258      7.482804000682     -5.768193758282      3.298582982665
    8      1.917364069153      1.888113904892      1.767509947609
    8     -1.889668541629     -1.931334448331      1.770228102646
    8      1.903520605957     -1.930260656399      1.761782140678
    8     -1.888770915101      1.893712330986      1.768449315460
    8      1.920324945298      5.723383346891      1.762787248037
    8     -1.879685742280     -5.758194322054      1.777203011642
    8      1.923716350335     -5.767510895677      1.770151155750
    8     -1.918734101997      5.725054130706      1.762695751387
    8      5.752389617622      1.933449564656      1.782946661120
    8     -5.770124527404     -1.967158615905      1.803797444325
    8      5.752471616731     -1.933139870289      1.772644445877
    8     -5.761802388555      1.906212880099      1.782393359369
    8      5.703317767345      5.797208308810      1.774275260748
    8     -5.710437336038     -5.740290832661      1.895316547939
    8      5.716817359347     -5.775975399982      1.788731180167
    8     -5.715362658947      5.789226793295      1.790442503387
    8      0.014992714027     -0.001493726795      2.163561503333
    8     -0.011885657293      3.821319243231      2.187120428568
    8      0.014584881749     -3.829773865886      2.188954441843
    8      0.027410734509      7.661316189527      2.193435832067
    8      3.841276535707     -0.004635756352      2.156045160812
    8     -3.819607404733      0.010543556164      2.107743069704
    8      3.810285728760      3.818873686794      2.179131785316
    8     -3.791192257946     -3.823175606184      2.177450744319
    8      3.811806434165     -3.817698122859      2.149427874431
    8     -3.850801407590      3.814414569914      2.188152784345
    8      3.820295640163     -7.662870517873      2.243402479790
    8     -3.770480845394     -7.655749128195      2.219848291559
    8      7.663675661165      0.017401595586      2.154859575892
    8      7.661073538615      3.861629765614      2.170483083842
    8      7.655515206168     -3.839932036370      2.178331347217
    8      7.654822892038     -7.639328298950      2.056741523981
  258      1.917370048691      0.003936960712      0.586594493972
  258     -1.923422300902      0.004149627806      0.590892079772
  258      1.911550052347      3.816789718560      0.599989919782
  258     -1.905813758033     -3.811613913152      0.579573641815
  258      1.921618638605     -3.824651573567      0.577355842480
  258     -1.927922462127      3.819325275094      0.607464728993
  258      1.923354405802      7.647564577045      0.598648647187
  258     -1.903919947224      7.643830567577      0.593888566407
  258      5.757435229096      0.015751445807      0.603039360802
  258     -5.755865238753      0.001959911079      0.606305114411
  258      5.757740717642      3.854375024516      0.621454293861
  258     -5.754197865254     -3.852925673048      0.624681358056
  258      5.752621603006     -3.823559484601      0.587145391628
  258     -5.766910204128      3.855691402308      0.629538473361
  258      5.756360395643      7.660069618079      0.576193121224
  258     -5.759694446273     -7.655931518837      0.634588103835
    8     -0.000625751564     -0.001061167495     -0.665354301087
    8     -0.006544817265      3.828578577620     -0.653308360681
    8      0.003591039454     -3.828255213938     -0.658026787322
    8      0.006159033937      7.661495320835     -0.645657147357
    8      3.842461381046      0.002060288836     -0.660682318998
    8     -3.844707563121     -0.004327463212     -0.671106161735
    8      3.837866963270      3.835983947887     -0.649607704409
    8     -3.831579326827     -3.842028526332     -0.647323627373
    8      3.836566158366     -3.832610399826     -0.662359497068
    8     -3.844811129613      3.840136481421     -0.646102462364
    8      3.826396062306      7.665228813452     -0.649140795176
    8     -3.828012555981     -7.667647217173     -0.635091405116
    8     -7.671039814640     -0.003114864439     -0.656329695821
    8      7.670379135775      3.841589223388     -0.647043954005
    8      7.670825028778     -3.839344481161     -0.646769736072
    8     -7.667485352384     -7.665714533893     -0.684245448066
    8      1.917692326903      1.915646895049     -0.868724679504
    8     -1.919836603523     -1.923767534623     -0.869646931334
    8      1.921912495671     -1.918788272447     -0.872952790978
    8     -1.927945040469      1.914977498384     -0.866798544455
    8      1.916309409311      5.747308566188     -0.869849750519
    8     -1.910192146044     -5.757358294265     -0.863545021616
    8      1.916993606599     -5.753203770867     -0.866371093290
    8     -1.917681513509      5.756208095911     -0.868319588922
    8      5.757031708187      1.918139961100     -0.856228697346
    8     -5.754367072453     -1.924858477337     -0.847055628424
    8      5.756160752139     -1.922364069854     -0.862974979856
    8     -5.759476407146      1.915082919167     -0.854958887181
    8      5.755800237564      5.754070874808     -0.865137452971
    8     -5.752904285460     -5.751093636873     -0.813070139445
    8      5.750753342401     -5.747854319043     -0.861590673687
    8     -5.755642779764      5.760659348468     -0.850225599773
  258     -0.004434572750      1.918373049901     -2.119887641912
  258     -0.000010962418     -1.912931203593     -2.126994550528
  258     -0.001069636496      5.746124969742     -2.119158236337
  258      0.000858681203     -5.757236454524     -2.119937219427
  258      3.842006170275      1.920653385957     -2.113662824271
  258     -3.844109527330     -1.916726963009     -2.115158140290
  258      3.840762210379     -1.912799861526     -2.122953397793
  258     -3.846184919912      1.920325785390     -2.111930204061
  258      3.835566266024      5.746468591593     -2.118518155131
  258     -3.833840309354     -5.755507356436     -2.106026355969
  258      3.834675318338     -5.753719436446     -2.121136580117
  258     -3.842775770107      5.752436677875     -2.106684650402
  258     -7.670276270130      1.922287902226     -2.109562991781
  258     -7.667655109675     -1.917369778063     -2.111852617606
  258     -7.664548733230      5.756377493676     -2.112092207031
  258     -7.668802869842     -5.756751698248     -2.111692031433
    8      1.916072619792      1.918093364107     -3.579223977616
    8     -1.915501611682     -1.918046788934     -3.580566591115
    8      1.917462371974     -1.917600676142     -3.581471220154
    8     -1.915442769730      1.917915950418     -3.579080518806
    8      1.917899808166      5.752826312629     -3.579268234818
    8     -1.918675734782     -5.753694247586     -3.573075351277
    8      1.917390267802     -5.753609199468     -3.577171373090
    8     -1.916068344086      5.753630698444     -3.578564526403
    8      5.751934815137      1.918061813849     -3.574038562199
    8     -5.754018648604     -1.919275891871     -3.572781204256
    8      5.753540934307     -1.918230751537     -3.577136848182
    8     -5.754803103824      1.918212515714     -3.575363814844
    8      5.750251882498      5.753729731375     -3.579491657615
    8     -5.751904048351     -5.753546590312     -3.557690045152
    8      5.752729422588     -5.753621818273     -3.574721436706
    8     -5.751671622153      5.754858106370     -3.574143414554
    8      0.000000000000      0.000000000000     -3.390356274875
    8      0.000000000000      3.835750260159     -3.390356274875
    8      0.000000000000     -3.835750260159     -3.390356274875
    8      0.000000000000      7.671500520300     -3.390356274875
    8      3.835750260161      0.000000000000     -3.390356274875
    8     -3.835750260161      0.000000000000     -3.390356274875
    8      3.835750260161      3.835750260159     -3.390356274875
    8     -3.835750260161     -3.835750260159     -3.390356274875
    8      3.835750260161     -3.835750260159     -3.390356274875
    8     -3.835750260161      3.835750260159     -3.390356274875
    8      3.835750260161      7.671500520300     -3.390356274875
    8     -3.835750260161      7.671500520300     -3.390356274875
    8      7.671500520300      0.000000000000     -3.390356274875
    8      7.671500520300      3.835750260159     -3.390356274875
    8      7.671500520300     -3.835750260159     -3.390356274875
    8      7.671500520300      7.671500520300     -3.390356274875
  258      1.917875130081      0.000000000000     -4.746498784825
  258     -1.917875130081      0.000000000000     -4.746498784825
  258      1.917875130081      3.835750260159     -4.746498784825
  258     -1.917875130081     -3.835750260159     -4.746498784825
  258      1.917875130081     -3.835750260159     -4.746498784825
  258     -1.917875130081      3.835750260159     -4.746498784825
  258      1.917875130081      7.671500520300     -4.746498784825
  258     -1.917875130081      7.671500520300     -4.746498784825
  258      5.753625390240      0.000000000000     -4.746498784825
  258     -5.753625390240      0.000000000000     -4.746498784825
  258      5.753625390240      3.835750260159     -4.746498784825
  258     -5.753625390240     -3.835750260159     -4.746498784825
  258      5.753625390240     -3.835750260159     -4.746498784825
  258     -5.753625390240      3.835750260159     -4.746498784825
  258      5.753625390240      7.671500520300     -4.746498784825
  258     -5.753625390240      7.671500520300     -4.746498784825
    8      0.000000000000      0.000000000000     -6.100000000000
    8      0.000000000000      3.835750260159     -6.100000000000
    8      0.000000000000     -3.835750260159     -6.100000000000
    8      0.000000000000      7.671500520300     -6.100000000000
    8      3.835750260161      0.000000000000     -6.100000000000
    8     -3.835750260161      0.000000000000     -6.100000000000
    8      3.835750260161      3.835750260159     -6.100000000000
    8     -3.835750260161     -3.835750260159     -6.100000000000
    8      3.835750260161     -3.835750260159     -6.100000000000
    8     -3.835750260161      3.835750260159     -6.100000000000
    8      3.835750260161      7.671500520300     -6.100000000000
    8     -3.835750260161      7.671500520300     -6.100000000000
    8      7.671500520300      0.000000000000     -6.100000000000
    8      7.671500520300      3.835750260159     -6.100000000000
    8      7.671500520300     -3.835750260159     -6.100000000000
    8      7.671500520300      7.671500520300     -6.100000000000
   14     -5.693184014217     -4.528782084050      5.660654844279
    8     -7.084310664918     -3.638529318511      5.325060803933
    8     -5.609327371467     -4.995611496635      7.201275225169
    8     -4.279062664461     -3.696265670779      5.254342593231
    6      7.278305990820     -3.334198631331      6.384057975757
    6     -3.282539531916     -3.375966077688      6.291168459806
    6     -5.889997007770     -4.601118185596      8.541619085775
    6      7.577057770033     -1.981600045529      7.001227672805
    6     -3.727064858394     -2.159429909841      7.078490645117
    6     -6.782921284336     -5.642208962258      9.195992146190
    1      6.918979776571     -1.812699531191      7.862031613033
    1     -2.932829914358     -1.845641891466      7.765137525139
    1     -6.971040315862     -5.374022453700     10.243298061735
    1     -6.724813848672     -1.910084957395      7.333219974870
    1      7.390015087223     -1.186815570132      6.275696284625
    1      7.310539995993     -4.147764072777      7.117994673716
    1      6.308070604092     -3.357248050102      5.887217986588
    1     -7.744233495990     -5.713256551662      8.676346360500
    1     -6.308435385371     -6.626979792255      9.163126489243
    1     -4.929711964202     -4.516208131941      9.070559134357
    1     -6.364513637632     -3.610776393653      8.556387562264
    1     -3.150477401948     -4.263945173635      6.918993274253
    1     -2.355192365879     -3.187134551289      5.748181193359
    1     -4.625865504789     -2.377011846591      7.665667241172
    1     -3.958991043761     -1.330558212563      6.403606817768
    8      7.287542260662     -7.554104636423      4.673581848300
    6      7.108670328596     -7.385008159575      6.066504776908
    6     -7.588316679899      6.820989611448      6.846143178259
    1      7.275713298740      5.871852771984      6.577968976237
    1      6.028970890573     -7.314497754893      6.288501363062
    1      7.557126047640     -6.421557126635      6.375811375446
    1     -6.524225087592      6.749955531851      6.602968059810
    1      7.636456263604      6.971676218226      7.927249131803
    0    0
