   2   1   1 E -4.0951895480828E+04 DE 1.0E-08(  9)
  0.153430010406E+02  0.000000000000E+00  0.000000000000E+00
  0.000000000000E+00  0.153430010406E+02  0.000000000000E+00
  0.000000000000E+00  0.000000000000E+00  0.500000000000E+03
    1
  0.100000000000E+01  0.000000000000E+00  0.000000000000E+00
  0.000000000000E+00  0.100000000000E+01  0.000000000000E+00
  0.000000000000E+00  0.000000000000E+00  0.100000000000E+01
  0.000000000000E+00  0.000000000000E+00  0.000000000000E+00
  225
    8      1.659668781819      2.258735996012      4.309386876929
    8     -1.703798818578     -1.426538429509      4.287316794995
    8      2.129070429636     -1.491082727097      4.283452498290
    8     -2.194080193377      2.265272841487      4.306579688271
    8      2.056993991401      6.009840770447      4.326603738415
    8     -1.905850561585     -5.488810000696      4.338968027307
    8      1.841097268324     -5.349363604705      4.305938387725
    8     -1.732314170472      6.033063483205      4.322140178056
    8      5.501497253511      1.950366141672      4.355124867125
    8     -5.506916659013     -1.172513393984      4.220687192814
    8      5.941099385571     -1.481332539947      4.284677573349
    8     -6.001531556469      2.220663163196      4.330163779970
    8      5.860311825608      5.333971892320      4.294765020600
    8     -5.711917794436     -5.702291861586      4.587897590477
    8      5.592025807907     -5.197507869286      4.277674289600
    8     -5.555299928888      5.722588811488      4.361698952937
  258     -0.082088731355      1.930058677110      3.325859197109
  258      0.053548268486     -1.868964647806      3.295089780173
  258      0.037364956485      5.749941080541      3.337751434542
  258      0.047669636475     -5.733070654649      3.288548444519
  258      3.771847979635      1.916706788852      3.332167468981
  258     -3.797784226026     -1.844967115273      3.332440449859
  258      3.879052167652     -1.877806621718      3.305703419236
  258     -3.943701179204      1.912099350860      3.345061134688
  258      3.850687833918      5.726529614189      3.318995076931
  258     -3.663372646052     -5.708518233673      3.255276724138
  258      3.772276124236     -5.696647576943      3.284756735737
  258     -3.802702614976      5.739075044007      3.337009014954
  258      7.593828565227      1.961418274976      3.334459846572
  258     -7.633901465186     -1.869418300190      3.317366483062
  258     -7.668951093274      5.832111706850      3.413063811471
  258      7.482793611304     -5.768104869195      3.298737694152
    8      1.917457052770      1.888100726239      1.767523873392
    8     -1.889600387187     -1.931385835226      1.770274907649
    8      1.903583177665     -1.930264834643      1.761781299355
    8     -1.888826993807      1.893692603701      1.768498070667
    8      1.920351192596      5.723302641673      1.762832640748
    8     -1.879641072321     -5.758246431544      1.777186096082
    8      1.923735759882     -5.767409685662      1.770135746444
    8     -1.918718524964      5.725119839286      1.762616305009
    8      5.752407855024      1.933443727905      1.782863144431
    8     -5.770057275162     -1.967169319746      1.803711369682
    8      5.752547890969     -1.933084206992      1.772678376976
    8     -5.761828012030      1.906138848420      1.782490116948
    8      5.703320063074      5.797219598869      1.774204284420
    8     -5.710478903294     -5.740294224756      1.895390829153
    8      5.716807288950     -5.776061263952      1.788804655057
    8     -5.715391360533      5.789192455834      1.790229715260
    8      0.014961655488     -0.001571459379      2.163416319579
    8     -0.011902667871      3.821393449798      2.187007674956
    8      0.014551791311     -3.829772951043      2.188887566257
    8      0.027296541103      7.661374389964      2.193377779398
    8      3.841143563693     -0.004606730067      2.155940744706
    8     -3.819671338207      0.010533453675      2.107686114685
    8      3.810246822013      3.818854114310      2.179063260740
    8     -3.791253628203     -3.823146387511      2.177389876878
    8      3.811718348298     -3.817689563887      2.149339945810
    8     -3.850860400162      3.814524217458      2.188127659419
    8      3.820277911560     -7.662795740804      2.243343764806
    8     -3.770457501421     -7.655755478102      2.219793650010
    8      7.663626437569      0.017410117042      2.154798464707
    8      7.661139598203      3.861606676017      2.170474049721
    8      7.655542938555     -3.840020536014      2.178203651182
    8      7.654723996132     -7.639316965294      2.056714738334
  258      1.917346551073      0.003938649177      0.586576422407
  258     -1.923361523884      0.004092089048      0.590823751487
  258      1.911588696797      3.816756262018      0.599975725582
  258     -1.905824926302     -3.811649220440      0.579466747353
  258      1.921649471443     -3.824726538356      0.577350257616
  258     -1.927924063139      3.819237432346      0.607374788673
  258      1.923436750862      7.647544834727      0.598669090013
  258     -1.903852281308      7.643874399282      0.593886701592
  258      5.757413342078      0.015707007530      0.602930088810
  258     -5.755858403466      0.001847154884      0.606164257625
  258      5.757773865119      3.854452650784      0.621334185908
  258     -5.754316552286     -3.852870525477      0.624721057235
  258      5.752545475982     -3.823596628384      0.587308645623
  258     -5.766938095615      3.855738930327      0.629304924394
  258      5.756636051240      7.660142977269      0.575908619827
  258     -5.759599621853     -7.655901828142      0.634699062024
    8     -0.000640945974     -0.001093715107     -0.665503946286
    8     -0.006513366884      3.828601872285     -0.653347772364
    8      0.003572520334     -3.828266153357     -0.658066029217
    8      0.006107264852      7.661485691649     -0.645721773996
    8      3.842492634757      0.002009093134     -0.660793528384
    8     -3.844763822713     -0.004364827391     -0.671239166634
    8      3.837774200472      3.836081509157     -0.649706255731
    8     -3.831530976472     -3.842082241676     -0.647368837621
    8      3.836546217931     -3.832623920210     -0.662389605584
    8     -3.844846622346      3.840100957529     -0.646175858112
    8      3.826336322983      7.665224660164     -0.649106768737
    8     -3.828022461482     -7.667602800908     -0.635153165813
    8     -7.671012114154     -0.003111063684     -0.656373032056
    8      7.670356203743      3.841580104761     -0.647174744418
    8      7.670888939571     -3.839366583045     -0.646792329270
    8     -7.667594996079     -7.665723373258     -0.684288185541
    8      1.917661100945      1.915625728700     -0.868616180438
    8     -1.919921211183     -1.923719541588     -0.869417568415
    8      1.921900010171     -1.918779047113     -0.872951429027
    8     -1.927955415737      1.915009630345     -0.866681766953
    8      1.916323811610      5.747256272289     -0.869886381380
    8     -1.910211290438     -5.757362716324     -0.863576062490
    8      1.917009868411     -5.753175074236     -0.866371314209
    8     -1.917629555611      5.756220399103     -0.868318412443
    8      5.757077919608      1.918121395634     -0.856158231737
    8     -5.754453098828     -1.924874411837     -0.847024044656
    8      5.756152564579     -1.922390411173     -0.862986558701
    8     -5.759433377454      1.915140128218     -0.854907591892
    8      5.755738786385      5.754045885192     -0.864998555397
    8     -5.752919500877     -5.751054591163     -0.813151604805
    8      5.750785869611     -5.747823565333     -0.861586741582
    8     -5.755579086954      5.760669614428     -0.850197445981
  258     -0.004404817288      1.918391332175     -2.119899644392
  258      0.000049426362     -1.912936467813     -2.126922278748
  258     -0.001112422862      5.746113460464     -2.119137815212
  258      0.000868006081     -5.757262648495     -2.119929259688
  258      3.842025573464      1.920717918889     -2.113588886357
  258     -3.843954546175     -1.916665894538     -2.115362913257
  258      3.840765961759     -1.912767584437     -2.122924682096
  258     -3.846120457529      1.920425542563     -2.111867482266
  258      3.835593474004      5.746441793375     -2.118442367606
  258     -3.833856468242     -5.755460879223     -2.105929220138
  258      3.834675660335     -5.753695421315     -2.121115931031
  258     -3.842917666443      5.752519560667     -2.106499829293
  258     -7.670287995353      1.922260948296     -2.109501224440
  258     -7.667592246863     -1.917412559841     -2.111693650943
  258     -7.664567351987      5.756473628397     -2.112254089010
  258     -7.668734972954     -5.756745683196     -2.111658096624
    8      1.916055408543      1.918098921381     -3.579173480769
    8     -1.915527126345     -1.918024532986     -3.580550315018
    8      1.917437510461     -1.917619276501     -3.581423221481
    8     -1.915472507790      1.917905409796     -3.579015792909
    8      1.917927104284      5.752854128385     -3.579239026792
    8     -1.918666522142     -5.753681215717     -3.573029045218
    8      1.917388609091     -5.753612469278     -3.577114058783
    8     -1.916041843663      5.753643593064     -3.578543251186
    8      5.751941497427      1.918052569471     -3.573988892299
    8     -5.754086038578     -1.919300550325     -3.572653703162
    8      5.753534841889     -1.918241717185     -3.577121294165
    8     -5.754813758568      1.918196071793     -3.575328196245
    8      5.750265619208      5.753718895864     -3.579407575832
    8     -5.751907158140     -5.753559233088     -3.557628559586
    8      5.752725912448     -5.753650997438     -3.574682816041
    8     -5.751668933261      5.754920528041     -3.574032868175
    8      0.000000000000      0.000000000000     -3.390356274875
    8      0.000000000000      3.835750260159     -3.390356274875
    8      0.000000000000     -3.835750260159     -3.390356274875
    8      0.000000000000      7.671500520300     -3.390356274875
    8      3.835750260161      0.000000000000     -3.390356274875
    8     -3.835750260161      0.000000000000     -3.390356274875
    8      3.835750260161      3.835750260159     -3.390356274875
    8     -3.835750260161     -3.835750260159     -3.390356274875
    8      3.835750260161     -3.835750260159     -3.390356274875
    8     -3.835750260161      3.835750260159     -3.390356274875
    8      3.835750260161      7.671500520300     -3.390356274875
    8     -3.835750260161      7.671500520300     -3.390356274875
    8      7.671500520300      0.000000000000     -3.390356274875
    8      7.671500520300      3.835750260159     -3.390356274875
    8      7.671500520300     -3.835750260159     -3.390356274875
    8      7.671500520300      7.671500520300     -3.390356274875
  258      1.917875130081      0.000000000000     -4.746498784825
  258     -1.917875130081      0.000000000000     -4.746498784825
  258      1.917875130081      3.835750260159     -4.746498784825
  258     -1.917875130081     -3.835750260159     -4.746498784825
  258      1.917875130081     -3.835750260159     -4.746498784825
  258     -1.917875130081      3.835750260159     -4.746498784825
  258      1.917875130081      7.671500520300     -4.746498784825
  258     -1.917875130081      7.671500520300     -4.746498784825
  258      5.753625390240      0.000000000000     -4.746498784825
  258     -5.753625390240      0.000000000000     -4.746498784825
  258      5.753625390240      3.835750260159     -4.746498784825
  258     -5.753625390240     -3.835750260159     -4.746498784825
  258      5.753625390240     -3.835750260159     -4.746498784825
  258     -5.753625390240      3.835750260159     -4.746498784825
  258      5.753625390240      7.671500520300     -4.746498784825
  258     -5.753625390240      7.671500520300     -4.746498784825
    8      0.000000000000      0.000000000000     -6.100000000000
    8      0.000000000000      3.835750260159     -6.100000000000
    8      0.000000000000     -3.835750260159     -6.100000000000
    8      0.000000000000      7.671500520300     -6.100000000000
    8      3.835750260161      0.000000000000     -6.100000000000
    8     -3.835750260161      0.000000000000     -6.100000000000
    8      3.835750260161      3.835750260159     -6.100000000000
    8     -3.835750260161     -3.835750260159     -6.100000000000
    8      3.835750260161     -3.835750260159     -6.100000000000
    8     -3.835750260161      3.835750260159     -6.100000000000
    8      3.835750260161      7.671500520300     -6.100000000000
    8     -3.835750260161      7.671500520300     -6.100000000000
    8      7.671500520300      0.000000000000     -6.100000000000
    8      7.671500520300      3.835750260159     -6.100000000000
    8      7.671500520300     -3.835750260159     -6.100000000000
    8      7.671500520300      7.671500520300     -6.100000000000
   14     -5.693149698019     -4.528840447783      5.660459164173
    8     -7.084297515870     -3.638607712317      5.325116591294
    8     -5.609374484899     -4.995646124097      7.201100775250
    8     -4.279030358412     -3.696262131788      5.254310206325
    6      7.278315608074     -3.334241821432      6.384039381117
    6     -3.282515465434     -3.375926899136      6.291156640300
    6     -5.889955529604     -4.601069806152      8.541582899725
    6      7.577027558940     -1.981594867948      7.001208576962
    6     -3.727103566252     -2.159428497707      7.078474934781
    6     -6.782922290187     -5.642257939964      9.195930297023
    1      6.919001863306     -1.812703024214      7.861997357623
    1     -2.932862812049     -1.845631976020      7.765095623610
    1     -6.971114143434     -5.374081707742     10.243417922449
    1     -6.724867771243     -1.910093028626      7.333221156460
    1      7.390057958037     -1.186806463709      6.275692507526
    1      7.310573190614     -4.147777013915      7.117975637131
    1      6.308084088980     -3.357223288842      5.887170502281
    1     -7.744329266399     -5.713267799057      8.676299005560
    1     -6.308430055055     -6.626976020340      9.163133337505
    1     -4.929681824571     -4.516176739846      9.070637151257
    1     -6.364541625684     -3.610805680025      8.556402956542
    1     -3.150426792621     -4.263931681530      6.918914292108
    1     -2.355163242559     -3.187158775181      5.748186268758
    1     -4.625795528572     -2.376982552233      7.665665147434
    1     -3.959017330506     -1.330541981355      6.403652740349
    8      7.287578567861     -7.554029208268      4.673465171734
    6      7.108662225704     -7.385006087570      6.066555301225
    6     -7.588330921642      6.820966094073      6.846105273154
    1      7.275716596304      5.871830838132      6.577939802805
    1      6.028954694754     -7.314524375281      6.288433801587
    1      7.557136328249     -6.421578645524      6.375735971138
    1     -6.524234759569      6.749941775060      6.602949004812
    1      7.636454351401      6.971703728917      7.927211671479
    0    0
