   2   1   1 E -4.0951896169571E+04 DE-2.8E-07(  9)
  0.153430010406E+02  0.000000000000E+00  0.000000000000E+00
  0.000000000000E+00  0.153430010406E+02  0.000000000000E+00
  0.000000000000E+00  0.000000000000E+00  0.500000000000E+03
    1
  0.100000000000E+01  0.000000000000E+00  0.000000000000E+00
  0.000000000000E+00  0.100000000000E+01  0.000000000000E+00
  0.000000000000E+00  0.000000000000E+00  0.100000000000E+01
  0.000000000000E+00  0.000000000000E+00  0.000000000000E+00
  225
    8      1.654659902182      2.256188298564      4.310688484167
    8     -1.701289170112     -1.425378115412      4.286557059637
    8      2.131131595454     -1.492711744950      4.280427039426
    8     -2.196780655808      2.267796169196      4.303552504929
    8      2.061136270357      6.008296152020      4.324930436645
    8     -1.908576590753     -5.488733267601      4.337715886384
    8      1.839160269131     -5.350111238724      4.302564045853
    8     -1.729703300470      6.033808281328      4.322045973604
    8      5.494414138770      1.946736760078      4.353772938159
    8     -5.507453095579     -1.168571324096      4.220261193931
    8      5.942573391761     -1.481331524860      4.279201120882
    8     -6.004805390688      2.221742929773      4.328129742206
    8      5.868141102623      5.323526386123      4.291461869144
    8     -5.711624370775     -5.702894489838      4.584634886989
    8      5.593376814448     -5.197522236334      4.275512252117
    8     -5.552723307095      5.723318115156      4.361626624303
  258     -0.077826394950      1.930342989047      3.321191613384
  258      0.051465079700     -1.869438446534      3.292782820904
  258      0.037673426252      5.747635223930      3.333935962126
  258      0.048211689898     -5.731166791033      3.284893698097
  258      3.775817322769      1.914873454689      3.328616323949
  258     -3.797082774219     -1.842560571300      3.325924742569
  258      3.877148896156     -1.877519308834      3.301748921166
  258     -3.942548951630      1.911693029700      3.342804406759
  258      3.849336050498      5.726727540797      3.312385657500
  258     -3.662606319196     -5.706554677819      3.256436387362
  258      3.774753488881     -5.697684604653      3.280875244762
  258     -3.800846763395      5.737983514531      3.337523355928
  258      7.599496725066      1.960271563414      3.328923003896
  258     -7.634612842644     -1.866705200304      3.315710590874
  258     -7.671441187950      5.831954503296      3.413887692156
  258      7.482479733883     -5.766072236095      3.301902363909
    8      1.919099957150      1.888369878144      1.767118091967
    8     -1.887815639809     -1.932864165240      1.771527489535
    8      1.905219895462     -1.930339886066      1.760759008399
    8     -1.891529344452      1.892973391979      1.769293183078
    8      1.920875785348      5.722057146269      1.762591328879
    8     -1.878000379913     -5.758861424786      1.776897665772
    8      1.924879856840     -5.764978345494      1.768813493928
    8     -1.918502704652      5.727019793720      1.760138090957
    8      5.752674721227      1.934584604055      1.780139796258
    8     -5.767805596474     -1.968177762187      1.801987610005
    8      5.754370868063     -1.931127109337      1.772609213852
    8     -5.761586950880      1.904393572956      1.783801896432
    8      5.702336169597      5.798866653164      1.771791515468
    8     -5.711824361613     -5.740431750785      1.897085969122
    8      5.715417578998     -5.777861380943      1.789703690840
    8     -5.715082764427      5.789584943586      1.784905408278
    8      0.013492894951     -0.003912542833      2.158312477788
    8     -0.011618833118      3.822597345161      2.183309264535
    8      0.012756058194     -3.829503767292      2.185723318313
    8      0.024430109355      7.662400937861      2.191288882408
    8      3.835946158025     -0.005293794663      2.150404704457
    8     -3.819118737915      0.011085222880      2.103799649992
    8      3.807931895989      3.817312027684      2.175411583506
    8     -3.791915554948     -3.820993967063      2.174451638390
    8      3.811219829884     -3.818539477382      2.145697512863
    8     -3.853184138831      3.818607932372      2.185956132169
    8      3.818960637547     -7.662032243576      2.242203825651
    8     -3.769948352595     -7.654944363430      2.217693196059
    8      7.664547517108      0.017157467020      2.150708653831
    8      7.664616343245      3.860405087905      2.165488325546
    8      7.656406240662     -3.842837345994      2.173036241784
    8      7.651927600921     -7.638408854513      2.055132258631
  258      1.916868434763      0.003956127458      0.585225986741
  258     -1.922251478866      0.002075974247      0.587875876072
  258      1.912600477473      3.816548448955      0.598116261067
  258     -1.906359063487     -3.812683824683      0.576185379842
  258      1.922289334280     -3.826695522580      0.576176768093
  258     -1.928258361261      3.817153532089      0.604512369620
  258      1.925624868863      7.647290503521      0.597966941331
  258     -1.901953899577      7.645524095762      0.593777607746
  258      5.756740239817      0.014960364405      0.599257718132
  258     -5.755429424696     -0.000938020236      0.601667816672
  258      5.758609071596      3.858062587710      0.617535599431
  258     -5.756905536101     -3.851440500306      0.625012579328
  258      5.750581030261     -3.824230999470      0.591267614112
  258     -5.768601389335      3.857340106286      0.624173137456
  258      5.763927445485      7.662840104482      0.567187515566
  258     -5.757106834570     -7.654484975326      0.637625070497
    8     -0.000904024868     -0.001851851131     -0.670154320221
    8     -0.005801028045      3.829207778490     -0.654945580821
    8      0.002782393474     -3.827981823801     -0.659681434036
    8      0.005149127706      7.661337505486     -0.647423618535
    8      3.843278606510      0.001015151416     -0.664491119555
    8     -3.846862156116     -0.005527052862     -0.675218637556
    8      3.835154880430      3.838570646913     -0.653466609536
    8     -3.830105374533     -3.843720731123     -0.649298691774
    8      3.836321922692     -3.832536859436     -0.663666974121
    8     -3.845546385030      3.839580896788     -0.648875665370
    8      3.824491103404      7.665719002130     -0.648322564877
    8     -3.828124670032     -7.665973180149     -0.636394800936
    8     -7.670252831923     -0.002791751563     -0.658147666961
    8      7.669954486103      3.843374635804     -0.651664640203
    8      7.672445062553     -3.839403033179     -0.647764732888
    8     -7.670511382880     -7.666344200581     -0.685624997729
    8      1.916810039238      1.915059742884     -0.866430650329
    8     -1.922461076509     -1.921653558749     -0.863232308298
    8      1.921477395164     -1.918309002489     -0.873524315251
    8     -1.928559347181      1.915954580788     -0.863794551764
    8      1.917140946025      5.746101692997     -0.871376861537
    8     -1.910338701977     -5.757826779017     -0.864561628170
    8      1.917364468966     -5.752054158051     -0.866839256453
    8     -1.916266058267      5.756432690057     -0.869056957162
    8      5.758335827276      1.918145882374     -0.855165884330
    8     -5.756594837656     -1.925577742468     -0.846154157523
    8      5.755962681252     -1.922736326680     -0.863749992975
    8     -5.758335031519      1.916839566696     -0.854032985483
    8      5.753845361944      5.752930677867     -0.862246499669
    8     -5.753331402282     -5.750548138437     -0.815676502011
    8      5.752037307447     -5.746765153679     -0.862264773873
    8     -5.754348371169      5.760835617924     -0.849854021908
  258     -0.003342028043      1.919111819108     -2.120525904445
  258      0.001888386379     -1.913170898058     -2.125267716791
  258     -0.002355973511      5.746225939763     -2.118979391451
  258      0.001249304965     -5.758083517073     -2.120339511685
  258      3.842736069869      1.922787715117     -2.111807639252
  258     -3.839725967569     -1.914963636488     -2.121425359136
  258      3.841270286891     -1.912008710463     -2.122444142496
  258     -3.844567783606      1.923660876283     -2.110105818084
  258      3.836163335962      5.746243593520     -2.117260093367
  258     -3.834305304693     -5.754643628919     -2.103618885383
  258      3.834719948199     -5.753009809496     -2.121183865748
  258     -3.846519158749      5.754844075993     -2.101503739018
  258     -7.670156847639      1.921710421156     -2.108506459600
  258     -7.665959574080     -1.918657269206     -2.108107510776
  258     -7.664864948592      5.759052323183     -2.116970128538
  258     -7.666964244126     -5.755724694284     -2.111181034819
    8      1.915577286785      1.918071259139     -3.577721609464
    8     -1.916318647807     -1.917395457614     -3.579739128162
    8      1.916589104980     -1.917807529166     -3.580224991219
    8     -1.916054290830      1.917599038615     -3.577115527200
    8      1.918524380832      5.753057588737     -3.578749062798
    8     -1.918320459861     -5.753116557425     -3.572086480295
    8      1.917380033495     -5.753486210539     -3.575817123683
    8     -1.915042958133      5.753831686518     -3.578404132759
    8      5.751945034395      1.917951818262     -3.573075846205
    8     -5.756194735734     -1.919863293787     -3.568819302888
    8      5.753373955483     -1.918452351575     -3.576945574160
    8     -5.755134295345      1.917794510541     -3.574528785966
    8      5.750896038201      5.753387115467     -3.577592582182
    8     -5.752124862544     -5.753687795513     -3.556652735048
    8      5.752774200241     -5.754159437919     -3.574019558636
    8     -5.751570515591      5.756377492613     -3.571604156275
    8      0.000000000000      0.000000000000     -3.390356274875
    8      0.000000000000      3.835750260159     -3.390356274875
    8      0.000000000000     -3.835750260159     -3.390356274875
    8      0.000000000000      7.671500520300     -3.390356274875
    8      3.835750260161      0.000000000000     -3.390356274875
    8     -3.835750260161      0.000000000000     -3.390356274875
    8      3.835750260161      3.835750260159     -3.390356274875
    8     -3.835750260161     -3.835750260159     -3.390356274875
    8      3.835750260161     -3.835750260159     -3.390356274875
    8     -3.835750260161      3.835750260159     -3.390356274875
    8      3.835750260161      7.671500520300     -3.390356274875
    8     -3.835750260161      7.671500520300     -3.390356274875
    8      7.671500520300      0.000000000000     -3.390356274875
    8      7.671500520300      3.835750260159     -3.390356274875
    8      7.671500520300     -3.835750260159     -3.390356274875
    8      7.671500520300      7.671500520300     -3.390356274875
  258      1.917875130081      0.000000000000     -4.746498784825
  258     -1.917875130081      0.000000000000     -4.746498784825
  258      1.917875130081      3.835750260159     -4.746498784825
  258     -1.917875130081     -3.835750260159     -4.746498784825
  258      1.917875130081     -3.835750260159     -4.746498784825
  258     -1.917875130081      3.835750260159     -4.746498784825
  258      1.917875130081      7.671500520300     -4.746498784825
  258     -1.917875130081      7.671500520300     -4.746498784825
  258      5.753625390240      0.000000000000     -4.746498784825
  258     -5.753625390240      0.000000000000     -4.746498784825
  258      5.753625390240      3.835750260159     -4.746498784825
  258     -5.753625390240     -3.835750260159     -4.746498784825
  258      5.753625390240     -3.835750260159     -4.746498784825
  258     -5.753625390240      3.835750260159     -4.746498784825
  258      5.753625390240      7.671500520300     -4.746498784825
  258     -5.753625390240      7.671500520300     -4.746498784825
    8      0.000000000000      0.000000000000     -6.100000000000
    8      0.000000000000      3.835750260159     -6.100000000000
    8      0.000000000000     -3.835750260159     -6.100000000000
    8      0.000000000000      7.671500520300     -6.100000000000
    8      3.835750260161      0.000000000000     -6.100000000000
    8     -3.835750260161      0.000000000000     -6.100000000000
    8      3.835750260161      3.835750260159     -6.100000000000
    8     -3.835750260161     -3.835750260159     -6.100000000000
    8      3.835750260161     -3.835750260159     -6.100000000000
    8     -3.835750260161      3.835750260159     -6.100000000000
    8      3.835750260161      7.671500520300     -6.100000000000
    8     -3.835750260161      7.671500520300     -6.100000000000
    8      7.671500520300      0.000000000000     -6.100000000000
    8      7.671500520300      3.835750260159     -6.100000000000
    8      7.671500520300     -3.835750260159     -6.100000000000
    8      7.671500520300      7.671500520300     -6.100000000000
   14     -5.692291953098     -4.530593257959      5.654336656921
    8     -7.083739476861     -3.641853828847      5.322930765414
    8     -5.610402773872     -4.994963844281      7.195445790857
    8     -4.278762019777     -3.696948690331      5.250865249443
    6      7.278187299924     -3.335511096602      6.379235708392
    6     -3.281860981168     -3.374695388564      6.287428358822
    6     -5.891250371597     -4.601488482629      8.539107606004
    6      7.576889573639     -1.982455631447      6.996590111841
    6     -3.729068184904     -2.160778385568      7.076041661411
    6     -6.785733480215     -5.645987568937      9.190139478196
    1      6.918292093717     -1.812491877324      7.855375683351
    1     -2.934031793670     -1.845184861938      7.760220001465
    1     -6.976190982500     -5.380300471813     10.241470844960
    1     -6.726491894460     -1.912837864885      7.331442856969
    1      7.394568612521     -1.187364423874      6.271048276619
    1      7.309168065046     -4.148206675665      7.113078238524
    1      6.308761309938     -3.355888427707      5.880732192794
    1     -7.748488569044     -5.715178782694      8.670206811322
    1     -6.311104627758     -6.629446218429      9.157506152091
    1     -4.932106821534     -4.517678176831      9.071763156251
    1     -6.367380926284     -3.613148849399      8.556032671473
    1     -3.146736393099     -4.263416315866      6.912332327521
    1     -2.355611186526     -3.184717484758      5.744066681213
    1     -4.623239158650     -2.380210190887      7.665647485794
    1     -3.964393473684     -1.331853564989      6.403690597321
    8      7.285486886178     -7.553738328707      4.668256594441
    6      7.106782115127     -7.386530691097      6.065196925227
    6     -7.590533155003      6.818241336254      6.841549993329
    1      7.273500059678      5.869643559264      6.573104968337
    1      6.027188016064     -7.316105016409      6.284706806867
    1      7.556569080357     -6.424189969686      6.371299487144
    1     -6.526661964802      6.747289122255      6.598425904717
    1      7.635016798211      6.969436147138      7.922481494510
    0    0
