   2   1   1 E -4.0951895907963E+04 DE-1.3E-06(  7)
  0.153430010406E+02  0.000000000000E+00  0.000000000000E+00
  0.000000000000E+00  0.153430010406E+02  0.000000000000E+00
  0.000000000000E+00  0.000000000000E+00  0.500000000000E+03
    1
  0.100000000000E+01  0.000000000000E+00  0.000000000000E+00
  0.000000000000E+00  0.100000000000E+01  0.000000000000E+00
  0.000000000000E+00  0.000000000000E+00  0.100000000000E+01
  0.000000000000E+00  0.000000000000E+00  0.000000000000E+00
  225
    8      1.656816724537      2.258258792936      4.309019540897
    8     -1.703056703524     -1.426245380694      4.286297223823
    8      2.129711304284     -1.490511108040      4.281668271699
    8     -2.195434530492      2.264927518203      4.304662461156
    8      2.058780704271      6.008812852946      4.325149611422
    8     -1.907532509215     -5.489170985906      4.338115376163
    8      1.839893516713     -5.349908509096      4.304578147023
    8     -1.731002761519      6.033588881119      4.321780668596
    8      5.497448799599      1.950318182597      4.355338087593
    8     -5.508458144300     -1.172882722373      4.220704155898
    8      5.941771939694     -1.482047162094      4.282701681332
    8     -6.003186702825      2.221199490287      4.329302572754
    8      5.864455124394      5.330206989889      4.293474285750
    8     -5.711733564662     -5.701797769656      4.585816705345
    8      5.592754400873     -5.196981253639      4.276399093149
    8     -5.553812006762      5.722692297716      4.361899939992
  258     -0.079847623328      1.930369469703      3.322458213449
  258      0.052201991315     -1.869169869772      3.293542843751
  258      0.037203098282      5.748612614505      3.334953428557
  258      0.048185407083     -5.732097505175      3.286689419480
  258      3.774720871427      1.917122390004      3.330257733732
  258     -3.798199681110     -1.845109943165      3.328702746384
  258      3.877662521506     -1.876710454969      3.304040988027
  258     -3.943495398596      1.910829577963      3.343917864298
  258      3.849898880142      5.727759643000      3.314979192899
  258     -3.663037410240     -5.708508309427      3.255953612070
  258      3.773429495962     -5.696637704336      3.282644553364
  258     -3.801522098964      5.737643557832      3.337431057162
  258      7.596712317672      1.961370051314      3.332108762724
  258     -7.634655258306     -1.867685434484      3.316930880591
  258     -7.670328242022      5.832753329446      3.414152522152
  258      7.482776033970     -5.766332330203      3.300620908602
    8      1.917831089695      1.887655808826      1.767624851047
    8     -1.888994931914     -1.932154467273      1.771006044106
    8      1.904508685668     -1.930487983515      1.761282528363
    8     -1.890573946724      1.893317395121      1.768754252955
    8      1.920613560603      5.722269469689      1.763276335454
    8     -1.878942087761     -5.758996678636      1.776765837324
    8      1.924022239461     -5.765941144321      1.769535584371
    8     -1.918846584961      5.725971727565      1.761104984521
    8      5.753465103767      1.933014782633      1.781174064859
    8     -5.769187815499     -1.967415625837      1.802364041138
    8      5.754432973791     -1.932320691497      1.772443998642
    8     -5.761997516105      1.904984932282      1.783193845265
    8      5.704206341117      5.797042590032      1.772770736630
    8     -5.710754232833     -5.740376590467      1.896137510183
    8      5.716194836552     -5.777369235308      1.789457498090
    8     -5.715692108812      5.789201748994      1.786608512846
    8      0.014109408881     -0.002913196786      2.159889721442
    8     -0.013206207985      3.822353641537      2.184227985307
    8      0.014357498604     -3.829835826975      2.187318914314
    8      0.026040714172      7.662147518172      2.192025208433
    8      3.840002963936     -0.003792200044      2.153349099108
    8     -3.821309612915      0.009455518595      2.105715286298
    8      3.810425287000      3.819286272149      2.176854812102
    8     -3.792332436406     -3.823343670043      2.175801428978
    8      3.809848542666     -3.817149169979      2.147703683384
    8     -3.851682963736      3.815824268280      2.187112790063
    8      3.819135745121     -7.661255600268      2.242602909644
    8     -3.769982974002     -7.656359801232      2.218506832440
    8      7.662093606712      0.017720744221      2.153349134068
    8      7.662688552608      3.861510248262      2.168645989892
    8      7.655649100872     -3.841105256310      2.175196318074
    8      7.653419704952     -7.638583317207      2.055973082853
  258      1.916968267393      0.003679147628      0.585997044593
  258     -1.922867105760      0.002980219185      0.589164176803
  258      1.912131033047      3.816188757253      0.599427791946
  258     -1.906296917149     -3.812226859260      0.577417892855
  258      1.921924739610     -3.825884486762      0.576767331672
  258     -1.928223165535      3.817900491247      0.605664712148
  258      1.924752642077      7.647105292285      0.598533111811
  258     -1.902808248872      7.644456945890      0.593566371105
  258      5.757335201274      0.014822089603      0.600651091357
  258     -5.755843181842      0.000282813955      0.603398824469
  258      5.758789627368      3.855312032441      0.618985645329
  258     -5.755962014696     -3.851990583320      0.624725273145
  258      5.751580505176     -3.824186136986      0.589503149009
  258     -5.767915346566      3.856310563922      0.625869343760
  258      5.761188496372      7.661281446289      0.571052599552
  258     -5.758111801799     -7.655170004416      0.636127590280
    8     -0.000873333779     -0.001650422992     -0.668084938783
    8     -0.006116293188      3.828858282265     -0.654046280007
    8      0.003131686181     -3.827880062551     -0.658979859834
    8      0.005675223204      7.660734011521     -0.646657773090
    8      3.843007687356      0.001258467843     -0.662768672310
    8     -3.846059119061     -0.005010516172     -0.673522551825
    8      3.836362146394      3.836489444292     -0.651368691159
    8     -3.830828188990     -3.842878443766     -0.648610920906
    8      3.836338646213     -3.832562194715     -0.662998885087
    8     -3.845183745108      3.839625931547     -0.647840272793
    8      3.825411896486      7.664759584778     -0.648188000477
    8     -3.828150667279     -7.667177567707     -0.636327843077
    8     -7.670615642001     -0.002900343697     -0.657629978722
    8      7.670290274664      3.840620864253     -0.650315839720
    8      7.671806327793     -3.839853155094     -0.647626094604
    8     -7.669254259802     -7.666022435840     -0.685062903462
    8      1.917101281519      1.915096205209     -0.867147209495
    8     -1.921418422863     -1.922503948960     -0.865806101200
    8      1.921620696316     -1.918583585503     -0.873219477234
    8     -1.928384817140      1.915533401695     -0.865062486614
    8      1.916804197318      5.746441254656     -0.870608197824
    8     -1.910392066875     -5.757550079423     -0.864122671535
    8      1.917161372846     -5.752499697818     -0.866566674559
    8     -1.916778060282      5.756098326968     -0.868808553256
    8      5.757846180585      1.917917523249     -0.855552715548
    8     -5.755695649080     -1.925177404997     -0.846553107910
    8      5.756079921648     -1.922711758118     -0.863492212394
    8     -5.758917819074      1.916174496088     -0.854484066405
    8      5.754818503771      5.753255066309     -0.863192938371
    8     -5.753104689811     -5.750681293260     -0.814767821110
    8      5.751480602163     -5.747325435561     -0.861921627293
    8     -5.754607876544      5.760790208949     -0.849947490102
  258     -0.003830555850      1.918740695840     -2.120182112691
  258      0.001067575702     -1.913098544057     -2.125908645325
  258     -0.001789123190      5.746150584402     -2.118994138136
  258      0.001050546574     -5.757716285918     -2.120108009926
  258      3.842420215158      1.921857090237     -2.112445963720
  258     -3.841489723533     -1.915667147459     -2.118847468617
  258      3.841031954191     -1.912388670656     -2.122608168685
  258     -3.845262172525      1.922279620699     -2.110860400754
  258      3.836000472693      5.746314129530     -2.117633523319
  258     -3.834140331674     -5.754900366321     -2.104594545947
  258      3.834683666235     -5.753316960279     -2.121120581446
  258     -3.844963584743      5.753829159476     -2.103646362618
  258     -7.670277936859      1.921946527465     -2.108907808084
  258     -7.666603520779     -1.918153801222     -2.109606579406
  258     -7.664672322486      5.757989209311     -2.114934644000
  258     -7.667710566313     -5.756228559795     -2.111368516258
    8      1.915800290321      1.918060721185     -3.578311061735
    8     -1.915991999458     -1.917650773595     -3.580085490261
    8      1.916947892181     -1.917721076060     -3.580678814368
    8     -1.915813068517      1.917726310882     -3.577923251210
    8      1.918205359782      5.752938293226     -3.578906464523
    8     -1.918492258177     -5.753358469590     -3.572474383363
    8      1.917365669713     -5.753532635376     -3.576345761300
    8     -1.915448948431      5.753733930258     -3.578424932553
    8      5.751951555270      1.917974577325     -3.573382573924
    8     -5.755305326304     -1.919633680975     -3.570460567812
    8      5.753429266087     -1.918370015946     -3.576989273184
    8     -5.755043988441      1.917967782677     -3.574820952979
    8      5.750646006720      5.753495596109     -3.578330956793
    8     -5.752035855489     -5.753645011694     -3.557051737331
    8      5.752765225360     -5.753954175859     -3.574270617633
    8     -5.751560457213      5.755786457930     -3.572584499315
    8      0.000000000000      0.000000000000     -3.390356274875
    8      0.000000000000      3.835750260159     -3.390356274875
    8      0.000000000000     -3.835750260159     -3.390356274875
    8      0.000000000000      7.671500520300     -3.390356274875
    8      3.835750260161      0.000000000000     -3.390356274875
    8     -3.835750260161      0.000000000000     -3.390356274875
    8      3.835750260161      3.835750260159     -3.390356274875
    8     -3.835750260161     -3.835750260159     -3.390356274875
    8      3.835750260161     -3.835750260159     -3.390356274875
    8     -3.835750260161      3.835750260159     -3.390356274875
    8      3.835750260161      7.671500520300     -3.390356274875
    8     -3.835750260161      7.671500520300     -3.390356274875
    8      7.671500520300      0.000000000000     -3.390356274875
    8      7.671500520300      3.835750260159     -3.390356274875
    8      7.671500520300     -3.835750260159     -3.390356274875
    8      7.671500520300      7.671500520300     -3.390356274875
  258      1.917875130081      0.000000000000     -4.746498784825
  258     -1.917875130081      0.000000000000     -4.746498784825
  258      1.917875130081      3.835750260159     -4.746498784825
  258     -1.917875130081     -3.835750260159     -4.746498784825
  258      1.917875130081     -3.835750260159     -4.746498784825
  258     -1.917875130081      3.835750260159     -4.746498784825
  258      1.917875130081      7.671500520300     -4.746498784825
  258     -1.917875130081      7.671500520300     -4.746498784825
  258      5.753625390240      0.000000000000     -4.746498784825
  258     -5.753625390240      0.000000000000     -4.746498784825
  258      5.753625390240      3.835750260159     -4.746498784825
  258     -5.753625390240     -3.835750260159     -4.746498784825
  258      5.753625390240     -3.835750260159     -4.746498784825
  258     -5.753625390240      3.835750260159     -4.746498784825
  258      5.753625390240      7.671500520300     -4.746498784825
  258     -5.753625390240      7.671500520300     -4.746498784825
    8      0.000000000000      0.000000000000     -6.100000000000
    8      0.000000000000      3.835750260159     -6.100000000000
    8      0.000000000000     -3.835750260159     -6.100000000000
    8      0.000000000000      7.671500520300     -6.100000000000
    8      3.835750260161      0.000000000000     -6.100000000000
    8     -3.835750260161      0.000000000000     -6.100000000000
    8      3.835750260161      3.835750260159     -6.100000000000
    8     -3.835750260161     -3.835750260159     -6.100000000000
    8      3.835750260161     -3.835750260159     -6.100000000000
    8     -3.835750260161      3.835750260159     -6.100000000000
    8      3.835750260161      7.671500520300     -6.100000000000
    8     -3.835750260161      7.671500520300     -6.100000000000
    8      7.671500520300      0.000000000000     -6.100000000000
    8      7.671500520300      3.835750260159     -6.100000000000
    8      7.671500520300     -3.835750260159     -6.100000000000
    8      7.671500520300      7.671500520300     -6.100000000000
   14     -5.692448063792     -4.529617659301      5.657200642234
    8     -7.083837019073     -3.640200113692      5.325136713027
    8     -5.610028302103     -4.995940591697      7.197830849218
    8     -4.278791635943     -3.696164385444      5.253017987827
    6      7.278867652437     -3.335199977861      6.383080606923
    6     -3.282099644108     -3.374988653226      6.289804109102
    6     -5.890147825299     -4.600970253050      8.540146327289
    6      7.577209350377     -1.982179341093      7.000181184688
    6     -3.727515673105     -2.159374748449      7.077188225181
    6     -6.783551840950     -5.643801496628      9.193704710807
    1      6.919535602711     -1.813146507547      7.860354252967
    1     -2.933115506810     -1.845213748321      7.762976413287
    1     -6.972869157848     -5.376230894224     10.243318775159
    1     -6.725358947124     -1.911134203197      7.332931730040
    1      7.391829994873     -1.187337327691      6.274876578864
    1      7.311307210044     -4.148157163885      7.116949103509
    1      6.308818387242     -3.357187339568      5.885905449777
    1     -7.745906966159     -5.714432958240      8.674256418653
    1     -6.308742467382     -6.627630333945      9.161671175399
    1     -4.930343753482     -4.516033306349      9.070864329565
    1     -6.365907045943     -3.612006510132      8.555737039873
    1     -3.149088702721     -4.263160663547      6.916376201759
    1     -2.355120125185     -3.186530334157      5.746820471193
    1     -4.624238523389     -2.376867732628      7.665025637757
    1     -3.959925833699     -1.330438184689      6.403454968770
    8      7.287639616039     -7.552939899947      4.670906563706
    6      7.108687001427     -7.384771416751      6.066302389045
    6     -7.588672975825      6.820711651460      6.844348809092
    1      7.275433153742      5.871843620982      6.576245824546
    1      6.029056131050     -7.314323125422      6.286588961534
    1      7.557849155429     -6.421957686939      6.373561266506
    1     -6.524706911463      6.749638664553      6.601482421773
    1      7.636341524490      6.972022173513      7.925264431104
    0    0
