   2   1   1 E -4.0951895458913E+04 DE-4.8E-08(  6)
  0.153430010406E+02  0.000000000000E+00  0.000000000000E+00
  0.000000000000E+00  0.153430010406E+02  0.000000000000E+00
  0.000000000000E+00  0.000000000000E+00  0.500000000000E+03
    1
  0.100000000000E+01  0.000000000000E+00  0.000000000000E+00
  0.000000000000E+00  0.100000000000E+01  0.000000000000E+00
  0.000000000000E+00  0.000000000000E+00  0.100000000000E+01
  0.000000000000E+00  0.000000000000E+00  0.000000000000E+00
  225
    8      1.659818703974      2.258799445152      4.309308870784
    8     -1.703879009586     -1.426601405504      4.287326090785
    8      2.129028693069     -1.491044691958      4.283516383338
    8     -2.194067636795      2.265264842041      4.306672190242
    8      2.056950967687      6.009850988799      4.326634579143
    8     -1.905737762776     -5.488799053511      4.338996862957
    8      1.841165031146     -5.349310191982      4.306021861203
    8     -1.732328210246      6.033029390452      4.322104082592
    8      5.501769001356      1.950375869811      4.355095927785
    8     -5.506820567571     -1.172522579468      4.220629109587
    8      5.941060015960     -1.481290050028      4.284822139122
    8     -6.001517109877      2.220662263485      4.330169993985
    8      5.860154028736      5.334126329787      4.294757305637
    8     -5.711912552193     -5.702328136379      4.588020604431
    8      5.591963811055     -5.197515325741      4.277740126377
    8     -5.555307837263      5.722576360431      4.361677846374
  258     -0.082260125776      1.930010474615      3.325984827659
  258      0.053609034915     -1.868950854379      3.295117410892
  258      0.037389670123      5.750039014635      3.337881830211
  258      0.047636608030     -5.733159905787      3.288653363594
  258      3.771645967549      1.916717948962      3.332206034075
  258     -3.797817678195     -1.845018026883      3.332684892746
  258      3.879127285087     -1.877855729044      3.305770832050
  258     -3.943682447473      1.912150300300      3.345041021469
  258      3.850790746419      5.726440183399      3.319212785678
  258     -3.663401669042     -5.708554403955      3.255178566733
  258      3.772157508658     -5.696634747963      3.284869275415
  258     -3.802767710765      5.739167536176      3.336940679613
  258      7.593574221256      1.961437689524      3.334613413851
  258     -7.633860877205     -1.869545705596      3.317334119448
  258     -7.668769550006      5.832053106879      3.412888603270
  258      7.482806538495     -5.768205597061      3.298557746306
    8      1.917348245367      1.888114824984      1.767502267063
    8     -1.889676275009     -1.931328068609      1.770215645277
    8      1.903510756878     -1.930259676623      1.761778317527
    8     -1.888760635770      1.893714655432      1.768435783607
    8      1.920316315267      5.723395794301      1.762776341150
    8     -1.879691649832     -5.758187484986      1.777202377365
    8      1.923714640344     -5.767527318275      1.770153073348
    8     -1.918734953599      5.725043393550      1.762703595897
    8      5.752381755542      1.933450929207      1.782950911552
    8     -5.770137449706     -1.967160105624      1.803811689938
    8      5.752458577334     -1.933148071748      1.772635901183
    8     -5.761798954198      1.906224719693      1.782375070402
    8      5.703310842419      5.797203521515      1.774285437668
    8     -5.710430676584     -5.740283561564      1.895296998994
    8      5.716817489392     -5.775960341112      1.788715822656
    8     -5.715369352782      5.789250676786      1.790490533252
    8      0.014999761357     -0.001482334523      2.163584363251
    8     -0.011875701943      3.821305534659      2.187135976248
    8      0.014591430470     -3.829775685433      2.188959594091
    8      0.027439262120      7.661308583314      2.193440525437
    8      3.841298138548     -0.004641572440      2.156058881128
    8     -3.819600211859      0.010545369207      2.107752050045
    8      3.810288142579      3.818873346698      2.179140219206
    8     -3.791179530763     -3.823182030634      2.177452619195
    8      3.811821323502     -3.817699204169      2.149437729554
    8     -3.850786809319      3.814395799864      2.188152730132
    8      3.820300752736     -7.662882867163      2.243407310504
    8     -3.770483342443     -7.655741782204      2.219852991929
    8      7.663679436063      0.017396779585      2.154867796973
    8      7.661072562694      3.861631540514      2.170460560087
    8      7.655506342916     -3.839918051950      2.178348194993
    8      7.654840864427     -7.639325030641      2.056744421212
  258      1.917372944644      0.003935733997      0.586595535318
  258     -1.923435061872      0.004152949439      0.590897402979
  258      1.911542848654      3.816795240377      0.599989449605
  258     -1.905812451018     -3.811609697555      0.579588501074
  258      1.921612933917     -3.824641948693      0.577355521748
  258     -1.927925451990      3.819338014049      0.607477847750
  258      1.923340485548      7.647566641727      0.598643831123
  258     -1.903932706359      7.643824214237      0.593886663611
  258      5.757439337424      0.015757186877      0.603052756830
  258     -5.755867238291      0.001977486651      0.606325132967
  258      5.757737897650      3.854361268825      0.621466472076
  258     -5.754177714477     -3.852931582919      0.624670890370
  258      5.752633276342     -3.823556139435      0.587121107277
  258     -5.766933665783      3.855693743046      0.629602822199
  258      5.756320346292      7.660062734158      0.576232036369
  258     -5.759711572907     -7.655932124043      0.634573085011
    8     -0.000623017458     -0.001055552245     -0.665329902070
    8     -0.006553888206      3.828573262973     -0.653301126377
    8      0.003593007933     -3.828254516814     -0.658022855549
    8      0.006166871590      7.661498647657     -0.645648270376
    8      3.842455571828      0.002070196979     -0.660662573959
    8     -3.844702029654     -0.004323234262     -0.671083041034
    8      3.837879860136      3.835958962529     -0.649592731038
    8     -3.831586310132     -3.842017527552     -0.647318011895
    8      3.836569875791     -3.832611190424     -0.662353939508
    8     -3.844823730460      3.840141097611     -0.646076980999
    8      3.826408240910      7.665232855467     -0.649147875971
    8     -3.828007302224     -7.667651258401     -0.635081736335
    8     -7.671042004366     -0.003114276027     -0.656324509478
    8      7.670377993425      3.841582031609     -0.647021992383
    8      7.670814916715     -3.839345431723     -0.646767970594
    8     -7.667470791902     -7.665713162147     -0.684235446925
    8      1.917695142819      1.915650006781     -0.868742541917
    8     -1.919822715797     -1.923767590427     -0.869680567559
    8      1.921913512864     -1.918791480138     -0.872952839702
    8     -1.927948297930      1.914969229534     -0.866819295592
    8      1.916306712114      5.747317174287     -0.869845644726
    8     -1.910189194123     -5.757356809424     -0.863538798053
    8      1.916987898384     -5.753207215198     -0.866371493552
    8     -1.917690908925      5.756203398415     -0.868322869862
    8      5.757027685948      1.918146802366     -0.856243699726
    8     -5.754353520428     -1.924857856286     -0.847060406454
    8      5.756161581816     -1.922358273655     -0.862976645675
    8     -5.759479225250      1.915075431267     -0.854971402077
    8      5.755805437649      5.754080021461     -0.865164434888
    8     -5.752899983931     -5.751102283839     -0.813061743060
    8      5.750747749037     -5.747865564291     -0.861596678307
    8     -5.755653703689      5.760658502267     -0.850236854552
  258     -0.004438417472      1.918370486778     -2.119885232460
  258     -0.000018544975     -1.912929463887     -2.127003977903
  258     -0.001065394313      5.746125593507     -2.119158701171
  258      0.000856845025     -5.757231078354     -2.119936061180
  258      3.842004136888      1.920645154915     -2.113672195875
  258     -3.844130736743     -1.916734915752     -2.115127752696
  258      3.840761733821     -1.912803796321     -2.122955660804
  258     -3.846193058566      1.920310763390     -2.111938707648
  258      3.835561586149      5.746471767671     -2.118528492700
  258     -3.833838475266     -5.755515963926     -2.106039743207
  258      3.834674358931     -5.753722928759     -2.121138681873
  258     -3.842757129683      5.752423122582     -2.106709701298
  258     -7.670272691692      1.922293531376     -2.109569513080
  258     -7.667664645301     -1.917362431741     -2.111877909837
  258     -7.664542893859      5.756363186891     -2.112064940662
  258     -7.668812476139     -5.756751699393     -2.111695842671
    8      1.916073627308      1.918093718683     -3.579231584799
    8     -1.915496601209     -1.918050550243     -3.580564942383
    8      1.917466992089     -1.917598887574     -3.581477734401
    8     -1.915437494881      1.917917069511     -3.579088583413
    8      1.917897595525      5.752825018122     -3.579271663629
    8     -1.918677672629     -5.753696634926     -3.573080356481
    8      1.917389651971     -5.753609477107     -3.577178310277
    8     -1.916072044503      5.753628684765     -3.578566348054
    8      5.751933638132      1.918063916155     -3.574046892631
    8     -5.754010041957     -1.919271430574     -3.572799992400
    8      5.753542728493     -1.918229570567     -3.577137152784
    8     -5.754801516799      1.918213968469     -3.575368772048
    8      5.750246106163      5.753734079355     -3.579504913583
    8     -5.751903712862     -5.753543592340     -3.557700755402
    8      5.752729146441     -5.753618205674     -3.574725563563
    8     -5.751671124908      5.754846146893     -3.574163037556
    8      0.000000000000      0.000000000000     -3.390356274875
    8      0.000000000000      3.835750260159     -3.390356274875
    8      0.000000000000     -3.835750260159     -3.390356274875
    8      0.000000000000      7.671500520300     -3.390356274875
    8      3.835750260161      0.000000000000     -3.390356274875
    8     -3.835750260161      0.000000000000     -3.390356274875
    8      3.835750260161      3.835750260159     -3.390356274875
    8     -3.835750260161     -3.835750260159     -3.390356274875
    8      3.835750260161     -3.835750260159     -3.390356274875
    8     -3.835750260161      3.835750260159     -3.390356274875
    8      3.835750260161      7.671500520300     -3.390356274875
    8     -3.835750260161      7.671500520300     -3.390356274875
    8      7.671500520300      0.000000000000     -3.390356274875
    8      7.671500520300      3.835750260159     -3.390356274875
    8      7.671500520300     -3.835750260159     -3.390356274875
    8      7.671500520300      7.671500520300     -3.390356274875
  258      1.917875130081      0.000000000000     -4.746498784825
  258     -1.917875130081      0.000000000000     -4.746498784825
  258      1.917875130081      3.835750260159     -4.746498784825
  258     -1.917875130081     -3.835750260159     -4.746498784825
  258      1.917875130081     -3.835750260159     -4.746498784825
  258     -1.917875130081      3.835750260159     -4.746498784825
  258      1.917875130081      7.671500520300     -4.746498784825
  258     -1.917875130081      7.671500520300     -4.746498784825
  258      5.753625390240      0.000000000000     -4.746498784825
  258     -5.753625390240      0.000000000000     -4.746498784825
  258      5.753625390240      3.835750260159     -4.746498784825
  258     -5.753625390240     -3.835750260159     -4.746498784825
  258      5.753625390240     -3.835750260159     -4.746498784825
  258     -5.753625390240      3.835750260159     -4.746498784825
  258      5.753625390240      7.671500520300     -4.746498784825
  258     -5.753625390240      7.671500520300     -4.746498784825
    8      0.000000000000      0.000000000000     -6.100000000000
    8      0.000000000000      3.835750260159     -6.100000000000
    8      0.000000000000     -3.835750260159     -6.100000000000
    8      0.000000000000      7.671500520300     -6.100000000000
    8      3.835750260161      0.000000000000     -6.100000000000
    8     -3.835750260161      0.000000000000     -6.100000000000
    8      3.835750260161      3.835750260159     -6.100000000000
    8     -3.835750260161     -3.835750260159     -6.100000000000
    8      3.835750260161     -3.835750260159     -6.100000000000
    8     -3.835750260161      3.835750260159     -6.100000000000
    8      3.835750260161      7.671500520300     -6.100000000000
    8     -3.835750260161      7.671500520300     -6.100000000000
    8      7.671500520300      0.000000000000     -6.100000000000
    8      7.671500520300      3.835750260159     -6.100000000000
    8      7.671500520300     -3.835750260159     -6.100000000000
    8      7.671500520300      7.671500520300     -6.100000000000
   14     -5.693190058615     -4.528774716870      5.660683699865
    8     -7.084315626062     -3.638513846871      5.325046730151
    8     -5.609314674697     -4.995605479744      7.201306239915
    8     -4.279065025467     -3.696263202688      5.254344694199
    6      7.278303514936     -3.334190801445      6.384057323165
    6     -3.282541772264     -3.375971252898      6.291169043021
    6     -5.890005642638     -4.601127235137      8.541626691660
    6      7.577061758822     -1.981599536278      7.001229370092
    6     -3.727059083526     -2.159428670306      7.078493571392
    6     -6.782920501752     -5.642202243779      9.196000105747
    1      6.918974229907     -1.812698016117      7.862035769759
    1     -2.932823409355     -1.845640588425      7.765144777478
    1     -6.971028949618     -5.374012576449     10.243279294337
    1     -6.724803953337     -1.910083760314      7.333221053672
    1      7.390009069404     -1.186814509238      6.275694483155
    1      7.310534691660     -4.147764757800      7.117993689016
    1      6.308065622260     -3.357252202095      5.887222156916
    1     -7.744220740061     -5.713255715811      8.676353526078
    1     -6.308436019826     -6.626981852534      9.163124011576
    1     -4.929717928119     -4.516215661228      9.070547890076
    1     -6.364510953901     -3.610771746435      8.556384736942
    1     -3.150481432291     -4.263950804427      6.919003019104
    1     -2.355197194080     -3.187122509048      5.748174975704
    1     -4.625877020548     -2.377016119452      7.665670109523
    1     -3.958989542140     -1.330559097668      6.403598508683
    8      7.287530927448     -7.554120674515      4.673588746874
    6      7.108669838042     -7.385011852063      6.066488898377
    6     -7.588315056124      6.820992628254      6.846144825738
    1      7.275712618703      5.871853465875      6.577973333623
    1      6.028972011490     -7.314493821199      6.288508665645
    1      7.557122363011     -6.421554645392      6.375817113683
    1     -6.524221519968      6.749955884477      6.602969022473
    1      7.636455977061      6.971671456620      7.927253640277
    0    0
