   2   1   1 E -4.0951895513774E+04 DE 3.0E-08(  8)
  0.153430010406E+02  0.000000000000E+00  0.000000000000E+00
  0.000000000000E+00  0.153430010406E+02  0.000000000000E+00
  0.000000000000E+00  0.000000000000E+00  0.500000000000E+03
    1
  0.100000000000E+01  0.000000000000E+00  0.000000000000E+00
  0.000000000000E+00  0.100000000000E+01  0.000000000000E+00
  0.000000000000E+00  0.000000000000E+00  0.100000000000E+01
  0.000000000000E+00  0.000000000000E+00  0.000000000000E+00
  225
    8      1.659480536652      2.258715372923      4.309478257197
    8     -1.703720230039     -1.426492136513      4.287309530904
    8      2.129131169858     -1.491130022678      4.283387995835
    8     -2.194142393916      2.265291610136      4.306464164936
    8      2.057088202451      6.009830671438      4.326547737093
    8     -1.906018648602     -5.488797067778      4.338914444669
    8      1.840996033007     -5.349441770054      4.305845397195
    8     -1.732285512834      6.033087032885      4.322155962158
    8      5.501222046098      1.950326544818      4.355112583303
    8     -5.507024881645     -1.172445371447      4.220724015073
    8      5.941161307899     -1.481367544783      4.284478585791
    8     -6.001584114883      2.220673038653      4.330116808114
    8      5.860571386955      5.333710898450      4.294696080475
    8     -5.711916760096     -5.702189369827      4.587763205909
    8      5.592087380170     -5.197485658919      4.277587056586
    8     -5.555245911336      5.722626031373      4.361656346801
  258     -0.081892112466      1.930128222768      3.325697347920
  258      0.053464055422     -1.868970654854      3.295042416449
  258      0.037318011097      5.749847741590      3.337603681038
  258      0.047668534103     -5.732970837873      3.288418373868
  258      3.772063121811      1.916696364698      3.332095541808
  258     -3.797778231625     -1.844904375920      3.332179142792
  258      3.878943644328     -1.877756402513      3.305601280871
  258     -3.943684278586      1.912034353123      3.345039118470
  258      3.850592326647      5.726609217187      3.318708161226
  258     -3.663365561430     -5.708467298542      3.255336068475
  258      3.772393187478     -5.696663931402      3.284599298230
  258     -3.802633326262      5.738993681493      3.337009326786
  258      7.594152166308      1.961378137854      3.334254848211
  258     -7.633926636099     -1.869291380026      3.317349340545
  258     -7.669122640430      5.832162345310      3.413167933545
  258      7.482788717473     -5.767982192972      3.298915164200
    8      1.917540070612      1.888068986995      1.767495437331
    8     -1.889535719383     -1.931457493298      1.770340001815
    8      1.903669900131     -1.930265883452      1.761761028518
    8     -1.888914858871      1.893668272102      1.768551997944
    8      1.920360880029      5.723215567908      1.762828230589
    8     -1.879583611046     -5.758313653753      1.777169935834
    8      1.923782932273     -5.767281545947      1.770075698322
    8     -1.918624455977      5.725195899374      1.762535400446
    8      5.752350343112      1.933480169933      1.782762893407
    8     -5.769953864442     -1.967199251443      1.803625826338
    8      5.752652909846     -1.932996682448      1.772709307008
    8     -5.761848528753      1.906048429022      1.782633960769
    8      5.703289497870      5.797279715137      1.774133478670
    8     -5.710535816844     -5.740300046255      1.895506777202
    8      5.716767168549     -5.776154782483      1.788871759448
    8     -5.715452784239      5.789161665734      1.790054665435
    8      0.014943622187     -0.001642020121      2.163253533183
    8     -0.011994601329      3.821508323175      2.186895374403
    8      0.014486243113     -3.829746413971      2.188810020346
    8      0.027030872782      7.661438413947      2.193324148676
    8      3.840877510738     -0.004572186420      2.155812278291
    8     -3.819729213106      0.010520435214      2.107597695428
    8      3.810204270308      3.818815572701      2.178981493180
    8     -3.791327852473     -3.823078449851      2.177301968359
    8      3.811550985142     -3.817670986303      2.149239170631
    8     -3.850964356378      3.814662426026      2.188053962145
    8      3.820260972056     -7.662705476478      2.243292565220
    8     -3.770393946066     -7.655746989911      2.219665290621
    8      7.663720965408      0.017412183154      2.154715631730
    8      7.661374303989      3.861558128554      2.170366645982
    8      7.655640591917     -3.840138158100      2.178006854801
    8      7.654575710647     -7.639279778515      2.056672316099
  258      1.917319056106      0.003931047309      0.586523485047
  258     -1.923295295490      0.004004876569      0.590714615970
  258      1.911629736702      3.816715526229      0.599895488081
  258     -1.905843352248     -3.811697032219      0.579310883356
  258      1.921690401705     -3.824818533853      0.577309000313
  258     -1.927904672847      3.819126017290      0.607257468995
  258      1.923533509741      7.647519439841      0.598627521517
  258     -1.903761971937      7.643920813339      0.593884967794
  258      5.757366923949      0.015656740368      0.602776187765
  258     -5.755857410038      0.001706082669      0.605984067324
  258      5.757772714240      3.854610208820      0.621192455430
  258     -5.754454384985     -3.852803189159      0.624765265600
  258      5.752447268284     -3.823626455818      0.587502274077
  258     -5.766995496929      3.855805354796      0.629111621359
  258      5.756969359884      7.660247241141      0.575510171630
  258     -5.759507134116     -7.655869208281      0.634881563503
    8     -0.000656235347     -0.001140128781     -0.665709968784
    8     -0.006485452183      3.828620578242     -0.653426278136
    8      0.003546062499     -3.828231117026     -0.658128502948
    8      0.006011979895      7.661450441658     -0.645819710865
    8      3.842521800022      0.001946621085     -0.660955894690
    8     -3.844859291320     -0.004417449425     -0.671398985981
    8      3.837642407443      3.836177835935     -0.649882053179
    8     -3.831468679693     -3.842148008988     -0.647432027826
    8      3.836526861676     -3.832585969903     -0.662453995557
    8     -3.844892652882      3.840084472754     -0.646226727904
    8      3.826236242692      7.665190694265     -0.649073474575
    8     -3.828062602231     -7.667646980959     -0.635165320727
    8     -7.670979138478     -0.003088978373     -0.656432540387
    8      7.670352293727      3.841550187253     -0.647270863808
    8      7.670983241032     -3.839360456032     -0.646826764481
    8     -7.667749712330     -7.665749685500     -0.684323998798
    8      1.917613073439      1.915588113599     -0.868514709169
    8     -1.920036783845     -1.923638014988     -0.869122266850
    8      1.921878699065     -1.918758529913     -0.872964764079
    8     -1.927983161914      1.915052348186     -0.866540050466
    8      1.916360038297      5.747201674397     -0.869962087645
    8     -1.910217482482     -5.757384698597     -0.863607891848
    8      1.917035184763     -5.753122425036     -0.866385067548
    8     -1.917555148914      5.756221428638     -0.868324908961
    8      5.757133140575      1.918104141202     -0.856102471907
    8     -5.754562099076     -1.924890334339     -0.846986408154
    8      5.756144015675     -1.922407549800     -0.863022651836
    8     -5.759393138589      1.915223433200     -0.854848524351
    8      5.755649757507      5.753993652993     -0.864832127567
    8     -5.752938266246     -5.751026308377     -0.813258728570
    8      5.750841238508     -5.747770719860     -0.861599952734
    8     -5.755496739621      5.760658955164     -0.850158798838
  258     -0.004362749255      1.918418241986     -2.119924933651
  258      0.000130940445     -1.912948326164     -2.126833349109
  258     -0.001157173738      5.746125328175     -2.119119497316
  258      0.000893514400     -5.757304071085     -2.119930325612
  258      3.842048264292      1.920809704682     -2.113498716612
  258     -3.843749843770     -1.916592308632     -2.115637250896
  258      3.840781520610     -1.912734853885     -2.122889315507
  258     -3.846044435226      1.920565360145     -2.111778742979
  258      3.835633900841      5.746436769822     -2.118365718807
  258     -3.833874274383     -5.755412773551     -2.105804443808
  258      3.834680454142     -5.753671589225     -2.121104897220
  258     -3.843091888593      5.752641269697     -2.106248178472
  258     -7.670300130022      1.922229124552     -2.109440293703
  258     -7.667515314289     -1.917471891675     -2.111500940081
  258     -7.664597721802      5.756601783676     -2.112462950966
  258     -7.668653672955     -5.756724364584     -2.111615869778
    8      1.916040749010      1.918084484322     -3.579100858075
    8     -1.915560841275     -1.917987652235     -3.580520435531
    8      1.917402177558     -1.917623619632     -3.581359350531
    8     -1.915507436296      1.917888220899     -3.578925934829
    8      1.917940409539      5.752840486585     -3.579197155423
    8     -1.918651531991     -5.753655051184     -3.572974640320
    8      1.917387260796     -5.753605560818     -3.577046835675
    8     -1.916000825822      5.753646799560     -3.578517777918
    8      5.751942609627      1.918042210502     -3.573929827057
    8     -5.754184412550     -1.919329525010     -3.572475652010
    8      5.753528637543     -1.918246218429     -3.577101567295
    8     -5.754834339695      1.918176165902     -3.575274117730
    8      5.750294820925      5.753693497988     -3.579316370565
    8     -5.751915117800     -5.753573213137     -3.557561005460
    8      5.752732430043     -5.753678296811     -3.574643285999
    8     -5.751659138007      5.754993800144     -3.573895541368
    8      0.000000000000      0.000000000000     -3.390356274875
    8      0.000000000000      3.835750260159     -3.390356274875
    8      0.000000000000     -3.835750260159     -3.390356274875
    8      0.000000000000      7.671500520300     -3.390356274875
    8      3.835750260161      0.000000000000     -3.390356274875
    8     -3.835750260161      0.000000000000     -3.390356274875
    8      3.835750260161      3.835750260159     -3.390356274875
    8     -3.835750260161     -3.835750260159     -3.390356274875
    8      3.835750260161     -3.835750260159     -3.390356274875
    8     -3.835750260161      3.835750260159     -3.390356274875
    8      3.835750260161      7.671500520300     -3.390356274875
    8     -3.835750260161      7.671500520300     -3.390356274875
    8      7.671500520300      0.000000000000     -3.390356274875
    8      7.671500520300      3.835750260159     -3.390356274875
    8      7.671500520300     -3.835750260159     -3.390356274875
    8      7.671500520300      7.671500520300     -3.390356274875
  258      1.917875130081      0.000000000000     -4.746498784825
  258     -1.917875130081      0.000000000000     -4.746498784825
  258      1.917875130081      3.835750260159     -4.746498784825
  258     -1.917875130081     -3.835750260159     -4.746498784825
  258      1.917875130081     -3.835750260159     -4.746498784825
  258     -1.917875130081      3.835750260159     -4.746498784825
  258      1.917875130081      7.671500520300     -4.746498784825
  258     -1.917875130081      7.671500520300     -4.746498784825
  258      5.753625390240      0.000000000000     -4.746498784825
  258     -5.753625390240      0.000000000000     -4.746498784825
  258      5.753625390240      3.835750260159     -4.746498784825
  258     -5.753625390240     -3.835750260159     -4.746498784825
  258      5.753625390240     -3.835750260159     -4.746498784825
  258     -5.753625390240      3.835750260159     -4.746498784825
  258      5.753625390240      7.671500520300     -4.746498784825
  258     -5.753625390240      7.671500520300     -4.746498784825
    8      0.000000000000      0.000000000000     -6.100000000000
    8      0.000000000000      3.835750260159     -6.100000000000
    8      0.000000000000     -3.835750260159     -6.100000000000
    8      0.000000000000      7.671500520300     -6.100000000000
    8      3.835750260161      0.000000000000     -6.100000000000
    8     -3.835750260161      0.000000000000     -6.100000000000
    8      3.835750260161      3.835750260159     -6.100000000000
    8     -3.835750260161     -3.835750260159     -6.100000000000
    8      3.835750260161     -3.835750260159     -6.100000000000
    8     -3.835750260161      3.835750260159     -6.100000000000
    8      3.835750260161      7.671500520300     -6.100000000000
    8     -3.835750260161      7.671500520300     -6.100000000000
    8      7.671500520300      0.000000000000     -6.100000000000
    8      7.671500520300      3.835750260159     -6.100000000000
    8      7.671500520300     -3.835750260159     -6.100000000000
    8      7.671500520300      7.671500520300     -6.100000000000
   14     -5.693107512375     -4.528895083936      5.660222157315
    8     -7.084247816281     -3.638710301352      5.325186345592
    8     -5.609448093038     -4.995670571125      7.200845472490
    8     -4.279020668077     -3.696270889595      5.254272853334
    6      7.278353283347     -3.334301436679      6.384003908165
    6     -3.282499458518     -3.375875785794      6.291121703479
    6     -5.889923288079     -4.601019797141      8.541500006535
    6      7.577000817978     -1.981613431484      7.001152369996
    6     -3.727144967898     -2.159449095581      7.078414591493
    6     -6.782928233761     -5.642325209350      9.195822778665
    1      6.919040985953     -1.812730691655      7.861908418740
    1     -2.932914622607     -1.845649427352      7.764994833217
    1     -6.971175051612     -5.374157871322     10.243495945620
    1     -6.724951443758     -1.910113519771      7.333180906535
    1      7.390116493587     -1.186838669683      6.275659546506
    1      7.310627186508     -4.147767911360      7.117936845648
    1      6.308144120353     -3.357211175215      5.887104235509
    1     -7.744436909118     -5.713289714383      8.676251416527
    1     -6.308436734046     -6.626969519039      9.163112182198
    1     -4.929675485334     -4.516150265081      9.070665079310
    1     -6.364579910096     -3.610865502459      8.556396783322
    1     -3.150368678339     -4.263879953033      6.918787996281
    1     -2.355172019696     -3.187165608896      5.748166450301
    1     -4.625687432090     -2.376961015459      7.665608869731
    1     -3.959033547896     -1.330563728694      6.403673532727
    8      7.287581377859     -7.553951921393      4.673280531560
    6      7.108657615898     -7.385012423859      6.066590355065
    6     -7.588349805989      6.820939754411      6.846013846403
    1      7.275723564409      5.871821221093      6.577866907481
    1      6.028960634835     -7.314554251270      6.288327612189
    1      7.557166510961     -6.421635898578      6.375596375824
    1     -6.524268533546      6.749930844767      6.602893237677
    1      7.636448428663      6.971733734404      7.927095449118
    0    0
