   2   1   1 E -4.0951895580550E+04 DE-6.0E-08(  9)
  0.153430010406E+02  0.000000000000E+00  0.000000000000E+00
  0.000000000000E+00  0.153430010406E+02  0.000000000000E+00
  0.000000000000E+00  0.000000000000E+00  0.500000000000E+03
    1
  0.100000000000E+01  0.000000000000E+00  0.000000000000E+00
  0.000000000000E+00  0.100000000000E+01  0.000000000000E+00
  0.000000000000E+00  0.000000000000E+00  0.100000000000E+01
  0.000000000000E+00  0.000000000000E+00  0.000000000000E+00
  225
    8      1.659096133229      2.258530454500      4.309419423155
    8     -1.703589089249     -1.426458111652      4.287177952325
    8      2.129243238520     -1.491117337842      4.283097331458
    8     -2.194288390084      2.265259615231      4.306176153094
    8      2.057310776892      6.009709518508      4.326370038025
    8     -1.906222300260     -5.488860479418      4.338798360062
    8      1.840835456664     -5.349472173250      4.305616352881
    8     -1.732107420423      6.033175608207      4.322151639437
    8      5.500594760504      1.950328815890      4.355142019410
    8     -5.507220816963     -1.172455145956      4.220773444446
    8      5.941260703079     -1.481480000166      4.284214332767
    8     -6.001798244499      2.220715693592      4.329981663155
    8      5.861104190372      5.333238177365      4.294585615566
    8     -5.711912806203     -5.702101538315      4.587471161350
    8      5.592210340466     -5.197469966041      4.277444807871
    8     -5.555073288724      5.722587910437      4.361797165290
  258     -0.081543739157      1.930140885116      3.325211487958
  258      0.053271276177     -1.869024155447      3.294834994549
  258      0.037306745164      5.749639145302      3.337194510376
  258      0.047787428801     -5.732807197499      3.288111595085
  258      3.772513294652      1.916710906312      3.331797769740
  258     -3.797791013657     -1.844872919970      3.331602997460
  258      3.878780815360     -1.877616709559      3.305337964716
  258     -3.943661953839      1.911868934663      3.344899917859
  258      3.850408199477      5.726794996439      3.318136846007
  258     -3.663294003672     -5.708420509311      3.255521721498
  258      3.772599545817     -5.696686595227      3.284312893866
  258     -3.802471041514      5.738771850729      3.337191446636
  258      7.594572784038      1.961367500714      3.333891765715
  258     -7.634040148844     -1.869005638894      3.317333911510
  258     -7.669377980611      5.832262905260      3.413426488839
  258      7.482790954215     -5.767706352855      3.299258427702
    8      1.917645713919      1.888056378400      1.767565180454
    8     -1.889401030446     -1.931554063589      1.770479334810
    8      1.903801870115     -1.930291810405      1.761732998257
    8     -1.889163595023      1.893616860183      1.768601862186
    8      1.920428023161      5.723068982326      1.762971368464
    8     -1.879478378305     -5.758408662883      1.777148872514
    8      1.923822981269     -5.767054539363      1.770044000996
    8     -1.918781702175      5.725351450744      1.762300966974
    8      5.752607337847      1.933386167990      1.782490189868
    8     -5.769808704401     -1.967224462776      1.803420612913
    8      5.752925941671     -1.932892834235      1.772702185507
    8     -5.761878796249      1.905878896195      1.782740608420
    8      5.703466856074      5.797226038957      1.773941823822
    8     -5.710595367089     -5.740325867993      1.895638621977
    8      5.716703974930     -5.776361466820      1.789017068665
    8     -5.715421959773      5.789187611718      1.789396223270
    8      0.014764391988     -0.001896769770      2.162748950874
    8     -0.012067608751      3.821626418914      2.186504371450
    8      0.014424803370     -3.829754708410      2.188572483506
    8      0.026920601613      7.661566201783      2.193117402907
    8      3.840767026123     -0.004487680136      2.155404584104
    8     -3.819922926113      0.010416526159      2.107312487469
    8      3.810151006957      3.818868172634      2.178684192346
    8     -3.791480751486     -3.823069919268      2.177113567183
    8      3.811409007209     -3.817635207071      2.148985354359
    8     -3.851092222930      3.814920749975      2.187965576938
    8      3.820072278447     -7.662497362688      2.243210905306
    8     -3.770404693232     -7.655830626993      2.219579423287
    8      7.663377712676      0.017458972715      2.154499392506
    8      7.661455337951      3.861553448600      2.170191296216
    8      7.655621649074     -3.840299557249      2.177596486807
    8      7.654391792156     -7.639184583007      2.056589627963
  258      1.917260781378      0.003921460855      0.586490480805
  258     -1.923195835218      0.003854025597      0.590496106051
  258      1.911723430831      3.816656921479      0.599882420981
  258     -1.905904811864     -3.811773994754      0.579036402331
  258      1.921736440815     -3.825006866645      0.577269224182
  258     -1.927981824059      3.818920013411      0.607002286608
  258      1.923745949019      7.647463904401      0.598684547858
  258     -1.903610677778      7.644048033440      0.593855966163
  258      5.757357844808      0.015509377501      0.602446906545
  258     -5.755838116024      0.001454418714      0.605576808579
  258      5.757955050263      3.854736140765      0.620837098474
  258     -5.754721171512     -3.852659448514      0.624798352766
  258      5.752291620473     -3.823726042219      0.587877457746
  258     -5.767160231596      3.855911419857      0.628491315001
  258      5.757688983447      7.660422068597      0.574796289863
  258     -5.759249392835     -7.655730434150      0.635066975002
    8     -0.000686037280     -0.001210931755     -0.666076233872
    8     -0.006412933187      3.828689272909     -0.653486970168
    8      0.003481151726     -3.828216373980     -0.658222780230
    8      0.005976737539      7.661371448604     -0.645901321479
    8      3.842609302536      0.001836461621     -0.661222242929
    8     -3.845036191450     -0.004518020819     -0.671729687709
    8      3.837416121440      3.836298353445     -0.650071402957
    8     -3.831358442634     -3.842266910108     -0.647588847553
    8      3.836502521120     -3.832608616908     -0.662498294808
    8     -3.844957317020      3.839981030256     -0.646511672112
    8      3.826089998649      7.665170462115     -0.648865472884
    8     -3.828065767951     -7.667444934615     -0.635396710548
    8     -7.670916530622     -0.003077184035     -0.656597144576
    8      7.670291483095      3.841487275785     -0.647806267072
    8      7.671109189672     -3.839433995608     -0.646911829819
    8     -7.668009189077     -7.665780392481     -0.684437601984
    8      1.917536259460      1.915537066999     -0.868246175288
    8     -1.920260721633     -1.923460111879     -0.868551184307
    8      1.921834094470     -1.918730954478     -0.872989655579
    8     -1.928043005005      1.915140427067     -0.866283258784
    8      1.916425589349      5.747072913160     -0.870042770104
    8     -1.910265103022     -5.757405594749     -0.863699116187
    8      1.917055856973     -5.753042460352     -0.866397535209
    8     -1.917434445888      5.756222796306     -0.868387729984
    8      5.757267927506      1.918058357585     -0.855973997632
    8     -5.754753352829     -1.924926349409     -0.846910698126
    8      5.756132198062     -1.922468573483     -0.863072301716
    8     -5.759282773520      1.915362744156     -0.854769846632
    8      5.755507471977      5.753872501830     -0.864521467078
    8     -5.752972756495     -5.750938959336     -0.813507514037
    8      5.750935088654     -5.747692323838     -0.861622930970
    8     -5.755360684744      5.760664716607     -0.850107144215
  258     -0.004273895733      1.918482493059     -2.119949770500
  258      0.000287333133     -1.912970729442     -2.126662439748
  258     -0.001269826064      5.746133189284     -2.119087006662
  258      0.000914316010     -5.757378180796     -2.119949922493
  258      3.842113267738      1.920993597135     -2.113302914546
  258     -3.843360390929     -1.916439197742     -2.116164471892
  258      3.840814601457     -1.912674114557     -2.122824423552
  258     -3.845901903899      1.920843000462     -2.111616110836
  258      3.835699335067      5.746412797997     -2.118227097497
  258     -3.833922300027     -5.755318649338     -2.105588976682
  258      3.834675015165     -5.753620264056     -2.121097512175
  258     -3.843424425387      5.752838164640     -2.105809493481
  258     -7.670284815250      1.922179726052     -2.109308067749
  258     -7.667356612080     -1.917595232734     -2.111153668475
  258     -7.664624736947      5.756840182552     -2.112875162242
  258     -7.668497634036     -5.756656565727     -2.111562045761
    8      1.916001468601      1.918072171356     -3.578964576631
    8     -1.915631239292     -1.917926092760     -3.580455462751
    8      1.917329896497     -1.917638036769     -3.581237981755
    8     -1.915562263731      1.917861267901     -3.578754149834
    8      1.917992415509      5.752853738775     -3.579137914612
    8     -1.918627887838     -5.753604557136     -3.572884327020
    8      1.917381495109     -5.753593251063     -3.576923852099
    8     -1.915915423629      5.753661933350     -3.578495260327
    8      5.751947602272      1.918025854143     -3.573829031214
    8     -5.754369823874     -1.919384224175     -3.572137207405
    8      5.753512780549     -1.918260646081     -3.577072837921
    8     -5.754871118380      1.918140185955     -3.575184865625
    8      5.750353585744      5.753651196646     -3.579139580797
    8     -5.751934862768     -5.753588953835     -3.557454529573
    8      5.752736172802     -5.753727640348     -3.574569076940
    8     -5.751645977314      5.755131691641     -3.573660175144
    8      0.000000000000      0.000000000000     -3.390356274875
    8      0.000000000000      3.835750260159     -3.390356274875
    8      0.000000000000     -3.835750260159     -3.390356274875
    8      0.000000000000      7.671500520300     -3.390356274875
    8      3.835750260161      0.000000000000     -3.390356274875
    8     -3.835750260161      0.000000000000     -3.390356274875
    8      3.835750260161      3.835750260159     -3.390356274875
    8     -3.835750260161     -3.835750260159     -3.390356274875
    8      3.835750260161     -3.835750260159     -3.390356274875
    8     -3.835750260161      3.835750260159     -3.390356274875
    8      3.835750260161      7.671500520300     -3.390356274875
    8     -3.835750260161      7.671500520300     -3.390356274875
    8      7.671500520300      0.000000000000     -3.390356274875
    8      7.671500520300      3.835750260159     -3.390356274875
    8      7.671500520300     -3.835750260159     -3.390356274875
    8      7.671500520300      7.671500520300     -3.390356274875
  258      1.917875130081      0.000000000000     -4.746498784825
  258     -1.917875130081      0.000000000000     -4.746498784825
  258      1.917875130081      3.835750260159     -4.746498784825
  258     -1.917875130081     -3.835750260159     -4.746498784825
  258      1.917875130081     -3.835750260159     -4.746498784825
  258     -1.917875130081      3.835750260159     -4.746498784825
  258      1.917875130081      7.671500520300     -4.746498784825
  258     -1.917875130081      7.671500520300     -4.746498784825
  258      5.753625390240      0.000000000000     -4.746498784825
  258     -5.753625390240      0.000000000000     -4.746498784825
  258      5.753625390240      3.835750260159     -4.746498784825
  258     -5.753625390240     -3.835750260159     -4.746498784825
  258      5.753625390240     -3.835750260159     -4.746498784825
  258     -5.753625390240      3.835750260159     -4.746498784825
  258      5.753625390240      7.671500520300     -4.746498784825
  258     -5.753625390240      7.671500520300     -4.746498784825
    8      0.000000000000      0.000000000000     -6.100000000000
    8      0.000000000000      3.835750260159     -6.100000000000
    8      0.000000000000     -3.835750260159     -6.100000000000
    8      0.000000000000      7.671500520300     -6.100000000000
    8      3.835750260161      0.000000000000     -6.100000000000
    8     -3.835750260161      0.000000000000     -6.100000000000
    8      3.835750260161      3.835750260159     -6.100000000000
    8     -3.835750260161     -3.835750260159     -6.100000000000
    8      3.835750260161     -3.835750260159     -6.100000000000
    8     -3.835750260161      3.835750260159     -6.100000000000
    8      3.835750260161      7.671500520300     -6.100000000000
    8     -3.835750260161      7.671500520300     -6.100000000000
    8      7.671500520300      0.000000000000     -6.100000000000
    8      7.671500520300      3.835750260159     -6.100000000000
    8      7.671500520300     -3.835750260159     -6.100000000000
    8      7.671500520300      7.671500520300     -6.100000000000
   14     -5.693012202614     -4.529003987652      5.659753731632
    8     -7.084179427783     -3.638915999837      5.325261127525
    8     -5.609591483324     -4.995729589668      7.200380738028
    8     -4.278977013412     -3.696247779048      5.254163401422
    6      7.278399570741     -3.334407880422      6.383884129660
    6     -3.282437021952     -3.375752095537      6.291012723223
    6     -5.889877217544     -4.600953800274      8.541339382905
    6      7.576966262486     -1.981655234486      7.001035072034
    6     -3.727207843410     -2.159454678859      7.078314225416
    6     -6.782970177961     -5.642470781658      9.195604387077
    1      6.919082878480     -1.812772307702      7.861709299338
    1     -2.932967290895     -1.845624426109      7.764788587924
    1     -6.971362501172     -5.374356913931     10.243619916699
    1     -6.725088661931     -1.910207053579      7.333155294131
    1      7.390300492892     -1.186870559118      6.275586433322
    1      7.310676102813     -4.147780813515      7.117802720840
    1      6.308236463117     -3.357154858563      5.886900315418
    1     -7.744647163161     -5.713357659726      8.676086505797
    1     -6.308459715833     -6.626984885905      9.163038324667
    1     -4.929670373651     -4.516120227765      9.070715968432
    1     -6.364672081002     -3.610988987464      8.556353908210
    1     -3.150209131779     -4.263789965148      6.918486717002
    1     -2.355153862937     -3.187143200058      5.748065256209
    1     -4.625460280182     -2.376937841499      7.665577168647
    1     -3.959130557494     -1.330541747907      6.403753962783
    8      7.287658424237     -7.553767360125      4.672955279152
    6      7.108659861527     -7.384980672970      6.066637896350
    6     -7.588390684173      6.820902855343      6.845821337685
    1      7.275712014375      5.871816813251      6.577688301331
    1      6.028962630035     -7.314581011086      6.288068213968
    1      7.557230341859     -6.421692871584      6.375348862056
    1     -6.524329153276      6.749905018168      6.602755421494
    1      7.636435210500      6.971793553329      7.926867223155
    0    0
