   2   1   1 E -4.0951897619851E+04 DE 3.2E-08( 13)
  0.153430010406E+02  0.000000000000E+00  0.000000000000E+00
  0.000000000000E+00  0.153430010406E+02  0.000000000000E+00
  0.000000000000E+00  0.000000000000E+00  0.500000000000E+03
    1
  0.100000000000E+01  0.000000000000E+00  0.000000000000E+00
  0.000000000000E+00  0.100000000000E+01  0.000000000000E+00
  0.000000000000E+00  0.000000000000E+00  0.100000000000E+01
  0.000000000000E+00  0.000000000000E+00  0.000000000000E+00
  225
    8      1.640690293169      2.242157565992      4.312163176908
    8     -1.699951095708     -1.429112992657      4.284274989745
    8      2.134097042142     -1.496627399669      4.266146254704
    8     -2.206484425932      2.279914705219      4.296080424045
    8      2.075727679412      6.004650837144      4.317826872058
    8     -1.913893839255     -5.490918506322      4.327655089386
    8      1.831938003410     -5.344740722783      4.284464699600
    8     -1.717941478549      6.041298780535      4.315905391211
    8      5.478329310215      1.933478274066      4.347608540605
    8     -5.509021009703     -1.153807866507      4.215146136771
    8      5.943064225877     -1.480384951793      4.268033988549
    8     -6.017310617015      2.236253146673      4.316004850145
    8      5.892783914061      5.283510873979      4.272944464596
    8     -5.718394225730     -5.719568091598      4.568164380622
    8      5.593586019725     -5.200055037119      4.267974168434
    8     -5.539162069060      5.723935707796      4.357713792090
  258     -0.074056565318      1.925578289301      3.311126868328
  258      0.041670292151     -1.872648249184      3.281521114541
  258      0.041483995030      5.743759603630      3.322229263834
  258      0.047725256629     -5.727400984944      3.266208146072
  258      3.778704357380      1.906626665677      3.317404784107
  258     -3.800938268953     -1.836920041755      3.311197757766
  258      3.875062579464     -1.879431426069      3.288791532048
  258     -3.937950023456      1.915068422754      3.331833778316
  258      3.845795205628      5.723107672750      3.293704924428
  258     -3.663482057804     -5.703138412971      3.250845005053
  258      3.777259912544     -5.702002457319      3.267912133256
  258     -3.795840703196      5.737291436199      3.334870774877
  258      7.605132716444      1.960789230130      3.313652791993
  258     -7.639029989350     -1.864125372091      3.308508111427
  258     -7.673457913296      5.826268950672      3.404140445972
  258      7.477749305114     -5.765067965484      3.300837645520
    8      1.921748207293      1.892188494772      1.764833999281
    8     -1.885335694244     -1.935916123549      1.773642374023
    8      1.904472934314     -1.929689641502      1.755364635428
    8     -1.902477822963      1.890106746501      1.769491766866
    8      1.923459192062      5.721840910760      1.760156755760
    8     -1.875204749609     -5.758611214654      1.775204236135
    8      1.928487442980     -5.761007364004      1.763717903537
    8     -1.927525525886      5.729744347515      1.752742808657
    8      5.749619664551      1.934639778085      1.772496691976
    8     -5.764940139791     -1.972217468867      1.799137650693
    8      5.752794537164     -1.930356849414      1.767042781856
    8     -5.759433985221      1.901054085605      1.780790601821
    8      5.703433316858      5.799810115190      1.764321452217
    8     -5.714728500591     -5.743480397685      1.891046283207
    8      5.705772450527     -5.781688918410      1.786231928491
    8     -5.713547001285      5.791711509157      1.768597992078
    8      0.002132934336     -0.010170060178      2.144240817892
    8     -0.006658961772      3.818236045299      2.174335340069
    8      0.002820524089     -3.827212925086      2.168847461836
    8      0.025744024971      7.662079204506      2.177920754542
    8      3.831917342103     -0.009471222331      2.132944826834
    8     -3.813465971162      0.014650708711      2.093305067837
    8      3.791895788775      3.810518361625      2.164066523915
    8     -3.797409291940     -3.815937333888      2.162525881301
    8      3.824053772638     -3.823005477745      2.133840860665
    8     -3.851915434762      3.828249914173      2.176925284216
    8      3.810177480154     -7.664351840803      2.237017593290
    8     -3.776131229349     -7.653145022806      2.208499589017
    8      7.666164174225      0.016733159293      2.139859836634
    8      7.663073492689      3.857831761325      2.141163220596
    8      7.650060870812     -3.848283937669      2.157535798832
    8      7.645011164489     -7.637101324033      2.045074326110
  258      1.915196165270      0.005026642518      0.580248786919
  258     -1.922120851387     -0.002815547963      0.580101075557
  258      1.912804129355      3.818493113563      0.592334007161
  258     -1.908054953292     -3.815192399192      0.568917083753
  258      1.921951227429     -3.829702865038      0.571194054226
  258     -1.933075558154      3.813476607551      0.597837248067
  258      1.929858396790      7.647798048391      0.594560733132
  258     -1.900244227215      7.649469638319      0.591001121974
  258      5.753887758515      0.012397316756      0.590278725026
  258     -5.755190595730     -0.006542721808      0.592325919394
  258      5.759458933120      3.861822990196      0.606983488917
  258     -5.760465545432     -3.849271994290      0.620995479807
  258      5.746177218898     -3.825835686601      0.593989338573
  258     -5.774470355043      3.858078401428      0.611270088008
  258      5.776461830727      7.666813792936      0.548404754630
  258     -5.752961858112     -7.651278057041      0.635179494096
    8     -0.002495289976     -0.002436156639     -0.680631047188
    8     -0.006914338543      3.830770429659     -0.658376669634
    8      0.000251116997     -3.827571266624     -0.664068997078
    8      0.005259765266      7.659819049593     -0.649120122725
    8      3.843607538799     -0.000963255153     -0.673743772756
    8     -3.851670536443     -0.009208829572     -0.683646742583
    8      3.827971141782      3.846088008098     -0.662220533611
    8     -3.827306906238     -3.847255551708     -0.655582242598
    8      3.835860884975     -3.832802529513     -0.668487758008
    8     -3.847178174734      3.837110211847     -0.658857478114
    8      3.821044171496      7.664792059751     -0.646906304288
    8     -3.825526683715     -7.655737449952     -0.644162991598
    8     -7.669744163802     -0.002858924341     -0.662993515008
    8      7.666932131501      3.840900748138     -0.666897299540
    8      7.673948755975     -3.838441911350     -0.652848454454
    8     -7.674104541062     -7.668152952740     -0.692031529151
    8      1.915064362191      1.914582450365     -0.863889721501
    8     -1.927032677453     -1.917641671376     -0.853100977294
    8      1.919977068062     -1.917970095301     -0.876221819468
    8     -1.930371764162      1.916513105472     -0.860085954091
    8      1.919045281421      5.744347548785     -0.874580681359
    8     -1.911360167081     -5.761429326155     -0.867247658956
    8      1.917148212397     -5.750059511481     -0.869289505554
    8     -1.914304492999      5.757065210691     -0.873024421754
    8      5.760418746595      1.918159648114     -0.855816380518
    8     -5.760949447648     -1.928851818730     -0.845605820738
    8      5.754893718178     -1.923641115459     -0.867101283758
    8     -5.755888261565      1.919058415761     -0.854348736751
    8      5.750805963601      5.749780187369     -0.861470409142
    8     -5.754011849972     -5.750197209233     -0.824123746241
    8      5.754852903997     -5.745323232484     -0.866958466002
    8     -5.752377597209      5.761255276447     -0.852053419789
  258     -0.001553947107      1.920561621589     -2.122579723607
  258      0.005537509875     -1.913486835979     -2.124101177635
  258     -0.004413013753      5.746619401118     -2.119921077915
  258      0.001350849145     -5.759647299027     -2.122898920677
  258      3.844409919996      1.926299041256     -2.110173283772
  258     -3.833451907913     -1.912644202694     -2.131863018629
  258      3.842464109523     -1.910411746985     -2.123178728890
  258     -3.842044993286      1.929612488867     -2.107784032641
  258      3.836806962564      5.745746475132     -2.116895465948
  258     -3.835498690661     -5.754225799843     -2.101810228825
  258      3.834828484025     -5.751379863289     -2.123101300387
  258     -3.851954870672      5.758186231391     -2.094748490600
  258     -7.669002089458      1.921216262743     -2.108689625309
  258     -7.663981095730     -1.921020667008     -2.104942653524
  258     -7.663523964396      5.762811758231     -2.125770003922
  258     -7.663995834866     -5.752475044218     -2.113493147716
    8      1.914770615656      1.918081569167     -3.576312959911
    8     -1.917791320282     -1.916679762125     -3.578067745427
    8      1.915007522125     -1.917933867356     -3.579299954573
    8     -1.916961171738      1.917291299649     -3.574390088309
    8      1.919271896112      5.753214278497     -3.579660159268
    8     -1.917884326110     -5.752200734822     -3.571601820131
    8      1.917368123711     -5.753155165554     -3.574481796386
    8     -1.912266758366      5.754489325187     -3.579970762791
    8      5.751933844270      1.917649260202     -3.573145872314
    8     -5.760267084301     -1.920842958709     -3.562079729903
    8      5.752724091535     -1.919065876414     -3.577692663988
    8     -5.755890830110      1.916928228666     -3.574843365239
    8      5.752159825264      5.753066703209     -3.576774634822
    8     -5.752713359687     -5.753329296091     -3.558101857844
    8      5.752623656473     -5.754405660833     -3.574407748426
    8     -5.751922163565      5.758321860308     -3.569674057217
    8      0.000000000000      0.000000000000     -3.390356274875
    8      0.000000000000      3.835750260159     -3.390356274875
    8      0.000000000000     -3.835750260159     -3.390356274875
    8      0.000000000000      7.671500520300     -3.390356274875
    8      3.835750260161      0.000000000000     -3.390356274875
    8     -3.835750260161      0.000000000000     -3.390356274875
    8      3.835750260161      3.835750260159     -3.390356274875
    8     -3.835750260161     -3.835750260159     -3.390356274875
    8      3.835750260161     -3.835750260159     -3.390356274875
    8     -3.835750260161      3.835750260159     -3.390356274875
    8      3.835750260161      7.671500520300     -3.390356274875
    8     -3.835750260161      7.671500520300     -3.390356274875
    8      7.671500520300      0.000000000000     -3.390356274875
    8      7.671500520300      3.835750260159     -3.390356274875
    8      7.671500520300     -3.835750260159     -3.390356274875
    8      7.671500520300      7.671500520300     -3.390356274875
  258      1.917875130081      0.000000000000     -4.746498784825
  258     -1.917875130081      0.000000000000     -4.746498784825
  258      1.917875130081      3.835750260159     -4.746498784825
  258     -1.917875130081     -3.835750260159     -4.746498784825
  258      1.917875130081     -3.835750260159     -4.746498784825
  258     -1.917875130081      3.835750260159     -4.746498784825
  258      1.917875130081      7.671500520300     -4.746498784825
  258     -1.917875130081      7.671500520300     -4.746498784825
  258      5.753625390240      0.000000000000     -4.746498784825
  258     -5.753625390240      0.000000000000     -4.746498784825
  258      5.753625390240      3.835750260159     -4.746498784825
  258     -5.753625390240     -3.835750260159     -4.746498784825
  258      5.753625390240     -3.835750260159     -4.746498784825
  258     -5.753625390240      3.835750260159     -4.746498784825
  258      5.753625390240      7.671500520300     -4.746498784825
  258     -5.753625390240      7.671500520300     -4.746498784825
    8      0.000000000000      0.000000000000     -6.100000000000
    8      0.000000000000      3.835750260159     -6.100000000000
    8      0.000000000000     -3.835750260159     -6.100000000000
    8      0.000000000000      7.671500520300     -6.100000000000
    8      3.835750260161      0.000000000000     -6.100000000000
    8     -3.835750260161      0.000000000000     -6.100000000000
    8      3.835750260161      3.835750260159     -6.100000000000
    8     -3.835750260161     -3.835750260159     -6.100000000000
    8      3.835750260161     -3.835750260159     -6.100000000000
    8     -3.835750260161      3.835750260159     -6.100000000000
    8      3.835750260161      7.671500520300     -6.100000000000
    8     -3.835750260161      7.671500520300     -6.100000000000
    8      7.671500520300      0.000000000000     -6.100000000000
    8      7.671500520300      3.835750260159     -6.100000000000
    8      7.671500520300     -3.835750260159     -6.100000000000
    8      7.671500520300      7.671500520300     -6.100000000000
   14     -5.702102509200     -4.548375455767      5.634035184857
    8     -7.093211912165     -3.660787595422      5.303292277771
    8     -5.633856383698     -5.023003384900      7.172791182636
    8     -4.292583239467     -3.709886129288      5.236395309802
    6      7.259729606944     -3.359755637197      6.352062548779
    6     -3.289531420891     -3.390803051665      6.267971133016
    6     -5.873630935739     -4.607580558664      8.521146012299
    6      7.546690203472     -2.006206677453      6.974175809979
    6     -3.728072882877     -2.176046116430      7.057695434759
    6     -6.784335745029     -5.625505994971      9.196233146358
    1      6.887576531779     -1.844941468182      7.832484351352
    1     -2.926563959811     -1.861455482863      7.732717105767
    1     -6.943474994955     -5.352023472825     10.254346681230
    1     -6.758805617873     -1.930022367259      7.310579690327
    1      7.360383906974     -1.209608633350      6.252966759154
    1      7.290224724907     -4.172431619098      7.084367275178
    1      6.294572633778     -3.383432179619      5.845683071348
    1     -7.763627822398     -5.665971026598      8.700128742325
    1     -6.340831041339     -6.622114511580      9.158011017856
    1     -4.902409114345     -4.545944564614      9.036867348100
    1     -6.324673167835     -3.608723556529      8.539595419469
    1     -3.155013884392     -4.280720378227      6.889519015104
    1     -2.365371561218     -3.208603064884      5.719342190397
    1     -4.613929222867     -2.390194052205      7.656502283691
    1     -3.966895102516     -1.347863118712      6.388678945711
    8      7.268953733227     -7.560268148972      4.647620180298
    6      7.098525106261     -7.396827753487      6.050801600592
    6     -7.596942186698      6.804383497513      6.817609273422
    1      7.262446552724      5.858482068015      6.551243719724
    1      6.020629116016     -7.324125693055      6.273071331715
    1      7.553490102839     -6.437567674058      6.352372964189
    1     -6.535673968550      6.730914928933      6.565897732157
    1      7.638596593271      6.955310440526      7.899096187671
    0    0
