   2   1   1 E -4.0951896630861E+04 DE 6.1E-08( 11)
  0.153430010406E+02  0.000000000000E+00  0.000000000000E+00
  0.000000000000E+00  0.153430010406E+02  0.000000000000E+00
  0.000000000000E+00  0.000000000000E+00  0.500000000000E+03
    1
  0.100000000000E+01  0.000000000000E+00  0.000000000000E+00
  0.000000000000E+00  0.100000000000E+01  0.000000000000E+00
  0.000000000000E+00  0.000000000000E+00  0.100000000000E+01
  0.000000000000E+00  0.000000000000E+00  0.000000000000E+00
  225
    8      1.648287730873      2.258140681055      4.308620940980
    8     -1.700854933656     -1.425036106372      4.284817972303
    8      2.131796111595     -1.488906183956      4.277938878853
    8     -2.200804360445      2.266632069272      4.299457718688
    8      2.066120783245      6.003767008565      4.321434914877
    8     -1.912628232873     -5.490588243951      4.336285801180
    8      1.836538540329     -5.352914070813      4.301746508366
    8     -1.726064709358      6.034868510231      4.319668352425
    8      5.486913963747      1.945228205361      4.354122090542
    8     -5.511600400647     -1.171743073679      4.218424127984
    8      5.943927233610     -1.483867358035      4.275108218063
    8     -6.009318809293      2.223866629646      4.325674400861
    8      5.878898542110      5.311721789637      4.286648430876
    8     -5.711426431619     -5.709399900296      4.578827682164
    8      5.594378478951     -5.195117727237      4.271178689810
    8     -5.547928230124      5.724391721303      4.359244023939
  258     -0.074199299915      1.931568548739      3.313274128623
  258      0.048636819099     -1.869476961870      3.289711249111
  258      0.037389882332      5.745320103665      3.328212679275
  258      0.048665352894     -5.730714871622      3.283406013880
  258      3.780455175871      1.916553714665      3.324526929124
  258     -3.799400991729     -1.845158241045      3.319526697962
  258      3.873032593073     -1.875108957087      3.299371094742
  258     -3.941791884145      1.908043722422      3.339157975086
  258      3.849565566219      5.728029228461      3.304295710329
  258     -3.662159671504     -5.708240991666      3.255028717904
  258      3.775384827517     -5.697486079132      3.276224297848
  258     -3.798130478509      5.734960757635      3.335242471968
  258      7.604042104152      1.959949440692      3.324344028832
  258     -7.635991297829     -1.865073362527      3.312973923316
  258     -7.672465572670      5.831849372252      3.412769623924
  258      7.482200236793     -5.764116747644      3.303065634958
    8      1.919168161449      1.886103396120      1.766399971519
    8     -1.888255590961     -1.934340164395      1.771839034296
    8      1.906857257181     -1.931231180022      1.758882841783
    8     -1.895232593824      1.892450532591      1.769085227921
    8      1.921108387572      5.719816465405      1.761681822277
    8     -1.876602787696     -5.760589875891      1.774544195458
    8      1.924471108246     -5.762732643945      1.766840016851
    8     -1.914335775729      5.727522787688      1.757227718794
    8      5.750961066053      1.933579008953      1.777175152482
    8     -5.766548522926     -1.969056889345      1.798957022607
    8      5.758502058679     -1.929612747357      1.770916293286
    8     -5.761288155384      1.901567777998      1.784310521110
    8      5.703083780629      5.798332576956      1.767956960044
    8     -5.711707669696     -5.740974345453      1.896730099951
    8      5.713645727321     -5.780200362954      1.789471076023
    8     -5.718566001133      5.788727492659      1.779764187320
    8      0.012956159700     -0.005665972088      2.150582354698
    8     -0.017393690445      3.825014507772      2.176414402701
    8      0.014194162962     -3.830549135010      2.184098218000
    8      0.022547504709      7.663646514618      2.189443128775
    8      3.833605201252     -0.003222191632      2.145617691053
    8     -3.823879684571      0.006224637660      2.099643155978
    8      3.811091936876      3.818273738418      2.169842232161
    8     -3.793217777893     -3.823039340508      2.169983432698
    8      3.803216592575     -3.816509761123      2.143036194208
    8     -3.854086960783      3.818629065410      2.182045803818
    8      3.816309842383     -7.659458129964      2.240228856713
    8     -3.768115028882     -7.656670912309      2.212366524272
    8      7.661303099339      0.016557686245      2.146839578180
    8      7.669296788382      3.859828805837      2.158686066536
    8      7.657426574238     -3.845655630401      2.166128234050
    8      7.649029884659     -7.637342069532      2.052294561943
  258      1.916277853911      0.002669899367      0.582941515427
  258     -1.922072666036     -0.000013840733      0.583807901674
  258      1.913567624195      3.814560992288      0.595706584799
  258     -1.907513080902     -3.813893725127      0.571226839852
  258      1.922311282160     -3.828605978220      0.574118320428
  258     -1.927644038580      3.815044145390      0.601103015071
  258      1.927207500108      7.646401246911      0.596252408966
  258     -1.899752739002      7.645306961480      0.592080420215
  258      5.756542190322      0.013718093696      0.594607559486
  258     -5.755536309049     -0.003337463177      0.596105167247
  258      5.759821070390      3.858305149276      0.613033865944
  258     -5.759061218163     -3.850390992171      0.623265933007
  258      5.749515161218     -3.825296213977      0.593899321847
  258     -5.770551109690      3.857012915435      0.619476672702
  258      5.771202029820      7.664712838097      0.558075376209
  258     -5.755561540722     -7.654416576396      0.639738647886
    8     -0.001453814989     -0.003098400574     -0.675493457856
    8     -0.004885081436      3.828757597508     -0.657219823329
    8      0.002094303257     -3.826666988920     -0.662643311816
    8      0.004502887006      7.659659960943     -0.650867660231
    8      3.844046948531     -0.000568329666     -0.668879407825
    8     -3.849477438429     -0.006515401236     -0.679951757916
    8      3.833186174453      3.837887570345     -0.657589251064
    8     -3.828857769980     -3.845469251207     -0.653046431086
    8      3.836006447124     -3.832740832147     -0.665213410067
    8     -3.845479193460      3.839545417434     -0.651609682982
    8      3.822878457723      7.665482438179     -0.647589042761
    8     -3.828857536969     -7.669055661881     -0.637970269681
    8     -7.669648736512     -0.001723113935     -0.661076342535
    8      7.670057335719      3.837861180545     -0.656934908816
    8      7.674123856451     -3.841069493469     -0.650672296195
    8     -7.673164465869     -7.667340231673     -0.687609156884
    8      1.915818087241      1.913234085520     -0.864877711777
    8     -1.925135796689     -1.919267916156     -0.857650041329
    8      1.921012725542     -1.918105446891     -0.874432789869
    8     -1.929243501264      1.916698992067     -0.861410463487
    8      1.917880801521      5.744893194381     -0.873431794455
    8     -1.910261910402     -5.757863941198     -0.865611604275
    8      1.917447938058     -5.750565950427     -0.867620329415
    8     -1.914557203747      5.755448798563     -0.870625789339
    8      5.759249850321      1.918238802205     -0.854956049072
    8     -5.758637508347     -1.925975840324     -0.845256661689
    8      5.755892826327     -1.923092608705     -0.865204011255
    8     -5.757731568643      1.919054634329     -0.853722650604
    8      5.752071587883      5.751537344647     -0.860269583639
    8     -5.753370987189     -5.750937386690     -0.819006958148
    8      5.753421016600     -5.746191130595     -0.863657421357
    8     -5.752237710754      5.762234332312     -0.849928489245
  258     -0.002245693355      1.919404026274     -2.121519710252
  258      0.003640507078     -1.913483973031     -2.124109221069
  258     -0.003510457011      5.746141037685     -2.119222501207
  258      0.001528092225     -5.758646032495     -2.121054975749
  258      3.843355450605      1.924430926522     -2.110469850782
  258     -3.835867403831     -1.913198261877     -2.127423030127
  258      3.841939536230     -1.911426517515     -2.122443871576
  258     -3.843257988783      1.927058585189     -2.108734860261
  258      3.836530495295      5.746032209228     -2.116588740363
  258     -3.834608373315     -5.754015633972     -2.101989910095
  258      3.834757204611     -5.752186713825     -2.121622107721
  258     -3.849345885594      5.757231345865     -2.096889798225
  258     -7.670127498302      1.921470260027     -2.108303086935
  258     -7.664392952405     -1.919604179028     -2.105376704131
  258     -7.664569583511      5.761495787555     -2.121512112075
  258     -7.665156501298     -5.754559775606     -2.111292240739
    8      1.915168454287      1.918112748170     -3.576435600332
    8     -1.917124489036     -1.916873227427     -3.578919641044
    8      1.915685688184     -1.918027807861     -3.579297059544
    8     -1.916520977298      1.917293453808     -3.575430628485
    8      1.918902669803      5.753357168707     -3.578637230400
    8     -1.917974457211     -5.752549554861     -3.571439268348
    8      1.917375580920     -5.753336040995     -3.574765072607
    8     -1.913895071434      5.753997069402     -3.578605026909
    8      5.751895337961      1.917844718217     -3.572446705897
    8     -5.758295105505     -1.920303940581     -3.565121879290
    8      5.753129793161     -1.918788139084     -3.577092215073
    8     -5.755527917396      1.917428459480     -3.574153994774
    8      5.751514662482      5.753174119804     -3.576321782483
    8     -5.752323775557     -5.753761342086     -3.556427075463
    8      5.752776809185     -5.754547093195     -3.573692711619
    8     -5.751347158377      5.757734226669     -3.569631073895
    8      0.000000000000      0.000000000000     -3.390356274875
    8      0.000000000000      3.835750260159     -3.390356274875
    8      0.000000000000     -3.835750260159     -3.390356274875
    8      0.000000000000      7.671500520300     -3.390356274875
    8      3.835750260161      0.000000000000     -3.390356274875
    8     -3.835750260161      0.000000000000     -3.390356274875
    8      3.835750260161      3.835750260159     -3.390356274875
    8     -3.835750260161     -3.835750260159     -3.390356274875
    8      3.835750260161     -3.835750260159     -3.390356274875
    8     -3.835750260161      3.835750260159     -3.390356274875
    8      3.835750260161      7.671500520300     -3.390356274875
    8     -3.835750260161      7.671500520300     -3.390356274875
    8      7.671500520300      0.000000000000     -3.390356274875
    8      7.671500520300      3.835750260159     -3.390356274875
    8      7.671500520300     -3.835750260159     -3.390356274875
    8      7.671500520300      7.671500520300     -3.390356274875
  258      1.917875130081      0.000000000000     -4.746498784825
  258     -1.917875130081      0.000000000000     -4.746498784825
  258      1.917875130081      3.835750260159     -4.746498784825
  258     -1.917875130081     -3.835750260159     -4.746498784825
  258      1.917875130081     -3.835750260159     -4.746498784825
  258     -1.917875130081      3.835750260159     -4.746498784825
  258      1.917875130081      7.671500520300     -4.746498784825
  258     -1.917875130081      7.671500520300     -4.746498784825
  258      5.753625390240      0.000000000000     -4.746498784825
  258     -5.753625390240      0.000000000000     -4.746498784825
  258      5.753625390240      3.835750260159     -4.746498784825
  258     -5.753625390240     -3.835750260159     -4.746498784825
  258      5.753625390240     -3.835750260159     -4.746498784825
  258     -5.753625390240      3.835750260159     -4.746498784825
  258      5.753625390240      7.671500520300     -4.746498784825
  258     -5.753625390240      7.671500520300     -4.746498784825
    8      0.000000000000      0.000000000000     -6.100000000000
    8      0.000000000000      3.835750260159     -6.100000000000
    8      0.000000000000     -3.835750260159     -6.100000000000
    8      0.000000000000      7.671500520300     -6.100000000000
    8      3.835750260161      0.000000000000     -6.100000000000
    8     -3.835750260161      0.000000000000     -6.100000000000
    8      3.835750260161      3.835750260159     -6.100000000000
    8     -3.835750260161     -3.835750260159     -6.100000000000
    8      3.835750260161     -3.835750260159     -6.100000000000
    8     -3.835750260161      3.835750260159     -6.100000000000
    8      3.835750260161      7.671500520300     -6.100000000000
    8     -3.835750260161      7.671500520300     -6.100000000000
    8      7.671500520300      0.000000000000     -6.100000000000
    8      7.671500520300      3.835750260159     -6.100000000000
    8      7.671500520300     -3.835750260159     -6.100000000000
    8      7.671500520300      7.671500520300     -6.100000000000
   14     -5.693496858203     -4.537525940228      5.645126052265
    8     -7.087112006536     -3.652973830356      5.317502177456
    8     -5.613576777547     -5.000430167616      7.186315385359
    8     -4.282831891953     -3.699929875796      5.243087884470
    6      7.275883151064     -3.345260650134      6.373363093745
    6     -3.284103894069     -3.376541218174      6.278232706374
    6     -5.891471133562     -4.604114094003      8.532311037604
    6      7.575063114937     -1.991696495727      6.990103786327
    6     -3.732361977712     -2.164824516375      7.068548540947
    6     -6.789549433916     -5.647470846900      9.183679572478
    1      6.917429351682     -1.821116662843      7.848196557329
    1     -2.935322432048     -1.847159900710      7.748642653271
    1     -6.978677099208     -5.382402128237     10.238437922706
    1     -6.729124670126     -1.923049620394      7.325448359546
    1      7.394949069543     -1.196410672288      6.265177329331
    1      7.307939183005     -4.156983933727      7.107245556844
    1      6.306180681088     -3.364458717489      5.875549390394
    1     -7.754988270371     -5.712107085057      8.665648231124
    1     -6.318486865871     -6.631550356494      9.150972728134
    1     -4.932377253733     -4.522400085013      9.066833522723
    1     -6.366506667375     -3.616250210814      8.549671459557
    1     -3.146429335659     -4.266045416162      6.900435622375
    1     -2.358761802403     -3.186311385539      5.734224145967
    1     -4.621233046385     -2.385887251404      7.662415716096
    1     -3.972590375392     -1.336295604303      6.398631031718
    8      7.281947530780     -7.553868728718      4.660658817975
    6      7.105149445111     -7.388526221930      6.060991915814
    6     -7.594999532741      6.812800947374      6.832980958392
    1      7.265520013936      5.866521814766      6.564401822261
    1      6.026150051504     -7.315063274183      6.279586859545
    1      7.559142160874     -6.428608274574      6.364551578675
    1     -6.532132991167      6.738475525536      6.587849328651
    1      7.633550023564      6.963946938390      7.914031916408
    0    0
