   2   1   1 E -4.0951900071158E+04 DE 3.7E-08( 17)
  0.153430010406E+02  0.000000000000E+00  0.000000000000E+00
  0.000000000000E+00  0.153430010406E+02  0.000000000000E+00
  0.000000000000E+00  0.000000000000E+00  0.500000000000E+03
    1
  0.100000000000E+01  0.000000000000E+00  0.000000000000E+00
  0.000000000000E+00  0.100000000000E+01  0.000000000000E+00
  0.000000000000E+00  0.000000000000E+00  0.100000000000E+01
  0.000000000000E+00  0.000000000000E+00  0.000000000000E+00
  225
    8      1.624062297741      2.244194711657      4.293945740294
    8     -1.682423630986     -1.407622402655      4.276559857600
    8      2.145359035304     -1.479787616112      4.254571636376
    8     -2.229305250614      2.303279101901      4.280369175617
    8      2.103643896516      5.965483392000      4.309071480064
    8     -1.908672429059     -5.497082669632      4.332542506738
    8      1.835129885247     -5.359553498169      4.289438512325
    8     -1.697269153135      6.037495984231      4.307993604622
    8      5.458576453765      1.878943061089      4.330955527644
    8     -5.479539925898     -1.125713580539      4.195320520523
    8      5.948715080776     -1.479036379155      4.244680509339
    8     -6.048228096200      2.249080239740      4.286548692608
    8      5.928828419525      5.204658789132      4.245628406556
    8     -5.714029764644     -5.753293385443      4.563285881319
    8      5.597816555696     -5.192128237217      4.250858404548
    8     -5.522266600572      5.720810929343      4.347688614612
  258     -0.070298866628      1.921984136005      3.281591686665
  258      0.045199397656     -1.870088903300      3.273220740526
  258      0.047488469382      5.730654869260      3.311751691784
  258      0.052265063596     -5.736500250047      3.273616996043
  258      3.776476093343      1.891121078008      3.287942338329
  258     -3.783849637594     -1.824170576081      3.291473748410
  258      3.872399784387     -1.882875340779      3.274265542958
  258     -3.931560794791      1.916792803861      3.302609274741
  258      3.858157353228      5.702692301124      3.277847294350
  258     -3.655355646988     -5.691076149799      3.248673716356
  258      3.777115667200     -5.708020887012      3.257686219486
  258     -3.791447037438      5.737235318863      3.323485577753
  258      7.592549039370      1.949686146599      3.285618848082
  258     -7.639887715473     -1.867056957987      3.281855607465
  258     -7.667497614387      5.807576348175      3.379075119861
  258      7.478801561674     -5.773480996746      3.287385025369
    8      1.931060712811      1.896689794762      1.761849687836
    8     -1.895157540963     -1.935508571831      1.767321667702
    8      1.909992526218     -1.928301604723      1.748205744615
    8     -1.914793451239      1.887381534131      1.765866884106
    8      1.927948367614      5.726996003921      1.745540364809
    8     -1.870299308739     -5.754626224366      1.768703636985
    8      1.929874212361     -5.760101724699      1.756697260585
    8     -1.919252890563      5.730341096097      1.743267875475
    8      5.741073026146      1.949565758884      1.768196981347
    8     -5.767631190257     -1.977865648557      1.794071787596
    8      5.757071922914     -1.920750413425      1.755890067203
    8     -5.750224292248      1.897041081358      1.767859968094
    8      5.690355380784      5.811843635571      1.749486626288
    8     -5.723962294059     -5.743839025487      1.882650675594
    8      5.706125842695     -5.780065109168      1.774077593872
    8     -5.721245703232      5.791373778881      1.764699011061
    8     -0.001212279401     -0.018067183801      2.119669788858
    8     -0.014574770969      3.813661781581      2.148578233716
    8      0.013947826618     -3.835976385478      2.172905682955
    8      0.032175048330      7.655034407018      2.181302398001
    8      3.819082590596     -0.022816537188      2.103747585430
    8     -3.793260169896      0.015086594692      2.062044559967
    8      3.807411997063      3.796541109486      2.137646439127
    8     -3.764950539222     -3.805207325847      2.148869812971
    8      3.814112549139     -3.829521503345      2.127262819883
    8     -3.854665312234      3.833667918879      2.151287405611
    8      3.806411199334     -7.677140217535      2.232978743444
    8     -3.776757014809     -7.643926054557      2.205072225455
    8      7.655630216332      0.005950151214      2.101339545733
    8      7.650739949149      3.850250058715      2.096578532892
    8      7.660286284508     -3.861786712699      2.141419508126
    8      7.644255899198     -7.637944288771      2.026745351870
  258      1.918642536332      0.006300485158      0.570911656961
  258     -1.927546901933     -0.004461231749      0.567104741588
  258      1.918061730037      3.822121970957      0.577449627064
  258     -1.910661254967     -3.814786586590      0.559338408832
  258      1.922123021915     -3.828629952050      0.562975175636
  258     -1.931793253824      3.813410866373      0.589310912506
  258      1.928376483615      7.653301661336      0.583530899123
  258     -1.900712627023      7.650739082062      0.582688839902
  258      5.755838049586      0.020287207256      0.582384635612
  258     -5.755370279987     -0.006737060961      0.580847979594
  258      5.759255236322      3.870152063827      0.590806433817
  258     -5.760764148136     -3.850805254442      0.608008967668
  258      5.748956852420     -3.821527043613      0.586029087495
  258     -5.778004936182      3.856373313379      0.603231350425
  258      5.776850814478      7.673856275057      0.533501443710
  258     -5.755318941297     -7.652835264662      0.629376835629
    8     -0.003000188480     -0.002294338925     -0.689194410152
    8     -0.005080177251      3.828896010774     -0.667449988012
    8     -0.000840483792     -3.822878039735     -0.671276916541
    8      0.004279362455      7.666263365189     -0.658493946482
    8      3.845625572105      0.001276782674     -0.682440576222
    8     -3.855408322852     -0.009050846336     -0.695584260852
    8      3.830116792242      3.847629633820     -0.678736671189
    8     -3.826757730386     -3.851546299049     -0.667368290010
    8      3.837435069308     -3.832323225139     -0.675500601052
    8     -3.844562343685      3.841355218943     -0.668945764569
    8      3.819101396555      7.682200306676     -0.657472735297
    8     -3.828449540628     -7.659544329111     -0.648284732527
    8     -7.669482166025      0.000377507870     -0.672550341020
    8      7.665883765204      3.848236102364     -0.682062058677
    8      7.675113732857     -3.834072527144     -0.667509422939
    8     -7.673312619392     -7.671639108688     -0.701401449601
    8      1.916697754007      1.913955196049     -0.866786436989
    8     -1.930194465959     -1.915546655869     -0.855148967359
    8      1.920852227178     -1.916724387807     -0.879911694540
    8     -1.929936503589      1.916191329735     -0.860961315787
    8      1.919758421907      5.748708980259     -0.881700565447
    8     -1.908511015802     -5.761172241424     -0.870446414898
    8      1.916861108770     -5.749397871329     -0.872631286653
    8     -1.913773483108      5.758299030691     -0.879337075926
    8      5.761513533775      1.923356978112     -0.858661397062
    8     -5.761658233917     -1.928976490318     -0.845419376596
    8      5.755282869219     -1.920325289576     -0.873248516294
    8     -5.754818523277      1.919471856583     -0.858529570933
    8      5.747688237034      5.751510221817     -0.869332796348
    8     -5.754806785177     -5.755953498508     -0.828288212306
    8      5.756825220491     -5.745257828026     -0.874110703835
    8     -5.750822664057      5.766546238372     -0.855601362699
  258      0.000106639547      1.920836338835     -2.125707945754
  258      0.007035975260     -1.913637866465     -2.127504843466
  258     -0.005574840761      5.747498829759     -2.123734684869
  258      0.001668260558     -5.760002293856     -2.126009922457
  258      3.846006204126      1.927282862965     -2.112593648195
  258     -3.833555671013     -1.911150025149     -2.137531637640
  258      3.844704045413     -1.909558250031     -2.125751633614
  258     -3.841729570855      1.931915597527     -2.109739130486
  258      3.835793085904      5.747288116948     -2.121973064434
  258     -3.834727184418     -5.756070571326     -2.104831695144
  258      3.835018557615     -5.750979110009     -2.125802714403
  258     -3.850718135719      5.759448172584     -2.095459722132
  258     -7.667013737939      1.922792106033     -2.112638634592
  258     -7.664388898781     -1.919268069866     -2.108935166850
  258     -7.661581176565      5.763430801251     -2.129472877183
  258     -7.663430863261     -5.749996297563     -2.117208712051
    8      1.914752640489      1.918163465689     -3.578156121959
    8     -1.917422989663     -1.916811345107     -3.578696648548
    8      1.914762076363     -1.917931561482     -3.581528878919
    8     -1.916411506662      1.917163893408     -3.574082049591
    8      1.919919114125      5.752988132892     -3.582110036694
    8     -1.917404896350     -5.751687189085     -3.572774785905
    8      1.917802696534     -5.753116993633     -3.575407864962
    8     -1.911420880212      5.754586375874     -3.583098489493
    8      5.751968440600      1.917857439784     -3.575805262905
    8     -5.761230021238     -1.920321850123     -3.560646578682
    8      5.752892855934     -1.919009600862     -3.580336236766
    8     -5.755744092573      1.916527946856     -3.577633887082
    8      5.751953909154      5.753765183552     -3.580841084045
    8     -5.752640942444     -5.752574077358     -3.562099604685
    8      5.752261507185     -5.753509482627     -3.577224653626
    8     -5.751993107451      5.757886688873     -3.573391506262
    8      0.000000000000      0.000000000000     -3.390356274875
    8      0.000000000000      3.835750260159     -3.390356274875
    8      0.000000000000     -3.835750260159     -3.390356274875
    8      0.000000000000      7.671500520300     -3.390356274875
    8      3.835750260161      0.000000000000     -3.390356274875
    8     -3.835750260161      0.000000000000     -3.390356274875
    8      3.835750260161      3.835750260159     -3.390356274875
    8     -3.835750260161     -3.835750260159     -3.390356274875
    8      3.835750260161     -3.835750260159     -3.390356274875
    8     -3.835750260161      3.835750260159     -3.390356274875
    8      3.835750260161      7.671500520300     -3.390356274875
    8     -3.835750260161      7.671500520300     -3.390356274875
    8      7.671500520300      0.000000000000     -3.390356274875
    8      7.671500520300      3.835750260159     -3.390356274875
    8      7.671500520300     -3.835750260159     -3.390356274875
    8      7.671500520300      7.671500520300     -3.390356274875
  258      1.917875130081      0.000000000000     -4.746498784825
  258     -1.917875130081      0.000000000000     -4.746498784825
  258      1.917875130081      3.835750260159     -4.746498784825
  258     -1.917875130081     -3.835750260159     -4.746498784825
  258      1.917875130081     -3.835750260159     -4.746498784825
  258     -1.917875130081      3.835750260159     -4.746498784825
  258      1.917875130081      7.671500520300     -4.746498784825
  258     -1.917875130081      7.671500520300     -4.746498784825
  258      5.753625390240      0.000000000000     -4.746498784825
  258     -5.753625390240      0.000000000000     -4.746498784825
  258      5.753625390240      3.835750260159     -4.746498784825
  258     -5.753625390240     -3.835750260159     -4.746498784825
  258      5.753625390240     -3.835750260159     -4.746498784825
  258     -5.753625390240      3.835750260159     -4.746498784825
  258      5.753625390240      7.671500520300     -4.746498784825
  258     -5.753625390240      7.671500520300     -4.746498784825
    8      0.000000000000      0.000000000000     -6.100000000000
    8      0.000000000000      3.835750260159     -6.100000000000
    8      0.000000000000     -3.835750260159     -6.100000000000
    8      0.000000000000      7.671500520300     -6.100000000000
    8      3.835750260161      0.000000000000     -6.100000000000
    8     -3.835750260161      0.000000000000     -6.100000000000
    8      3.835750260161      3.835750260159     -6.100000000000
    8     -3.835750260161     -3.835750260159     -6.100000000000
    8      3.835750260161     -3.835750260159     -6.100000000000
    8     -3.835750260161      3.835750260159     -6.100000000000
    8      3.835750260161      7.671500520300     -6.100000000000
    8     -3.835750260161      7.671500520300     -6.100000000000
    8      7.671500520300      0.000000000000     -6.100000000000
    8      7.671500520300      3.835750260159     -6.100000000000
    8      7.671500520300     -3.835750260159     -6.100000000000
    8      7.671500520300      7.671500520300     -6.100000000000
   14     -5.715586171759     -4.562308865675      5.610221995148
    8     -7.118856446632     -3.699041941212      5.260758841089
    8     -5.615508859953     -4.998164372348      7.156585896352
    8     -4.325802257122     -3.698870641628      5.190678018414
    6      7.251935887919     -3.355448958557      6.315398133909
    6     -3.310468089232     -3.363908755520      6.209530359922
    6     -5.923909966737     -4.640566725168      8.504397783390
    6      7.595854145459     -2.010180170442      6.927527844112
    6     -3.765858337612     -2.167920849255      7.019427638529
    6     -6.838773625750     -5.700696107024      9.105177874813
    1      6.921830801823     -1.801632103522      7.766106409779
    1     -2.945307438723     -1.817494420112      7.655731766019
    1     -7.055848128931     -5.461408523972     10.160243653819
    1     -6.714237278918     -1.986419055107      7.291615727440
    1      7.472143464701     -1.210608676838      6.191659758349
    1      7.253164931101     -4.167350035195      7.049814577502
    1      6.283334317615     -3.345268510732      5.814688153892
    1     -7.789949286930     -5.754023982925      8.559925835902
    1     -6.367760652215     -6.683432090562      9.063667770967
    1     -4.977716169320     -4.579324809578      9.063848713643
    1     -6.393052699346     -3.650824279294      8.534886812635
    1     -3.142686394331     -4.256955085542      6.817527904201
    1     -2.398457088726     -3.150558578080      5.650145442243
    1     -4.613649013569     -2.421104359618      7.663101380399
    1     -4.073862077549     -1.350400576004      6.359785567678
    8      7.214675498000     -7.579993887298      4.614215753752
    6      7.061513437471     -7.415229663832      6.018203808985
    6     -7.618709005910      6.790972697790      6.780677032276
    1      7.256294830222      5.839377183450      6.504988909082
    1      5.985689063059     -7.343411654346      6.253730096597
    1      7.515350180392     -6.452320210881      6.312577621212
    1     -6.554449327232      6.736655286168      6.533151529290
    1      7.610370602110      6.931210843847      7.862482314106
    0    0
