   2   1   1 E -4.0951895701366E+04 DE-1.1E-07(  9)
  0.153430010406E+02  0.000000000000E+00  0.000000000000E+00
  0.000000000000E+00  0.153430010406E+02  0.000000000000E+00
  0.000000000000E+00  0.000000000000E+00  0.500000000000E+03
    1
  0.100000000000E+01  0.000000000000E+00  0.000000000000E+00
  0.000000000000E+00  0.100000000000E+01  0.000000000000E+00
  0.000000000000E+00  0.000000000000E+00  0.100000000000E+01
  0.000000000000E+00  0.000000000000E+00  0.000000000000E+00
  225
    8      1.658414118526      2.258574650197      4.309960314783
    8     -1.703214300495     -1.426221728725      4.287220981339
    8      2.129572020298     -1.491467448258      4.282977301079
    8     -2.194594559743      2.265654447648      4.305748458315
    8      2.057813705320      6.009909880428      4.326075916971
    8     -1.906873114399     -5.488632860444      4.338641664448
    8      1.840481089705     -5.349798151204      4.305136819699
    8     -1.731976713741      6.033171114245      4.322141752279
    8      5.499675852635      1.949873670214      4.354875474263
    8     -5.507459040197     -1.171829681670      4.220673980787
    8      5.941595706348     -1.481397492147      4.283283089843
    8     -6.002058874763      2.220886601454      4.329774917077
    8      5.862167927487      5.331837972960      4.294093131692
    8     -5.711941414130     -5.701979538524      4.586959452172
    8      5.592401051792     -5.197364392953      4.277018853430
    8     -5.554832024183      5.722926788984      4.361381865108
  258     -0.080759885586      1.930452709524      3.324713242975
  258      0.053013669262     -1.869004839917      3.294640156029
  258      0.037173657483      5.749434448182      3.336724821521
  258      0.047633233416     -5.732474026749      3.287666794311
  258      3.773096176120      1.916511748529      3.331529719696
  258     -3.797722749202     -1.844456829656      3.330724526849
  258      3.878406837737     -1.877560787300      3.304941355885
  258     -3.943451048953      1.911816945341      3.344657510001
  258      3.850210161160      5.726896082367      3.317109627620
  258     -3.663255295476     -5.708099923844      3.255538951545
  258      3.773015609277     -5.696804194835      3.283616583462
  258     -3.802254936166      5.738693502578      3.336886193262
  258      7.595792747216      1.961173439235      3.332983119441
  258     -7.633967252564     -1.868643121856      3.317126840837
  258     -7.669889690738      5.832329099635      3.413486540030
  258      7.482715022970     -5.767429797729      3.299775291936
    8      1.918123877642      1.887972340724      1.767199755086
    8     -1.889077548404     -1.931848915783      1.770593510854
    8      1.904129034314     -1.930304397828      1.761481670369
    8     -1.889354902544      1.893542662892      1.768736583511
    8      1.920453417391      5.722778053359      1.762611681562
    8     -1.879220551820     -5.758561691486      1.777034540802
    8      1.924044277144     -5.766655992790      1.769666695809
    8     -1.917985822559      5.725627114018      1.761977235439
    8      5.751854774465      1.933777315943      1.782173863686
    8     -5.769325951077     -1.967438770939      1.803194220424
    8      5.753030555523     -1.932527169501      1.772757646882
    8     -5.761844255425      1.905532717930      1.783178307579
    8      5.702832819276      5.797769977029      1.773587197523
    8     -5.710867709093     -5.740328860297      1.896025872038
    8      5.716478395381     -5.776597277328      1.789117957734
    8     -5.715739673399      5.789109650423      1.789108764137
    8      0.014917130218     -0.002022862797      2.162226385138
    8     -0.012124537419      3.822079955310      2.186106290226
    8      0.014132479235     -3.829636674696      2.188213622565
    8      0.025698380008      7.661806262575      2.192903485986
    8      3.839369034860     -0.004520892744      2.154887701347
    8     -3.819870728337      0.010514964788      2.106884488273
    8      3.809753503396      3.818544863978      2.178276913222
    8     -3.791659590650     -3.822621900869      2.176664050884
    8      3.811005777172     -3.817628832634      2.148485691235
    8     -3.851565430780      3.815476734582      2.187482608276
    8      3.820253300090     -7.662343889957      2.242889010956
    8     -3.770030494841     -7.655549267422      2.218898040391
    8      7.664301314221      0.017338342067      2.153973230763
    8      7.662492729792      3.861378119746      2.169393613700
    8      7.656048575647     -3.840831463360      2.176863461880
    8      7.653764039146     -7.639045996976      2.056395151181
  258      1.917221403522      0.003879078502      0.586109868420
  258     -1.922946262984      0.003522915559      0.590013122787
  258      1.911908935214      3.816546204700      0.599310297516
  258     -1.905951855235     -3.811975836452      0.578456783509
  258      1.921867661880     -3.825323336084      0.576990135145
  258     -1.927770890255      3.818608722877      0.606559762631
  258      1.924026971273      7.647432603505      0.598349631498
  258     -1.903242839581      7.644221605089      0.593857993674
  258      5.757074958308      0.015474051540      0.601905263367
  258     -5.755743955467      0.000994103861      0.604953690968
  258      5.757780739218      3.855539958110      0.620404678170
  258     -5.755102583258     -3.852475220609      0.624913644727
  258      5.751919600461     -3.823806138841      0.588502195958
  258     -5.767368361164      3.856140759297      0.628149004801
  258      5.758716979497      7.660925932665      0.573355739051
  258     -5.759005759352     -7.655657349140      0.635822484354
    8     -0.000700892458     -0.001358250792     -0.666867528623
    8     -0.006240911040      3.828704845763     -0.653908012833
    8      0.003372855613     -3.828235822022     -0.658574492976
    8      0.005661144520      7.661508090456     -0.646418298741
    8      3.842675935592      0.001646641596     -0.661903184421
    8     -3.845350809068     -0.004683146498     -0.672312067774
    8      3.837038208119      3.836889988549     -0.650916315162
    8     -3.831121378474     -3.842559712015     -0.647853256004
    8      3.836452649485     -3.832615671010     -0.662808146885
    8     -3.845063875089      3.840023814639     -0.646629571423
    8      3.825767277910      7.665359575599     -0.648984488926
    8     -3.828221750453     -7.667719692402     -0.635231720650
    8     -7.670797604383     -0.002964868072     -0.656755996712
    8      7.670257767456      3.841749123706     -0.647922810403
    8      7.671395147227     -3.839406175812     -0.646993624627
    8     -7.668523095366     -7.665910144098     -0.684562149398
    8      1.917403034889      1.915391872409     -0.868076871603
    8     -1.920646142214     -1.923170687646     -0.867596070678
    8      1.921766175561     -1.918652345670     -0.873099868763
    8     -1.928103421474      1.915286210522     -0.865821568790
    8      1.916535521765      5.746884937374     -0.870361921260
    8     -1.910210604562     -5.757449279525     -0.863823622935
    8      1.917143500953     -5.752851021398     -0.866491477335
    8     -1.917198216318      5.756225582259     -0.868436890005
    8      5.757383591200      1.918099445752     -0.855839492357
    8     -5.755104549250     -1.925024557850     -0.846744992278
    8      5.756072429358     -1.922503284193     -0.863196156912
    8     -5.759145367655      1.915646002513     -0.854563076787
    8      5.755150931699      5.753742009475     -0.864089935834
    8     -5.753024348663     -5.750937753456     -0.813833084272
    8      5.751118498386     -5.747523422998     -0.861725389779
    8     -5.755179308689      5.760766046457     -0.850032462697
  258     -0.004096462971      1.918572055188     -2.120106576481
  258      0.000578125546     -1.913006410300     -2.126410591805
  258     -0.001452406893      5.746114885213     -2.119055446232
  258      0.001010032571     -5.757494417093     -2.119990911093
  258      3.842188366362      1.921299262736     -2.113078120387
  258     -3.842689881036     -1.916165343151     -2.117106428945
  258      3.840877672113     -1.912549753334     -2.122760974184
  258     -3.845654074299      1.921344992463     -2.111322171030
  258      3.835764401673      5.746358524222     -2.118034681584
  258     -3.833966816713     -5.755200074174     -2.105198298197
  258      3.834688479390     -5.753508903477     -2.121090973572
  258     -3.843985628514      5.753253651508     -2.104953080091
  258     -7.670311180741      1.922069152167     -2.109151678011
  258     -7.667113314953     -1.917767245027     -2.110549600522
  258     -7.664711616750      5.757247579705     -2.113599124249
  258     -7.668213751084     -5.756534242728     -2.111448719475
    8      1.915925030496      1.918079163943     -3.578707093297
    8     -1.915746160281     -1.917833536563     -3.580334890067
    8      1.917201380389     -1.917680270445     -3.581045537710
    8     -1.915662176064      1.917810828939     -3.578455188994
    8      1.918101454594      5.752927464247     -3.579037067548
    8     -1.918558253371     -5.753520774488     -3.572713439111
    8      1.917384614678     -5.753578543825     -3.576711446823
    8     -1.915779918295      5.753688058070     -3.578441899466
    8      5.751943063911      1.918011622295     -3.573673693641
    8     -5.754705362796     -1.919469058702     -3.571530065804
    8      5.753488463651     -1.918302801063     -3.577037089752
    8     -5.754925959720      1.918076537046     -3.575038182951
    8      5.750434795081      5.753600071447     -3.578831177509
    8     -5.751962850834     -5.753628107988     -3.557269706531
    8      5.752739289576     -5.753812711710     -3.574450748897
    8     -5.751622357954      5.755371360726     -3.573239801917
    8      0.000000000000      0.000000000000     -3.390356274875
    8      0.000000000000      3.835750260159     -3.390356274875
    8      0.000000000000     -3.835750260159     -3.390356274875
    8      0.000000000000      7.671500520300     -3.390356274875
    8      3.835750260161      0.000000000000     -3.390356274875
    8     -3.835750260161      0.000000000000     -3.390356274875
    8      3.835750260161      3.835750260159     -3.390356274875
    8     -3.835750260161     -3.835750260159     -3.390356274875
    8      3.835750260161     -3.835750260159     -3.390356274875
    8     -3.835750260161      3.835750260159     -3.390356274875
    8      3.835750260161      7.671500520300     -3.390356274875
    8     -3.835750260161      7.671500520300     -3.390356274875
    8      7.671500520300      0.000000000000     -3.390356274875
    8      7.671500520300      3.835750260159     -3.390356274875
    8      7.671500520300     -3.835750260159     -3.390356274875
    8      7.671500520300      7.671500520300     -3.390356274875
  258      1.917875130081      0.000000000000     -4.746498784825
  258     -1.917875130081      0.000000000000     -4.746498784825
  258      1.917875130081      3.835750260159     -4.746498784825
  258     -1.917875130081     -3.835750260159     -4.746498784825
  258      1.917875130081     -3.835750260159     -4.746498784825
  258     -1.917875130081      3.835750260159     -4.746498784825
  258      1.917875130081      7.671500520300     -4.746498784825
  258     -1.917875130081      7.671500520300     -4.746498784825
  258      5.753625390240      0.000000000000     -4.746498784825
  258     -5.753625390240      0.000000000000     -4.746498784825
  258      5.753625390240      3.835750260159     -4.746498784825
  258     -5.753625390240     -3.835750260159     -4.746498784825
  258      5.753625390240     -3.835750260159     -4.746498784825
  258     -5.753625390240      3.835750260159     -4.746498784825
  258      5.753625390240      7.671500520300     -4.746498784825
  258     -5.753625390240      7.671500520300     -4.746498784825
    8      0.000000000000      0.000000000000     -6.100000000000
    8      0.000000000000      3.835750260159     -6.100000000000
    8      0.000000000000     -3.835750260159     -6.100000000000
    8      0.000000000000      7.671500520300     -6.100000000000
    8      3.835750260161      0.000000000000     -6.100000000000
    8     -3.835750260161      0.000000000000     -6.100000000000
    8      3.835750260161      3.835750260159     -6.100000000000
    8     -3.835750260161     -3.835750260159     -6.100000000000
    8      3.835750260161     -3.835750260159     -6.100000000000
    8     -3.835750260161      3.835750260159     -6.100000000000
    8      3.835750260161      7.671500520300     -6.100000000000
    8     -3.835750260161      7.671500520300     -6.100000000000
    8      7.671500520300      0.000000000000     -6.100000000000
    8      7.671500520300      3.835750260159     -6.100000000000
    8      7.671500520300     -3.835750260159     -6.100000000000
    8      7.671500520300      7.671500520300     -6.100000000000
   14     -5.692859140009     -4.529189337195      5.658874985298
    8     -7.084080798762     -3.639275650905      5.325189320156
    8     -5.609746893720     -4.995759405552      7.199542514184
    8     -4.278864443451     -3.696340503571      5.253768296183
    6      7.278440022944     -3.334565902759      6.383469453824
    6     -3.282317635937     -3.375559407267      6.290634537336
    6     -5.889811167902     -4.600878210700      8.541032886512
    6      7.576870276480     -1.981690633616      7.000641624342
    6     -3.727408798990     -2.159519365062      7.077989657286
    6     -6.783074029915     -5.642796916432      9.195105156064
    1      6.919074118845     -1.812791308056      7.861157303257
    1     -2.933130463555     -1.845532143601      7.764246116620
    1     -6.971792944051     -5.374837882373     10.243726973574
    1     -6.725358948643     -1.910339285738      7.332984138103
    1      7.390633340280     -1.186869560435      6.275262509728
    1      7.310699069095     -4.147799819749      7.117379640715
    1      6.308339160666     -3.357026445002      5.886345173699
    1     -7.745020512573     -5.713550048036      8.675607042407
    1     -6.308511838289     -6.627095189324      9.162766674185
    1     -4.929702091598     -4.516127776608      9.070862854702
    1     -6.364851364155     -3.611221119454      8.556330744679
    1     -3.149818299159     -4.263661096618      6.917794614823
    1     -2.355088931329     -3.187013449999      5.747741372411
    1     -4.625122009630     -2.377058662391      7.665450337359
    1     -3.959536115272     -1.330575244255      6.403740578888
    8      7.287374626629     -7.553679386281      4.672179617179
    6      7.108440071092     -7.385159696906      6.066497435987
    6     -7.588525283282      6.820678197801      6.845275261638
    1      7.275688229849      5.871585199171      6.577215493598
    1      6.028761869616     -7.314844926552      6.287577544218
    1      7.557145808213     -6.421979393379      6.374620570908
    1     -6.524483516198      6.749782607733      6.602241636032
    1      7.636401925136      6.971749277873      7.926289888288
    0    0
