   2   1   1 E -4.5963139229546E+04 DE-2.4E-06(  6)
  0.153430010406E+02  0.000000000000E+00  0.000000000000E+00
  0.000000000000E+00  0.162737101194E+02  0.000000000000E+00
  0.000000000000E+00  0.000000000000E+00  0.500000000000E+03
    1
  0.100000000000E+01  0.000000000000E+00  0.000000000000E+00
  0.000000000000E+00  0.100000000000E+01  0.000000000000E+00
  0.000000000000E+00  0.000000000000E+00  0.100000000000E+01
  0.000000000000E+00  0.000000000000E+00  0.000000000000E+00
  249
  258      1.913619934039      2.692932535513      4.265481143684
  258     -1.913550025874     -2.702507100162      4.261362745772
  258      1.916052067546     -2.720841995901      4.260942969236
  258     -1.926621847114      2.713893778921      4.264817244827
  258      1.825144818030     -8.079766284048      4.284289553423
  258     -1.948951882993     -8.127384326354      4.267326008177
  258      5.771975370384      2.706156985569      4.258956265160
  258     -5.752590100551     -2.698474390729      4.275958728888
  258      5.757069965350     -2.707177713882      4.261115240716
  258     -5.751957293242      2.718812198436      4.266338381575
  258      5.814750621458     -8.113822372224      4.337835984699
  258     -5.751480067701     -8.138337493628      4.298408469247
    8     -0.010031028918      3.986762878625      4.376253780824
    8      0.001696968748     -3.977257279841      4.368956693736
    8     -0.005969712648     -6.843069334005      4.407740914559
    8     -0.019815581760      6.891905677071      4.365426864120
    8      0.002405174656     -1.434790197378      4.372987358673
    8      0.010482459593      1.444201818384      4.376940252765
    8      3.851977830571      3.940633313734      4.287084365954
    8     -3.773455119442     -3.951390159720      4.334154147340
    8      3.796528740204     -4.032023949649      4.356338041561
    8     -3.831581289449      3.985182884307      4.371770856956
    8      3.767019975493     -6.990205939550      4.308205583749
    8     -3.825346176372      6.874839754806      4.381743350203
    8      3.856887943918      6.689569878636      4.698911180526
    8     -3.790364690754     -6.853389277916      4.367769077115
    8      3.844171015894     -1.471113908800      4.377140276932
    8     -3.833808431402      1.449458955124      4.378197027119
    8      3.819308400967      1.418402687955      4.389286859247
    8     -3.852250973545     -1.423874001815      4.383877188649
    8      7.654434288782      3.985594019905      4.375452425234
    8     -7.674221170586     -3.934574844008      4.334675282691
    8     -7.680412938942     -6.833083842088      4.305316155654
    8     -7.606358335050      6.887155720461      4.254868569701
    8      7.676631764915     -1.421165698034      4.380161335539
    8     -7.669213575921      1.448647338641      4.372355885326
  258     -0.001166171436     -0.001925353630      2.595333327831
  258     -0.000783465408      5.422582263342      2.607365480728
  258     -0.016669236489     -5.403479813346      2.579662520792
  258      3.836719710606     -0.001954327174      2.599734961405
  258     -3.838098677432      0.003317695477      2.598732537542
  258      3.836126712677      5.392396373762      2.566563549188
  258     -3.835694951842     -5.415581959850      2.593467842823
  258      3.832737012085     -5.437656483316      2.598741589615
  258     -3.835967057558      5.429226335517      2.595129789389
  258     -7.666788587516     -0.000946069276      2.596508703312
  258     -7.668762067185      5.428046393077      2.591729696393
  258     -7.665657678239     -5.418998524340      2.592776056443
    8      1.918094998574      1.369715489484      2.534468299770
    8     -1.921406577899     -1.355810228121      2.537956323243
    8      1.921326341911     -1.361034415802      2.540996490658
    8     -1.916903413918      1.368940254042      2.541738595632
    8      1.988579585166      6.808541583466      2.618105682658
    8     -1.908085456170     -6.785122964033      2.533413524757
    8      1.866721907198     -6.776658698806      2.530003434875
    8     -1.921401088992      6.790541364609      2.537261719016
    8      1.907306132891     -4.053973421928      2.524870797718
    8     -1.911051255724      4.062194777187      2.539232323427
    8      1.905927451768      4.068079530796      2.538355903494
    8     -1.904038039911     -4.049114164351      2.518182253708
    8      5.751029207762      1.365406812367      2.542205712241
    8     -5.754647842887     -1.363198794453      2.537880770819
    8      5.755181431920     -1.354175089780      2.533450662681
    8     -5.751513057188      1.366782017665      2.540955593839
    8      5.666148074397      6.773426881236      2.591636112908
    8     -5.734548048678     -6.775826469085      2.543172009017
    8      5.748649396115     -6.749214292089      2.527723628903
    8     -5.716215973494      6.771586566837      2.504909512201
    8      5.740796898288     -4.048054957472      2.541944805565
    8     -5.757306306395      4.053095804249      2.544452855129
    8      5.764413620553      4.055500716137      2.518006987940
    8     -5.740312227233     -4.050048128991      2.551216852085
  258      1.913877447163      2.707651422286      0.647334701421
  258     -1.920540635090     -2.706696950008      0.645955249635
  258      1.919900134443     -2.712760551341      0.648622691142
  258     -1.918454627582      2.713893937377      0.651780684702
  258      1.917629789303      8.137171030530      0.659307803713
  258     -1.915299155837     -8.134469845784      0.652872162761
  258      5.758193883952      2.706522046547      0.646321580714
  258     -5.752971688323     -2.711352505334      0.653298963615
  258      5.752412781015     -2.714816005385      0.652160372502
  258     -5.752387621649      2.713957005233      0.651112148030
  258      5.748275427736     -8.135232866067      0.682948932356
  258     -5.750185600174     -8.133475607450      0.667183430071
    8      0.000061961272      4.061497814530      0.693649192499
    8     -0.000263849698     -4.055811065353      0.678493655133
    8     -0.006079014840     -6.789519035558      0.678149986350
    8      0.030078230213      6.784267268082      0.726748871568
    8      0.000519106795     -1.361854520397      0.693088919833
    8     -0.000019428515      1.365442084419      0.691803630681
    8      3.831076636535      4.056842598332      0.700212334925
    8     -3.838584906180     -4.055869127483      0.689077858884
    8      3.835273426324     -4.069081088924      0.689953072378
    8     -3.836550476702      4.062422311307      0.694030042475
    8      3.821216218822     -6.803597625882      0.702112278136
    8     -3.819816703576      6.793958523891      0.676484191381
    8      3.822181743485      6.768003900697      0.693236286798
    8     -3.828906997815     -6.785449502159      0.691944874288
    8      3.835383844919     -1.366931906555      0.693010120944
    8     -3.834649519935      1.367504883434      0.692631388001
    8      3.835892221759      1.361908465416      0.691608860443
    8     -3.837125133150     -1.360395630259      0.691353738371
    8     -7.664642771024      4.057224624319      0.679730314836
    8      7.674118645178     -4.056509033790      0.692513695466
    8      7.675555415820     -6.793308358797      0.693546819769
    8      7.644765756728      6.791846438892      0.718716585832
    8     -7.670238845564     -1.364986070155      0.691013323003
    8     -7.672252536171      1.363335699642      0.693873823251
  258     -0.000779470789     -0.000279295088     -1.135937610675
  258      0.002541093516      5.424814895076     -1.131158064945
  258     -0.000346819145     -5.424548762180     -1.139285313658
  258      3.836454743975     -0.001767610236     -1.134464970424
  258     -3.836774799607      0.001896561986     -1.134617721874
  258      3.836443503524      5.425196809582     -1.140579354727
  258     -3.836270282660     -5.424975536145     -1.134610941385
  258      3.835825987732     -5.427504586907     -1.132449845550
  258     -3.835328591916      5.427083697256     -1.132931528459
  258     -7.670013842119     -0.002452060065     -1.134633246578
  258      7.669499303293      5.429439072092     -1.131131386781
  258      7.670974387436     -5.428681634393     -1.131277580244
    8      1.917311283589      1.344762719865     -1.165542418873
    8     -1.917775996681     -1.341065121619     -1.167907515066
    8      1.918178420753     -1.343885711656     -1.166980328108
    8     -1.917461946165      1.346382168011     -1.165343866832
    8      1.914556481041      6.771053058165     -1.163429049755
    8     -1.920134611871     -6.769708750813     -1.170628343814
    8      1.919910282896     -6.773549677084     -1.160948458788
    8     -1.898306346714      6.768726062322     -1.160385861184
    8      1.920463890958     -4.081702735710     -1.169289262741
    8     -1.917000001690      4.081424255475     -1.164286738217
    8      1.919416201264      4.079908917039     -1.164473402158
    8     -1.920465855922     -4.078671977626     -1.168624789406
    8      5.754893634422      1.342863060240     -1.167363483683
    8     -5.752983208530     -1.343911084427     -1.165705239578
    8      5.752847336476     -1.345996627204     -1.164953277148
    8     -5.754532176102      1.345019419810     -1.164759213595
    8      5.749888744932      6.772324320062     -1.154664206011
    8     -5.751620547537     -6.769368625401     -1.163364469079
    8      5.748376426114     -6.774102001841     -1.150145428543
    8     -5.763925207969      6.769777839858     -1.154056714977
    8      5.753954186103     -4.082924005261     -1.164679650766
    8     -5.750286680598      4.082296926662     -1.168023143403
    8      5.748832868796      4.081098650060     -1.164453823010
    8     -5.755230611744     -4.080289953501     -1.165605853577
  258      1.917570616432      2.711820192088     -3.054340857302
  258     -1.918758972367     -2.712370639383     -3.054345871935
  258      1.918680367967     -2.712905344413     -3.053612886583
  258     -1.917848220950      2.713162093902     -3.052208550905
  258      1.917691148318     -8.136516516444     -3.051264715118
  258     -1.917262720164     -8.136699998947     -3.052149624200
  258      5.754556057908      2.712072140837     -3.054119053482
  258     -5.753972975182     -2.713287499008     -3.051827710620
  258      5.753989080919     -2.713793975976     -3.052143490770
  258     -5.753809140229      2.713505326158     -3.051968021382
  258      5.753686978059     -8.136144235020     -3.044395160635
  258     -5.754107092163     -8.136366640500     -3.047914242751
    8      0.000173356567     -1.317734902914     -3.044779735811
    8      0.000334258139      1.318904337806     -3.044463746058
    8      0.000932397529      4.106887341054     -3.042129084605
    8     -0.000196042903     -4.105909608402     -3.046135704727
    8      0.001488471228     -6.743974300657     -3.045191192334
    8      0.001966935073      6.741455556018     -3.045156115847
    8      3.836223586495     -1.318273534147     -3.044520969715
    8     -3.836035254307      1.319865427281     -3.043886415919
    8      3.835645902700      1.318608472167     -3.044165898597
    8     -3.835960821996     -1.317165493104     -3.044668958144
    8      3.835451891339      4.106230172002     -3.045335096123
    8     -3.836605215599     -4.105896645566     -3.045678831695
    8      3.836729901775     -4.107550861085     -3.044465198084
    8     -3.834497951778      4.107664739039     -3.045669825961
    8      3.836820622444     -6.743591622481     -3.042127718670
    8     -3.835618578543      6.743928979067     -3.037960838503
    8      3.836182681916      6.742307741957     -3.042230508688
    8     -3.836792085447     -6.743748642152     -3.045570342930
    8      7.671285304322     -1.318929832033     -3.043933322593
    8     -7.671321815833      1.318486617346     -3.044729668459
    8      7.670110042814      4.108090068853     -3.042283116578
    8      7.670996239342     -4.108131959924     -3.044223028521
    8      7.669221410420     -6.744089574045     -3.040105830992
    8      7.669716009270      6.743226229072     -3.041426625994
  258      0.000000000000      0.000000000000     -4.794687825205
  258      0.000000000000      5.424570039800     -4.794687825205
  258      0.000000000000     -5.424570039800     -4.794687825205
  258      3.835750260160      0.000000000000     -4.794687825205
  258     -3.835750260160      0.000000000000     -4.794687825205
  258      3.835750260160      5.424570039800     -4.794687825205
  258     -3.835750260160     -5.424570039800     -4.794687825205
  258      3.835750260160     -5.424570039800     -4.794687825205
  258     -3.835750260160      5.424570039800     -4.794687825205
  258      7.671500520300      0.000000000000     -4.794687825205
  258      7.671500520300      5.424570039800     -4.794687825205
  258      7.671500520300     -5.424570039800     -4.794687825205
    8      1.917875130080      1.356142509950     -4.794687825205
    8     -1.917875130080     -1.356142509950     -4.794687825205
    8      1.917875130080     -1.356142509950     -4.794687825205
    8     -1.917875130080      1.356142509950     -4.794687825205
    8      1.917875130080      6.780712549750     -4.794687825205
    8     -1.917875130080     -6.780712549750     -4.794687825205
    8      1.917875130080     -6.780712549750     -4.794687825205
    8     -1.917875130080      6.780712549750     -4.794687825205
    8      1.917875130080     -4.068427529850     -4.794687825205
    8     -1.917875130080      4.068427529850     -4.794687825205
    8      1.917875130080      4.068427529850     -4.794687825205
    8     -1.917875130080     -4.068427529850     -4.794687825205
    8      5.753625390240      1.356142509950     -4.794687825205
    8     -5.753625390240     -1.356142509950     -4.794687825205
    8      5.753625390240     -1.356142509950     -4.794687825205
    8     -5.753625390240      1.356142509950     -4.794687825205
    8      5.753625390240      6.780712549750     -4.794687825205
    8     -5.753625390240     -6.780712549750     -4.794687825205
    8      5.753625390240     -6.780712549750     -4.794687825205
    8     -5.753625390240      6.780712549750     -4.794687825205
    8      5.753625390240     -4.068427529850     -4.794687825205
    8     -5.753625390240      4.068427529850     -4.794687825205
    8      5.753625390240      4.068427529850     -4.794687825205
    8     -5.753625390240     -4.068427529850     -4.794687825205
   14      7.368591491093     -7.413020223396      7.313698681014
    8      6.874926759613     -5.828983737192      7.351040584172
    8      7.590261359368     -7.840401745355      8.894759186463
    8     -6.395680901421     -7.539247512527      6.718950632786
    6      5.800639118297     -5.362977565701      6.534532481325
    6     -5.418624239716     -6.528424433562      7.085506849169
    6     -8.869374244880     -7.740181488679      9.774252552955
    6      5.346429166155     -4.030336471358      7.111275673996
    6     -5.624572983493     -5.241188649275      6.303499799832
    6     -8.484759960976     -8.298527950282     11.132161333819
    1      4.455140183752     -3.663114048040      6.586428096808
    1     -4.775323142724     -4.570200238265      6.485549149840
    1     -9.330946083071     -8.231848929507     11.829329539565
    1      5.108105456169     -4.134959454958      8.173908546169
    1      6.158942548145     -3.286408403685      7.049845396660
    1      4.964767811512     -6.078661937897      6.531345505379
    1      6.142135917749     -5.273292765907      5.492034130361
    1      7.157362240549      6.924330345749     11.048766860370
    1     -7.641778545834      8.534545960448     11.556880121899
    1     -9.182446600508     -6.683989096697      9.861547529308
    1      5.615003055715     -8.298981311819      9.357978014080
    1     -5.462773572004     -6.368088843490      8.171405278300
    1     -4.442558317213     -6.958158682132      6.825817731638
    1     -6.574222918361     -4.768110807123      6.554576523573
    1     -5.625705972494     -5.441640704324      5.231521039522
    8      6.301157095986     -8.281400663528      6.519694593652
    6      3.748528326202      6.076883690261      5.971462891900
    6      2.317171856391      5.552765619184      6.164096657529
    1      1.856174987317      5.342599406813      5.197112319285
    1      4.011109353900      6.817028305963      6.746494221291
    1      4.469722547439      5.254542896506      6.041910682770
    1      2.277547303658      4.641857413683      6.778031545867
    1      1.654056752175      6.286043141422      6.648023024350
    0    0
