   2   1   1 E -4.5963138258377E+04 DE-7.8E-06(  6)
  0.153430010406E+02  0.000000000000E+00  0.000000000000E+00
  0.000000000000E+00  0.162737101194E+02  0.000000000000E+00
  0.000000000000E+00  0.000000000000E+00  0.500000000000E+03
    1
  0.100000000000E+01  0.000000000000E+00  0.000000000000E+00
  0.000000000000E+00  0.100000000000E+01  0.000000000000E+00
  0.000000000000E+00  0.000000000000E+00  0.100000000000E+01
  0.000000000000E+00  0.000000000000E+00  0.000000000000E+00
  249
  258      1.912607267854      2.695859980737      4.265289675470
  258     -1.913006220776     -2.702302231577      4.260791092613
  258      1.916661297373     -2.720099641067      4.259926697413
  258     -1.927048011428      2.714602567150      4.264675560567
  258      1.826019090745     -8.078806896859      4.285239953939
  258     -1.948205757241     -8.126099622524      4.267328263061
  258      5.772022742015      2.706481150825      4.258627478838
  258     -5.751692459292     -2.698735419037      4.275997736075
  258      5.758371124262     -2.702514252304      4.259779300741
  258     -5.752528815452      2.720108314100      4.265933472274
  258      5.817112984820     -8.111626575120      4.342778298603
  258     -5.751131402410     -8.136897422372      4.296995185760
    8     -0.007377158627      3.988658164844      4.376182890798
    8      0.002685772353     -3.976223123552      4.368791264993
    8     -0.005169217586     -6.842231119141      4.408307355764
    8     -0.019040900247      6.893270895215      4.364560076441
    8      0.002707473840     -1.433113255810      4.372135732650
    8      0.009555615563      1.445999282145      4.376832131891
    8      3.852187424229      3.942754664653      4.288666566099
    8     -3.772127795511     -3.949319022959      4.331155932686
    8      3.793119678969     -4.028933473835      4.353329719069
    8     -3.830877526756      3.986623703291      4.371659529286
    8      3.767647055510     -6.988573458341      4.311012454817
    8     -3.824961371900      6.876117180397      4.382404013989
    8      3.859945053387      6.689811622865      4.697269871421
    8     -3.787190154361     -6.852432726673      4.363401909943
    8      3.846273040538     -1.468514846090      4.377079314149
    8     -3.833026620313      1.450506248843      4.377681447307
    8      3.822102832257      1.420757024349      4.388095716156
    8     -3.850407114505     -1.422775254524      4.385476539622
    8      7.654778690806      3.987296029479      4.374906152396
    8     -7.667037689306     -3.932445576448      4.335449650153
    8     -7.681073869895     -6.830621777644      4.304396252262
    8     -7.606590079982      6.889142455135      4.257143676461
    8      7.671381943348     -1.419696601545      4.378350116958
    8     -7.666792744425      1.449672898633      4.372739029986
  258     -0.000943246128     -0.000939637401      2.595419481172
  258     -0.000555322558      5.424334887887      2.606753556706
  258     -0.015385160121     -5.403240309004      2.579140415350
  258      3.836342428352     -0.000166560333      2.599115845584
  258     -3.837666513408      0.004019358224      2.598922965009
  258      3.837543450546      5.394433554923      2.566885769972
  258     -3.834366391260     -5.415092275645      2.591806376497
  258      3.833684577303     -5.437332051780      2.600047507447
  258     -3.835664176272      5.430541274645      2.595297259032
  258     -7.666100971771      0.000358783443      2.595129459547
  258     -7.669129391607      5.429311352415      2.592126113667
  258     -7.665133872483     -5.417321231672      2.592905449426
    8      1.918793983651      1.370759490737      2.535901537080
    8     -1.921137334876     -1.354962570462      2.537221278846
    8      1.921801886731     -1.360010759855      2.540673834739
    8     -1.916542137503      1.370099509650      2.541421302029
    8      1.989217953691      6.810217654532      2.618692860150
    8     -1.906208225294     -6.784558424941      2.531887559944
    8      1.868063402134     -6.776336115933      2.531943816650
    8     -1.920964994461      6.791236883881      2.537427153590
    8      1.907479281874     -4.053953133381      2.523333816455
    8     -1.910194474217      4.063471616264      2.539526092922
    8      1.907324037102      4.069031931346      2.536986538228
    8     -1.902527973258     -4.048667809965      2.517291382479
    8      5.752813351836      1.367576044559      2.542873407360
    8     -5.754120781337     -1.361665057269      2.540052662916
    8      5.754373710802     -1.352327618704      2.530794301911
    8     -5.751491258976      1.368243935620      2.539784408965
    8      5.668911993023      6.775665534085      2.593807277931
    8     -5.734168684868     -6.773890432512      2.542749002858
    8      5.748142986943     -6.749385708154      2.529257192631
    8     -5.716571483073      6.772732913354      2.504836830230
    8      5.742819441627     -4.046859814817      2.543943991041
    8     -5.756966251933      4.054269222408      2.544608667653
    8      5.763871172290      4.057165435427      2.517783580232
    8     -5.739563881094     -4.048503351145      2.548704048578
  258      1.914328824294      2.708596420509      0.647320449782
  258     -1.919942261563     -2.706117494938      0.645479594211
  258      1.920086642679     -2.712234874939      0.648132911349
  258     -1.918279692254      2.714701278125      0.651621052246
  258      1.917902154599      8.138247560454      0.659796948882
  258     -1.914872078568     -8.133811835705      0.652757753236
  258      5.758412904265      2.707710028340      0.645873935845
  258     -5.752421828712     -2.710515818863      0.652998064666
  258      5.752604131396     -2.714074054346      0.651469089065
  258     -5.752197732575      2.714784046279      0.650848391084
  258      5.748650550954     -8.134459142332      0.685106787130
  258     -5.750245823166     -8.132894244711      0.666478725972
    8      0.000323317464      4.062259966242      0.693692423032
    8      0.000203256121     -4.055461897973      0.677722655710
    8     -0.004186097928     -6.789174892749      0.678693700283
    8      0.030133165556      6.785112216846      0.726628508931
    8      0.000867547186     -1.361316647920      0.692848847802
    8      0.000841458993      1.366052533615      0.691787287592
    8      3.831972977731      4.057865924063      0.698832606260
    8     -3.837134607293     -4.055484460514      0.688191050222
    8      3.837297214412     -4.069028577209      0.690877955235
    8     -3.835969196489      4.062488735785      0.694049338655
    8      3.820448286459     -6.803080062154      0.702556888961
    8     -3.819432858393      6.793944085004      0.677053048849
    8      3.823269709269      6.768665665189      0.694612763085
    8     -3.829117116835     -6.785431937096      0.691155713565
    8      3.834641394936     -1.366221722255      0.692129161155
    8     -3.833975519283      1.367379376709      0.692585776139
    8      3.836480482922      1.362921280438      0.692612353860
    8     -3.837571531205     -1.360188187620      0.691572822954
    8     -7.664745907191      4.058190683307      0.680103129175
    8      7.672925432360     -4.055984253828      0.691777783844
    8      7.676386423099     -6.792070014008      0.694922602771
    8      7.644351004054      6.792459625985      0.718691879180
    8     -7.668796894890     -1.364447057312      0.691346878838
    8     -7.672242920461      1.364020014743      0.692652443315
  258     -0.000488161125      0.000252903309     -1.135920284823
  258      0.002841910751      5.425387364708     -1.131411974739
  258     -0.000112708132     -5.424112906452     -1.139504248344
  258      3.836485584869     -0.001142022671     -1.134606239922
  258     -3.836597891407      0.002512155936     -1.134757263113
  258      3.836670786150      5.426045953161     -1.140467367663
  258     -3.835962160493     -5.424496658149     -1.135172353440
  258      3.836037252600     -5.427210775235     -1.132168955856
  258     -3.835129098933      5.427506461012     -1.132830728294
  258     -7.670017145767     -0.002067693174     -1.134891109086
  258      7.669357603283      5.430148153138     -1.131261841716
  258      7.670962891807     -5.428499339625     -1.130973712904
    8      1.917869461101      1.345547117660     -1.165295861164
    8     -1.917791963220     -1.340131612482     -1.167983762857
    8      1.918498777342     -1.342956516743     -1.167323830789
    8     -1.917051210559      1.347517040778     -1.165404234490
    8      1.915037609428      6.771833612879     -1.162914261770
    8     -1.919571864592     -6.768768266926     -1.170390520509
    8      1.920102647701     -6.772767334650     -1.161651517336
    8     -1.898536052334      6.769841569208     -1.160360947492
    8      1.921300039460     -4.080893093505     -1.168935653939
    8     -1.916367232717      4.082482964451     -1.164405096432
    8      1.919366652514      4.080393473448     -1.164663152847
    8     -1.919844890917     -4.077968313236     -1.169466562521
    8      5.754374907171      1.343909826881     -1.167271785605
    8     -5.752847929334     -1.343293507440     -1.166155002171
    8      5.753673223308     -1.344737201796     -1.164576786224
    8     -5.754047162432      1.345721347010     -1.164980996234
    8      5.749764406715      6.773761754931     -1.154502002186
    8     -5.751829214483     -6.769029675300     -1.164222908879
    8      5.748694936339     -6.772840490570     -1.148747324602
    8     -5.763928507984      6.770616644619     -1.153682302660
    8      5.753587369098     -4.081471829010     -1.166110294445
    8     -5.750154225061      4.083003216831     -1.167759206593
    8      5.749801028316      4.082075109110     -1.165318311748
    8     -5.755079639298     -4.079807948654     -1.165452528917
  258      1.917677081452      2.712118136360     -3.054422337804
  258     -1.918613438403     -2.712136754223     -3.054544429561
  258      1.918974697882     -2.712704641297     -3.053748616593
  258     -1.917720560843      2.713356009729     -3.052369157024
  258      1.917798442088     -8.136327275813     -3.051214385016
  258     -1.917200250008     -8.136638568705     -3.052025035469
  258      5.754574105471      2.712173540639     -3.054400975068
  258     -5.753975441285     -2.713210733937     -3.052014057429
  258      5.754200701091     -2.713590820364     -3.052463987528
  258     -5.753737141876      2.713772650095     -3.052053456139
  258      5.753550199329     -8.135794269757     -3.043910663132
  258     -5.754080518797     -8.136284526477     -3.048023083326
    8      0.000311593118     -1.317696290716     -3.044682183719
    8      0.000551798027      1.318964021851     -3.044487756432
    8      0.001069347947      4.107310497480     -3.042232728891
    8      0.000317621811     -4.105723610096     -3.046243833846
    8      0.001402151524     -6.743710885266     -3.045189974405
    8      0.001922957617      6.741794824756     -3.045079389513
    8      3.836377389865     -1.318509361437     -3.044348466877
    8     -3.835741303587      1.320010348149     -3.044062693859
    8      3.835633469328      1.318346137124     -3.044441057771
    8     -3.835852399864     -1.317179019802     -3.044708416169
    8      3.835407216464      4.105945805073     -3.045220349526
    8     -3.836554345681     -4.105989374787     -3.045789160907
    8      3.836665804263     -4.107899675789     -3.044690087771
    8     -3.834492382383      4.107874995599     -3.045343634033
    8      3.837342529042     -6.743811268880     -3.041933072154
    8     -3.835707222728      6.743858161930     -3.038107740251
    8      3.836134724071      6.741973937934     -3.042245847122
    8     -3.836727361198     -6.743785028563     -3.045658929812
    8      7.671295612218     -1.318905497553     -3.044311787811
    8     -7.671397626330      1.318482777952     -3.044618447657
    8      7.670544887633      4.108360750461     -3.042540694995
    8      7.671212471689     -4.108006746913     -3.044237388145
    8      7.668902640741     -6.744060931136     -3.040030352886
    8      7.669771854285      6.743458254746     -3.041275181156
  258      0.000000000000      0.000000000000     -4.794687825205
  258      0.000000000000      5.424570039800     -4.794687825205
  258      0.000000000000     -5.424570039800     -4.794687825205
  258      3.835750260160      0.000000000000     -4.794687825205
  258     -3.835750260160      0.000000000000     -4.794687825205
  258      3.835750260160      5.424570039800     -4.794687825205
  258     -3.835750260160     -5.424570039800     -4.794687825205
  258      3.835750260160     -5.424570039800     -4.794687825205
  258     -3.835750260160      5.424570039800     -4.794687825205
  258      7.671500520300      0.000000000000     -4.794687825205
  258      7.671500520300      5.424570039800     -4.794687825205
  258      7.671500520300     -5.424570039800     -4.794687825205
    8      1.917875130080      1.356142509950     -4.794687825205
    8     -1.917875130080     -1.356142509950     -4.794687825205
    8      1.917875130080     -1.356142509950     -4.794687825205
    8     -1.917875130080      1.356142509950     -4.794687825205
    8      1.917875130080      6.780712549750     -4.794687825205
    8     -1.917875130080     -6.780712549750     -4.794687825205
    8      1.917875130080     -6.780712549750     -4.794687825205
    8     -1.917875130080      6.780712549750     -4.794687825205
    8      1.917875130080     -4.068427529850     -4.794687825205
    8     -1.917875130080      4.068427529850     -4.794687825205
    8      1.917875130080      4.068427529850     -4.794687825205
    8     -1.917875130080     -4.068427529850     -4.794687825205
    8      5.753625390240      1.356142509950     -4.794687825205
    8     -5.753625390240     -1.356142509950     -4.794687825205
    8      5.753625390240     -1.356142509950     -4.794687825205
    8     -5.753625390240      1.356142509950     -4.794687825205
    8      5.753625390240      6.780712549750     -4.794687825205
    8     -5.753625390240     -6.780712549750     -4.794687825205
    8      5.753625390240     -6.780712549750     -4.794687825205
    8     -5.753625390240      6.780712549750     -4.794687825205
    8      5.753625390240     -4.068427529850     -4.794687825205
    8     -5.753625390240      4.068427529850     -4.794687825205
    8      5.753625390240      4.068427529850     -4.794687825205
    8     -5.753625390240     -4.068427529850     -4.794687825205
   14      7.376221487684     -7.383095855187      7.309041914272
    8      6.889734637103     -5.796663200029      7.313594389867
    8      7.623927710144     -7.747866051815      8.903901655077
    8     -6.391820815383     -7.544467533939      6.708078702818
    6      5.794551983822     -5.346890086046      6.518024879519
    6     -5.399844228817     -6.551023186357      7.080631285035
    6     -8.634650222149     -7.269393988242      9.887577700454
    6      5.331025531514     -4.024513141273      7.110945582610
    6     -5.591160609848     -5.255748901608      6.306578277774
    6     -8.548393515815     -8.155276944298     11.118832515590
    1      4.435797093124     -3.657129559817      6.593813489370
    1     -4.729824551043     -4.598707616191      6.479989287585
    1     -9.190032078210     -7.763457805515     11.920001302842
    1      5.098222169259     -4.144817869336      8.172960541733
    1      6.138255450567     -3.274090772587      7.057608584027
    1      4.969520688394     -6.074718349858      6.526577973668
    1      6.116601441513     -5.252070916584      5.470084098214
    1      6.476170465869      7.094944102187     10.885294052049
    1     -7.517583028889      8.073574436538     11.492633001122
    1     -8.389001488045     -6.221103350523     10.140739779844
    1      5.671384271660     -7.265927112279      9.496998578852
    1     -5.441667071401     -6.400644039738      8.167823848036
    1     -4.430580481457     -6.992897617352      6.815833516601
    1     -6.530891255359     -4.767581771261      6.569699014970
    1     -5.608768402708     -5.453459757629      5.234164684039
    8      6.306947923249     -8.262446990919      6.532361090111
    6      3.759790039450      6.079586638400      5.973178440082
    6      2.330402691915      5.555289483557      6.179205494332
    1      1.862776203704      5.344215170288      5.216146736192
    1      4.027709057384      6.821181437992      6.745041326567
    1      4.478874733553      5.255611407231      6.039725959568
    1      2.298933923138      4.643120287409      6.789487125996
    1      1.670213685440      6.285441803556      6.669262710602
    0    0
