   2   1   1 E -4.5963138917654E+04 DE 5.1E-06(  3)
  0.153430010406E+02  0.000000000000E+00  0.000000000000E+00
  0.000000000000E+00  0.162737101194E+02  0.000000000000E+00
  0.000000000000E+00  0.000000000000E+00  0.500000000000E+03
    1
  0.100000000000E+01  0.000000000000E+00  0.000000000000E+00
  0.000000000000E+00  0.100000000000E+01  0.000000000000E+00
  0.000000000000E+00  0.000000000000E+00  0.100000000000E+01
  0.000000000000E+00  0.000000000000E+00  0.000000000000E+00
  249
  258      1.913287386040      2.692843874518      4.265259869619
  258     -1.912915193220     -2.702048387945      4.261208035162
  258      1.916165486611     -2.720742921136      4.260892423241
  258     -1.926597686554      2.714252919187      4.264480566871
  258      1.825544647882     -8.078885025347      4.284464683841
  258     -1.948826529705     -8.127195220074      4.264766287351
  258      5.771690530557      2.706647355686      4.258624808754
  258     -5.752017239912     -2.698141423978      4.275762577178
  258      5.757380566201     -2.706308097952      4.259577210393
  258     -5.750612563230      2.720175383568      4.266905427029
  258      5.815616024443     -8.112870377809      4.338449651483
  258     -5.751885428814     -8.136707851057      4.299641471102
    8     -0.010125142353      3.986766989220      4.376989137710
    8      0.002289154557     -3.976331030058      4.368465011520
    8     -0.005137163923     -6.841247394956      4.403752334337
    8     -0.019803683675      6.892508526727      4.371437998043
    8      0.002197177504     -1.434568122173      4.373105604135
    8      0.011050348461      1.444321727754      4.376173958053
    8      3.851004698421      3.940853250960      4.286681255113
    8     -3.772211855837     -3.950050853167      4.335778465109
    8      3.798305818381     -4.032400694884      4.354745054373
    8     -3.833808501898      3.986741830215      4.372315324581
    8      3.766574170599     -6.990695534965      4.312270064071
    8     -3.826387504259      6.876111995119      4.376565688153
    8      3.857854710611      6.686106909590      4.695375475788
    8     -3.787619915628     -6.851207830629      4.372645643153
    8      3.842905642035     -1.471715460129      4.376257660280
    8     -3.832000220216      1.451071317037      4.378853924855
    8      3.819103460794      1.418349276282      4.389969871143
    8     -3.855162742338     -1.422470653579      4.381785110817
    8      7.657315537423      3.986329863477      4.375553367543
    8     -7.674830037425     -3.934638212287      4.333330982184
    8     -7.679368201610     -6.832271961072      4.301183025339
    8     -7.606026948761      6.888410212774      4.257541293535
    8      7.681121182486     -1.420969483456      4.380653033680
    8     -7.672760675129      1.448962869853      4.371378318071
  258     -0.001120246987     -0.001384000019      2.594963932525
  258     -0.000635387038      5.422681314520      2.607742498746
  258     -0.016489088245     -5.403291907692      2.578781838211
  258      3.836508335391     -0.001432057605      2.599479224315
  258     -3.838039549352      0.003582798854      2.598256067417
  258      3.835794380879      5.393133487344      2.566749622217
  258     -3.835220855105     -5.414582585055      2.593429329816
  258      3.833559789051     -5.437365996971      2.598432876979
  258     -3.836586983865      5.429986294745      2.594599014878
  258     -7.666388721304      0.000174676579      2.597912285677
  258     -7.668450766966      5.428807461340      2.592949768679
  258     -7.665534699644     -5.417858073701      2.592177747727
    8      1.918582342433      1.369547076265      2.534250420009
    8     -1.921465715185     -1.355549474655      2.538444637626
    8      1.921055208351     -1.361253041999      2.540334979846
    8     -1.916850562414      1.368839441062      2.541395346720
    8      1.987637546111      6.808278442272      2.619279744995
    8     -1.909040963299     -6.784882294239      2.532003597508
    8      1.868277633046     -6.776462810904      2.528999927515
    8     -1.919004200926      6.790143328890      2.536158944330
    8      1.907459140948     -4.054185301860      2.525263117250
    8     -1.911663884822      4.062334095087      2.539836444215
    8      1.905480631877      4.067972371761      2.538090044410
    8     -1.904113186910     -4.048679287487      2.518685254076
    8      5.749498636012      1.366417136213      2.541331120190
    8     -5.755180170765     -1.364026405518      2.534153060589
    8      5.756862346828     -1.352591101293      2.535097924942
    8     -5.750789226088      1.366753111864      2.543397951051
    8      5.668065043093      6.773297349753      2.591619033328
    8     -5.731586515604     -6.775946324650      2.543035253988
    8      5.747209246104     -6.748990319939      2.528952126665
    8     -5.718094287722      6.772037973368      2.504533053760
    8      5.741088165281     -4.046708319274      2.540508510056
    8     -5.756914943248      4.052915150620      2.543174077090
    8      5.764904196983      4.055978831696      2.518394178474
    8     -5.739242583748     -4.050950598999      2.551082093380
  258      1.913934807656      2.707857908463      0.647295771459
  258     -1.920395354774     -2.706470463961      0.645406210465
  258      1.920184580514     -2.712477858671      0.648745188300
  258     -1.918466208504      2.714339666795      0.651490092207
  258      1.918019147901      8.137554418320      0.659328821354
  258     -1.914995549774     -8.134373476433      0.651462976413
  258      5.758428339866      2.706860424202      0.646288655016
  258     -5.752881676108     -2.710591529903      0.653180937397
  258      5.752943390780     -2.713747856553      0.651441921528
  258     -5.752652700400      2.714224176313      0.651351924714
  258      5.749121732144     -8.135457464811      0.683358534210
  258     -5.749792333236     -8.133091630690      0.668409100511
    8     -0.000599227361      4.062213562808      0.694526312296
    8      0.000436811698     -4.054663963449      0.678457537643
    8     -0.006718166085     -6.788970125237      0.677369702086
    8      0.031980290144      6.784322194227      0.727238141446
    8     -0.000331062465     -1.361213296219      0.692998676472
    8      0.000194477479      1.365864345650      0.691766871539
    8      3.831306789111      4.057065321490      0.700564487274
    8     -3.837871070911     -4.054853794694      0.689173079589
    8      3.834459225957     -4.068417232153      0.689385160300
    8     -3.836506771217      4.063324542794      0.693477790277
    8      3.821950717865     -6.803230493292      0.702375656011
    8     -3.819767428657      6.794567624564      0.676753158770
    8      3.821808359812      6.768842423384      0.693923766644
    8     -3.827486803776     -6.784573579843      0.691542823328
    8      3.837001139262     -1.366057350613      0.694250829771
    8     -3.835619471954      1.368414558207      0.692816145330
    8      3.835169981804      1.361829254755      0.690771010719
    8     -3.835680292633     -1.359161269303      0.689938641117
    8     -7.664824683486      4.058283870604      0.679582703516
    8      7.675052538625     -4.055649628104      0.692641218247
    8      7.675041178639     -6.793096077357      0.694271752962
    8      7.645113207550      6.792585191276      0.718411459026
    8     -7.672108387465     -1.363705518597      0.689441710074
    8     -7.671115365133      1.364160147844      0.694797901309
  258     -0.000638298537     -0.000056965753     -1.136015766728
  258      0.002721297865      5.425055773756     -1.131210923971
  258     -0.000023498503     -5.424387147907     -1.139623385428
  258      3.836439659829     -0.001572504070     -1.134670294990
  258     -3.836651295343      0.002445128342     -1.134797807768
  258      3.836769054956      5.425255227195     -1.140264822376
  258     -3.836371235659     -5.424899978065     -1.134580986584
  258      3.836383075889     -5.427214725028     -1.132351490007
  258     -3.835667532555      5.427144475018     -1.133108594526
  258     -7.669837084640     -0.002091815920     -1.134519088445
  258      7.669771805756      5.430013666900     -1.130818827072
  258      7.671453217791     -5.428636102511     -1.131222514116
    8      1.916714179418      1.345257846370     -1.166206399347
    8     -1.917311876286     -1.341045839318     -1.169210222370
    8      1.918410556301     -1.343804108487     -1.165983945192
    8     -1.917383657816      1.346384828434     -1.164599334630
    8      1.915017671223      6.770888587879     -1.164320964373
    8     -1.920221297464     -6.769820160116     -1.172116050109
    8      1.920372777008     -6.773871140483     -1.160657229079
    8     -1.897864678028      6.768675205324     -1.160013728755
    8      1.920557936562     -4.081860634212     -1.169742050705
    8     -1.916876958005      4.081013485637     -1.164232117621
    8      1.919276620866      4.080107485914     -1.163886359324
    8     -1.919889092442     -4.078831938911     -1.168317581638
    8      5.755232017928      1.343030501475     -1.166899380591
    8     -5.753487975540     -1.343499348051     -1.165689035881
    8      5.751627200742     -1.346325993454     -1.166224107951
    8     -5.754339939313      1.345677312107     -1.165224915622
    8      5.749412130224      6.772599791954     -1.154306967825
    8     -5.751721194292     -6.769059052189     -1.162480438044
    8      5.748257069920     -6.773846980123     -1.149707204390
    8     -5.763080038474      6.770103165601     -1.154009129273
    8      5.755055240879     -4.082989488735     -1.163813827322
    8     -5.750429934065      4.082557028630     -1.168258433164
    8      5.748707796342      4.080949489197     -1.164374256242
    8     -5.755200220516     -4.079941829936     -1.165686255344
  258      1.917785929706      2.711860465951     -3.054444601299
  258     -1.918829849906     -2.712188821856     -3.054474595314
  258      1.918593364832     -2.712900205998     -3.053495576057
  258     -1.917818775819      2.713239913337     -3.052466603501
  258      1.917929306770     -8.136532200766     -3.051231812606
  258     -1.917150737975     -8.136785036494     -3.052726825431
  258      5.754749225035      2.712318004274     -3.054004647276
  258     -5.753795645475     -2.713207987719     -3.051833701657
  258      5.754067261754     -2.713874330101     -3.052506450328
  258     -5.753997841699      2.713522448617     -3.051960791103
  258      5.753618498150     -8.135910439266     -3.044515540322
  258     -5.754105697569     -8.136255377525     -3.047507548512
    8      0.000812599745     -1.317792661145     -3.044989864491
    8     -0.000059669331      1.318883546574     -3.044734281687
    8      0.001067120743      4.107239281968     -3.041903737034
    8     -0.000043097189     -4.105700806215     -3.046312884258
    8      0.001938994499     -6.743663790453     -3.045255230749
    8      0.001829607417      6.741791280509     -3.044951779389
    8      3.835659427433     -1.317673216640     -3.044668668106
    8     -3.835512260867      1.319818209665     -3.043995933025
    8      3.835962107245      1.319166016141     -3.043917991304
    8     -3.836358982610     -1.317513157504     -3.044640651852
    8      3.835277646643      4.106582205385     -3.045331106483
    8     -3.836354490648     -4.105828166016     -3.045550338591
    8      3.837213955358     -4.106943983632     -3.044334259769
    8     -3.834308438408      4.107812188913     -3.045629192162
    8      3.836997628874     -6.743059109832     -3.042129391382
    8     -3.835253899226      6.743937919795     -3.038194584946
    8      3.836619311992      6.742312218035     -3.042302897342
    8     -3.837311597341     -6.743495560879     -3.045450743549
    8      7.671203827075     -1.318544145794     -3.043849826596
    8     -7.671361801203      1.318903966963     -3.044894042262
    8      7.670031870401      4.108513418616     -3.042306968847
    8      7.671023416603     -4.108333440375     -3.044392014342
    8      7.669348375163     -6.744250250846     -3.039861193394
    8      7.669771442730      6.743500899696     -3.040879765022
  258      0.000000000000      0.000000000000     -4.794687825205
  258      0.000000000000      5.424570039800     -4.794687825205
  258      0.000000000000     -5.424570039800     -4.794687825205
  258      3.835750260160      0.000000000000     -4.794687825205
  258     -3.835750260160      0.000000000000     -4.794687825205
  258      3.835750260160      5.424570039800     -4.794687825205
  258     -3.835750260160     -5.424570039800     -4.794687825205
  258      3.835750260160     -5.424570039800     -4.794687825205
  258     -3.835750260160      5.424570039800     -4.794687825205
  258      7.671500520300      0.000000000000     -4.794687825205
  258      7.671500520300      5.424570039800     -4.794687825205
  258      7.671500520300     -5.424570039800     -4.794687825205
    8      1.917875130080      1.356142509950     -4.794687825205
    8     -1.917875130080     -1.356142509950     -4.794687825205
    8      1.917875130080     -1.356142509950     -4.794687825205
    8     -1.917875130080      1.356142509950     -4.794687825205
    8      1.917875130080      6.780712549750     -4.794687825205
    8     -1.917875130080     -6.780712549750     -4.794687825205
    8      1.917875130080     -6.780712549750     -4.794687825205
    8     -1.917875130080      6.780712549750     -4.794687825205
    8      1.917875130080     -4.068427529850     -4.794687825205
    8     -1.917875130080      4.068427529850     -4.794687825205
    8      1.917875130080      4.068427529850     -4.794687825205
    8     -1.917875130080     -4.068427529850     -4.794687825205
    8      5.753625390240      1.356142509950     -4.794687825205
    8     -5.753625390240     -1.356142509950     -4.794687825205
    8      5.753625390240     -1.356142509950     -4.794687825205
    8     -5.753625390240      1.356142509950     -4.794687825205
    8      5.753625390240      6.780712549750     -4.794687825205
    8     -5.753625390240     -6.780712549750     -4.794687825205
    8      5.753625390240     -6.780712549750     -4.794687825205
    8     -5.753625390240      6.780712549750     -4.794687825205
    8      5.753625390240     -4.068427529850     -4.794687825205
    8     -5.753625390240      4.068427529850     -4.794687825205
    8      5.753625390240      4.068427529850     -4.794687825205
    8     -5.753625390240     -4.068427529850     -4.794687825205
   14      7.375810825768     -7.393368507355      7.310550036348
    8      6.888383202933     -5.807048675476      7.330973040133
    8      7.596324494396     -7.794671566191      8.899540570732
    8     -6.388454332333     -7.539854491905      6.719197860476
    6      5.802194552745     -5.349058369896      6.526388499926
    6     -5.403718510113     -6.537818014097      7.090087134219
    6     -8.813825643979     -7.542540685229      9.813420469001
    6      5.344921825105     -4.020188105216      7.109840081647
    6     -5.600662462473     -5.244521563315      6.314419667456
    6     -8.587188154880     -8.347999131609     11.079168655648
    1      4.448892184973     -3.652764231097      6.592889835735
    1     -4.747753716257     -4.578704652469      6.499118537469
    1     -9.374730715160     -8.136153936994     11.818603157706
    1      5.114249712902     -4.131507871346      8.173075748927
    1      6.154840508401     -3.273595939696      7.048717186907
    1      4.971104764536     -6.069996433005      6.531162819423
    1      6.131102246584     -5.258460365003      5.480146739316
    1      6.744836308734      6.850832292539     10.861829072134
    1     -7.615806589586      8.167954989028     11.522556315304
    1     -8.861604610399     -6.460627456772     10.038400762339
    1      5.556538351901     -7.819285313037      9.361864194229
    1     -5.447567133294     -6.384378596451      8.176872395974
    1     -4.431145282335     -6.974007842579      6.828039902565
    1     -6.548514517023     -4.766875383186      6.567032795225
    1     -5.602469127895     -5.440768440441      5.241175089561
    8      6.306929867417     -8.265472667052      6.522081734138
    6      3.742708501735      6.077267506739      5.969272278972
    6      2.308790975430      5.558102656523      6.156083383923
    1      1.851861411149      5.345858287156      5.188323105754
    1      4.002823213542      6.819484028568      6.743439455784
    1      4.464072725852      5.254808661769      6.045525619750
    1      2.262990734871      4.651848443689      6.773306578738
    1      1.646386316079      6.294583120797      6.631994791185
    0    0
