   2   1   1 E -4.5963139218693E+04 DE-1.2E-07(  6)
  0.153430010406E+02  0.000000000000E+00  0.000000000000E+00
  0.000000000000E+00  0.162737101194E+02  0.000000000000E+00
  0.000000000000E+00  0.000000000000E+00  0.500000000000E+03
    1
  0.100000000000E+01  0.000000000000E+00  0.000000000000E+00
  0.000000000000E+00  0.100000000000E+01  0.000000000000E+00
  0.000000000000E+00  0.000000000000E+00  0.100000000000E+01
  0.000000000000E+00  0.000000000000E+00  0.000000000000E+00
  249
  258      1.912234942239      2.693800642646      4.265554459096
  258     -1.913412281544     -2.702692455530      4.261388994369
  258      1.916466395200     -2.721339333948      4.260953618463
  258     -1.927520293962      2.713847355384      4.264885831243
  258      1.825010747777     -8.079323046071      4.284114799687
  258     -1.949051808400     -8.127148615343      4.267478792662
  258      5.770729420462      2.705851577831      4.258943255265
  258     -5.751979219893     -2.699060053596      4.276278039162
  258      5.757765517932     -2.705688125351      4.260943896823
  258     -5.752845377943      2.718703719154      4.266307185077
  258      5.814809795516     -8.113772902665      4.337442040870
  258     -5.752361756974     -8.138077602038      4.297929476319
    8     -0.007539010867      3.986908980669      4.376279995190
    8      0.001767839624     -3.976416320609      4.369019490902
    8     -0.006325503150     -6.842481851815      4.407103652504
    8     -0.019835613217      6.892113179098      4.366229057815
    8      0.001678440682     -1.434008332434      4.372484713033
    8      0.009680033284      1.444771302811      4.377498583796
    8      3.851345790809      3.942080770064      4.288719047026
    8     -3.775406035937     -3.950675655906      4.333345788918
    8      3.794737860488     -4.031440458367      4.356133769163
    8     -3.831215524538      3.985644917459      4.372154519042
    8      3.767323055973     -6.989878843126      4.309942316130
    8     -3.825825508102      6.875122724232      4.381442368059
    8      3.858047827644      6.689649070268      4.697272100777
    8     -3.788799619350     -6.852962152325      4.367666657176
    8      3.844157033837     -1.470234060532      4.377176415425
    8     -3.833210320162      1.449830942398      4.377490494097
    8      3.822130891027      1.419691034149      4.388555691150
    8     -3.851104747608     -1.423620367756      4.384979531256
    8      7.655853750899      3.985782128427      4.373460503278
    8     -7.670213859591     -3.934976015940      4.336549880996
    8     -7.682457994683     -6.832994200723      4.304511450258
    8     -7.605118692244      6.886946901498      4.256469325495
    8      7.672247700169     -1.421588199919      4.378555403065
    8     -7.667357829125      1.448484296213      4.373389719236
  258     -0.001390301488     -0.001965494246      2.595803881464
  258     -0.001128116903      5.422885983140      2.607190142964
  258     -0.016782073916     -5.403631098161      2.579267748447
  258      3.836059478651     -0.001824768893      2.599639958599
  258     -3.838153221407      0.003152101993      2.598873492248
  258      3.835655237602      5.392464070267      2.566918451305
  258     -3.835758078720     -5.415754708104      2.593192754238
  258      3.833214341232     -5.437727209839      2.599272651515
  258     -3.836330342263      5.429555320803      2.595756383069
  258     -7.667114783702     -0.000710871201      2.595810040930
  258     -7.668992955354      5.427786376156      2.592173117773
  258     -7.665427610924     -5.418105450130      2.592759333450
    8      1.917611322571      1.369270219847      2.535476374386
    8     -1.921784802560     -1.356057129670      2.537494327784
    8      1.921298607890     -1.361537577890      2.540722728584
    8     -1.916649813180      1.368861101588      2.541581237442
    8      1.987889104356      6.808327784951      2.618432500268
    8     -1.907883277429     -6.784987196602      2.532389765291
    8      1.867115340093     -6.776956585214      2.530386849513
    8     -1.920756717705      6.790753265903      2.537439243005
    8      1.907076879066     -4.054524765198      2.524435930498
    8     -1.910733695897      4.062420098317      2.539742160618
    8      1.906806086417      4.067851464289      2.537672484789
    8     -1.904138877512     -4.049171975880      2.518788237016
    8      5.752777240824      1.365979954743      2.543510846599
    8     -5.754038233840     -1.362344218994      2.539716457039
    8      5.754255844208     -1.353127724923      2.531990621150
    8     -5.751691033829      1.367460105384      2.540433649669
    8      5.667867248065      6.772917557667      2.591339570466
    8     -5.734214866183     -6.775163344399      2.544139450722
    8      5.747468961258     -6.748968991807      2.525993516580
    8     -5.717001721048      6.772333205320      2.504589828410
    8      5.742103598384     -4.047367051503      2.544323263570
    8     -5.756484835956      4.053759337949      2.543379817022
    8      5.763139544042      4.055305062929      2.517899052223
    8     -5.740925353470     -4.049348586895      2.549223367538
  258      1.913775234172      2.707518647962      0.647392732118
  258     -1.920727234805     -2.706667494190      0.645805923469
  258      1.919483394790     -2.712707145247      0.648776573393
  258     -1.918625994373      2.713979252728      0.651868928886
  258      1.917466371688      8.137575368448      0.658869043130
  258     -1.915478396888     -8.134492366625      0.652894508925
  258      5.758078033534      2.706485329716      0.646557903763
  258     -5.752905571632     -2.710892046115      0.653451689687
  258      5.752170307810     -2.714656937857      0.651982599225
  258     -5.752419405427      2.714164926367      0.651166451913
  258      5.748444953137     -8.135578022372      0.683174261352
  258     -5.750173547914     -8.133724213996      0.666801368446
    8      0.000167558962      4.061526320268      0.694210942502
    8     -0.000443793356     -4.055775123664      0.678582725187
    8     -0.005351033437     -6.789468988989      0.678138848725
    8      0.030424786498      6.784156662650      0.726479488864
    8      0.000240817264     -1.362116742367      0.692581816872
    8      0.000492432623      1.365276904111      0.691702526209
    8      3.831218548023      4.056598431118      0.698845731148
    8     -3.837587211138     -4.056083478621      0.689022651198
    8      3.836709611999     -4.069477867237      0.690744040039
    8     -3.835916545783      4.061492793280      0.693594590042
    8      3.819805556907     -6.803854426813      0.701648971776
    8     -3.819576042184      6.793117779417      0.677688332574
    8      3.822235097635      6.768180166413      0.694389109016
    8     -3.829536294385     -6.785738147750      0.691621926332
    8      3.835128360376     -1.367021136794      0.692605794106
    8     -3.834466444361      1.366696152085      0.692735225024
    8      3.836184082426      1.361646854149      0.693054017642
    8     -3.837870431019     -1.360647523586      0.690810519594
    8     -7.664969791557      4.057014968880      0.680052537305
    8      7.672098900631     -4.056539540177      0.691760268191
    8      7.677161823791     -6.793265371688      0.694662387140
    8      7.644915039318      6.792054238604      0.717999211444
    8     -7.669360239439     -1.364974300118      0.691363081157
    8     -7.672422585392      1.363060751587      0.692629652211
  258     -0.000786131905     -0.000281652889     -1.135786601508
  258      0.002508153012      5.424748428191     -1.131233899240
  258     -0.000576776375     -5.424530258866     -1.139459806128
  258      3.836372469944     -0.001882565507     -1.134584284924
  258     -3.836908756636      0.002207341171     -1.134660016306
  258      3.836451238098      5.425169235959     -1.140285513989
  258     -3.836536718337     -5.424806913764     -1.134767464272
  258      3.835983126635     -5.427430018354     -1.132230212660
  258     -3.835304313440      5.426883486501     -1.132882147939
  258     -7.670159978450     -0.002561210930     -1.134949392914
  258      7.669376103197      5.429488523806     -1.131051019498
  258      7.671026307735     -5.428853623905     -1.130827576190
    8      1.917785789033      1.345198713734     -1.165545444551
    8     -1.918124783754     -1.340475494657     -1.168130190616
    8      1.918169971902     -1.343535603344     -1.166897461710
    8     -1.917045404371      1.347193661492     -1.165262615979
    8      1.915052601450      6.770966960482     -1.163809998532
    8     -1.920289453363     -6.769160487528     -1.170082383348
    8      1.919628543412     -6.773343505884     -1.161966948813
    8     -1.898659633177      6.769596048520     -1.160331907915
    8      1.921004402886     -4.081338305646     -1.168612422723
    8     -1.916612168917      4.082004489205     -1.164122354287
    8      1.918742190688      4.080027381948     -1.164412019630
    8     -1.920102800803     -4.078201264516     -1.169082985344
    8      5.753925742597      1.343653947225     -1.167491839263
    8     -5.753538873280     -1.343774246855     -1.165925165196
    8      5.753183609507     -1.345394185928     -1.164524020167
    8     -5.753839388028      1.345495878300     -1.165230892540
    8      5.749201074525      6.773232105150     -1.154699062193
    8     -5.751844061280     -6.769506007788     -1.164369487908
    8      5.748830374065     -6.772889058935     -1.148788654053
    8     -5.763216866558      6.769877615522     -1.154224175446
    8      5.753542924939     -4.081778015863     -1.166165545906
    8     -5.750535627820      4.082698503728     -1.167921160512
    8      5.749631395118      4.081626042508     -1.164614487658
    8     -5.755229491680     -4.080070831321     -1.164676244078
  258      1.917677989861      2.711908016321     -3.054384928213
  258     -1.918780159246     -2.712140765938     -3.054406027328
  258      1.918634048347     -2.712915163914     -3.053495615190
  258     -1.917913963224      2.713059171670     -3.052297889914
  258      1.917815962262     -8.136505906925     -3.051351760890
  258     -1.917180076812     -8.136742686498     -3.052117958025
  258      5.754512344146      2.712337928030     -3.053865654229
  258     -5.754022909220     -2.713350800533     -3.051826323607
  258      5.754001495068     -2.713888757596     -3.052268089338
  258     -5.754076430905      2.713512882838     -3.052039499347
  258      5.753700933847     -8.135890930628     -3.044489902786
  258     -5.754032280876     -8.136363595773     -3.047867224192
    8      0.000145760001     -1.317945666712     -3.044687208845
    8      0.000432591220      1.318772199799     -3.044567249331
    8      0.000854927282      4.107072865242     -3.042188204607
    8      0.000375461327     -4.105897713880     -3.046094232974
    8      0.001095312101     -6.743957316596     -3.045084034198
    8      0.001896201943      6.741668160915     -3.045042046028
    8      3.836318164502     -1.318659705571     -3.044176487306
    8     -3.835606314836      1.319806839799     -3.044050869416
    8      3.835635448394      1.318153870205     -3.044355130339
    8     -3.836149978846     -1.317556582999     -3.044677999219
    8      3.835379377045      4.105418245304     -3.045079714645
    8     -3.836793920366     -4.106087065276     -3.045504595275
    8      3.836228426858     -4.108056548211     -3.044853809191
    8     -3.834358049381      4.107438067639     -3.045346243438
    8      3.837435595333     -6.744333008027     -3.041782815624
    8     -3.835535148138      6.743645742802     -3.038276314526
    8      3.836343559153      6.741452451626     -3.042481309679
    8     -3.836603278383     -6.744040793791     -3.045572355325
    8      7.671103174677     -1.318764188188     -3.043968077667
    8     -7.671333946643      1.318575380716     -3.044572437078
    8      7.670334481689      4.108006949650     -3.042441419066
    8      7.671497307665     -4.108181665970     -3.044233430018
    8      7.668752103533     -6.744304954552     -3.040182173996
    8      7.669591899918      6.743115856736     -3.041036899500
  258      0.000000000000      0.000000000000     -4.794687825205
  258      0.000000000000      5.424570039800     -4.794687825205
  258      0.000000000000     -5.424570039800     -4.794687825205
  258      3.835750260160      0.000000000000     -4.794687825205
  258     -3.835750260160      0.000000000000     -4.794687825205
  258      3.835750260160      5.424570039800     -4.794687825205
  258     -3.835750260160     -5.424570039800     -4.794687825205
  258      3.835750260160     -5.424570039800     -4.794687825205
  258     -3.835750260160      5.424570039800     -4.794687825205
  258      7.671500520300      0.000000000000     -4.794687825205
  258      7.671500520300      5.424570039800     -4.794687825205
  258      7.671500520300     -5.424570039800     -4.794687825205
    8      1.917875130080      1.356142509950     -4.794687825205
    8     -1.917875130080     -1.356142509950     -4.794687825205
    8      1.917875130080     -1.356142509950     -4.794687825205
    8     -1.917875130080      1.356142509950     -4.794687825205
    8      1.917875130080      6.780712549750     -4.794687825205
    8     -1.917875130080     -6.780712549750     -4.794687825205
    8      1.917875130080     -6.780712549750     -4.794687825205
    8     -1.917875130080      6.780712549750     -4.794687825205
    8      1.917875130080     -4.068427529850     -4.794687825205
    8     -1.917875130080      4.068427529850     -4.794687825205
    8      1.917875130080      4.068427529850     -4.794687825205
    8     -1.917875130080     -4.068427529850     -4.794687825205
    8      5.753625390240      1.356142509950     -4.794687825205
    8     -5.753625390240     -1.356142509950     -4.794687825205
    8      5.753625390240     -1.356142509950     -4.794687825205
    8     -5.753625390240      1.356142509950     -4.794687825205
    8      5.753625390240      6.780712549750     -4.794687825205
    8     -5.753625390240     -6.780712549750     -4.794687825205
    8      5.753625390240     -6.780712549750     -4.794687825205
    8     -5.753625390240      6.780712549750     -4.794687825205
    8      5.753625390240     -4.068427529850     -4.794687825205
    8     -5.753625390240      4.068427529850     -4.794687825205
    8      5.753625390240      4.068427529850     -4.794687825205
    8     -5.753625390240     -4.068427529850     -4.794687825205
   14      7.367617804947     -7.410954442188      7.313378464724
    8      6.874235870401     -5.826866116354      7.350648149947
    8      7.588313163573     -7.837766902462      8.894794845579
    8     -6.396744879369     -7.539531572414      6.718806169468
    6      5.800476441824     -5.360731185798      6.533741817171
    6     -5.418371961513     -6.530100864059      7.086106054907
    6     -8.861637497041     -7.706514150637      9.780984049987
    6      5.347173549057     -4.028046179708      7.110555683454
    6     -5.623092762840     -5.242213067915      6.304587622230
    6     -8.531365515669     -8.385661717246     11.097421097301
    1      4.456988759542     -3.659312886358      6.585054878220
    1     -4.773670691198     -4.571653316053      6.486983745061
    1     -9.365460619430     -8.283835547307     11.803384037368
    1      5.107447474917     -4.133476512827      8.172752396369
    1      6.160525723136     -3.284928656822      7.051047906039
    1      4.964155207038     -6.075831733992      6.530504618287
    1      6.141958627569     -5.271565700856      5.491241629719
    1      7.006818217112      6.822153483885     10.943989644419
    1     -7.639024102141      8.331909111577     11.550390780854
    1     -9.086600181667     -6.637507621355      9.939058775578
    1      5.580113446598     -8.162038638150      9.331894659110
    1     -5.462452906025     -6.370649575980      8.172098569989
    1     -4.442780329939     -6.960756446848      6.826144777263
    1     -6.572719417281     -4.768632074671      6.555327500002
    1     -5.623989999366     -5.442243042473      5.232465115563
    8      6.300588329298     -8.278912373318      6.518627696074
    6      3.748559406233      6.080366353656      5.971365748436
    6      2.318395570007      5.552486192942      6.163377111556
    1      1.857472264915      5.343748229907      5.196225138546
    1      4.006563299901      6.824364671553      6.744293585449
    1      4.473268898816      5.261672006967      6.048222689267
    1      2.281308079145      4.639868578683      6.774607739567
    1      1.653978252882      6.282912849416      6.649645393903
    0    0
