   2   1   1 E -4.5963139215560E+04 DE-3.5E-07(  3)
  0.153430010406E+02  0.000000000000E+00  0.000000000000E+00
  0.000000000000E+00  0.162737101194E+02  0.000000000000E+00
  0.000000000000E+00  0.000000000000E+00  0.500000000000E+03
    1
  0.100000000000E+01  0.000000000000E+00  0.000000000000E+00
  0.000000000000E+00  0.100000000000E+01  0.000000000000E+00
  0.000000000000E+00  0.000000000000E+00  0.100000000000E+01
  0.000000000000E+00  0.000000000000E+00  0.000000000000E+00
  249
  258      1.912491901444      2.693119915210      4.265580153524
  258     -1.913529806581     -2.702781459685      4.261410885353
  258      1.916273809485     -2.721451382837      4.260923846045
  258     -1.927261721991      2.713839328689      4.264859889471
  258      1.825179367831     -8.079635426748      4.284760178229
  258     -1.948970668132     -8.127356005402      4.267646236711
  258      5.771753466762      2.705896133080      4.258999582328
  258     -5.752075124756     -2.698831822199      4.276328746200
  258      5.757616467824     -2.706337331977      4.260805967007
  258     -5.752403796936      2.718807455123      4.266523486792
  258      5.814608282224     -8.113935487778      4.337838967668
  258     -5.751546500994     -8.138218215369      4.298115940583
    8     -0.009116690427      3.987025353475      4.376405469938
    8      0.002374954216     -3.977145455384      4.368852962091
    8     -0.005733226178     -6.842602309919      4.407270211987
    8     -0.019995474031      6.892268360448      4.366201164046
    8      0.001693816686     -1.435010281042      4.372255859033
    8      0.010435773091      1.444227789681      4.377107407863
    8      3.852076306149      3.940562499401      4.287349352812
    8     -3.774217936766     -3.950833638415      4.334116958260
    8      3.796213007820     -4.032171223253      4.355880464193
    8     -3.831270035470      3.985298747802      4.372142030820
    8      3.767161884003     -6.990666653878      4.309876942492
    8     -3.825546421573      6.874906617388      4.381912924612
    8      3.857574764086      6.688968303418      4.698033063144
    8     -3.789530561993     -6.853296162851      4.367016703954
    8      3.843865950276     -1.471219448993      4.376971766931
    8     -3.833601664254      1.449541291867      4.378021370128
    8      3.819745902432      1.418819548214      4.389199230110
    8     -3.851744974314     -1.423783079963      4.384426961485
    8      7.655092184013      3.985945498269      4.374917124414
    8     -7.671878172038     -3.935234294047      4.335631013195
    8     -7.680397107058     -6.833244570569      4.305056784474
    8     -7.605846003685      6.887442198692      4.254966550175
    8      7.674253259799     -1.421924575344      4.378988368627
    8     -7.667970313279      1.448465032688      4.372781201044
  258     -0.001197154213     -0.001975641423      2.595429534790
  258     -0.000927714412      5.422792521151      2.607301176935
  258     -0.016332383103     -5.403925391923      2.579328178005
  258      3.836306476703     -0.001976265846      2.599758786595
  258     -3.838098404630      0.003252484586      2.598785668387
  258      3.835941195943      5.392433387778      2.566867783745
  258     -3.835356010249     -5.415445984264      2.592907713273
  258      3.833204316567     -5.437920254633      2.599054699283
  258     -3.836176190799      5.429383302118      2.595254637450
  258     -7.666813844190     -0.000851218820      2.595689616347
  258     -7.669059852438      5.427783713683      2.591936252198
  258     -7.665426789400     -5.418694318846      2.593089031645
    8      1.918268263538      1.369217997252      2.534710868705
    8     -1.921711565796     -1.356003500307      2.537607520675
    8      1.921264298048     -1.361544292317      2.540744700141
    8     -1.916739411581      1.368903763056      2.541812880195
    8      1.988288809946      6.808237785290      2.618631320755
    8     -1.907884674018     -6.785268818209      2.532862525597
    8      1.867628657735     -6.776882241687      2.530641657414
    8     -1.920890987338      6.790484161496      2.537487855886
    8      1.907263796576     -4.054689891626      2.524560620836
    8     -1.910845664902      4.062428585883      2.539527950063
    8      1.906493775059      4.067607061507      2.538091143558
    8     -1.904145325764     -4.049366377473      2.518819941707
    8      5.751790905660      1.365931579066      2.543250547092
    8     -5.754215780643     -1.362835883151      2.538876334574
    8      5.754635529255     -1.353686849947      2.532642771513
    8     -5.751617886170      1.366998228864      2.540419323874
    8      5.667520693555      6.772987285278      2.591469729022
    8     -5.734184078363     -6.775193686344      2.543110761964
    8      5.747863146068     -6.749319227836      2.527923878651
    8     -5.716218345465      6.771929794560      2.504295431857
    8      5.742023127495     -4.047772411521      2.542821786869
    8     -5.756779777774      4.053189578425      2.544331199485
    8      5.763723057040      4.055568068139      2.517795863570
    8     -5.740260465757     -4.049844661187      2.550025514452
  258      1.913938942897      2.707712227180      0.647473298317
  258     -1.920452420094     -2.706784784917      0.645736092430
  258      1.919763588155     -2.712597870262      0.648640468905
  258     -1.918416155475      2.714009333873      0.651693071451
  258      1.917601871046      8.137442431293      0.659422503451
  258     -1.915232182413     -8.134529177874      0.653007028557
  258      5.758079808178      2.706597168964      0.646159570225
  258     -5.752869655414     -2.710986733058      0.653426947065
  258      5.752430065818     -2.714491638707      0.651730916399
  258     -5.752415379355      2.713955505271      0.651192866617
  258      5.748575380486     -8.135534278923      0.683247806978
  258     -5.750281450120     -8.133644069771      0.667022373109
    8     -0.000035935549      4.061548532149      0.694130535280
    8     -0.000451218587     -4.055473330855      0.678376229399
    8     -0.005625188537     -6.789387478944      0.678492237914
    8      0.030469874598      6.784252618215      0.726821237454
    8      0.000280361218     -1.361844902251      0.693135673565
    8      0.000198757086      1.365333461686      0.691811962376
    8      3.831040222148      4.056524234392      0.699414513280
    8     -3.837643163660     -4.055814939020      0.688939818290
    8      3.836157518719     -4.069397182514      0.690618680321
    8     -3.836375020454      4.062169732777      0.693817701974
    8      3.820453690000     -6.803722912622      0.702145152942
    8     -3.819333429077      6.793586503690      0.676987624762
    8      3.822319948656      6.768077843834      0.694171172713
    8     -3.828858079129     -6.786060164465      0.691373106776
    8      3.835219911443     -1.367122640473      0.692577866647
    8     -3.834449359789      1.367328673926      0.692746057575
    8      3.836416239238      1.361328685570      0.692479562071
    8     -3.837386244197     -1.360391943503      0.690981728059
    8     -7.664738658632      4.057246214173      0.679996692633
    8      7.673440551144     -4.056516119397      0.692303897155
    8      7.675795034891     -6.793345176976      0.694509339850
    8      7.644846975565      6.791614694673      0.717972892922
    8     -7.669871382894     -1.365053060723      0.691157250061
    8     -7.672606072938      1.363204294808      0.693432891759
  258     -0.000739918868     -0.000222477391     -1.135909237189
  258      0.002618124857      5.424912332783     -1.131288840929
  258     -0.000313521632     -5.424573917215     -1.139367399344
  258      3.836363955007     -0.001741364787     -1.134557279655
  258     -3.836693770321      0.002106552646     -1.134704674690
  258      3.836434971128      5.425300021972     -1.140447583629
  258     -3.836341509146     -5.425246280972     -1.134763253759
  258      3.836016076670     -5.427506778105     -1.132385956856
  258     -3.835348448464      5.427047182980     -1.132863034302
  258     -7.670008570418     -0.002444779501     -1.134897779645
  258      7.669487747252      5.429514582085     -1.131266262276
  258      7.671214522712     -5.428673196085     -1.130800598348
    8      1.917611434022      1.345380434295     -1.165479148039
    8     -1.917681245642     -1.340750551223     -1.168242253493
    8      1.917751041201     -1.343454523964     -1.166842256591
    8     -1.917439656424      1.346645803110     -1.165134425415
    8      1.914881811336      6.771204058452     -1.163490797168
    8     -1.919981801880     -6.769349834916     -1.170934202707
    8      1.919750849661     -6.773510712321     -1.161191717661
    8     -1.898327103695      6.769131611875     -1.160102298532
    8      1.920852994349     -4.081492407561     -1.168934265404
    8     -1.916577628081      4.081602913343     -1.164236919771
    8      1.919038748133      4.080254019740     -1.164267505542
    8     -1.920139420066     -4.078615462290     -1.168893201626
    8      5.754368535254      1.343381420326     -1.167542706443
    8     -5.753541270458     -1.343720203496     -1.166031255861
    8      5.753097225888     -1.345485268730     -1.164913158850
    8     -5.754235868405      1.345352726556     -1.164814889876
    8      5.749387467753      6.773051247484     -1.154723137812
    8     -5.752053821298     -6.769261063577     -1.163886784993
    8      5.748401606668     -6.773521954373     -1.149163096469
    8     -5.763312183123      6.770036046620     -1.153907735475
    8      5.753831219946     -4.082375008023     -1.165619624941
    8     -5.750486036056      4.082546985644     -1.168055569238
    8      5.749255411974      4.081470958904     -1.164595027629
    8     -5.755242061481     -4.080154631559     -1.164838641357
  258      1.917612866551      2.711888861130     -3.054363802206
  258     -1.918856478230     -2.712306847140     -3.054436834847
  258      1.918560676290     -2.712883189419     -3.053609276039
  258     -1.917829862349      2.713208394991     -3.052408747211
  258      1.917707707882     -8.136482091556     -3.051266906728
  258     -1.917327899543     -8.136823790269     -3.052150945984
  258      5.754518719235      2.712083286837     -3.054279596902
  258     -5.753937951288     -2.713394805282     -3.051861393444
  258      5.754046987108     -2.713863511955     -3.052436181142
  258     -5.753852716150      2.713523606018     -3.051960832552
  258      5.753513704207     -8.135953240949     -3.044362411548
  258     -5.754197392791     -8.136395701785     -3.047997922801
    8      0.000298191219     -1.318007823297     -3.044951740986
    8      0.000215815487      1.318682176417     -3.044399444045
    8      0.000989376520      4.106894753411     -3.042086912214
    8      0.000010461621     -4.105891655347     -3.046109039000
    8      0.001572223143     -6.743839666709     -3.045355979870
    8      0.001775245519      6.741574060229     -3.045112615038
    8      3.836099471187     -1.318393702061     -3.044295241386
    8     -3.835862037791      1.319572753863     -3.044014784139
    8      3.835526294564      1.318450452584     -3.044289505411
    8     -3.836165753342     -1.317694380284     -3.044523280153
    8      3.835254904941      4.106047698005     -3.045148884753
    8     -3.836703191527     -4.106207176986     -3.045484867034
    8      3.836534196281     -4.107647845795     -3.044643609250
    8     -3.834438379476      4.107461711277     -3.045464010803
    8      3.837027867219     -6.743697239056     -3.041978388611
    8     -3.835583955521      6.743648728406     -3.038193701686
    8      3.836206505781      6.742038130453     -3.042325732001
    8     -3.837000174177     -6.743916947839     -3.045613689798
    8      7.671165522164     -1.318902285051     -3.044161987831
    8     -7.671333080101      1.318602452959     -3.044592746204
    8      7.670169432812      4.108165286580     -3.042473749076
    8      7.671251773933     -4.108311976218     -3.044175302528
    8      7.668870743396     -6.744362816155     -3.040079932486
    8      7.669722308800      6.743298361273     -3.041160559207
  258      0.000000000000      0.000000000000     -4.794687825205
  258      0.000000000000      5.424570039800     -4.794687825205
  258      0.000000000000     -5.424570039800     -4.794687825205
  258      3.835750260160      0.000000000000     -4.794687825205
  258     -3.835750260160      0.000000000000     -4.794687825205
  258      3.835750260160      5.424570039800     -4.794687825205
  258     -3.835750260160     -5.424570039800     -4.794687825205
  258      3.835750260160     -5.424570039800     -4.794687825205
  258     -3.835750260160      5.424570039800     -4.794687825205
  258      7.671500520300      0.000000000000     -4.794687825205
  258      7.671500520300      5.424570039800     -4.794687825205
  258      7.671500520300     -5.424570039800     -4.794687825205
    8      1.917875130080      1.356142509950     -4.794687825205
    8     -1.917875130080     -1.356142509950     -4.794687825205
    8      1.917875130080     -1.356142509950     -4.794687825205
    8     -1.917875130080      1.356142509950     -4.794687825205
    8      1.917875130080      6.780712549750     -4.794687825205
    8     -1.917875130080     -6.780712549750     -4.794687825205
    8      1.917875130080     -6.780712549750     -4.794687825205
    8     -1.917875130080      6.780712549750     -4.794687825205
    8      1.917875130080     -4.068427529850     -4.794687825205
    8     -1.917875130080      4.068427529850     -4.794687825205
    8      1.917875130080      4.068427529850     -4.794687825205
    8     -1.917875130080     -4.068427529850     -4.794687825205
    8      5.753625390240      1.356142509950     -4.794687825205
    8     -5.753625390240     -1.356142509950     -4.794687825205
    8      5.753625390240     -1.356142509950     -4.794687825205
    8     -5.753625390240      1.356142509950     -4.794687825205
    8      5.753625390240      6.780712549750     -4.794687825205
    8     -5.753625390240     -6.780712549750     -4.794687825205
    8      5.753625390240     -6.780712549750     -4.794687825205
    8     -5.753625390240      6.780712549750     -4.794687825205
    8      5.753625390240     -4.068427529850     -4.794687825205
    8     -5.753625390240      4.068427529850     -4.794687825205
    8      5.753625390240      4.068427529850     -4.794687825205
    8     -5.753625390240     -4.068427529850     -4.794687825205
   14      7.368287798155     -7.412219187690      7.313261258489
    8      6.875319612835     -5.828130918859      7.350805674670
    8      7.589088109243     -7.840481833411      8.894108746205
    8     -6.396197705581     -7.539810203259      6.718571299267
    6      5.801395175504     -5.361762555252      6.533773418057
    6     -5.417913775694     -6.530455695515      7.085559440526
    6     -8.865565956591     -7.725242855987      9.776913301157
    6      5.347702540762     -4.029149988170      7.110608175347
    6     -5.622766237612     -5.242486216939      6.304627334890
    6     -8.509035399324     -8.352894284237     11.111504823340
    1      4.456925782559     -3.661288040738      6.585530118647
    1     -4.772431014950     -4.572854679035      6.485879959437
    1     -9.349418525088     -8.271332788176     11.813301368498
    1      5.108923945325     -4.134148267728      8.173017099930
    1      6.160542976256     -3.285598123002      7.049906131490
    1      4.965218690204     -6.076950887094      6.530541827307
    1      6.143161400959     -5.272200761213      5.491475537968
    1      7.079004844770      6.860989684134     10.986274770866
    1     -7.639119427554      8.417956553643     11.554339625091
    1     -9.131690536430     -6.661564012638      9.904116831302
    1      5.595759748622     -8.228895045002      9.340947844539
    1     -5.461411669600     -6.371067955074      8.171534949802
    1     -4.442482479892     -6.961108722495      6.825250121996
    1     -6.571400891284     -4.768149701572      6.557226718401
    1     -5.625987964353     -5.442259794010      5.232609412004
    8      6.300539066297     -8.280091803299      6.519437657937
    6      3.748482153480      6.077501945944      5.971167222076
    6      2.317307526375      5.552746000213      6.163298992816
    1      1.856744463634      5.343047223717      5.196200485871
    1      4.009703929567      6.818849659801      6.745431103706
    1      4.470280520942      5.255947137685      6.043612393643
    1      2.277858743182      4.641521132837      6.776475459316
    1      1.653930382196      6.285350442136      6.647596667967
    0    0
