   2   1   1 E -4.5963139251110E+04 DE-1.3E-06(  4)
  0.153430010406E+02  0.000000000000E+00  0.000000000000E+00
  0.000000000000E+00  0.162737101194E+02  0.000000000000E+00
  0.000000000000E+00  0.000000000000E+00  0.500000000000E+03
    1
  0.100000000000E+01  0.000000000000E+00  0.000000000000E+00
  0.000000000000E+00  0.100000000000E+01  0.000000000000E+00
  0.000000000000E+00  0.000000000000E+00  0.100000000000E+01
  0.000000000000E+00  0.000000000000E+00  0.000000000000E+00
  249
  258      1.912959760484      2.693492829473      4.265415466645
  258     -1.913407034415     -2.702628976988      4.261288252156
  258      1.916417906356     -2.721247835517      4.260896588343
  258     -1.926740997514      2.713780164428      4.264814674019
  258      1.825207808130     -8.079460154078      4.284762785531
  258     -1.948668746114     -8.127137860710      4.267524858478
  258      5.771663956190      2.706238677074      4.258640108521
  258     -5.752210631032     -2.698376955807      4.275937623477
  258      5.757624875436     -2.706167628453      4.260943865014
  258     -5.751868148847      2.719444176366      4.266525977563
  258      5.815175944484     -8.113797936413      4.338400966320
  258     -5.751400039779     -8.137819108386      4.298570571746
    8     -0.009039000459      3.987092194758      4.376559658367
    8      0.001417240320     -3.977060014901      4.368374830485
    8     -0.005596567095     -6.842725985944      4.407821839623
    8     -0.019460721297      6.892152770523      4.366059185839
    8      0.002936418470     -1.434835614878      4.372532614691
    8      0.009415046405      1.444508008262      4.376894354833
    8      3.851199823239      3.941272647542      4.287852338014
    8     -3.773070283046     -3.950396702545      4.333609825416
    8      3.795749287952     -4.031417305831      4.355930530808
    8     -3.831925089001      3.985841809889      4.371588685553
    8      3.767491024374     -6.990404314999      4.309008192445
    8     -3.825184055068      6.875116192040      4.381769807858
    8      3.857796018162      6.689513055815      4.698544997640
    8     -3.789299854649     -6.853236661001      4.367101777150
    8      3.844464182961     -1.470668777928      4.376721345981
    8     -3.833375063713      1.450077769741      4.377972436662
    8      3.820810197366      1.419566803523      4.388609030918
    8     -3.852007621672     -1.423472876112      4.383808218350
    8      7.655393288762      3.986380331810      4.374733619032
    8     -7.672386432065     -3.934115184923      4.334858584324
    8     -7.681579498031     -6.832584064422      4.305542433046
    8     -7.605630156556      6.887863145157      4.255766466879
    8      7.676335172791     -1.420821868647      4.379617643806
    8     -7.669080921619      1.449079640922      4.372364646502
  258     -0.000989500723     -0.001941937593      2.595463955607
  258     -0.000690140692      5.422823030163      2.607274772844
  258     -0.016344372576     -5.403588938932      2.579254759426
  258      3.836603896210     -0.002011654772      2.599485490661
  258     -3.838008878323      0.003424440128      2.598461874059
  258      3.836139461152      5.392700681490      2.566690103037
  258     -3.835209973294     -5.415332239170      2.593004697772
  258      3.833437691649     -5.437980096461      2.599279329558
  258     -3.835862507977      5.429650174384      2.595443576686
  258     -7.666557700852     -0.000426319827      2.596770598883
  258     -7.668692330001      5.428277604324      2.592039315531
  258     -7.665389123719     -5.418499815007      2.592769030932
    8      1.918352406672      1.369365146457      2.535364753057
    8     -1.920900047872     -1.355473259834      2.537710967146
    8      1.921365741428     -1.361276691730      2.540633702922
    8     -1.916806124689      1.368997245466      2.541481178408
    8      1.988833935172      6.808879241525      2.618601352411
    8     -1.907303587620     -6.784845308309      2.533040825556
    8      1.867126096426     -6.776544764458      2.530522548314
    8     -1.920850824848      6.790793795786      2.537317994508
    8      1.907594874871     -4.054613644160      2.524953193268
    8     -1.910436294382      4.062752209973      2.539446464898
    8      1.906499177952      4.068076340649      2.538011556920
    8     -1.904036256257     -4.049010517429      2.517912482407
    8      5.751733913934      1.365977909672      2.541965439740
    8     -5.754264472608     -1.362884833419      2.537589561562
    8      5.755707592144     -1.353488326642      2.533213020336
    8     -5.751254234565      1.367387051834      2.541113169096
    8      5.667328642942      6.773315363593      2.591942998972
    8     -5.734710175452     -6.775236495393      2.544071350297
    8      5.748516576063     -6.749337404331      2.527107117852
    8     -5.716178571101      6.772115156019      2.505017087825
    8      5.741278187169     -4.047827693729      2.543142469824
    8     -5.757162505389      4.053570238268      2.543795189415
    8      5.763415539362      4.055810842361      2.517831781884
    8     -5.740294828046     -4.050089270693      2.550097429224
  258      1.914078114271      2.707552559044      0.647266957737
  258     -1.920525167658     -2.706585843518      0.645654669124
  258      1.919707280514     -2.712702173160      0.648632213791
  258     -1.918475470494      2.714037443986      0.651767864437
  258      1.917496350869      8.137599310669      0.659417976518
  258     -1.915092588270     -8.134442973632      0.652746866117
  258      5.758365699121      2.706588671219      0.646136908185
  258     -5.752990364892     -2.711006951166      0.653195277641
  258      5.752744347662     -2.714439631551      0.651879471512
  258     -5.752524967540      2.714103321446      0.651153571627
  258      5.748485377133     -8.135533535327      0.683459695985
  258     -5.749939040454     -8.133479540925      0.667315873967
    8      0.000292857298      4.061688249526      0.693932101705
    8      0.000328061320     -4.055865315765      0.678436478307
    8     -0.005796312011     -6.789720733582      0.677846492161
    8      0.030450950882      6.784280136306      0.727106559767
    8      0.000559932111     -1.362100088519      0.692709498711
    8      0.000538962333      1.365402342369      0.691941737167
    8      3.831133078751      4.057272471263      0.699509009739
    8     -3.837907992569     -4.055610054609      0.688944879335
    8      3.835689223767     -4.069115537547      0.690137785782
    8     -3.836119200780      4.062005971459      0.694083751462
    8      3.820445302154     -6.803535025272      0.702756832911
    8     -3.819868603802      6.793638931409      0.676629772656
    8      3.822478033212      6.768574068687      0.693619337100
    8     -3.828850321184     -6.785457166087      0.692545637588
    8      3.835791369981     -1.366398434881      0.693428304948
    8     -3.834490020293      1.367141583408      0.692458282578
    8      3.835690280433      1.362172449545      0.692084953468
    8     -3.836896089381     -1.360353332225      0.691145211526
    8     -7.665223043951      4.057609266363      0.679734775668
    8      7.673220493035     -4.056340191026      0.692601730927
    8      7.676550687549     -6.792958249780      0.693838335219
    8      7.644703586991      6.792032259735      0.719081109708
    8     -7.670133575914     -1.364539296239      0.690590933686
    8     -7.671694318811      1.363636865819      0.693328427499
  258     -0.000716221214     -0.000198859690     -1.135896487726
  258      0.002575790931      5.424893485620     -1.131283283170
  258     -0.000375686310     -5.424495160648     -1.139502300045
  258      3.836360543296     -0.001819833795     -1.134668530617
  258     -3.836893306401      0.002219374351     -1.134851947022
  258      3.836338906616      5.425293620919     -1.140483458797
  258     -3.836510582047     -5.424925665226     -1.134747584373
  258      3.835915954331     -5.427412642292     -1.132286062326
  258     -3.835325736841      5.426994145224     -1.132844141391
  258     -7.670136229571     -0.002468274883     -1.134701351027
  258      7.669441627348      5.429884984362     -1.131253469924
  258      7.670848147457     -5.429069020911     -1.131286597897
    8      1.917177783007      1.344879099811     -1.165677910022
    8     -1.917938969120     -1.340779360515     -1.168263865032
    8      1.918579864561     -1.343862016619     -1.166756069953
    8     -1.916828905166      1.346773020655     -1.165233249272
    8      1.914514587834      6.770983891066     -1.163588646954
    8     -1.920764398518     -6.769553176634     -1.170690344525
    8      1.920195008369     -6.773376076278     -1.161258565234
    8     -1.898360304407      6.769150019053     -1.160122200747
    8      1.920578956815     -4.081492704844     -1.169378476958
    8     -1.916820501600      4.081663595438     -1.164077884096
    8      1.919406924806      4.079751585651     -1.164457088661
    8     -1.919932097311     -4.078721493379     -1.168837695090
    8      5.754550400407      1.342971091406     -1.167265605157
    8     -5.753064668827     -1.343943052137     -1.165811738945
    8      5.752554190498     -1.346070554856     -1.165118991061
    8     -5.754060319448      1.345298193335     -1.165162987159
    8      5.749849194142      6.772853772279     -1.154693975639
    8     -5.751069539853     -6.769627892015     -1.163296793760
    8      5.748201957140     -6.773530453499     -1.149211243542
    8     -5.764182684351      6.769827693391     -1.153771120215
    8      5.754214176142     -4.082374714637     -1.164890815358
    8     -5.750305951566      4.082385731985     -1.167873610350
    8      5.748977580323      4.081001245809     -1.165022854528
    8     -5.755523592917     -4.080437200862     -1.165266238409
  258      1.917614054663      2.711944316523     -3.054493561578
  258     -1.918750130285     -2.712251620139     -3.054581749559
  258      1.918661352754     -2.712817017324     -3.053639520212
  258     -1.917853117237      2.713060239752     -3.052405724127
  258      1.917763945400     -8.136512980964     -3.051313099499
  258     -1.917310856664     -8.136826960296     -3.052256666321
  258      5.754557665664      2.712201589312     -3.054152869872
  258     -5.754012558724     -2.713396071933     -3.052026426460
  258      5.754078944570     -2.713814508413     -3.052443502330
  258     -5.754016035807      2.713517594639     -3.052042565132
  258      5.753417861397     -8.135985128863     -3.044431975417
  258     -5.753967734609     -8.136399236940     -3.047803187336
    8      0.000222253312     -1.317816804369     -3.044691683452
    8      0.000315216776      1.318820859628     -3.044699376414
    8      0.000913194318      4.107302061746     -3.041912185260
    8      0.000018883230     -4.105790272670     -3.046368407361
    8      0.001330007863     -6.743789197651     -3.045004275675
    8      0.001787710588      6.741780167296     -3.045207326138
    8      3.836048363283     -1.318388355093     -3.044626297605
    8     -3.835645952091      1.320163834024     -3.043959091351
    8      3.835603544269      1.318354163104     -3.044033112598
    8     -3.836166418422     -1.317265740040     -3.044663759463
    8      3.835206954795      4.105915223336     -3.045535594740
    8     -3.836617553577     -4.105886807483     -3.045475644640
    8      3.836759323283     -4.107833667203     -3.044429011091
    8     -3.834445000127      4.107976400330     -3.045476939076
    8      3.837074320167     -6.743911314443     -3.042087800143
    8     -3.835814338128      6.743942626941     -3.038099168088
    8      3.836196932609      6.741863672193     -3.042031973174
    8     -3.837099585321     -6.743721205556     -3.045769747699
    8      7.671244620099     -1.318857546528     -3.043955486781
    8     -7.671399028986      1.318545929571     -3.044736532901
    8      7.670266115014      4.108316899792     -3.042308901808
    8      7.671065403789     -4.108168094432     -3.044291670422
    8      7.669059655158     -6.744314237831     -3.039907685001
    8      7.669589759907      6.743400730279     -3.041293556069
  258      0.000000000000      0.000000000000     -4.794687825205
  258      0.000000000000      5.424570039800     -4.794687825205
  258      0.000000000000     -5.424570039800     -4.794687825205
  258      3.835750260160      0.000000000000     -4.794687825205
  258     -3.835750260160      0.000000000000     -4.794687825205
  258      3.835750260160      5.424570039800     -4.794687825205
  258     -3.835750260160     -5.424570039800     -4.794687825205
  258      3.835750260160     -5.424570039800     -4.794687825205
  258     -3.835750260160      5.424570039800     -4.794687825205
  258      7.671500520300      0.000000000000     -4.794687825205
  258      7.671500520300      5.424570039800     -4.794687825205
  258      7.671500520300     -5.424570039800     -4.794687825205
    8      1.917875130080      1.356142509950     -4.794687825205
    8     -1.917875130080     -1.356142509950     -4.794687825205
    8      1.917875130080     -1.356142509950     -4.794687825205
    8     -1.917875130080      1.356142509950     -4.794687825205
    8      1.917875130080      6.780712549750     -4.794687825205
    8     -1.917875130080     -6.780712549750     -4.794687825205
    8      1.917875130080     -6.780712549750     -4.794687825205
    8     -1.917875130080      6.780712549750     -4.794687825205
    8      1.917875130080     -4.068427529850     -4.794687825205
    8     -1.917875130080      4.068427529850     -4.794687825205
    8      1.917875130080      4.068427529850     -4.794687825205
    8     -1.917875130080     -4.068427529850     -4.794687825205
    8      5.753625390240      1.356142509950     -4.794687825205
    8     -5.753625390240     -1.356142509950     -4.794687825205
    8      5.753625390240     -1.356142509950     -4.794687825205
    8     -5.753625390240      1.356142509950     -4.794687825205
    8      5.753625390240      6.780712549750     -4.794687825205
    8     -5.753625390240     -6.780712549750     -4.794687825205
    8      5.753625390240     -6.780712549750     -4.794687825205
    8     -5.753625390240      6.780712549750     -4.794687825205
    8      5.753625390240     -4.068427529850     -4.794687825205
    8     -5.753625390240      4.068427529850     -4.794687825205
    8      5.753625390240      4.068427529850     -4.794687825205
    8     -5.753625390240     -4.068427529850     -4.794687825205
   14      7.368469762774     -7.408519419335      7.312019031206
    8      6.875792577758     -5.824314562772      7.344426628570
    8      7.590744446677     -7.828031114293      8.894989878945
    8     -6.395865424129     -7.537719019890      6.718065264114
    6      5.798788500233     -5.360642658435      6.530469278863
    6     -5.417218954630     -6.528712544248      7.085208066579
    6     -8.864855347438     -7.719243454609      9.776980795012
    6      5.343780494320     -4.029181255762      7.109051187074
    6     -5.621341037588     -5.240982066100      6.303898256004
    6     -8.458503115961     -8.207390711491     11.155104464863
    1      4.452634378091     -3.661248014704      6.584878416913
    1     -4.770662684642     -4.571773880988      6.484787787896
    1     -9.302780952363     -8.137970796592     11.853004634877
    1      5.105785303899     -4.135877054326      8.171376155488
    1      6.156113905641     -3.285053629548      7.049257034748
    1      4.964308432208     -6.077640815572      6.529256546469
    1      6.137702172820     -5.270896446295      5.487310534478
    1      7.215377040870      7.022618126967     11.114629881603
    1     -7.632293228028      8.667468711989     11.550857476555
    1     -9.205568818088     -6.669919642044      9.821996516951
    1      5.632798523216     -8.317047005004      9.390366741690
    1     -5.461323295182     -6.369016593245      8.170979221731
    1     -4.441927197641     -6.959747512106      6.825333032758
    1     -6.569685057963     -4.766172399775      6.556381252599
    1     -5.624760552180     -5.441246965713      5.231995488518
    8      6.301034711738     -8.279155169514      6.521174981527
    6      3.748671724679      6.078618347169      5.971817715732
    6      2.317870171762      5.552478469181      6.163410851933
    1      1.857480513107      5.344027977898      5.196031459823
    1      4.008354139943      6.820884511668      6.745643027535
    1      4.472036705514      5.258547170072      6.046160925210
    1      2.279240152587      4.640185196804      6.774834758204
    1      1.654264627189      6.283831804701      6.648949899340
    0    0
