   2   1   1 E -4.5963139024474E+04 DE 1.8E-07(  7)
  0.153430010406E+02  0.000000000000E+00  0.000000000000E+00
  0.000000000000E+00  0.162737101194E+02  0.000000000000E+00
  0.000000000000E+00  0.000000000000E+00  0.500000000000E+03
    1
  0.100000000000E+01  0.000000000000E+00  0.000000000000E+00
  0.000000000000E+00  0.100000000000E+01  0.000000000000E+00
  0.000000000000E+00  0.000000000000E+00  0.100000000000E+01
  0.000000000000E+00  0.000000000000E+00  0.000000000000E+00
  249
  258      1.913611460991      2.693250190317      4.265852535702
  258     -1.912967177490     -2.701547056381      4.261511771376
  258      1.916318182573     -2.720823974816      4.261229711117
  258     -1.926666817189      2.714296178042      4.264895287499
  258      1.824700047919     -8.078465602854      4.284505108010
  258     -1.949232607640     -8.126988357338      4.265083785330
  258      5.771544197083      2.706386906229      4.258570337981
  258     -5.751658081058     -2.698136586303      4.275920515162
  258      5.757684412027     -2.706637703093      4.260509834734
  258     -5.751217760422      2.720373215490      4.267111866994
  258      5.814313206963     -8.113056195465      4.338963724259
  258     -5.751691896615     -8.136925500555      4.300524048130
    8     -0.010213798999      3.987492852453      4.376965670815
    8      0.001961137830     -3.976426133140      4.368609856798
    8     -0.005173640595     -6.841103263906      4.404290680645
    8     -0.020152686800      6.893108510234      4.370398364682
    8      0.002514612971     -1.434706004080      4.373163235894
    8      0.010544886527      1.444761359203      4.376952165491
    8      3.850970837059      3.941150091315      4.287968604284
    8     -3.773395563876     -3.950029468740      4.336019087636
    8      3.797380198507     -4.031739962226      4.355520021369
    8     -3.833725443291      3.986495040128      4.372241056895
    8      3.766553883459     -6.990140200924      4.310878235624
    8     -3.826719831251      6.876094891761      4.377000758671
    8      3.858438656486      6.689022089554      4.698734473946
    8     -3.787202304857     -6.851454512481      4.373233738784
    8      3.843161406471     -1.470935299554      4.376714605506
    8     -3.831929338750      1.450608813127      4.379000303205
    8      3.820271886588      1.419044173387      4.389604555199
    8     -3.853841921078     -1.422754098774      4.382154215900
    8      7.657877363659      3.986215961156      4.375265159382
    8     -7.675186578800     -3.934294584709      4.334113612580
    8     -7.679788293696     -6.832435632871      4.302839491306
    8     -7.606674004579      6.888345241037      4.257556439880
    8      7.680789392394     -1.420766423991      4.380828466992
    8     -7.671810904336      1.448963737531      4.371942409193
  258     -0.000884761464     -0.001216026928      2.595254991360
  258     -0.000790395377      5.422810869431      2.607992724856
  258     -0.016620045533     -5.403014568318      2.579188912239
  258      3.836685638572     -0.001844427342      2.599894497032
  258     -3.838062464581      0.003974766093      2.598509326113
  258      3.835748239877      5.393411224276      2.567012868886
  258     -3.835277530218     -5.414504955703      2.593649401628
  258      3.833208307476     -5.437385645092      2.598573303852
  258     -3.836631978301      5.429927330084      2.594724396037
  258     -7.666311875222      0.000066588626      2.598119787238
  258     -7.668638248562      5.428703096809      2.593133255892
  258     -7.665485297718     -5.418249343689      2.592621620750
    8      1.918604751054      1.369639234737      2.534987147727
    8     -1.921013806155     -1.355024449199      2.538500821214
    8      1.921419241653     -1.361044970361      2.540553117552
    8     -1.916686525133      1.369348934800      2.541534503219
    8      1.987486284638      6.808521546925      2.619141910610
    8     -1.909134674504     -6.784605894682      2.532214859918
    8      1.867829559155     -6.776059985786      2.528965733223
    8     -1.919547046548      6.790417124602      2.536335990077
    8      1.907144500651     -4.053994039605      2.525089663300
    8     -1.911508712910      4.062830543500      2.539826688462
    8      1.905808129739      4.067894297833      2.538512845727
    8     -1.904525383990     -4.048282331726      2.519233370124
    8      5.750438568040      1.366486334561      2.541527402610
    8     -5.754682499315     -1.363731429687      2.534951018721
    8      5.756799581839     -1.352750103622      2.535109737676
    8     -5.750737148921      1.367059206701      2.542926766456
    8      5.667515158180      6.773255712777      2.591893069973
    8     -5.731471882107     -6.775715275545      2.544482361154
    8      5.747286407544     -6.748855116021      2.528645086866
    8     -5.718098940660      6.772314442602      2.505190122136
    8      5.740711541078     -4.046737468973      2.541322476863
    8     -5.756978096893      4.053223518692      2.542986970526
    8      5.764033788559      4.055936115882      2.519070017101
    8     -5.739516744285     -4.050691997030      2.550865436061
  258      1.914134432929      2.707956105516      0.647589841846
  258     -1.920490813169     -2.706339365983      0.645644129458
  258      1.920075910515     -2.712345177234      0.648980942899
  258     -1.918456987188      2.714377471461      0.651669163527
  258      1.917622042528      8.137626970681      0.659342591342
  258     -1.914996068318     -8.134308963814      0.651748613777
  258      5.758384002322      2.706956664201      0.646312551977
  258     -5.753027812161     -2.710550370914      0.653355944169
  258      5.752954760486     -2.713832823083      0.651675587659
  258     -5.752791212690      2.714148577167      0.651474269401
  258      5.748811256672     -8.135380482649      0.683552843938
  258     -5.749973189424     -8.133138195292      0.668524361595
    8     -0.000215502311      4.062114224409      0.694383209037
    8     -0.000078318047     -4.054827746822      0.678416265910
    8     -0.006911554258     -6.789168381343      0.677632803595
    8      0.031411159150      6.784362486192      0.727271656497
    8      0.000167636998     -1.361462652497      0.693371800862
    8      0.000284927348      1.365723298038      0.691951728510
    8      3.831155491486      4.057493008910      0.700588852576
    8     -3.837489620587     -4.054600776783      0.689183912521
    8      3.834702561089     -4.068419744639      0.689751433837
    8     -3.836329042371      4.063175428991      0.693365968388
    8      3.821413210193     -6.803365168207      0.702224326255
    8     -3.820050450176      6.794582043944      0.676877362084
    8      3.821911837779      6.768874935363      0.694192289808
    8     -3.827955191647     -6.784646009046      0.691879460346
    8      3.836773770842     -1.365965010036      0.693775376682
    8     -3.835250624654      1.368531725943      0.692607121783
    8      3.835384265540      1.362176183741      0.691434494316
    8     -3.835726854404     -1.359128491090      0.690462308665
    8     -7.665725118087      4.057981081193      0.679878336643
    8      7.674404175496     -4.055806403539      0.693005682874
    8      7.675883514506     -6.793212113704      0.695046985406
    8      7.644927776013      6.792088211312      0.718411965360
    8     -7.671605540913     -1.363960909642      0.689651249306
    8     -7.671093571014      1.363980342197      0.694526526588
  258     -0.000689718013     -0.000015499469     -1.135871210950
  258      0.002594531491      5.425059773729     -1.131184767483
  258     -0.000152053550     -5.424235719440     -1.139396114608
  258      3.836381749713     -0.001500840260     -1.134517270316
  258     -3.836763261626      0.002423822193     -1.134712996708
  258      3.836582476522      5.425304756537     -1.140265792360
  258     -3.836404341428     -5.424966296249     -1.134387916848
  258      3.836163893319     -5.427185877763     -1.132328607230
  258     -3.835653998087      5.427236108515     -1.132993043977
  258     -7.670018670942     -0.002111830834     -1.134436762288
  258      7.669689905743      5.430053420089     -1.130905815248
  258      7.671238095635     -5.428686935454     -1.131186101614
    8      1.916978336367      1.345468599198     -1.165804472624
    8     -1.917165899633     -1.340993645173     -1.168817772482
    8      1.918196149911     -1.343576957263     -1.166305920806
    8     -1.917189308429      1.346440688499     -1.164874080028
    8      1.914878056094      6.771156849461     -1.164006615654
    8     -1.920512145466     -6.769864283981     -1.171992362141
    8      1.920058411449     -6.773566088473     -1.160821555929
    8     -1.898139233786      6.768686665780     -1.159954242443
    8      1.920594436412     -4.081598661090     -1.169448547780
    8     -1.916756629532      4.081081393504     -1.164311740787
    8      1.919489687179      4.080189027062     -1.164058921786
    8     -1.919904566501     -4.078793499183     -1.168676321496
    8      5.755061505492      1.343052863858     -1.166739932673
    8     -5.753127789536     -1.343571032893     -1.165687413655
    8      5.751962509039     -1.346165606398     -1.166085129876
    8     -5.754325109571      1.345674644929     -1.165273141963
    8      5.749379986149      6.772808815399     -1.154499414795
    8     -5.751710556619     -6.769191945338     -1.162636057664
    8      5.748580424266     -6.773728331944     -1.149190081625
    8     -5.763324334233      6.770168087147     -1.154021929172
    8      5.754891623779     -4.082792680433     -1.163968484785
    8     -5.750799272655      4.082603715102     -1.167925474227
    8      5.748441302469      4.080896079903     -1.164591984206
    8     -5.755509175682     -4.080138548529     -1.165233151318
  258      1.917688410470      2.711873223313     -3.054380343759
  258     -1.918881722943     -2.712197326852     -3.054404605109
  258      1.918527170061     -2.712814060745     -3.053440026890
  258     -1.917844016133      2.713259076078     -3.052454122187
  258      1.917746826040     -8.136465932570     -3.051266250056
  258     -1.917314714900     -8.136719915599     -3.052702885250
  258      5.754690813384      2.712284879580     -3.054128302082
  258     -5.753843443600     -2.713246556785     -3.051822005000
  258      5.753987893055     -2.713781649694     -3.052448958102
  258     -5.753943195710      2.713542982954     -3.051922974589
  258      5.753450897256     -8.135906674638     -3.044445822308
  258     -5.754159059403     -8.136228547474     -3.047463087810
    8      0.000638312336     -1.317937942476     -3.045026336340
    8      0.000198849680      1.318826010698     -3.044586368012
    8      0.001078301702      4.107013821597     -3.041906403263
    8      0.000060761953     -4.105875633958     -3.046272351354
    8      0.001734702173     -6.743848475122     -3.045245591319
    8      0.001798513439      6.741694338334     -3.044827540264
    8      3.835777213285     -1.317856638104     -3.044565334412
    8     -3.835617218364      1.320032776568     -3.043935113906
    8      3.835870722503      1.319121473187     -3.043885194028
    8     -3.836219372477     -1.317312202671     -3.044588520971
    8      3.835238445048      4.106635004808     -3.045463080689
    8     -3.836616341791     -4.105639006403     -3.045426690381
    8      3.837127283950     -4.107137386447     -3.044284493218
    8     -3.834519467285      4.107812613276     -3.045465074110
    8      3.837100334316     -6.743124789712     -3.041889666716
    8     -3.835356122602      6.744024447268     -3.038266948631
    8      3.836411089875      6.742498565265     -3.042247696958
    8     -3.837339385359     -6.743336742857     -3.045436373799
    8      7.671295695642     -1.318793307245     -3.043898369697
    8     -7.671506071288      1.318824654273     -3.044791291430
    8      7.669958758029      4.108328916311     -3.042292873755
    8      7.671044513885     -4.108485153991     -3.044239387183
    8      7.669190586423     -6.744422243764     -3.039809710125
    8      7.669712315407      6.743461033236     -3.040978572250
  258      0.000000000000      0.000000000000     -4.794687825205
  258      0.000000000000      5.424570039800     -4.794687825205
  258      0.000000000000     -5.424570039800     -4.794687825205
  258      3.835750260160      0.000000000000     -4.794687825205
  258     -3.835750260160      0.000000000000     -4.794687825205
  258      3.835750260160      5.424570039800     -4.794687825205
  258     -3.835750260160     -5.424570039800     -4.794687825205
  258      3.835750260160     -5.424570039800     -4.794687825205
  258     -3.835750260160      5.424570039800     -4.794687825205
  258      7.671500520300      0.000000000000     -4.794687825205
  258      7.671500520300      5.424570039800     -4.794687825205
  258      7.671500520300     -5.424570039800     -4.794687825205
    8      1.917875130080      1.356142509950     -4.794687825205
    8     -1.917875130080     -1.356142509950     -4.794687825205
    8      1.917875130080     -1.356142509950     -4.794687825205
    8     -1.917875130080      1.356142509950     -4.794687825205
    8      1.917875130080      6.780712549750     -4.794687825205
    8     -1.917875130080     -6.780712549750     -4.794687825205
    8      1.917875130080     -6.780712549750     -4.794687825205
    8     -1.917875130080      6.780712549750     -4.794687825205
    8      1.917875130080     -4.068427529850     -4.794687825205
    8     -1.917875130080      4.068427529850     -4.794687825205
    8      1.917875130080      4.068427529850     -4.794687825205
    8     -1.917875130080     -4.068427529850     -4.794687825205
    8      5.753625390240      1.356142509950     -4.794687825205
    8     -5.753625390240     -1.356142509950     -4.794687825205
    8      5.753625390240     -1.356142509950     -4.794687825205
    8     -5.753625390240      1.356142509950     -4.794687825205
    8      5.753625390240      6.780712549750     -4.794687825205
    8     -5.753625390240     -6.780712549750     -4.794687825205
    8      5.753625390240     -6.780712549750     -4.794687825205
    8     -5.753625390240      6.780712549750     -4.794687825205
    8      5.753625390240     -4.068427529850     -4.794687825205
    8     -5.753625390240      4.068427529850     -4.794687825205
    8      5.753625390240      4.068427529850     -4.794687825205
    8     -5.753625390240     -4.068427529850     -4.794687825205
   14      7.367259441321     -7.399357952715      7.313082532195
    8      6.875520356447     -5.814901211347      7.341039166549
    8      7.589298463567     -7.809260923038      8.898830261906
    8     -6.398278198967     -7.536493874841      6.717271731678
    6      5.795437690920     -5.354520631661      6.529726996879
    6     -5.416467217812     -6.530953317919      7.086561794942
    6     -8.821445548403     -7.569900442492      9.809015106428
    6      5.340725577471     -4.022569803888      7.108546456371
    6     -5.616427035586     -5.241338678083      6.306782731644
    6     -8.582006426861     -8.362146615343     11.081227272114
    1      4.448915701858     -3.654007223215      6.585670384509
    1     -4.763038493956     -4.575652244512      6.486827199274
    1     -9.373551106147     -8.161713454622     11.815048507298
    1      5.103757559457     -4.129851407085      8.171317079122
    1      6.153065752228     -3.278242273081      7.048683881837
    1      4.961708020307     -6.072668768059      6.531618642131
    1      6.131544491261     -5.267415092580      5.485383174859
    1      6.774317366703      6.837079184348     10.871104258124
    1     -7.619187889692      8.178616761878     11.529371062534
    1     -8.887041862901     -6.490966255244     10.026031054203
    1      5.557988696494     -7.864714201348      9.355889698135
    1     -5.460891204929     -6.373344840024      8.172799078611
    1     -4.442413028425     -6.964364851997      6.826196716814
    1     -6.562622998262     -4.762743680651      6.560773438185
    1     -5.621268184303     -5.440851195984      5.234740123386
    8      6.300808418892     -8.270297186692      6.521834470315
    6      3.749046668092      6.077298746677      5.971731581988
    6      2.317116310071      5.555424766093      6.164419356349
    1      1.856692798875      5.344166605412      5.197538768758
    1      4.013200344636      6.817629636444      6.746065952274
    1      4.467968127531      5.253163284197      6.041809404366
    1      2.276331866382      4.645427924127      6.779612922397
    1      1.654395669730      6.290056937968      6.646876130704
    0    0
