   2   1   1 E -4.5963138701201E+04 DE 1.8E-05(  3)
  0.153430010406E+02  0.000000000000E+00  0.000000000000E+00
  0.000000000000E+00  0.162737101194E+02  0.000000000000E+00
  0.000000000000E+00  0.000000000000E+00  0.500000000000E+03
    1
  0.100000000000E+01  0.000000000000E+00  0.000000000000E+00
  0.000000000000E+00  0.100000000000E+01  0.000000000000E+00
  0.000000000000E+00  0.000000000000E+00  0.100000000000E+01
  0.000000000000E+00  0.000000000000E+00  0.000000000000E+00
  249
  258      1.912088090948      2.692959115285      4.265228664816
  258     -1.912725861334     -2.704396400109      4.261146487682
  258      1.916127845579     -2.721232758697      4.260355117996
  258     -1.927063086464      2.713674516792      4.264683716375
  258      1.826038440927     -8.080265528870      4.285257618071
  258     -1.947665427011     -8.127552426032      4.265874275478
  258      5.772329352927      2.706114551312      4.258861498879
  258     -5.752991944722     -2.698217593511      4.276480045233
  258      5.756565726779     -2.704227139863      4.259572021275
  258     -5.751191142860      2.719150064706      4.266442007964
  258      5.815912408632     -8.114448907628      4.338800341997
  258     -5.752290694587     -8.138266434641      4.297878358117
    8     -0.008489416864      3.985962863575      4.376357305632
    8      0.002804954882     -3.977014964446      4.368879331384
    8     -0.006183681342     -6.842883261616      4.405544450628
    8     -0.019621892503      6.891145571758      4.370474701722
    8      0.001923196940     -1.434511377247      4.372918581001
    8      0.010726653746      1.443798346520      4.375968985878
    8      3.852732583919      3.939546445988      4.283920965573
    8     -3.768898998217     -3.949256897509      4.332117163657
    8      3.797749742677     -4.032341107059      4.355068296027
    8     -3.832733303618      3.986620118284      4.372324380194
    8      3.766397616543     -6.991522552280      4.312081316159
    8     -3.824999998301      6.875458203217      4.377927142436
    8      3.860726296125      6.687256635907      4.693430984523
    8     -3.788518381093     -6.852614864221      4.368184176383
    8      3.844166176047     -1.472346521049      4.377028839182
    8     -3.832815537147      1.451434358456      4.378525765548
    8      3.818594452457      1.417408533666      4.390236387324
    8     -3.855793305832     -1.422175597243      4.384391833927
    8      7.654167366275      3.986550494990      4.375707192264
    8     -7.670567847894     -3.934571182716      4.334181137253
    8     -7.679479832203     -6.834419481062      4.302719604974
    8     -7.605925078460      6.886216346889      4.258970558558
    8      7.676182789745     -1.421106752081      4.380232471510
    8     -7.671610645845      1.449177377976      4.371545140829
  258     -0.001358652713     -0.002478619735      2.595370451164
  258     -0.000305231576      5.423293852969      2.607026063845
  258     -0.015343072454     -5.404773226447      2.578448620339
  258      3.836050794997     -0.000656863204      2.598589043149
  258     -3.837778686101      0.002207557560      2.598822581928
  258      3.836294450678      5.391936613250      2.566525400189
  258     -3.834754249069     -5.416155765055      2.593256207514
  258      3.833759009142     -5.437880043920      2.599919303398
  258     -3.835966018170      5.429377524567      2.594866120514
  258     -7.666176083733     -0.000138965186      2.596253821547
  258     -7.669250151674      5.427931855388      2.592463795371
  258     -7.665314771982     -5.417719921285      2.593038846560
    8      1.918896226716      1.369270597764      2.533931202793
    8     -1.922067559892     -1.357287436501      2.538223579778
    8      1.920020985516     -1.361701522297      2.540657913877
    8     -1.917114922758      1.367698197055      2.541539987482
    8      1.987834502052      6.807732576979      2.619924619890
    8     -1.907563456730     -6.785928058570      2.531664528660
    8      1.868571525935     -6.777634079881      2.530795670938
    8     -1.918111970681      6.789156304822      2.536164031813
    8      1.908419589346     -4.055008209604      2.525184730255
    8     -1.911075892589      4.061265620719      2.540275797553
    8      1.906218395160      4.068499242669      2.537591015945
    8     -1.902023329023     -4.050640022688      2.516728463499
    8      5.749411214009      1.365900612296      2.540388698487
    8     -5.755427785829     -1.363567092276      2.536406759149
    8      5.755469497684     -1.352722091411      2.533379420945
    8     -5.751667147661      1.366221889830      2.542410111827
    8      5.668081523532      6.773770418464      2.591082159378
    8     -5.734014017659     -6.775968754672      2.542369147633
    8      5.747622705279     -6.749711606994      2.530547647069
    8     -5.717992181264      6.770481854145      2.503905271507
    8      5.742605385431     -4.048263276049      2.541499332845
    8     -5.757287329543      4.051866155034      2.544639658849
    8      5.765857805081      4.056111764016      2.516340507813
    8     -5.739111261906     -4.050988042592      2.551673271503
  258      1.913635941539      2.707742730206      0.646968742540
  258     -1.919934558294     -2.707028937422      0.645575951997
  258      1.920142512243     -2.713022110642      0.648216118958
  258     -1.918363820617      2.714099271229      0.651799946847
  258      1.918179884777      8.137834765667      0.659900426895
  258     -1.915318996561     -8.134475595428      0.651556630347
  258      5.758378564089      2.706700504727      0.646132393704
  258     -5.752368628851     -2.711336502415      0.653545108793
  258      5.752665792562     -2.714225505049      0.651434984390
  258     -5.752207117021      2.714061697773      0.651052450496
  258      5.748780639318     -8.135022376248      0.683467765771
  258     -5.749992367663     -8.133444762703      0.667662167141
    8     -0.000908714441      4.062090305819      0.694627783602
    8      0.001528741863     -4.055294362436      0.678343550890
    8     -0.004614586885     -6.789244127347      0.677736193416
    8      0.031671870341      6.784837153535      0.726643916752
    8     -0.000571578746     -1.361176502808      0.692038366241
    8      0.000836969321      1.366229981669      0.691937867022
    8      3.831714864291      4.056293970115      0.699475324668
    8     -3.838901649770     -4.056328022390      0.689375543710
    8      3.835656324652     -4.068811748712      0.689896119467
    8     -3.836196565271      4.062051434646      0.693907782373
    8      3.821576323309     -6.802691394692      0.702591807789
    8     -3.819223365612      6.793933476786      0.676615126887
    8      3.821470871980      6.768206473598      0.694130542784
    8     -3.828252720142     -6.785805013858      0.691365456198
    8      3.836065429462     -1.366863483962      0.694541902412
    8     -3.835631870878      1.366772037283      0.693573682270
    8      3.835012046521      1.361729939758      0.690503253082
    8     -3.836724646187     -1.360884899595      0.690759854940
    8     -7.663062690707      4.058206505840      0.679106927537
    8      7.675238834314     -4.055923073588      0.691910956818
    8      7.673888781255     -6.792600238367      0.693386541736
    8      7.644485469412      6.792917553659      0.718041045169
    8     -7.671254960887     -1.364458893431      0.690780600534
    8     -7.671684140599      1.364268233628      0.694082965331
  258     -0.000544123719     -0.000247131390     -1.136050875085
  258      0.003009386528      5.425005599180     -1.131180103298
  258     -0.000065906591     -5.424585078761     -1.139925727915
  258      3.836562329142     -0.001777805731     -1.134914841499
  258     -3.836504083745      0.002067066987     -1.134699823435
  258      3.836511261500      5.425697281104     -1.140600104500
  258     -3.836445718902     -5.424804590829     -1.134879693781
  258      3.836360110699     -5.427456112354     -1.132171713972
  258     -3.835489731845      5.426874320662     -1.133227677019
  258     -7.669545267931     -0.002504479224     -1.134661398412
  258      7.669354288129      5.429686775786     -1.130907036443
  258      7.671356721284     -5.428744265570     -1.131066345308
    8      1.916804967347      1.344648334890     -1.166780715260
    8     -1.918221733968     -1.340804370850     -1.169015238386
    8      1.919230877806     -1.344091650111     -1.165878270181
    8     -1.917761312825      1.346699368568     -1.164220058400
    8      1.914915025920      6.770789681699     -1.163773780235
    8     -1.919559775563     -6.769236041060     -1.170951240786
    8      1.920508274265     -6.773773617839     -1.160796976594
    8     -1.897999404592      6.768982559823     -1.160456568612
    8      1.920367519923     -4.081771397236     -1.169976104030
    8     -1.916677173430      4.081749823111     -1.164199122031
    8      1.918684093300      4.079974061558     -1.163747023860
    8     -1.920142293849     -4.078692565244     -1.167801961409
    8      5.755077448796      1.343090826676     -1.167608594504
    8     -5.753763264873     -1.343514323658     -1.165501094832
    8      5.752041685511     -1.345916392670     -1.165251417711
    8     -5.754388005970      1.345248842682     -1.164995136192
    8      5.749051165776      6.772705585512     -1.154071682040
    8     -5.751942058647     -6.769061490373     -1.162818269058
    8      5.747864719100     -6.773847164119     -1.150655569251
    8     -5.763451009101      6.770002603176     -1.153518536275
    8      5.754274966350     -4.082519767177     -1.164879432910
    8     -5.749389874776      4.082291247348     -1.168647089370
    8      5.749554595574      4.081708961429     -1.164894606048
    8     -5.754680916295     -4.079802872875     -1.166342328725
  258      1.917734229488      2.712065351830     -3.054498472601
  258     -1.918754167773     -2.712277417120     -3.054552916955
  258      1.918894374143     -2.712892608231     -3.053913868199
  258     -1.917823342055      2.713145290310     -3.052258759950
  258      1.917968520509     -8.136376229652     -3.051087442912
  258     -1.917264639305     -8.136859896041     -3.052507888301
  258      5.754495439911      2.712111144721     -3.054096425433
  258     -5.754046978956     -2.713218410800     -3.051920844842
  258      5.754277120390     -2.713933646038     -3.052355672716
  258     -5.754125738943      2.713572114598     -3.052047604879
  258      5.753812438566     -8.135913189331     -3.044200235243
  258     -5.754066043709     -8.136372371427     -3.047833727112
    8      0.000723943227     -1.317313711046     -3.044423678250
    8     -0.000527931919      1.319264928516     -3.044598429293
    8      0.000991706759      4.107586586816     -3.042070703132
    8     -0.000513187900     -4.105237677890     -3.046289915604
    8      0.001794834545     -6.743302392762     -3.045319110587
    8      0.001683671581      6.742214226879     -3.045610577421
    8      3.835783903015     -1.317860830479     -3.044983431588
    8     -3.835701250431      1.319560374039     -3.043915445643
    8      3.835746142973      1.318785705962     -3.044076947201
    8     -3.836508452826     -1.317752806134     -3.044634107768
    8      3.834923622121      4.105883655071     -3.044888457490
    8     -3.836023109044     -4.106437747064     -3.045700968939
    8      3.836729748391     -4.107212573456     -3.044461963225
    8     -3.834106237793      4.107564689411     -3.045915500670
    8      3.836542556629     -6.743597435336     -3.042603289519
    8     -3.835813524179      6.743800801577     -3.037963370443
    8      3.836315099173      6.741975329510     -3.042297120975
    8     -3.837114142576     -6.744419111029     -3.045555578838
    8      7.671101242560     -1.318508382481     -3.043898786485
    8     -7.671373244541      1.318754781371     -3.044728970697
    8      7.670372027813      4.108518186928     -3.042480613295
    8      7.670765287263     -4.107725556120     -3.044449618852
    8      7.669285734562     -6.743879936769     -3.040134541678
    8      7.669562162303      6.743767821495     -3.041184454653
  258      0.000000000000      0.000000000000     -4.794687825205
  258      0.000000000000      5.424570039800     -4.794687825205
  258      0.000000000000     -5.424570039800     -4.794687825205
  258      3.835750260160      0.000000000000     -4.794687825205
  258     -3.835750260160      0.000000000000     -4.794687825205
  258      3.835750260160      5.424570039800     -4.794687825205
  258     -3.835750260160     -5.424570039800     -4.794687825205
  258      3.835750260160     -5.424570039800     -4.794687825205
  258     -3.835750260160      5.424570039800     -4.794687825205
  258      7.671500520300      0.000000000000     -4.794687825205
  258      7.671500520300      5.424570039800     -4.794687825205
  258      7.671500520300     -5.424570039800     -4.794687825205
    8      1.917875130080      1.356142509950     -4.794687825205
    8     -1.917875130080     -1.356142509950     -4.794687825205
    8      1.917875130080     -1.356142509950     -4.794687825205
    8     -1.917875130080      1.356142509950     -4.794687825205
    8      1.917875130080      6.780712549750     -4.794687825205
    8     -1.917875130080     -6.780712549750     -4.794687825205
    8      1.917875130080     -6.780712549750     -4.794687825205
    8     -1.917875130080      6.780712549750     -4.794687825205
    8      1.917875130080     -4.068427529850     -4.794687825205
    8     -1.917875130080      4.068427529850     -4.794687825205
    8      1.917875130080      4.068427529850     -4.794687825205
    8     -1.917875130080     -4.068427529850     -4.794687825205
    8      5.753625390240      1.356142509950     -4.794687825205
    8     -5.753625390240     -1.356142509950     -4.794687825205
    8      5.753625390240     -1.356142509950     -4.794687825205
    8     -5.753625390240      1.356142509950     -4.794687825205
    8      5.753625390240      6.780712549750     -4.794687825205
    8     -5.753625390240     -6.780712549750     -4.794687825205
    8      5.753625390240     -6.780712549750     -4.794687825205
    8     -5.753625390240      6.780712549750     -4.794687825205
    8      5.753625390240     -4.068427529850     -4.794687825205
    8     -5.753625390240      4.068427529850     -4.794687825205
    8      5.753625390240      4.068427529850     -4.794687825205
    8     -5.753625390240     -4.068427529850     -4.794687825205
   14      7.364792286344     -7.394987941673      7.311483357689
    8      6.880231839277     -5.807925212761      7.324791412230
    8      7.582448025887     -7.786433752606      8.902073662483
    8     -6.399246411442     -7.542546588376      6.720432090354
    6      5.797327934210     -5.351142381432      6.515172724115
    6     -5.416628097050     -6.538605984777      7.088447895068
    6     -8.766535771815     -7.423427427110      9.843660592405
    6      5.330139999674     -4.028827447347      7.104681747596
    6     -5.616310427179     -5.246842928446      6.311496557656
    6     -8.612559526326     -8.267882633366     11.093512314445
    1      4.441081690908     -3.658990678697      6.578622249513
    1     -4.759187255073     -4.584489412124      6.486887570683
    1     -9.344028007401     -7.965219476280     11.856226369810
    1      5.085703310127     -4.150178076312      8.164080201212
    1      6.138832392076     -3.279469036108      7.060597722113
    1      4.969641779919     -6.075888808689      6.509656361624
    1      6.134299862385     -5.253773342460      5.472157642701
    1      6.576836811261      6.945717060037     10.865849150389
    1     -7.608092734143      8.119232671951     11.514481850634
    1     -8.675710846940     -6.351839808122     10.084697494012
    1      5.570094917345     -7.569667679976      9.412285985270
    1     -5.458806173180     -6.382438368266      8.174939113890
    1     -4.442971682461     -6.972180882842      6.826089202203
    1     -6.559900295670     -4.765095333076      6.570595877678
    1     -5.630200772776     -5.445496223086      5.239083889120
    8      6.299001177458     -8.269655451575      6.523807800184
    6      3.749529871060      6.079244567790      5.967953921351
    6      2.320481116499      5.547130850139      6.157025925283
    1      1.859970389937      5.338807823915      5.189930266110
    1      4.001597598323      6.825038892276      6.741467863456
    1      4.478390199792      5.264176715083      6.050656771203
    1      2.283570657254      4.634573633591      6.767989450970
    1      1.654664336980      6.276023129077      6.642740880430
    0    0
