   2   1   1 E -4.5963139256990E+04 DE 2.0E-07(  3)
  0.153430010406E+02  0.000000000000E+00  0.000000000000E+00
  0.000000000000E+00  0.162737101194E+02  0.000000000000E+00
  0.000000000000E+00  0.000000000000E+00  0.500000000000E+03
    1
  0.100000000000E+01  0.000000000000E+00  0.000000000000E+00
  0.000000000000E+00  0.100000000000E+01  0.000000000000E+00
  0.000000000000E+00  0.000000000000E+00  0.100000000000E+01
  0.000000000000E+00  0.000000000000E+00  0.000000000000E+00
  249
  258      1.912938524290      2.693361530663      4.265542401806
  258     -1.913479978662     -2.702624023560      4.261277504720
  258      1.916227546412     -2.721336140763      4.260832639369
  258     -1.926889433048      2.713666591173      4.264770208829
  258      1.824980761029     -8.079477004304      4.284479848631
  258     -1.948927461129     -8.127263052373      4.267236996524
  258      5.771318240486      2.705858968523      4.258739338788
  258     -5.752215311461     -2.698883743309      4.275934894952
  258      5.757457146056     -2.706323936651      4.260911845158
  258     -5.752085938070      2.719168453952      4.266462623898
  258      5.814708370526     -8.113848310209      4.337952973397
  258     -5.751525910444     -8.138160332227      4.298555569282
    8     -0.008726040595      3.987072887056      4.376475812478
    8      0.001382568927     -3.976931355324      4.368583867355
    8     -0.005644395876     -6.842508501411      4.407420890540
    8     -0.019852512588      6.892217906144      4.366132838072
    8      0.002486496787     -1.434662053936      4.372638849306
    8      0.009485839283      1.444482259368      4.377087015215
    8      3.851262680994      3.941177252525      4.288048579339
    8     -3.773915282795     -3.950889594562      4.334018639054
    8      3.795286193633     -4.031566453134      4.355995032644
    8     -3.832253217268      3.985518466678      4.371687592754
    8      3.767272814094     -6.990180537157      4.309200706941
    8     -3.825531496251      6.874894222111      4.381379810942
    8      3.857523806656      6.689346420389      4.698085861616
    8     -3.789115075063     -6.853267373258      4.367783804088
    8      3.844108151838     -1.470598865887      4.376845033921
    8     -3.833116927449      1.449762212067      4.378289236009
    8      3.821222013912      1.419268336828      4.388869838308
    8     -3.852267004580     -1.423613896654      4.383767535755
    8      7.655678051908      3.986026386006      4.374539997431
    8     -7.672363430437     -3.934594308018      4.335117170207
    8     -7.681549259694     -6.832977650901      4.304909097126
    8     -7.605840274902      6.887546605458      4.255652363706
    8      7.675787271869     -1.421287414193      4.379592198498
    8     -7.669038087197      1.448696649416      4.372641244179
  258     -0.001147079173     -0.001935069986      2.595423635657
  258     -0.000915672882      5.422713382507      2.607180345572
  258     -0.016600346750     -5.403667460248      2.579187017029
  258      3.836433528805     -0.002151502964      2.599429211627
  258     -3.838197876755      0.003257072923      2.598572417621
  258      3.835881356040      5.392635316489      2.566785326604
  258     -3.835422084894     -5.415496522769      2.592979788790
  258      3.833171066527     -5.437884468854      2.598930557762
  258     -3.836101138481      5.429449198435      2.595198643365
  258     -7.666678658638     -0.000629100769      2.596624979027
  258     -7.668906322133      5.427869138600      2.592103951792
  258     -7.665544872679     -5.418769017277      2.592753286060
    8      1.918218857558      1.369210508805      2.535389014962
    8     -1.921284596589     -1.355673317804      2.537895796832
    8      1.921314110116     -1.361468403479      2.540460404156
    8     -1.916943890196      1.369057337099      2.541458087932
    8      1.988498535079      6.808422938723      2.618483396780
    8     -1.907673836408     -6.785072243902      2.532846712166
    8      1.867024976450     -6.776678949907      2.530321466119
    8     -1.921035182295      6.790641513210      2.537125292965
    8      1.907116350919     -4.054549350058      2.524578877607
    8     -1.910709788588      4.062577136065      2.539668346153
    8      1.906519037144      4.067582576781      2.538062618586
    8     -1.904306444248     -4.049022179284      2.518407537218
    8      5.751889306686      1.365759403569      2.541751124979
    8     -5.754546923522     -1.363239566105      2.537589276905
    8      5.755397663291     -1.353716950670      2.533381442521
    8     -5.751344310961      1.367019481635      2.541076034480
    8      5.667270075704      6.773059993640      2.591514174968
    8     -5.734448833764     -6.775409752732      2.544107097000
    8      5.747960481519     -6.749290164076      2.527004887615
    8     -5.716416150019      6.771996727800      2.504755703956
    8      5.741102698760     -4.047707769382      2.543241804452
    8     -5.756991518565      4.053286829961      2.543538412178
    8      5.763285134618      4.055615593526      2.518231601011
    8     -5.740226725746     -4.050248792851      2.549922393578
  258      1.913968640155      2.707571474586      0.647352341156
  258     -1.920671618231     -2.706623768114      0.645632835577
  258      1.919702307502     -2.712724359970      0.648599744333
  258     -1.918536538479      2.713981650296      0.651671681981
  258      1.917516056707      8.137498110226      0.659271657018
  258     -1.915288428930     -8.134539069720      0.652571586635
  258      5.758223369576      2.706609379038      0.646129878707
  258     -5.753093505886     -2.711059680229      0.653226442130
  258      5.752490866851     -2.714546104366      0.651793206426
  258     -5.752590054505      2.713990065373      0.651149579712
  258      5.748421418180     -8.135614780924      0.683160546701
  258     -5.750161490132     -8.133585637824      0.667261462575
    8      0.000105442892      4.061519561178      0.694008548771
    8     -0.000191450852     -4.055785207140      0.678486556625
    8     -0.005922047230     -6.789670538405      0.677766787714
    8      0.030501958125      6.784131937522      0.727162693082
    8      0.000312179933     -1.362046877500      0.692774722858
    8      0.000448874013      1.365206045639      0.692064494650
    8      3.831084112850      4.057149921924      0.699470792897
    8     -3.837765383504     -4.055653863843      0.688676247501
    8      3.835855303863     -4.069144350148      0.690271671110
    8     -3.836051967618      4.061950594113      0.693807655813
    8      3.820244598260     -6.803498070517      0.702128374202
    8     -3.819768140226      6.793611873681      0.676582047220
    8      3.822357826763      6.768455797506      0.693675981222
    8     -3.829005668045     -6.785593660833      0.692472690583
    8      3.835793515797     -1.366570772535      0.693153066715
    8     -3.834657145335      1.367112381762      0.692545680678
    8      3.835677943700      1.362044175747      0.692268565176
    8     -3.836957623231     -1.360357265367      0.691094602124
    8     -7.665379826371      4.057409664312      0.679959011339
    8      7.673003629025     -4.056400991502      0.692630130860
    8      7.676429764335     -6.793147614521      0.694043332643
    8      7.644835542432      6.791791557732      0.718442102501
    8     -7.670346028344     -1.364759005254      0.690676002676
    8     -7.671755388361      1.363453953974      0.693295189512
  258     -0.000812341145     -0.000207549560     -1.135917096103
  258      0.002602946568      5.424768590231     -1.131305346958
  258     -0.000454707168     -5.424480405576     -1.139496460330
  258      3.836334048787     -0.001756337546     -1.134640609763
  258     -3.836911821982      0.002153593093     -1.134798551895
  258      3.836378017012      5.425277499752     -1.140429706650
  258     -3.836488318777     -5.425031878123     -1.134744726376
  258      3.835914390651     -5.427439112581     -1.132390052964
  258     -3.835354379832      5.426904981323     -1.132949538307
  258     -7.670124226350     -0.002460320432     -1.134725228689
  258      7.669489507295      5.429683697919     -1.131221840677
  258      7.670920936965     -5.428924295753     -1.131234527625
    8      1.917263023732      1.345093467782     -1.165680221086
    8     -1.917849878912     -1.340779543479     -1.168353102515
    8      1.918356209082     -1.343630116078     -1.166714962739
    8     -1.917039060141      1.346689834918     -1.165102216142
    8      1.914642129337      6.770990074666     -1.163550016931
    8     -1.920688771627     -6.769484332473     -1.170850285046
    8      1.919983557055     -6.773473355500     -1.161334845804
    8     -1.898266574583      6.769047234665     -1.160179741510
    8      1.920609102535     -4.081514087236     -1.169192151084
    8     -1.916684123917      4.081646695204     -1.164222692800
    8      1.919200477491      4.079963211460     -1.164356687103
    8     -1.919860876120     -4.078691626766     -1.168829818075
    8      5.754476187288      1.342979562005     -1.167164027001
    8     -5.753194593309     -1.343908737646     -1.165875101076
    8      5.752608363057     -1.345802617900     -1.165180871073
    8     -5.754075110210      1.345257025715     -1.165225203496
    8      5.749731550321      6.772908156380     -1.154750193380
    8     -5.751317115678     -6.769465794615     -1.163463981238
    8      5.748390652735     -6.773428849454     -1.149199226396
    8     -5.763782821874      6.769851317404     -1.153943350609
    8      5.754096939749     -4.082354276127     -1.165114178029
    8     -5.750450358788      4.082507306355     -1.167782430731
    8      5.748985732366      4.081200509891     -1.164909064316
    8     -5.755580460345     -4.080415013652     -1.164936840968
  258      1.917619589396      2.711896165177     -3.054435283157
  258     -1.918842764344     -2.712271705895     -3.054455069881
  258      1.918575605658     -2.712854477259     -3.053617913009
  258     -1.917895673226      2.713100770989     -3.052423748827
  258      1.917698434200     -8.136494510917     -3.051287275530
  258     -1.917258786562     -8.136815293185     -3.052301376398
  258      5.754525297470      2.712176122716     -3.054193816402
  258     -5.753992081747     -2.713356116720     -3.051904039429
  258      5.753987278264     -2.713818299555     -3.052395519143
  258     -5.753992290004      2.713519121652     -3.051996779965
  258      5.753467448465     -8.136012747985     -3.044495872243
  258     -5.754047091158     -8.136407794105     -3.047856546368
    8      0.000369630731     -1.317969071150     -3.044787318604
    8      0.000206387746      1.318725343573     -3.044634781696
    8      0.000971438603      4.107099494614     -3.042052279397
    8     -0.000032185078     -4.105911871221     -3.046303015817
    8      0.001417478503     -6.743870430297     -3.045173588928
    8      0.001798485960      6.741696034074     -3.045130992904
    8      3.836066235080     -1.318365603973     -3.044553475779
    8     -3.835642266662      1.319930331532     -3.044017489057
    8      3.835655568864      1.318460698563     -3.044121273461
    8     -3.836197322402     -1.317342306729     -3.044703617524
    8      3.835226716745      4.106017979145     -3.045418184268
    8     -3.836674293570     -4.105864831286     -3.045341709933
    8      3.836652033259     -4.107782193633     -3.044586877381
    8     -3.834465328240      4.107768267271     -3.045486015964
    8      3.837109096785     -6.743825819207     -3.042110572043
    8     -3.835651296470      6.743902366708     -3.038147813481
    8      3.836280212534      6.742001451343     -3.042262066447
    8     -3.836997571144     -6.743572074660     -3.045799587932
    8      7.671260964251     -1.318859545615     -3.044007425657
    8     -7.671406153397      1.318613756799     -3.044657686626
    8      7.670277502370      4.108172177284     -3.042375790611
    8      7.671231123285     -4.108290276842     -3.044284843003
    8      7.669032061560     -6.744349424781     -3.040015223447
    8      7.669668884581      6.743291721871     -3.041337706933
  258      0.000000000000      0.000000000000     -4.794687825205
  258      0.000000000000      5.424570039800     -4.794687825205
  258      0.000000000000     -5.424570039800     -4.794687825205
  258      3.835750260160      0.000000000000     -4.794687825205
  258     -3.835750260160      0.000000000000     -4.794687825205
  258      3.835750260160      5.424570039800     -4.794687825205
  258     -3.835750260160     -5.424570039800     -4.794687825205
  258      3.835750260160     -5.424570039800     -4.794687825205
  258     -3.835750260160      5.424570039800     -4.794687825205
  258      7.671500520300      0.000000000000     -4.794687825205
  258      7.671500520300      5.424570039800     -4.794687825205
  258      7.671500520300     -5.424570039800     -4.794687825205
    8      1.917875130080      1.356142509950     -4.794687825205
    8     -1.917875130080     -1.356142509950     -4.794687825205
    8      1.917875130080     -1.356142509950     -4.794687825205
    8     -1.917875130080      1.356142509950     -4.794687825205
    8      1.917875130080      6.780712549750     -4.794687825205
    8     -1.917875130080     -6.780712549750     -4.794687825205
    8      1.917875130080     -6.780712549750     -4.794687825205
    8     -1.917875130080      6.780712549750     -4.794687825205
    8      1.917875130080     -4.068427529850     -4.794687825205
    8     -1.917875130080      4.068427529850     -4.794687825205
    8      1.917875130080      4.068427529850     -4.794687825205
    8     -1.917875130080     -4.068427529850     -4.794687825205
    8      5.753625390240      1.356142509950     -4.794687825205
    8     -5.753625390240     -1.356142509950     -4.794687825205
    8      5.753625390240     -1.356142509950     -4.794687825205
    8     -5.753625390240      1.356142509950     -4.794687825205
    8      5.753625390240      6.780712549750     -4.794687825205
    8     -5.753625390240     -6.780712549750     -4.794687825205
    8      5.753625390240     -6.780712549750     -4.794687825205
    8     -5.753625390240      6.780712549750     -4.794687825205
    8      5.753625390240     -4.068427529850     -4.794687825205
    8     -5.753625390240      4.068427529850     -4.794687825205
    8      5.753625390240      4.068427529850     -4.794687825205
    8     -5.753625390240     -4.068427529850     -4.794687825205
   14      7.367853449743     -7.409375508181      7.311842110713
    8      6.875368695983     -5.825029447296      7.343993383197
    8      7.590419017089     -7.828839890666      8.894798077295
    8     -6.396449893146     -7.538307790242      6.718040060131
    6      5.798173495034     -5.361242989373      6.530497418425
    6     -5.417972083917     -6.529303209789      7.085609701101
    6     -8.863217076121     -7.715714100235      9.778722572194
    6      5.343121479460     -4.029818046073      7.109083964291
    6     -5.621812970334     -5.241484885997      6.304287386336
    6     -8.448869532173     -8.181931533520     11.161716754047
    1      4.452210534374     -3.661760871982      6.584505983856
    1     -4.771086885931     -4.572372579394      6.485406943684
    1     -9.290984532200     -8.108421928196     11.862051208975
    1      5.104492925262     -4.136458220755      8.171336672784
    1      6.155517828641     -3.285711431218      7.049678464623
    1      4.963604811038     -6.078254436494      6.529247071011
    1      6.136763409483     -5.271194522261      5.487213696933
    1      7.232162954343      7.050594409295     11.134649960854
    1     -7.625727795412      8.703782724945     11.545538439615
    1     -9.210875897846     -6.668493377580      9.810382449456
    1      5.638271867749     -8.324544126796      9.402649644416
    1     -5.462460580313     -6.369826143040      8.171460909680
    1     -4.442548787522     -6.960335613023      6.826018396296
    1     -6.570206834078     -4.766513868600      6.556372965227
    1     -5.624760644372     -5.441797796913      5.232368292643
    8      6.300603562596     -8.279835266407      6.520521380058
    6      3.748435231486      6.078399178820      5.971454510895
    6      2.317447025782      5.553171677506      6.163637300118
    1      1.856625820062      5.343666758719      5.196647868822
    1      4.009103226581      6.820283891021      6.745350983819
    1      4.470943343861      5.257554550591      6.044788239761
    1      2.278403373770      4.641723609559      6.776376638895
    1      1.654094641949      6.285416815868      6.648345971111
    0    0
