   2   1   1 E -4.5963138658813E+04 DE-1.3E-06(  6)
  0.153430010406E+02  0.000000000000E+00  0.000000000000E+00
  0.000000000000E+00  0.162737101194E+02  0.000000000000E+00
  0.000000000000E+00  0.000000000000E+00  0.500000000000E+03
    1
  0.100000000000E+01  0.000000000000E+00  0.000000000000E+00
  0.000000000000E+00  0.100000000000E+01  0.000000000000E+00
  0.000000000000E+00  0.000000000000E+00  0.100000000000E+01
  0.000000000000E+00  0.000000000000E+00  0.000000000000E+00
  249
  258      1.912342021437      2.693241981629      4.265210341823
  258     -1.912448608161     -2.704451296238      4.260947382157
  258      1.916420076008     -2.721173561097      4.260238138275
  258     -1.926865705474      2.713676696438      4.264665895948
  258      1.826574956332     -8.080398091056      4.285195327503
  258     -1.947114336414     -8.127581345650      4.265857851611
  258      5.772527671213      2.705949037216      4.258724322727
  258     -5.752668138183     -2.698435519095      4.276419818352
  258      5.756942474549     -2.704035163966      4.259465915449
  258     -5.751140604601      2.719097341975      4.266317780532
  258      5.816198574698     -8.114414435075      4.338981609500
  258     -5.751830164401     -8.138563140239      4.297662982663
    8     -0.007941431333      3.986151471084      4.376220262664
    8      0.003057038894     -3.977027842385      4.368788678220
    8     -0.005672366351     -6.842991269663      4.405835658344
    8     -0.019066362623      6.891132680481      4.369986069260
    8      0.002186323353     -1.434392413484      4.372801390716
    8      0.010887536332      1.443963822191      4.375984288564
    8      3.853265170560      3.939596064280      4.284037946658
    8     -3.768530170127     -3.949220588627      4.331387779107
    8      3.797590114363     -4.032044400671      4.355000528411
    8     -3.832342305016      3.986592907705      4.372154694570
    8      3.766918436957     -6.991492278618      4.311779700512
    8     -3.824392362146      6.875265873457      4.377987003024
    8      3.862529879592      6.686226236005      4.693362674518
    8     -3.787884752887     -6.852938280755      4.367192064420
    8      3.844700022062     -1.472184256686      4.376992974169
    8     -3.832713980560      1.451407339228      4.378382759236
    8      3.819023353084      1.417489870283      4.390018401099
    8     -3.855216979896     -1.422298567863      4.384569898429
    8      7.654172838932      3.986626951786      4.375669479388
    8     -7.669693677041     -3.934594877718      4.334261022781
    8     -7.679339037389     -6.834645644935      4.303189947900
    8     -7.605920424183      6.886131484209      4.259024111625
    8      7.675885093347     -1.421124056659      4.379994563860
    8     -7.670946570998      1.449086832523      4.371612181198
  258     -0.001126654298     -0.002472334888      2.595368313948
  258      0.000053319787      5.423375354458      2.606918516746
  258     -0.014948577294     -5.404822533905      2.578372878534
  258      3.836250491778     -0.000686788125      2.598503275849
  258     -3.837537623558      0.002178310264      2.598805059366
  258      3.836779410943      5.392052984519      2.566524207126
  258     -3.834353052170     -5.416263988872      2.592942086580
  258      3.834018681094     -5.437976800680      2.600006806533
  258     -3.835689291991      5.429309761343      2.594745635805
  258     -7.665916586678     -0.000243576524      2.596002088559
  258     -7.669162501048      5.427965340854      2.592391235909
  258     -7.665028854247     -5.417794977114      2.593092510651
    8      1.919136575651      1.369309656186      2.534088408044
    8     -1.921817978134     -1.357282282078      2.538068247186
    8      1.920261101822     -1.361669696075      2.540644728631
    8     -1.916919291637      1.367760389843      2.541471413699
    8      1.988333433314      6.807788399523      2.619942072341
    8     -1.907025371601     -6.785960665869      2.531472211160
    8      1.868840445587     -6.777695401184      2.531032074392
    8     -1.917878940387      6.789106315246      2.536106566438
    8      1.908638569111     -4.055018739159      2.524952606971
    8     -1.910718210141      4.061275171569      2.540170768736
    8      1.906707271972      4.068552624924      2.537493218646
    8     -1.901609583035     -4.050678919811      2.516440538471
    8      5.749871741735      1.365868115206      2.540394878377
    8     -5.755138607031     -1.363487451265      2.536786447967
    8      5.755528762946     -1.352806743080      2.533053209088
    8     -5.751562807524      1.366230060485      2.542097995197
    8      5.668487673190      6.774037053817      2.591275841541
    8     -5.733947204813     -6.775877058652      2.542318617355
    8      5.748005346523     -6.749956718107      2.530707645211
    8     -5.717628256972      6.770482823023      2.503803714198
    8      5.742998991849     -4.048332396375      2.541762797448
    8     -5.757174919415      4.051847853870      2.544627321164
    8      5.765960743575      4.056216840416      2.516202193279
    8     -5.738914239649     -4.050930809545      2.551432510011
  258      1.913844694472      2.707755931415      0.646947476738
  258     -1.919736897484     -2.707016005733      0.645534247832
  258      1.920300985387     -2.713083926132      0.648086615796
  258     -1.918179822737      2.714081041928      0.651764441878
  258      1.918419977367      8.137822461695      0.659998981304
  258     -1.915029896752     -8.134453967772      0.651538177828
  258      5.758557435193      2.706750089865      0.645999830853
  258     -5.752166548394     -2.711428349324      0.653443656954
  258      5.752806917944     -2.714332482123      0.651471301129
  258     -5.752046448279      2.714027621085      0.650963575643
  258      5.748929544661     -8.134973038538      0.683679332023
  258     -5.749879018179     -8.133479417079      0.667479261882
    8     -0.000646936528      4.062056383890      0.694548099451
    8      0.001732548610     -4.055430661316      0.678211625973
    8     -0.004124585512     -6.789335731179      0.677854463251
    8      0.031759512997      6.784856782973      0.726548260047
    8     -0.000331842530     -1.361206436091      0.691962934215
    8      0.001102425630      1.366233846047      0.691911924333
    8      3.831991802609      4.056359527284      0.699311952318
    8     -3.838701806685     -4.056396078406      0.689219037088
    8      3.836063885525     -4.068923267737      0.689974946898
    8     -3.835992271574      4.061898963974      0.693869259877
    8      3.821651243942     -6.802714573040      0.702621886032
    8     -3.819007446734      6.793803727261      0.676488392402
    8      3.821775718633      6.768134702408      0.694269459010
    8     -3.828178890552     -6.785888818017      0.691232299699
    8      3.836013171404     -1.366971199230      0.694395008699
    8     -3.835380695537      1.366621995223      0.693539059639
    8      3.835252420868      1.361783813603      0.690582789606
    8     -3.836715440584     -1.361046939834      0.690885044520
    8     -7.662936279224      4.058193224813      0.679075579541
    8      7.675275019313     -4.056019435911      0.691847158457
    8      7.674146930078     -6.792519268741      0.693466493597
    8      7.644523130853      6.792864498025      0.718061800636
    8     -7.670866025178     -1.364634028890      0.690927548163
    8     -7.671630046150      1.364215524542      0.693855962190
  258     -0.000437201311     -0.000251081824     -1.136077493532
  258      0.003192451353      5.425007451870     -1.131214247890
  258      0.000094026390     -5.424613456665     -1.139963017585
  258      3.836674661495     -0.001784040566     -1.134927959448
  258     -3.836416263050      0.002040336354     -1.134722435795
  258      3.836615682828      5.425766473767     -1.140645880109
  258     -3.836291954782     -5.424773602482     -1.134958786108
  258      3.836469553801     -5.427495649666     -1.132158840128
  258     -3.835348298956      5.426852655844     -1.133242767997
  258     -7.669471179941     -0.002553801420     -1.134681284951
  258      7.669387696347      5.429683859643     -1.130961149668
  258      7.671407090665     -5.428753570441     -1.131045260882
    8      1.916999784111      1.344610836065     -1.166737193839
    8     -1.918175788895     -1.340754338367     -1.168954519884
    8      1.919415675548     -1.344076761812     -1.166017229184
    8     -1.917664868520      1.346752692943     -1.164304161223
    8      1.915067064822      6.770849190802     -1.163595219814
    8     -1.919317871548     -6.769178645778     -1.170862497826
    8      1.920637014881     -6.773736326995     -1.160872907349
    8     -1.897902210151      6.769038826456     -1.160522304006
    8      1.920511728241     -4.081738143775     -1.169968263617
    8     -1.916485153353      4.081829774476     -1.164285796369
    8      1.918832445878      4.079958324309     -1.163817952578
    8     -1.920007567791     -4.078641514282     -1.167927899605
    8      5.755138962390      1.343105673307     -1.167639773551
    8     -5.753609456264     -1.343518985201     -1.165550312137
    8      5.752303895719     -1.345829779703     -1.165114771804
    8     -5.754300906390      1.345186247112     -1.164979160614
    8      5.749175854352      6.772798221816     -1.154076720911
    8     -5.751837893062     -6.769073516279     -1.162975948705
    8      5.748019611226     -6.773799193234     -1.150547374204
    8     -5.763481697940      6.770022381435     -1.153492183429
    8      5.754257536052     -4.082437242277     -1.165021906405
    8     -5.749254476645      4.082261404391     -1.168648190363
    8      5.749746834874      4.081793647472     -1.165074055987
    8     -5.754578394352     -4.079821479472     -1.166409100436
  258      1.917771066654      2.712075473695     -3.054497539061
  258     -1.918678112882     -2.712289518408     -3.054567178424
  258      1.919007931848     -2.712904348432     -3.053959179565
  258     -1.917765374327      2.713131732086     -3.052258008534
  258      1.918035876985     -8.136377362194     -3.051061913471
  258     -1.917194434014     -8.136869014677     -3.052461819558
  258      5.754532285641      2.712061044706     -3.054159330708
  258     -5.754024190205     -2.713234931337     -3.051949411446
  258      5.754349614760     -2.713922973991     -3.052332410199
  258     -5.754049981491      2.713568218191     -3.052060134471
  258      5.753847546462     -8.135897280133     -3.044107036689
  258     -5.754016409897     -8.136386512339     -3.047869112372
    8      0.000749059430     -1.317312441217     -3.044391827865
    8     -0.000430594970      1.319248601291     -3.044589571692
    8      0.001077363435      4.107593784827     -3.042107929599
    8     -0.000411529281     -4.105264435959     -3.046314429260
    8      0.001827358919     -6.743314432766     -3.045328055054
    8      0.001768398650      6.742206066964     -3.045625011578
    8      3.835901397839     -1.317945472708     -3.044988801685
    8     -3.835703617427      1.319563028259     -3.043932394325
    8      3.835770741841      1.318690100174     -3.044128295226
    8     -3.836409907610     -1.317733315430     -3.044643633064
    8      3.834982704679      4.105838059773     -3.044881825068
    8     -3.835973167381     -4.106475537431     -3.045746569042
    8      3.836764179201     -4.107307887470     -3.044478725640
    8     -3.834087590774      4.107550078752     -3.045910936556
    8      3.836647807889     -6.743642742322     -3.042596302212
    8     -3.835799981785      6.743771224923     -3.037973156524
    8      3.836321760122      6.741952190568     -3.042262461969
    8     -3.837013317848     -6.744467130338     -3.045594185376
    8      7.671176345718     -1.318571607577     -3.043955904239
    8     -7.671352205649      1.318684246132     -3.044722722502
    8      7.670467075956      4.108510442161     -3.042525986301
    8      7.670805159211     -4.107702947862     -3.044434079303
    8      7.669304376698     -6.743853766994     -3.040144512753
    8      7.669603487621      6.743784514543     -3.041233493330
  258      0.000000000000      0.000000000000     -4.794687825205
  258      0.000000000000      5.424570039800     -4.794687825205
  258      0.000000000000     -5.424570039800     -4.794687825205
  258      3.835750260160      0.000000000000     -4.794687825205
  258     -3.835750260160      0.000000000000     -4.794687825205
  258      3.835750260160      5.424570039800     -4.794687825205
  258     -3.835750260160     -5.424570039800     -4.794687825205
  258      3.835750260160     -5.424570039800     -4.794687825205
  258     -3.835750260160      5.424570039800     -4.794687825205
  258      7.671500520300      0.000000000000     -4.794687825205
  258      7.671500520300      5.424570039800     -4.794687825205
  258      7.671500520300     -5.424570039800     -4.794687825205
    8      1.917875130080      1.356142509950     -4.794687825205
    8     -1.917875130080     -1.356142509950     -4.794687825205
    8      1.917875130080     -1.356142509950     -4.794687825205
    8     -1.917875130080      1.356142509950     -4.794687825205
    8      1.917875130080      6.780712549750     -4.794687825205
    8     -1.917875130080     -6.780712549750     -4.794687825205
    8      1.917875130080     -6.780712549750     -4.794687825205
    8     -1.917875130080      6.780712549750     -4.794687825205
    8      1.917875130080     -4.068427529850     -4.794687825205
    8     -1.917875130080      4.068427529850     -4.794687825205
    8      1.917875130080      4.068427529850     -4.794687825205
    8     -1.917875130080     -4.068427529850     -4.794687825205
    8      5.753625390240      1.356142509950     -4.794687825205
    8     -5.753625390240     -1.356142509950     -4.794687825205
    8      5.753625390240     -1.356142509950     -4.794687825205
    8     -5.753625390240      1.356142509950     -4.794687825205
    8      5.753625390240      6.780712549750     -4.794687825205
    8     -5.753625390240     -6.780712549750     -4.794687825205
    8      5.753625390240     -6.780712549750     -4.794687825205
    8     -5.753625390240      6.780712549750     -4.794687825205
    8      5.753625390240     -4.068427529850     -4.794687825205
    8     -5.753625390240      4.068427529850     -4.794687825205
    8      5.753625390240      4.068427529850     -4.794687825205
    8     -5.753625390240     -4.068427529850     -4.794687825205
   14      7.363669911661     -7.391587009132      7.309134777130
    8      6.875967686687     -5.805738054096      7.322171640170
    8      7.583353347504     -7.780172178280      8.900019171425
    8     -6.400884689311     -7.536639144885      6.715100841359
    6      5.796749166548     -5.350118294269      6.507501324562
    6     -5.417283366974     -6.534633206773      7.086336344484
    6     -8.764849338354     -7.411357472557      9.845351166618
    6      5.320874235337     -4.032662198077      7.101100909031
    6     -5.611446159934     -5.242403252215      6.309031245087
    6     -8.619354534768     -8.263659462461     11.090149061617
    1      4.432508737434     -3.664347925176      6.572808211515
    1     -4.750543858772     -4.584670510588      6.482441933162
    1     -9.342446114325     -7.953500218261     11.858193176361
    1      5.072317326520     -4.160012277282      8.159012225825
    1      6.126715434200     -3.279609002639      7.064294839429
    1      4.971989637419     -6.078377003888      6.493211054130
    1      6.140073682107     -5.246644429140      5.466915346629
    1      6.552161290125      6.953796329616     10.858840315816
    1     -7.611461550411      8.106115690874     11.505207637056
    1     -8.663454609715     -6.339901306559     10.092483594409
    1      5.567869035371     -7.546442891998      9.415432932942
    1     -5.462095403681     -6.378614718579      8.172708968457
    1     -4.443945141585     -6.970514027412      6.826537032011
    1     -6.552045000655     -4.755495942475      6.569009369426
    1     -5.627838594583     -5.441730557903      5.236822953515
    8      6.299166143753     -8.268664574840      6.523950911141
    6      3.753873948626      6.078867571044      5.968698540842
    6      2.325140976288      5.547923922347      6.162196098115
    1      1.860668380837      5.341420515283      5.196422762513
    1      4.008781403773      6.824366513671      6.741708399349
    1      4.482005849806      5.263028355530      6.050179780585
    1      2.289771661349      4.634858792858      6.772709841155
    1      1.662034901172      6.277306087225      6.651423374028
    0    0
