   2   1   1 E -4.5963138999194E+04 DE-4.0E-06(  4)
  0.153430010406E+02  0.000000000000E+00  0.000000000000E+00
  0.000000000000E+00  0.162737101194E+02  0.000000000000E+00
  0.000000000000E+00  0.000000000000E+00  0.500000000000E+03
    1
  0.100000000000E+01  0.000000000000E+00  0.000000000000E+00
  0.000000000000E+00  0.100000000000E+01  0.000000000000E+00
  0.000000000000E+00  0.000000000000E+00  0.100000000000E+01
  0.000000000000E+00  0.000000000000E+00  0.000000000000E+00
  249
  258      1.913477227551      2.692994485861      4.265686961362
  258     -1.913036760753     -2.701838750852      4.261385467499
  258      1.916060684461     -2.720944988865      4.260981639935
  258     -1.926674701429      2.714251887646      4.264781455367
  258      1.824768201348     -8.078556773398      4.284391243701
  258     -1.949252639030     -8.127119804946      4.264786722455
  258      5.771580288333      2.706427870319      4.258593427518
  258     -5.751894585791     -2.698280493445      4.275887652893
  258      5.757377110324     -2.706831119289      4.260312972487
  258     -5.750934763180      2.720221782507      4.267097898971
  258      5.814511356112     -8.113259978210      4.338602129754
  258     -5.751869202375     -8.136920243558      4.300182726034
    8     -0.010344225312      3.987173588358      4.377067218215
    8      0.001965241654     -3.976441058021      4.368494704967
    8     -0.005402929365     -6.841188974127      4.403836471590
    8     -0.020235782264      6.892914320843      4.370820321432
    8      0.002272571789     -1.434782917957      4.373199944565
    8      0.010752050659      1.444532326782      4.376694115141
    8      3.851023405876      3.940993817377      4.287332534500
    8     -3.773030186975     -3.950238091905      4.336228918784
    8      3.797597846248     -4.032347406720      4.354921146552
    8     -3.833860458976      3.986593065218      4.372344701615
    8      3.766234505467     -6.990585323884      4.311369040173
    8     -3.826694521619      6.876076148133      4.376670866827
    8      3.857748980585      6.688464569045      4.696610213216
    8     -3.787529888686     -6.851429801006      4.373150012470
    8      3.842811639423     -1.471491587162      4.376596345102
    8     -3.831978942928      1.450738772027      4.379076167688
    8      3.819667528536      1.418629262659      4.389921347978
    8     -3.854565608168     -1.422749520777      4.381958540368
    8      7.657662091304      3.986109587541      4.375414232949
    8     -7.675389894721     -3.934634027146      4.333896539698
    8     -7.679754927898     -6.832641038044      4.302127361252
    8     -7.606510464662      6.888234549351      4.257467490681
    8      7.681051790557     -1.421072035726      4.380967258287
    8     -7.672424756920      1.448828402233      4.371735839403
  258     -0.001070555859     -0.001343849403      2.595181339725
  258     -0.000871721064      5.422720257898      2.607925440293
  258     -0.016760404851     -5.403165850249      2.578988435415
  258      3.836528040196     -0.001758220286      2.599848926819
  258     -3.838124650164      0.003735871752      2.598460566321
  258      3.835664739121      5.393210698633      2.566912443173
  258     -3.835397669036     -5.414592937172      2.593636424681
  258      3.833190012426     -5.437472510880      2.598389975656
  258     -3.836713594605      5.429953471334      2.594697427025
  258     -7.666433224522      0.000013383680      2.598205777427
  258     -7.668543724253      5.428619820555      2.593060644375
  258     -7.665659664404     -5.418222099016      2.592506650962
    8      1.918509066686      1.369559639024      2.534695119881
    8     -1.921300055277     -1.355321670487      2.538563190242
    8      1.921172910484     -1.361241093132      2.540497822214
    8     -1.916800740758      1.369097955856      2.541536432428
    8      1.987351828733      6.808388254779      2.619179200461
    8     -1.909299890483     -6.784789622142      2.532108007212
    8      1.867850626045     -6.776299459155      2.528770862924
    8     -1.919435155988      6.790291606189      2.536246403772
    8      1.907125590393     -4.054143051069      2.525137967081
    8     -1.911690798908      4.062598591742      2.539881523520
    8      1.905503191239      4.067872831559      2.538386942499
    8     -1.904520197332     -4.048485076978      2.519092023008
    8      5.749895625813      1.366387056895      2.541565267267
    8     -5.755010572036     -1.364031998306      2.534555213614
    8      5.756804595412     -1.352841812362      2.535369571676
    8     -5.750769970715      1.366841881540      2.543288896480
    8      5.667617848853      6.773115169018      2.591706657218
    8     -5.731546022785     -6.775986511463      2.543829037117
    8      5.747058733637     -6.749056135043      2.528743650822
    8     -5.718160974332      6.772124866485      2.504913882055
    8      5.740708891813     -4.046783478526      2.540971132690
    8     -5.756962165235      4.053002276782      2.543070894731
    8      5.764410931614      4.055799427041      2.518820898790
    8     -5.739485079719     -4.050940175439      2.551056522609
  258      1.913990274621      2.707846906704      0.647540921415
  258     -1.920533554600     -2.706457460665      0.645619639552
  258      1.920043994352     -2.712457634763      0.648987319849
  258     -1.918522875834      2.714315438972      0.651646625919
  258      1.917677007835      8.137548261781      0.659305796964
  258     -1.915100494388     -8.134377364281      0.651638241307
  258      5.758358779899      2.706811699639      0.646395915184
  258     -5.753048611119     -2.710623637902      0.653388558767
  258      5.752884675406     -2.713862570121      0.651673104644
  258     -5.752784302554      2.714111477897      0.651504718385
  258      5.748892957360     -8.135508531735      0.683454726041
  258     -5.749938389128     -8.133171363701      0.668560530093
    8     -0.000465435390      4.062114058689      0.694489601395
    8      0.000045153737     -4.054758250904      0.678477047125
    8     -0.007039713509     -6.789120677569      0.677474537475
    8      0.031609097123      6.784296730639      0.727292677569
    8     -0.000141342161     -1.361414753071      0.693293363375
    8      0.000153030576      1.365748788461      0.691912135968
    8      3.831132294980      4.057222940729      0.700639368089
    8     -3.837714008588     -4.054725487564      0.689250469827
    8      3.834434041330     -4.068467144380      0.689583726192
    8     -3.836478284241      4.063249357794      0.693442470511
    8      3.821597453191     -6.803398573929      0.702268221425
    8     -3.819994521938      6.794565729907      0.676848210714
    8      3.821744313107      6.768835880266      0.694032209406
    8     -3.827760159444     -6.784634100425      0.691755172705
    8      3.836862190576     -1.366059255312      0.694081422081
    8     -3.835484727654      1.368504502966      0.692738087213
    8      3.835240648998      1.361950083445      0.691168803709
    8     -3.835708557524     -1.359146951459      0.690228621145
    8     -7.665377147451      4.058023851415      0.679747740749
    8      7.674644252943     -4.055801563505      0.692959274604
    8      7.675407071688     -6.793280925947      0.694754247968
    8      7.644988479397      6.792241111849      0.718419286962
    8     -7.671974080844     -1.363902875321      0.689570269229
    8     -7.671126900806      1.363989537539      0.694757958406
  258     -0.000705933766     -0.000075388837     -1.135854365796
  258      0.002573829273      5.425032395871     -1.131168232522
  258     -0.000164250401     -5.424335925892     -1.139431578059
  258      3.836361241931     -0.001578774304     -1.134493526295
  258     -3.836746416151      0.002400600852     -1.134671683473
  258      3.836631863808      5.425210831840     -1.140222282779
  258     -3.836441271388     -5.424987289494     -1.134386956831
  258      3.836206732934     -5.427227675953     -1.132284243664
  258     -3.835712940491      5.427171288917     -1.133003724224
  258     -7.669980872068     -0.002149598378     -1.134392857389
  258      7.669727731855      5.429996618912     -1.130834865350
  258      7.671299587594     -5.428715086389     -1.131134690811
    8      1.916796210200      1.345360651309     -1.165936807790
    8     -1.917235021306     -1.341081619037     -1.168968236131
    8      1.918219763690     -1.343720974323     -1.166077551659
    8     -1.917302416171      1.346369637527     -1.164707270565
    8      1.914865441974      6.770992761742     -1.164192483795
    8     -1.920465028262     -6.769919510113     -1.172095152451
    8      1.920131411850     -6.773777189768     -1.160733611320
    8     -1.898055284493      6.768647278010     -1.159950392579
    8      1.920527245478     -4.081769702880     -1.169542446334
    8     -1.916872333228      4.080962511012     -1.164242802562
    8      1.919354926918      4.080105358170     -1.163950614220
    8     -1.919943287196     -4.078858778658     -1.168460779958
    8      5.755112645059      1.342992726912     -1.166735272160
    8     -5.753337570618     -1.343589715026     -1.165623236479
    8      5.751728805023     -1.346327590343     -1.166136894470
    8     -5.754357656541      1.345654822534     -1.165221875302
    8      5.749362999163      6.772660787324     -1.154423923214
    8     -5.751753647300     -6.769179131886     -1.162490019478
    8      5.748364093790     -6.773846419025     -1.149412262309
    8     -5.763211071995      6.770110349690     -1.154032571953
    8      5.754959380648     -4.082963320320     -1.163774036647
    8     -5.750686635220      4.082526318594     -1.168065693875
    8      5.748504848237      4.080813769785     -1.164435797687
    8     -5.755416853531     -4.080098104495     -1.165369100877
  258      1.917717449723      2.711833187333     -3.054386326382
  258     -1.918886195395     -2.712213603326     -3.054388866138
  258      1.918519420238     -2.712877771439     -3.053400409957
  258     -1.917849324467      2.713234837112     -3.052444921435
  258      1.917790321217     -8.136516474413     -3.051241586432
  258     -1.917269312928     -8.136760140936     -3.052701356589
  258      5.754716656717      2.712281473581     -3.054037579483
  258     -5.753821733100     -2.713256911767     -3.051773040080
  258      5.753991249178     -2.713853168825     -3.052439271775
  258     -5.753976339484      2.713503580833     -3.051913863441
  258      5.753504872353     -8.135922574410     -3.044480623405
  258     -5.754147232250     -8.136252897781     -3.047445965735
    8      0.000712928462     -1.317916638492     -3.045002275041
    8      0.000068220615      1.318846731471     -3.044636000462
    8      0.001045060979      4.107067020906     -3.041884969539
    8     -0.000002923547     -4.105815830216     -3.046259942021
    8      0.001801713748     -6.743802870219     -3.045223372425
    8      0.001772926228      6.741732079721     -3.044852814684
    8      3.835683668158     -1.317782085369     -3.044564179462
    8     -3.835566916588      1.319936819146     -3.043939255421
    8      3.835910534851      1.319171552670     -3.043865220316
    8     -3.836303885801     -1.317438039820     -3.044576111117
    8      3.835247706443      4.106593312289     -3.045409207553
    8     -3.836519498206     -4.105723957929     -3.045438844616
    8      3.837170206902     -4.107038156246     -3.044262388395
    8     -3.834434975034      4.107775891260     -3.045529578658
    8      3.837029708118     -6.743094896823     -3.041969482149
    8     -3.835298186737      6.743992969936     -3.038225332404
    8      3.836494946014      6.742414690858     -3.042277850686
    8     -3.837365933054     -6.743412383966     -3.045403819537
    8      7.671228973166     -1.318703587292     -3.043844771550
    8     -7.671444387293      1.318869360894     -3.044826919931
    8      7.669970185207      4.108371340138     -3.042290932609
    8      7.671022098169     -4.108458171640     -3.044279984917
    8      7.669254116355     -6.744386291697     -3.039794222663
    8      7.669742999673      6.743464579149     -3.040911417684
  258      0.000000000000      0.000000000000     -4.794687825205
  258      0.000000000000      5.424570039800     -4.794687825205
  258      0.000000000000     -5.424570039800     -4.794687825205
  258      3.835750260160      0.000000000000     -4.794687825205
  258     -3.835750260160      0.000000000000     -4.794687825205
  258      3.835750260160      5.424570039800     -4.794687825205
  258     -3.835750260160     -5.424570039800     -4.794687825205
  258      3.835750260160     -5.424570039800     -4.794687825205
  258     -3.835750260160      5.424570039800     -4.794687825205
  258      7.671500520300      0.000000000000     -4.794687825205
  258      7.671500520300      5.424570039800     -4.794687825205
  258      7.671500520300     -5.424570039800     -4.794687825205
    8      1.917875130080      1.356142509950     -4.794687825205
    8     -1.917875130080     -1.356142509950     -4.794687825205
    8      1.917875130080     -1.356142509950     -4.794687825205
    8     -1.917875130080      1.356142509950     -4.794687825205
    8      1.917875130080      6.780712549750     -4.794687825205
    8     -1.917875130080     -6.780712549750     -4.794687825205
    8      1.917875130080     -6.780712549750     -4.794687825205
    8     -1.917875130080      6.780712549750     -4.794687825205
    8      1.917875130080     -4.068427529850     -4.794687825205
    8     -1.917875130080      4.068427529850     -4.794687825205
    8      1.917875130080      4.068427529850     -4.794687825205
    8     -1.917875130080     -4.068427529850     -4.794687825205
    8      5.753625390240      1.356142509950     -4.794687825205
    8     -5.753625390240     -1.356142509950     -4.794687825205
    8      5.753625390240     -1.356142509950     -4.794687825205
    8     -5.753625390240      1.356142509950     -4.794687825205
    8      5.753625390240      6.780712549750     -4.794687825205
    8     -5.753625390240     -6.780712549750     -4.794687825205
    8      5.753625390240     -6.780712549750     -4.794687825205
    8     -5.753625390240      6.780712549750     -4.794687825205
    8      5.753625390240     -4.068427529850     -4.794687825205
    8     -5.753625390240      4.068427529850     -4.794687825205
    8      5.753625390240      4.068427529850     -4.794687825205
    8     -5.753625390240     -4.068427529850     -4.794687825205
   14      7.368900272548     -7.397386938637      7.312643663391
    8      6.877984270892     -5.812164497140      7.339982135735
    8      7.590376851432     -7.805839293607      8.899320738748
    8     -6.395783978993     -7.536037623200      6.718651944128
    6      5.797838884103     -5.350152877252      6.529750343392
    6     -5.414183896068     -6.530454441137      7.088578217222
    6     -8.820828450979     -7.562414839678      9.810412801644
    6      5.344522163889     -4.018903604677      7.110669063076
    6     -5.614097168093     -5.240602256801      6.308715355749
    6     -8.585005826797     -8.358507789299     11.081141127510
    1      4.451223799286     -3.649931575801      6.590328770776
    1     -4.761080347524     -4.574161565262      6.489379071550
    1     -9.375068992381     -8.153024267961     11.815916379007
    1      5.110529362248     -4.127077229934      8.173963527986
    1      6.156766776045     -3.274597143403      7.049173054622
    1      4.963292937667     -6.067635999990      6.531356619687
    1      6.132848952591     -5.261502860867      5.484906193961
    1      6.763551401700      6.839587958540     10.869578340836
    1     -7.618591446370      8.175077291720     11.528857063923
    1     -8.880133110935     -6.482449056944     10.029942396355
    1      5.555168167614     -7.851258268288      9.357211136351
    1     -5.459069715093     -6.373189570033      8.174901803627
    1     -4.439978594422     -6.964000160353      6.828485574355
    1     -6.561012723674     -4.762434745174      6.562053542473
    1     -5.617968850693     -5.440102557336      5.236340392632
    8      6.302375435116     -8.269270011271      6.521345210959
    6      3.746715024577      6.077435744599      5.970256400169
    6      2.314412773398      5.555173444335      6.162170757138
    1      1.854780395472      5.343893847330      5.195163863811
    1      4.009572860125      6.818642097634      6.744636604013
    1      4.466975936110      5.254029236736      6.042411414102
    1      2.273216880562      4.645542325264      6.777270830274
    1      1.651413621670      6.289516753801      6.643809222030
    0    0
