   2   1   1 E -4.5963138509423E+04 DE-7.5E-06(  6)
  0.153430010406E+02  0.000000000000E+00  0.000000000000E+00
  0.000000000000E+00  0.162737101194E+02  0.000000000000E+00
  0.000000000000E+00  0.000000000000E+00  0.500000000000E+03
    1
  0.100000000000E+01  0.000000000000E+00  0.000000000000E+00
  0.000000000000E+00  0.100000000000E+01  0.000000000000E+00
  0.000000000000E+00  0.000000000000E+00  0.100000000000E+01
  0.000000000000E+00  0.000000000000E+00  0.000000000000E+00
  249
  258      1.912654930703      2.694308518634      4.265487123061
  258     -1.912315062625     -2.703834382159      4.261192459238
  258      1.916758712290     -2.720754121108      4.260858841014
  258     -1.926505104467      2.713914968487      4.264877536400
  258      1.827221207397     -8.080879133922      4.286476061001
  258     -1.946722204056     -8.127704408440      4.266905016723
  258      5.772578731839      2.706018165109      4.259191588208
  258     -5.751589814187     -2.698925685112      4.276862497058
  258      5.757959273023     -2.703450414501      4.260695043424
  258     -5.751276196884      2.719421753217      4.266529968096
  258      5.818119667170     -8.113624936363      4.341800826599
  258     -5.750477448241     -8.138888418030      4.297310065957
    8     -0.007058610857      3.986935547469      4.376215925824
    8      0.003145118858     -3.976837809722      4.369303953661
    8     -0.004754375216     -6.843300522458      4.407823136706
    8     -0.018196751139      6.891033944150      4.368414859151
    8      0.002584995937     -1.433896057389      4.372932871768
    8      0.010688973130      1.444732617850      4.376579294579
    8      3.853064333117      3.940552323196      4.285963036145
    8     -3.769261220021     -3.949397437980      4.331135435643
    8      3.796035437415     -4.030744590345      4.355353641444
    8     -3.831228916846      3.986505482180      4.372006618002
    8      3.768184641441     -6.990874908874      4.312731557885
    8     -3.823590102730      6.874879184648      4.379532718880
    8      3.862152902719      6.687503209428      4.695695545524
    8     -3.786608630615     -6.853573299495      4.365250000508
    8      3.845805628267     -1.470756865905      4.377895609326
    8     -3.832505350354      1.451013202990      4.378353899730
    8      3.820449263666      1.418689544851      4.389635300637
    8     -3.852760194208     -1.422809731828      4.385384211389
    8      7.654725350360      3.986993917957      4.375916235366
    8     -7.667546760249     -3.934077651031      4.335674520348
    8     -7.678810299518     -6.833789921837      4.304163920745
    8     -7.605154489860      6.886769910773      4.258893682506
    8      7.674448815339     -1.420736272669      4.380045503344
    8     -7.668594623492      1.449220067077      4.372760347355
  258     -0.000797866320     -0.002033262256      2.595762750853
  258      0.000423262834      5.423365363134      2.607224474124
  258     -0.014618195541     -5.404461758120      2.579169580599
  258      3.836567359955     -0.000620028706      2.599193198481
  258     -3.837177349170      0.002667559559      2.599200110622
  258      3.837624892223      5.392589041948      2.567121607639
  258     -3.833719484037     -5.416136735031      2.592633691816
  258      3.834430586846     -5.438022151364      2.600921611434
  258     -3.835162580538      5.429436647512      2.595052455859
  258     -7.665524250923     -0.000219084155      2.596011291505
  258     -7.668683438602      5.428324128936      2.592685086114
  258     -7.664390591370     -5.417952663866      2.593575863691
    8      1.919316803026      1.369731704496      2.535190475205
    8     -1.921278159035     -1.356599152838      2.538010425145
    8      1.921074853830     -1.361170534355      2.541144319351
    8     -1.916471895237      1.368506374101      2.541628298688
    8      1.989434090147      6.808186510077      2.620136384037
    8     -1.906038881165     -6.785731836687      2.531901339618
    8      1.869063457247     -6.777649020903      2.532424459623
    8     -1.918482205616      6.789466030387      2.536845379696
    8      1.908525930076     -4.054777810920      2.524844126688
    8     -1.909987790639      4.061835569084      2.540052535213
    8      1.907522370301      4.068528277165      2.537550877543
    8     -1.901451656472     -4.050157650478      2.516948496342
    8      5.751481132277      1.366342691182      2.541754571613
    8     -5.754230556274     -1.362913497596      2.538805752901
    8      5.755363959495     -1.352869847600      2.532682252827
    8     -5.751249132098      1.366858756590      2.541389271643
    8      5.669518049218      6.774485345428      2.592993546029
    8     -5.733518808091     -6.775323304788      2.542676343717
    8      5.748875589171     -6.750206735682      2.531002040272
    8     -5.716467906375      6.770955214979      2.504193854400
    8      5.743532723435     -4.048021651300      2.543538008139
    8     -5.756742669765      4.052530906023      2.544899519171
    8      5.765425671092      4.056531296333      2.517077845298
    8     -5.738622064163     -4.050241034648      2.550725060719
  258      1.914314263300      2.707929129133      0.647339490239
  258     -1.919535257292     -2.706789315285      0.645830399662
  258      1.920473164144     -2.712961203621      0.648375869453
  258     -1.917910509585      2.714140819790      0.651936130714
  258      1.918686144433      8.137683212598      0.660464213710
  258     -1.914481013766     -8.134389252743      0.652255289065
  258      5.758795444780      2.707023129864      0.646177299365
  258     -5.751881559377     -2.711305531614      0.653553735238
  258      5.753018619780     -2.714463359102      0.651958376631
  258     -5.751801835914      2.714140306754      0.651125259639
  258      5.749266545548     -8.134949356427      0.684783893422
  258     -5.749637557586     -8.133483919856      0.667220315659
    8      0.000099527067      4.061943734538      0.694410543489
    8      0.001497148919     -4.055686878100      0.678306033665
    8     -0.003507367987     -6.789557894831      0.678702726969
    8      0.031502288711      6.784740555464      0.726837045861
    8      0.000378430915     -1.361396082340      0.692526716071
    8      0.001352088431      1.366060722692      0.692089966917
    8      3.832376430616      4.056787784036      0.699300398080
    8     -3.837798272561     -4.056224613967      0.689055963156
    8      3.837011635110     -4.069201300360      0.690811418662
    8     -3.835632699045      4.061824686297      0.694108464383
    8      3.821525006648     -6.803114415106      0.703147609312
    8     -3.818742119214      6.793541818348      0.676753182453
    8      3.822793587514      6.768011224633      0.694940194385
    8     -3.828207240196     -6.785940099525      0.691357058035
    8      3.835606133043     -1.366951854604      0.693878421624
    8     -3.834527594129      1.366636081253      0.693433943197
    8      3.836007416710      1.362120352722      0.691670609028
    8     -3.836876380764     -1.361028739322      0.691568519910
    8     -7.663301164355      4.058075606052      0.679704677266
    8      7.674686591288     -4.056220579883      0.692171890797
    8      7.675463532937     -6.792425702883      0.694375155440
    8      7.644778779260      6.792506809720      0.718580813819
    8     -7.669637105066     -1.364862091748      0.691606673828
    8     -7.671659614944      1.364004698456      0.693558343010
  258     -0.000293292948     -0.000155246499     -1.135857249249
  258      0.003386746822      5.425021045376     -1.131130594617
  258      0.000289567995     -5.424554111847     -1.139578113644
  258      3.836803184001     -0.001652610263     -1.134613976547
  258     -3.836325807077      0.002103818977     -1.134544559232
  258      3.836852932034      5.425808093602     -1.140414052005
  258     -3.835902938129     -5.424708186917     -1.134882964352
  258      3.836546924537     -5.427540387166     -1.131865389191
  258     -3.835015698293      5.426947898739     -1.132963464625
  258     -7.669504938301     -0.002504567539     -1.134540097102
  258      7.669534542134      5.429748535401     -1.130937155286
  258      7.671433432960     -5.428750241370     -1.130762162743
    8      1.917570325462      1.344819842960     -1.166018172436
    8     -1.917924972851     -1.340551519132     -1.168354579000
    8      1.919354916408     -1.343757751685     -1.166398155722
    8     -1.917287829208      1.346974630220     -1.164595578029
    8      1.915353054021      6.771108804550     -1.162951803169
    8     -1.919030900681     -6.769061371124     -1.170391449520
    8      1.920711703481     -6.773469588956     -1.160921329482
    8     -1.897880144317      6.769259486195     -1.160341324763
    8      1.921012878292     -4.081525008769     -1.169327240412
    8     -1.916147401001      4.082029315943     -1.164262341718
    8      1.919273873541      4.080005619186     -1.164002277625
    8     -1.919726215798     -4.078450250297     -1.168341302408
    8      5.755029060318      1.343309843152     -1.167315552408
    8     -5.753106338305     -1.343503030852     -1.165578402561
    8      5.753113617730     -1.345448501114     -1.164558957587
    8     -5.754055460900      1.345229438691     -1.164764189088
    8      5.749649657316      6.773093845329     -1.154012643904
    8     -5.751591548962     -6.769139619354     -1.163354284753
    8      5.748555062980     -6.773511033881     -1.149559592857
    8     -5.763523896209      6.770140400926     -1.153372404798
    8      5.754119875400     -4.082128056846     -1.165246659477
    8     -5.749336743259      4.082392470102     -1.168179841347
    8      5.750040779786      4.081886164632     -1.165138975031
    8     -5.754549246960     -4.079915176282     -1.165898199767
  258      1.917831145661      2.712054340506     -3.054410418294
  258     -1.918534200760     -2.712282110270     -3.054493103641
  258      1.919162029332     -2.712892720063     -3.053845612296
  258     -1.917648424115      2.713142379489     -3.052241834594
  258      1.918101323591     -8.136420771044     -3.051000041039
  258     -1.917047703138     -8.136841137341     -3.052189394291
  258      5.754638061768      2.712004489840     -3.054236364377
  258     -5.753936536961     -2.713275653166     -3.051909031744
  258      5.754420097731     -2.713840250324     -3.052261734684
  258     -5.753820388204      2.713583422469     -3.052005927994
  258      5.753853080973     -8.135897973999     -3.043863926264
  258     -5.753917554455     -8.136405651020     -3.047880139504
    8      0.000665141531     -1.317479368540     -3.044366353558
    8      0.000050292052      1.319089901158     -3.044458495789
    8      0.001226251032      4.107453490799     -3.042111090435
    8      0.000003356980     -4.105504887324     -3.046191020458
    8      0.001783930963     -6.743511394933     -3.045158842821
    8      0.001984144420      6.741999207310     -3.045359665260
    8      3.836231219546     -1.318267187761     -3.044663136796
    8     -3.835688743862      1.319678147279     -3.043894047091
    8      3.835798238290      1.318442218439     -3.044186534001
    8     -3.836084678887     -1.317547885783     -3.044564807701
    8      3.835248195836      4.105791330060     -3.044906937652
    8     -3.836067969249     -4.106378953026     -3.045688855194
    8      3.836821536738     -4.107661737305     -3.044434150437
    8     -3.834163361137      4.107593738619     -3.045637446563
    8      3.837068675937     -6.743797095512     -3.042219446607
    8     -3.835686155990      6.743731979813     -3.037964314540
    8      3.836344769270      6.741886100517     -3.042097786804
    8     -3.836747969145     -6.744312605038     -3.045557813546
    8      7.671337250708     -1.318787266556     -3.044014451714
    8     -7.671310286001      1.318510499195     -3.044574255946
    8      7.670636016892      4.108398649453     -3.042490065491
    8      7.671031505377     -4.107837211750     -3.044217535390
    8      7.669255922301     -6.743943759992     -3.040007431153
    8      7.669778623647      6.743645010760     -3.041198265226
  258      0.000000000000      0.000000000000     -4.794687825205
  258      0.000000000000      5.424570039800     -4.794687825205
  258      0.000000000000     -5.424570039800     -4.794687825205
  258      3.835750260160      0.000000000000     -4.794687825205
  258     -3.835750260160      0.000000000000     -4.794687825205
  258      3.835750260160      5.424570039800     -4.794687825205
  258     -3.835750260160     -5.424570039800     -4.794687825205
  258      3.835750260160     -5.424570039800     -4.794687825205
  258     -3.835750260160      5.424570039800     -4.794687825205
  258      7.671500520300      0.000000000000     -4.794687825205
  258      7.671500520300      5.424570039800     -4.794687825205
  258      7.671500520300     -5.424570039800     -4.794687825205
    8      1.917875130080      1.356142509950     -4.794687825205
    8     -1.917875130080     -1.356142509950     -4.794687825205
    8      1.917875130080     -1.356142509950     -4.794687825205
    8     -1.917875130080      1.356142509950     -4.794687825205
    8      1.917875130080      6.780712549750     -4.794687825205
    8     -1.917875130080     -6.780712549750     -4.794687825205
    8      1.917875130080     -6.780712549750     -4.794687825205
    8     -1.917875130080      6.780712549750     -4.794687825205
    8      1.917875130080     -4.068427529850     -4.794687825205
    8     -1.917875130080      4.068427529850     -4.794687825205
    8      1.917875130080      4.068427529850     -4.794687825205
    8     -1.917875130080     -4.068427529850     -4.794687825205
    8      5.753625390240      1.356142509950     -4.794687825205
    8     -5.753625390240     -1.356142509950     -4.794687825205
    8      5.753625390240     -1.356142509950     -4.794687825205
    8     -5.753625390240      1.356142509950     -4.794687825205
    8      5.753625390240      6.780712549750     -4.794687825205
    8     -5.753625390240     -6.780712549750     -4.794687825205
    8      5.753625390240     -6.780712549750     -4.794687825205
    8     -5.753625390240      6.780712549750     -4.794687825205
    8      5.753625390240     -4.068427529850     -4.794687825205
    8     -5.753625390240      4.068427529850     -4.794687825205
    8      5.753625390240      4.068427529850     -4.794687825205
    8     -5.753625390240     -4.068427529850     -4.794687825205
   14      7.370101251810     -7.382153768923      7.312298400258
    8      6.880716757599     -5.795946267252      7.319215349500
    8      7.602903427714     -7.759092405516      8.904972872945
    8     -6.395640152390     -7.532006058470      6.715292693485
    6      5.790451319474     -5.346927976505      6.515659418575
    6     -5.409222296468     -6.533081143248      7.089597215563
    6     -8.703085724546     -7.340849075730      9.869300699065
    6      5.325739819588     -4.019321409088      7.096995891706
    6     -5.596769595394     -5.240674647275      6.309907460437
    6     -8.565249024113     -8.199427515125     11.115015592068
    1      4.434816920746     -3.652477145604      6.571857301224
    1     -4.735867932309     -4.584608372008      6.486094310188
    1     -9.261278219154     -7.855331760139     11.895640252742
    1      5.086230364751     -4.132559087610      8.158803539194
    1      6.134811687183     -3.271355480541      7.043457139233
    1      4.963576997635     -6.072727160457      6.523041765541
    1      6.119331767082     -5.260420163242      5.469304605279
    1      6.556468677070      7.020055684027     10.889787420143
    1     -7.540134232141      8.127720558653     11.510050536552
    1     -8.545276605811     -6.271995168331     10.107586833587
    1      5.612178675675     -7.427766741157      9.462427969704
    1     -5.457743311679     -6.376379061988      8.175941157595
    1     -4.436296863101     -6.972386652454      6.834046145771
    1     -6.537781191112     -4.751786563080      6.565096873019
    1     -5.607782874370     -5.439296997206      5.237887269466
    8      6.306091351684     -8.264868802523      6.531198254304
    6      3.751472124228      6.077886096194      5.968565837861
    6      2.320910874108      5.549693378386      6.158077448939
    1      1.857529105437      5.343086801059      5.191745123004
    1      4.009777865621      6.821872545813      6.741486503694
    1      4.478210085921      5.260447072733      6.045491758893
    1      2.284146767610      4.637072348519      6.768083472165
    1      1.658936713383      6.280230357788      6.646631909380
    0    0
