   2   1   1 E -4.5963137360724E+04 DE-3.4E-07(  8)
  0.153430010406E+02  0.000000000000E+00  0.000000000000E+00
  0.000000000000E+00  0.162737101194E+02  0.000000000000E+00
  0.000000000000E+00  0.000000000000E+00  0.500000000000E+03
    1
  0.100000000000E+01  0.000000000000E+00  0.000000000000E+00
  0.000000000000E+00  0.100000000000E+01  0.000000000000E+00
  0.000000000000E+00  0.000000000000E+00  0.100000000000E+01
  0.000000000000E+00  0.000000000000E+00  0.000000000000E+00
  249
  258      1.912967858060      2.692536209309      4.266230539031
  258     -1.913836674556     -2.701411723069      4.260717037739
  258      1.916900712825     -2.722059006503      4.260798739006
  258     -1.926884744410      2.713344414284      4.264837702501
  258      1.825084687714     -8.079019650994      4.282135003953
  258     -1.949322384660     -8.126508457293      4.268289364169
  258      5.770064729378      2.706133087192      4.259852744249
  258     -5.750879402706     -2.701092400289      4.277264753748
  258      5.759701607339     -2.704141819155      4.259674048546
  258     -5.753543657602      2.719303087406      4.266186473151
  258      5.816011387166     -8.113603106573      4.341031173323
  258     -5.752172069015     -8.138935865626      4.295053062577
    8     -0.007017104455      3.987334228930      4.377669370305
    8      0.002598330686     -3.977723788446      4.368598074435
    8     -0.005042751128     -6.842402594569      4.408621588709
    8     -0.018981100171      6.892935163059      4.361531253649
    8      0.003025041312     -1.435837425873      4.370875635154
    8      0.008682078995      1.443984289204      4.378805732903
    8      3.847120405104      3.941646789393      4.293110080226
    8     -3.777583720531     -3.952095232785      4.334303575707
    8      3.791872957592     -4.030194827064      4.355103879626
    8     -3.830077343983      3.983610257714      4.371704871654
    8      3.769762826396     -6.988931954191      4.308809180176
    8     -3.827351177271      6.874589194349      4.385593598009
    8      3.848115217244      6.709408112863      4.727974430739
    8     -3.787522482808     -6.854021635760      4.362166629058
    8      3.846217184063     -1.468414885183      4.377569510211
    8     -3.833340483823      1.447386562390      4.377436322820
    8      3.823359165037      1.420593331467      4.387821439880
    8     -3.847286739054     -1.425823088972      4.384909722825
    8      7.655822469097      3.986471437564      4.373054465174
    8     -7.666394913834     -3.933614169073      4.337754099487
    8     -7.683960169445     -6.830179146118      4.302303829859
    8     -7.609444282417      6.889329309999      4.254008859683
    8      7.668663150076     -1.420427039580      4.378285226355
    8     -7.664554805875      1.449216524221      4.373773087778
  258     -0.000604812354     -0.001910836921      2.594939834331
  258     -0.000679017976      5.422275420990      2.607454792847
  258     -0.016487153415     -5.403079886799      2.579451010018
  258      3.836486337147     -0.002713500986      2.599852715979
  258     -3.838547650020      0.003882662202      2.598873725626
  258      3.834458065577      5.393651481441      2.568367704734
  258     -3.835264880351     -5.415127570592      2.591175804719
  258      3.834272781724     -5.438035481455      2.598933390672
  258     -3.835880884859      5.429045502138      2.595592496733
  258     -7.666948730900     -0.000338057258      2.595053261609
  258     -7.670453226985      5.427605301464      2.591365226927
  258     -7.665305863374     -5.419040999951      2.592262242839
    8      1.917403267202      1.368881800180      2.535008967382
    8     -1.920651983400     -1.354640061363      2.536516178396
    8      1.924158270575     -1.361354664186      2.540111942834
    8     -1.916169121514      1.369678639785      2.541632088032
    8      1.988781599261      6.808497403785      2.616714279561
    8     -1.905851540790     -6.784411891468      2.532141750538
    8      1.867484828608     -6.775994328667      2.529166511546
    8     -1.922963317635      6.791959140645      2.538365612873
    8      1.905368548121     -4.054333570625      2.522882192772
    8     -1.909648392979      4.063668076071      2.538965584794
    8      1.906495001746      4.067420600168      2.539336942623
    8     -1.905031160889     -4.048218846854      2.519868373969
    8      5.754624031489      1.366157572208      2.544650508553
    8     -5.753148723229     -1.362205895152      2.542497669300
    8      5.754341693661     -1.352824115388      2.528963424113
    8     -5.750622855922      1.368551693140      2.538769467106
    8      5.665012206947      6.773403478497      2.593901403335
    8     -5.733875740432     -6.774505203640      2.543352642532
    8      5.747789987413     -6.749125537102      2.526199656222
    8     -5.717345676337      6.771158585254      2.504142612091
    8      5.742923262167     -4.047710485096      2.545621228674
    8     -5.756543268132      4.055383921339      2.543765594833
    8      5.759960935160      4.055340094193      2.520356869799
    8     -5.739554197326     -4.049270707786      2.548269013380
  258      1.914228926096      2.707952175136      0.647736743713
  258     -1.920511288051     -2.706646010376      0.645232967680
  258      1.920192647036     -2.712256696137      0.648932978130
  258     -1.918494338477      2.713711001135      0.651683496138
  258      1.917216226315      8.137871023773      0.658054203933
  258     -1.914733297927     -8.134695673028      0.653657160397
  258      5.757525954038      2.706559121659      0.646793465343
  258     -5.753113856975     -2.710370212137      0.653816675865
  258      5.752708650602     -2.714587614188      0.651091880695
  258     -5.752587044780      2.714404907863      0.651214233597
  258      5.747997025338     -8.135577002072      0.684393461175
  258     -5.750281560040     -8.133985923417      0.665658564350
    8      0.001485181341      4.060867923541      0.693339732350
    8     -0.002174847598     -4.055838292986      0.677376548507
    8     -0.005851109021     -6.789345801050      0.677104480767
    8      0.029970612921      6.783763383272      0.726761764258
    8      0.002199828015     -1.363099547387      0.693599430288
    8     -0.000072450790      1.364157496154      0.691914064809
    8      3.830115652124      4.057233331851      0.699879744985
    8     -3.835628982663     -4.055353678730      0.687665583453
    8      3.838015250479     -4.069313253535      0.691419952321
    8     -3.836253154390      4.061861153362      0.694078806822
    8      3.819919691131     -6.804179967984      0.701402471526
    8     -3.820221585702      6.793075944872      0.678017551024
    8      3.823682636954      6.768972827954      0.694371846192
    8     -3.829097300554     -6.786510097564      0.691140773727
    8      3.835481805813     -1.366768204052      0.689754110613
    8     -3.833291266892      1.367873361232      0.691431399847
    8      3.837198732795      1.361366944781      0.694484929459
    8     -3.838039762492     -1.359842735464      0.691401734245
    8     -7.667187700302      4.056351172923      0.681806837218
    8      7.671435738207     -4.056000292839      0.692279261923
    8      7.678444808816     -6.794440716246      0.695452581670
    8      7.644899272922      6.790340195861      0.718388513961
    8     -7.667407123638     -1.364805799198      0.690871863077
    8     -7.672463176188      1.362720087746      0.692482095197
  258     -0.000675143854     -0.000080240874     -1.135921577927
  258      0.002354506244      5.424744272302     -1.131341794296
  258     -0.000406474533     -5.424120689481     -1.139260014008
  258      3.836397412552     -0.001828795248     -1.134792566574
  258     -3.837001601904      0.002236370730     -1.134637420840
  258      3.836472236734      5.425325790084     -1.139909547118
  258     -3.836434342965     -5.425482429285     -1.135141546744
  258      3.836118517197     -5.427470782380     -1.132422345299
  258     -3.835062977234      5.427176166283     -1.132816868119
  258     -7.670205326302     -0.002044046553     -1.135651525367
  258      7.669243310860      5.429721439482     -1.131320767756
  258      7.671012217114     -5.428915019444     -1.131132177150
    8      1.918476377928      1.346214836700     -1.164484395823
    8     -1.917197428130     -1.340403525429     -1.167479929912
    8      1.916242325947     -1.342954618056     -1.168422684086
    8     -1.916275375635      1.346783929860     -1.166073931710
    8      1.915203205708      6.771396383310     -1.163385828184
    8     -1.920981007566     -6.769590671439     -1.170827467820
    8      1.919752930544     -6.772579744001     -1.161894443738
    8     -1.898652264273      6.769161489354     -1.159942271309
    8      1.922205697143     -4.080883963390     -1.167976822836
    8     -1.917076162602      4.081868709877     -1.163797099857
    8      1.919507686829      4.081081645147     -1.164841449520
    8     -1.920150600711     -4.078524621309     -1.170674346840
    8      5.753693869960      1.343769134762     -1.167485456934
    8     -5.752754422512     -1.344011468705     -1.166491676097
    8      5.754080342442     -1.345266437470     -1.165160899702
    8     -5.753573559163      1.345902694158     -1.165064523919
    8      5.749782713132      6.773481197149     -1.154854098891
    8     -5.751890178390     -6.769729646894     -1.164741274745
    8      5.749695055411     -6.772608854355     -1.147086905484
    8     -5.763018589451      6.769701857232     -1.154799565482
    8      5.754022804674     -4.081894509337     -1.166528155087
    8     -5.751973468538      4.083284353600     -1.167125532312
    8      5.748610852541      4.081438658436     -1.163748707452
    8     -5.755901824472     -4.080730924121     -1.162497242573
  258      1.917616500073      2.711919447478     -3.054213014035
  258     -1.918983401829     -2.712082340031     -3.054558983874
  258      1.918112175114     -2.712876295654     -3.053378644151
  258     -1.917987315089      2.713016373717     -3.052421187264
  258      1.917741105879     -8.136368597982     -3.051506733519
  258     -1.917251397513     -8.136644202238     -3.052343093552
  258      5.754433194318      2.712708045717     -3.053891722908
  258     -5.753892865879     -2.713571500630     -3.051592507297
  258      5.753745733264     -2.714014549910     -3.052666246936
  258     -5.753992244154      2.713517543462     -3.051986078364
  258      5.753347881493     -8.135919509615     -3.044147305500
  258     -5.754275683643     -8.136314167630     -3.048407217533
    8     -0.000611258846     -1.318450937969     -3.045750962171
    8      0.001097898022      1.318349887353     -3.044409057609
    8      0.000692361143      4.106339455170     -3.041881527986
    8      0.000853793671     -4.106487431630     -3.046172922460
    8      0.001261716764     -6.744540476009     -3.045536525998
    8      0.002155589347      6.741023125716     -3.044761580609
    8      3.836525579072     -1.318887599982     -3.043954239467
    8     -3.835751748534      1.320084915802     -3.044039214736
    8      3.835372095349      1.318146218479     -3.044312655253
    8     -3.835871736811     -1.317190945838     -3.044630696488
    8      3.835591305609      4.106221316836     -3.045579802669
    8     -3.837719755163     -4.105379403387     -3.045336833055
    8      3.836136976536     -4.108369490654     -3.045398595161
    8     -3.834755624692      4.107660377429     -3.045011834896
    8      3.837797405570     -6.744400646358     -3.041163973139
    8     -3.835440277263      6.743780196148     -3.038506922671
    8      3.836359444072      6.742175070701     -3.042318789698
    8     -3.836689664739     -6.743312567288     -3.045941758179
    8      7.671409920996     -1.319055330911     -3.043983575549
    8     -7.671258962081      1.318691330108     -3.044483627845
    8      7.669739915699      4.107678536490     -3.042071465707
    8      7.672046870425     -4.108974468203     -3.044204249790
    8      7.668462270645     -6.745013345286     -3.040176293259
    8      7.669591650040      6.742621238337     -3.041140843486
  258      0.000000000000      0.000000000000     -4.794687825205
  258      0.000000000000      5.424570039800     -4.794687825205
  258      0.000000000000     -5.424570039800     -4.794687825205
  258      3.835750260160      0.000000000000     -4.794687825205
  258     -3.835750260160      0.000000000000     -4.794687825205
  258      3.835750260160      5.424570039800     -4.794687825205
  258     -3.835750260160     -5.424570039800     -4.794687825205
  258      3.835750260160     -5.424570039800     -4.794687825205
  258     -3.835750260160      5.424570039800     -4.794687825205
  258      7.671500520300      0.000000000000     -4.794687825205
  258      7.671500520300      5.424570039800     -4.794687825205
  258      7.671500520300     -5.424570039800     -4.794687825205
    8      1.917875130080      1.356142509950     -4.794687825205
    8     -1.917875130080     -1.356142509950     -4.794687825205
    8      1.917875130080     -1.356142509950     -4.794687825205
    8     -1.917875130080      1.356142509950     -4.794687825205
    8      1.917875130080      6.780712549750     -4.794687825205
    8     -1.917875130080     -6.780712549750     -4.794687825205
    8      1.917875130080     -6.780712549750     -4.794687825205
    8     -1.917875130080      6.780712549750     -4.794687825205
    8      1.917875130080     -4.068427529850     -4.794687825205
    8     -1.917875130080      4.068427529850     -4.794687825205
    8      1.917875130080      4.068427529850     -4.794687825205
    8     -1.917875130080     -4.068427529850     -4.794687825205
    8      5.753625390240      1.356142509950     -4.794687825205
    8     -5.753625390240     -1.356142509950     -4.794687825205
    8      5.753625390240     -1.356142509950     -4.794687825205
    8     -5.753625390240      1.356142509950     -4.794687825205
    8      5.753625390240      6.780712549750     -4.794687825205
    8     -5.753625390240     -6.780712549750     -4.794687825205
    8      5.753625390240     -6.780712549750     -4.794687825205
    8     -5.753625390240      6.780712549750     -4.794687825205
    8      5.753625390240     -4.068427529850     -4.794687825205
    8     -5.753625390240      4.068427529850     -4.794687825205
    8      5.753625390240      4.068427529850     -4.794687825205
    8     -5.753625390240     -4.068427529850     -4.794687825205
   14      7.363705444012     -7.381170848839      7.313548599251
    8      6.878766945253     -5.794039612245      7.315187704942
    8      7.601201277426     -7.746987459630      8.906796114402
    8     -6.402766050021     -7.537352163193      6.706624331234
    6      5.793595646762     -5.344403188775      6.504814349082
    6     -5.414682523759     -6.541273961686      7.078049776256
    6     -8.512329805519     -7.153980816357      9.946533222114
    6      5.326367246237     -4.017158544680      7.084435613843
    6     -5.606775312604     -5.246196007491      6.303708494302
    6     -8.506478525427     -8.069951373499     11.159262634722
    1      4.437410560855     -3.651228818945      6.555702333436
    1     -4.742678260156     -4.591483201681      6.474673234557
    1     -9.023069405018     -7.588331702437     12.004748189292
    1      5.082712236438     -4.128693674862      8.145353165698
    1      6.135997832853     -3.268831278967      7.033847302924
    1      4.967314412713     -6.070374014155      6.507281598519
    1      6.128308998467     -5.255963915674      5.460713039179
    1      6.331112682692      7.251232471649     10.939491173996
    1     -7.476318798819      7.977065481023     11.462706291152
    1     -8.083481360845     -6.165297433249     10.201414743113
    1      5.792210737478     -6.967929348421      9.617123044567
    1     -5.455694798853     -6.388781014681      8.165460871257
    1     -4.441850545138     -6.979390639425      6.816119658353
    1     -6.544919346980     -4.753762278541      6.568598864405
    1     -5.629678027281     -5.445316373094      5.231863157468
    8      6.306456122286     -8.265149710959      6.528048139042
    6      3.747474770257      6.078980400506      5.994331864219
    6      2.313993512047      5.570919756158      6.196890161440
    1      1.860004718113      5.318553466191      5.236666415939
    1      4.026994366388      6.805363076009      6.777352546639
    1      4.459823578117      5.246971574331      6.047160822922
    1      2.257765054245      4.700244509247      6.864432575924
    1      1.651323113126      6.334512330132      6.632684212312
    0    0
