   2   1   1 E -4.5963139235061E+04 DE-5.3E-06(  4)
  0.153430010406E+02  0.000000000000E+00  0.000000000000E+00
  0.000000000000E+00  0.162737101194E+02  0.000000000000E+00
  0.000000000000E+00  0.000000000000E+00  0.500000000000E+03
    1
  0.100000000000E+01  0.000000000000E+00  0.000000000000E+00
  0.000000000000E+00  0.100000000000E+01  0.000000000000E+00
  0.000000000000E+00  0.000000000000E+00  0.100000000000E+01
  0.000000000000E+00  0.000000000000E+00  0.000000000000E+00
  249
  258      1.913611564259      2.693034834645      4.265417162468
  258     -1.913475823563     -2.702468708089      4.261367610579
  258      1.916171069953     -2.720767043578      4.260904843329
  258     -1.926567383381      2.713900549591      4.264866731723
  258      1.825220859362     -8.079704063812      4.284340849466
  258     -1.948836884481     -8.127318609537      4.267262261820
  258      5.771970983485      2.706220918142      4.258915388669
  258     -5.752514555272     -2.698352440580      4.275854857065
  258      5.757144860665     -2.707044836688      4.261065559338
  258     -5.751919684135      2.718948504840      4.266311342682
  258      5.814840165784     -8.113563830757      4.337946944601
  258     -5.751429365148     -8.138217019460      4.298527926022
    8     -0.009930400978      3.986755066089      4.376225802683
    8      0.001611991457     -3.977158953907      4.368924474319
    8     -0.005880486994     -6.843023241521      4.407761488963
    8     -0.019661130487      6.891898083987      4.365637693705
    8      0.002589628468     -1.434727384018      4.373041260952
    8      0.010315123714      1.444314025885      4.376938720553
    8      3.851848886229      3.940804415913      4.287295410359
    8     -3.773297295208     -3.951173117171      4.333980998276
    8      3.796465106915     -4.031776953436      4.356391342762
    8     -3.831640644401      3.985315946484      4.371777585712
    8      3.767153625987     -6.989969398055      4.308102860226
    8     -3.825266589788      6.874966646336      4.381549386850
    8      3.856849744913      6.689720772846      4.699038085622
    8     -3.790062862990     -6.853286593548      4.368032660081
    8      3.844304212333     -1.470962447067      4.377094404484
    8     -3.833663205794      1.449569725619      4.378173197825
    8      3.819657748280      1.418595000334      4.389139394543
    8     -3.852141219915     -1.423812162220      4.383853869034
    8      7.654623205556      3.985692479103      4.375401251521
    8     -7.674199332992     -3.934358884468      4.334578528097
    8     -7.680582882893     -6.832905431812      4.305231911985
    8     -7.606319456721      6.887257360064      4.255282907772
    8      7.676816454297     -1.420956437252      4.380200881211
    8     -7.669292419222      1.448782504340      4.372385883988
  258     -0.001075705824     -0.001891969741      2.595334427727
  258     -0.000706077604      5.422610858886      2.607394296282
  258     -0.016605824822     -5.403409754150      2.579659002058
  258      3.836779147487     -0.001948642535      2.599636798394
  258     -3.838055994523      0.003372519651      2.598692930540
  258      3.836178786834      5.392478995107      2.566577843794
  258     -3.835619739211     -5.415545813250      2.593502933239
  258      3.832795808686     -5.437622562664      2.598813068063
  258     -3.835922365789      5.429296281297      2.595165483424
  258     -7.666727804014     -0.000850632129      2.596620438836
  258     -7.668707482735      5.428191410485      2.591846263414
  258     -7.665583165535     -5.418885891021      2.592677376908
    8      1.918121709002      1.369771389163      2.534596003666
    8     -1.921231659690     -1.355751579919      2.537957093423
    8      1.921383093491     -1.360983560518      2.540948888663
    8     -1.916847458568      1.368977030102      2.541674271280
    8      1.988668781937      6.808650870373      2.618147657481
    8     -1.907965560529     -6.785024083092      2.533366596403
    8      1.866730593557     -6.776592594986      2.530007160630
    8     -1.921243477614      6.790599214322      2.537208390836
    8      1.907403911519     -4.053928933593      2.524919172080
    8     -1.910962254717      4.062237378504      2.539257762337
    8      1.906031209296      4.068144672334      2.538329848654
    8     -1.903939346368     -4.049023955093      2.518074432739
    8      5.751122320719      1.365470098873      2.541985033342
    8     -5.754586904683     -1.363136624056      2.537707165294
    8      5.755309182395     -1.354085722320      2.533420453836
    8     -5.751458956423      1.366903546528      2.541021396607
    8      5.666172388076      6.773549547100      2.591778327816
    8     -5.734457810801     -6.775773212137      2.543431999320
    8      5.748727480137     -6.749122192217      2.527554262517
    8     -5.716311717994      6.771707497813      2.505041312554
    8      5.740763603223     -4.048004743618      2.542042525025
    8     -5.757324908711      4.053193712924      2.544294899835
    8      5.764337546216      4.055565151867      2.518077081238
    8     -5.740335537907     -4.050002703161      2.551128797631
  258      1.913918164719      2.707638253609      0.647332655745
  258     -1.920516296721     -2.706646478417      0.645937293550
  258      1.919902229244     -2.712746796240      0.648612654997
  258     -1.918441751001      2.713923159678      0.651799327536
  258      1.917638382460      8.137229767391      0.659326449137
  258     -1.915239554438     -8.134427584064      0.652808398960
  258      5.758251685695      2.706558886800      0.646343423180
  258     -5.752955665847     -2.711316102438      0.653250476396
  258      5.752484937546     -2.714768536770      0.652174553790
  258     -5.752392767783      2.714009745270      0.651108690149
  258      5.748275517425     -8.135181493628      0.683024981219
  258     -5.750114086911     -8.133425316873      0.667236039845
    8      0.000146616849      4.061524173705      0.693639399126
    8     -0.000145823046     -4.055858488368      0.678497982506
    8     -0.006007711366     -6.789563818990      0.678114743973
    8      0.030114964074      6.784334325942      0.726767170103
    8      0.000600143001     -1.361894238526      0.692998075898
    8      0.000103580310      1.365485944114      0.691796107285
    8      3.831146940135      4.056965110784      0.700238605555
    8     -3.838553432268     -4.055808158708      0.689087309585
    8      3.835281124633     -4.069017917977      0.689907238716
    8     -3.836446313917      4.062368739634      0.693998835086
    8      3.821195964798     -6.803578052961      0.702175086384
    8     -3.819886170918      6.794005489606      0.676496128879
    8      3.822206602873      6.768105255227      0.693297108110
    8     -3.828928206113     -6.785330514584      0.692062962451
    8      3.835463885326     -1.366822813429      0.693078723526
    8     -3.834638785538      1.367490535128      0.692580489002
    8      3.835800814438      1.362082808573      0.691597545810
    8     -3.837047110883     -1.360399708247      0.691354505318
    8     -7.664745829887      4.057269869210      0.679717456411
    8      7.674052192206     -4.056450482219      0.692494585140
    8      7.675803570754     -6.793218699608      0.693557885176
    8      7.644751625565      6.791969615854      0.718853328400
    8     -7.670213754473     -1.364918583435      0.690926613344
    8     -7.672105357649      1.363426261710      0.693786582012
  258     -0.000761122232     -0.000268251484     -1.135918874668
  258      0.002544389053      5.424830763995     -1.131117634810
  258     -0.000347167807     -5.424510651044     -1.139275855094
  258      3.836469388473     -0.001758323057     -1.134459048799
  258     -3.836799675817      0.001934625104     -1.134630946647
  258      3.836441276693      5.425218148508     -1.140550054508
  258     -3.836275257664     -5.424889853490     -1.134582444583
  258      3.835815073802     -5.427475990863     -1.132420174674
  258     -3.835321655810      5.427100578815     -1.132909451437
  258     -7.670032370416     -0.002443385195     -1.134602934753
  258      7.669485200558      5.429504157651     -1.131072475173
  258      7.670944441295     -5.428709311229     -1.131335244718
    8      1.917302139307      1.344712411205     -1.165558597736
    8     -1.917800784475     -1.341046266477     -1.167908611257
    8      1.918317871141     -1.343921482035     -1.166995756374
    8     -1.917359028053      1.346457140438     -1.165376563113
    8      1.914551049226      6.771057708913     -1.163411614495
    8     -1.920200620473     -6.769706715317     -1.170531313196
    8      1.919943042670     -6.773479569498     -1.160979715293
    8     -1.898331759804      6.768771617151     -1.160399307599
    8      1.920443421834     -4.081659140490     -1.169317145798
    8     -1.916993608166      4.081481585315     -1.164279654351
    8      1.919465881814      4.079852580554     -1.164485681863
    8     -1.920422331587     -4.078635245963     -1.168650159697
    8      5.754901500861      1.342865044874     -1.167310422425
    8     -5.752887230941     -1.343916635153     -1.165678846697
    8      5.752828173904     -1.346024236899     -1.164964556647
    8     -5.754490758948      1.345051106281     -1.164840433084
    8      5.749906369004      6.772335846912     -1.154619553066
    8     -5.751495112882     -6.769402127216     -1.163321937917
    8      5.748439015547     -6.774051754018     -1.150109600217
    8     -5.764009028050      6.769776317725     -1.154041650652
    8      5.754000141467     -4.082846062843     -1.164648891762
    8     -5.750277572271      4.082310683183     -1.167976824806
    8      5.748820051514      4.081081523741     -1.164512475921
    8     -5.755251933797     -4.080294261400     -1.165675432577
  258      1.917572548081      2.711840342773     -3.054333918907
  258     -1.918732314092     -2.712348738617     -3.054353739844
  258      1.918697642955     -2.712882112717     -3.053604436279
  258     -1.917853546326      2.713151426945     -3.052178253427
  258      1.917703779125     -8.136506847254     -3.051252423806
  258     -1.917256449188     -8.136687409472     -3.052158323922
  258      5.754559991594      2.712106025045     -3.054069469542
  258     -5.753992189210     -2.713272335101     -3.051846013307
  258      5.754010715367     -2.713765876352     -3.052120694496
  258     -5.753839473202      2.713519359060     -3.051964718683
  258      5.753690666477     -8.136143132325     -3.044375279573
  258     -5.754073388226     -8.136356188483     -3.047854623457
    8      0.000162205145     -1.317703839957     -3.044740976029
    8      0.000377665390      1.318943398741     -3.044501938703
    8      0.000928461755      4.106945934667     -3.042119279353
    8     -0.000165608705     -4.105891709084     -3.046164475107
    8      0.001429072024     -6.743966852125     -3.045136678800
    8      0.001986565829      6.741486057744     -3.045145124677
    8      3.836239569343     -1.318283055280     -3.044570790666
    8     -3.836002536845      1.319974568986     -3.043896287643
    8      3.835662781704      1.318595064185     -3.044145791103
    8     -3.835947884922     -1.317095931057     -3.044720025013
    8      3.835445876193      4.106189532794     -3.045364484203
    8     -3.836597930719     -4.105837422501     -3.045699480042
    8      3.836735081900     -4.107585138970     -3.044456095144
    8     -3.834507636316      4.107724773262     -3.045657156659
    8      3.836854912913     -6.743632591867     -3.042112480157
    8     -3.835641155959      6.743967985025     -3.037961292676
    8      3.836179723840      6.742267891183     -3.042199518061
    8     -3.836765803334     -6.743726935771     -3.045567074348
    8      7.671305977417     -1.318933873902     -3.043926269381
    8     -7.671343957991      1.318486769162     -3.044760027537
    8      7.670124301120      4.108098610080     -3.042259111633
    8      7.670989745842     -4.108090221536     -3.044239154876
    8      7.669243043099     -6.744062750281     -3.040086781033
    8      7.669682354455      6.743230291350     -3.041430183462
  258      0.000000000000      0.000000000000     -4.794687825205
  258      0.000000000000      5.424570039800     -4.794687825205
  258      0.000000000000     -5.424570039800     -4.794687825205
  258      3.835750260160      0.000000000000     -4.794687825205
  258     -3.835750260160      0.000000000000     -4.794687825205
  258      3.835750260160      5.424570039800     -4.794687825205
  258     -3.835750260160     -5.424570039800     -4.794687825205
  258      3.835750260160     -5.424570039800     -4.794687825205
  258     -3.835750260160      5.424570039800     -4.794687825205
  258      7.671500520300      0.000000000000     -4.794687825205
  258      7.671500520300      5.424570039800     -4.794687825205
  258      7.671500520300     -5.424570039800     -4.794687825205
    8      1.917875130080      1.356142509950     -4.794687825205
    8     -1.917875130080     -1.356142509950     -4.794687825205
    8      1.917875130080     -1.356142509950     -4.794687825205
    8     -1.917875130080      1.356142509950     -4.794687825205
    8      1.917875130080      6.780712549750     -4.794687825205
    8     -1.917875130080     -6.780712549750     -4.794687825205
    8      1.917875130080     -6.780712549750     -4.794687825205
    8     -1.917875130080      6.780712549750     -4.794687825205
    8      1.917875130080     -4.068427529850     -4.794687825205
    8     -1.917875130080      4.068427529850     -4.794687825205
    8      1.917875130080      4.068427529850     -4.794687825205
    8     -1.917875130080     -4.068427529850     -4.794687825205
    8      5.753625390240      1.356142509950     -4.794687825205
    8     -5.753625390240     -1.356142509950     -4.794687825205
    8      5.753625390240     -1.356142509950     -4.794687825205
    8     -5.753625390240      1.356142509950     -4.794687825205
    8      5.753625390240      6.780712549750     -4.794687825205
    8     -5.753625390240     -6.780712549750     -4.794687825205
    8      5.753625390240     -6.780712549750     -4.794687825205
    8     -5.753625390240      6.780712549750     -4.794687825205
    8      5.753625390240     -4.068427529850     -4.794687825205
    8     -5.753625390240      4.068427529850     -4.794687825205
    8      5.753625390240      4.068427529850     -4.794687825205
    8     -5.753625390240     -4.068427529850     -4.794687825205
   14      7.368571251724     -7.410974564420      7.313500452240
    8      6.875114406776     -5.826865723761      7.349067942483
    8      7.589810767562     -7.835838575175      8.895444579325
    8     -6.395548457404     -7.538326024850      6.719138973142
    6      5.799687311434     -5.361827234691      6.533544030892
    6     -5.418175755306     -6.527871682306      7.085704426497
    6     -8.867575685423     -7.728847793282      9.775832430987
    6      5.344861919782     -4.029650274139      7.110898053709
    6     -5.623790958053     -5.240579213374      6.303839777744
    6     -8.485591189720     -8.288383791775     11.133608781109
    1      4.453783250747     -3.662172065970      6.585882112086
    1     -4.774197411221     -4.569920281649      6.485681464097
    1     -9.329452696776     -8.216085938114     11.832069809825
    1      5.106125678203     -4.135075049552      8.173403026442
    1      6.157297840875     -3.285511706098      7.050463202022
    1      4.964358591728     -6.078179487962      6.530991503608
    1      6.140263015030     -5.271957437629      5.490784899090
    1      7.149631479951      6.933210188958     11.050666804742
    1     -7.639608878661      8.537951356963     11.555986037450
    1     -9.173605769248     -6.672307395787      9.863036563415
    1      5.613750819452     -8.281964699998      9.361006414366
    1     -5.462325798281     -6.367647384546      8.171642669153
    1     -4.442245695658     -6.957934103651      6.825980597987
    1     -6.573226945395     -4.767086823537      6.555129208369
    1     -5.625289869913     -5.441099546037      5.231859913911
    8      6.301182909945     -8.280141679423      6.520138619524
    6      3.748806100605      6.077252668999      5.971696751910
    6      2.317492092656      5.553153763701      6.164945253628
    1      1.856003660328      5.342838045208      5.198221964913
    1      4.011419026513      6.817663664914      6.746529475527
    1      4.470281610512      5.255087372888      6.042420595808
    1      2.278098687439      4.642384807030      6.779020113260
    1      1.654651821632      6.286517947156      6.648988600411
    0    0
