   2   1   1 E -4.5963137979777E+04 DE-1.4E-06(  6)
  0.153430010406E+02  0.000000000000E+00  0.000000000000E+00
  0.000000000000E+00  0.162737101194E+02  0.000000000000E+00
  0.000000000000E+00  0.000000000000E+00  0.500000000000E+03
    1
  0.100000000000E+01  0.000000000000E+00  0.000000000000E+00
  0.000000000000E+00  0.100000000000E+01  0.000000000000E+00
  0.000000000000E+00  0.000000000000E+00  0.100000000000E+01
  0.000000000000E+00  0.000000000000E+00  0.000000000000E+00
  249
  258      1.912460325357      2.694975215214      4.266094311245
  258     -1.913567209331     -2.701461185091      4.260920944584
  258      1.916657284236     -2.720850467341      4.260745946392
  258     -1.927048344878      2.714308597547      4.264948048695
  258      1.825576287972     -8.079128432630      4.284888141782
  258     -1.948874705658     -8.126298683222      4.268469164583
  258      5.770836206274      2.706789494013      4.259586038912
  258     -5.751172874901     -2.699524921730      4.276501114023
  258      5.759017049769     -2.702797679049      4.260118344629
  258     -5.753167602747      2.719961414403      4.266249862961
  258      5.816723416179     -8.112412882514      4.343030318022
  258     -5.751846930549     -8.137787272713      4.296450409507
    8     -0.007283457997      3.988510037341      4.377232284910
    8      0.002473325799     -3.976795824476      4.369130980374
    8     -0.005121229725     -6.842354366982      4.409214053035
    8     -0.018887946087      6.892742913609      4.363347641867
    8      0.002749539684     -1.434219567745      4.371798883030
    8      0.008822584050      1.445472020519      4.378176276026
    8      3.848875097374      3.943121068891      4.291116278369
    8     -3.775062724512     -3.950433233470      4.332772782534
    8      3.792012272736     -4.029119931115      4.354452532559
    8     -3.830412858029      3.985162007871      4.371896803202
    8      3.768915451207     -6.988510806679      4.310641340189
    8     -3.826512598290      6.875411768814      4.384976254053
    8      3.850836580104      6.695446897282      4.705109963930
    8     -3.787410581765     -6.853214722342      4.363009695647
    8      3.846122480994     -1.467824578659      4.377710040348
    8     -3.833216775158      1.448988977030      4.377720830811
    8      3.822698063220      1.421367642693      4.388254033718
    8     -3.848386433261     -1.424066544178      4.385212128340
    8      7.655376741380      3.987039156931      4.374133825641
    8     -7.666657217702     -3.932396400123      4.336851001756
    8     -7.682632370500     -6.830077048216      4.303662834247
    8     -7.608033469603      6.889564820810      4.255756169411
    8      7.669622023951     -1.419580332230      4.378299855053
    8     -7.665453957182      1.449779416711      4.373707873121
  258     -0.000979719728     -0.001101376738      2.595426601724
  258     -0.000648621910      5.423295849557      2.607554966718
  258     -0.016048306510     -5.403005751500      2.579793026826
  258      3.836330152272     -0.001166776133      2.599838742096
  258     -3.838212146155      0.004262762476      2.599049696737
  258      3.835792338362      5.394265292332      2.567948679545
  258     -3.834815640566     -5.414892506390      2.591626083585
  258      3.833903584004     -5.437533850587      2.599906490899
  258     -3.835780752857      5.429913886017      2.595886692690
  258     -7.666562868257      0.000248568280      2.595255796500
  258     -7.669850984974      5.428640261045      2.592097413811
  258     -7.665299270710     -5.418074347680      2.592772515059
    8      1.917838870791      1.370302619464      2.535967899436
    8     -1.920937702458     -1.354461344536      2.536997154491
    8      1.922973554582     -1.360389131348      2.540728482840
    8     -1.916416769181      1.370274928084      2.541743610011
    8      1.989266269576      6.809384106847      2.618074361210
    8     -1.905972582375     -6.784409554196      2.532476862048
    8      1.867793686325     -6.776090866339      2.531124902048
    8     -1.922193434027      6.791774292468      2.538451435942
    8      1.906350407288     -4.053993112195      2.523404826284
    8     -1.909925585488      4.063823744577      2.539508457486
    8      1.906823076765      4.068414552414      2.538302512380
    8     -1.903973533533     -4.048119429032      2.518963508522
    8      5.753874325311      1.367340800651      2.544316366321
    8     -5.753604406922     -1.361608925915      2.541529322076
    8      5.754215064412     -1.352338385660      2.529921294630
    8     -5.751082871109      1.368722773760      2.539285430828
    8      5.666590359652      6.774519958473      2.594669452364
    8     -5.734048218579     -6.774112153489      2.543395648410
    8      5.747804248759     -6.749136472380      2.527976616408
    8     -5.717039113738      6.772240338747      2.505089068113
    8      5.742654780162     -4.046954495994      2.545127391007
    8     -5.756777312824      4.055080752666      2.544439803176
    8      5.761570251292      4.056470461752      2.519475043803
    8     -5.739635424401     -4.048468621681      2.548263680264
  258      1.914215035618      2.708557666201      0.647712185140
  258     -1.920290072600     -2.706234827801      0.645508438541
  258      1.920058956627     -2.712093624180      0.648786746990
  258     -1.918458921265      2.714378537815      0.651816672487
  258      1.917527350950      8.138036104181      0.659177533852
  258     -1.914792231224     -8.134223015384      0.653666242614
  258      5.757876085652      2.707382267311      0.646520664805
  258     -5.752835229092     -2.710200018438      0.653496300233
  258      5.752582191897     -2.714183129408      0.651334820903
  258     -5.752455198800      2.714752585012      0.651198027466
  258      5.748179184499     -8.134996354629      0.685150579894
  258     -5.750369277932     -8.133361958697      0.666286622385
    8      0.000936681070      4.061691654503      0.693643926154
    8     -0.001174679494     -4.055591230928      0.677775173136
    8     -0.005092811578     -6.789317478044      0.678261947026
    8      0.029932053538      6.784435240971      0.727102496040
    8      0.001529309580     -1.362131304146      0.693523126199
    8      0.000193934719      1.365241805094      0.691973300404
    8      3.830898286949      4.057883818156      0.699658279114
    8     -3.836197682244     -4.055254065067      0.687992594861
    8      3.837639777641     -4.069122219811      0.691478628454
    8     -3.836129249117      4.062319006993      0.694272515634
    8      3.820079922442     -6.803709415267      0.702297772470
    8     -3.819865785607      6.793600217176      0.677922324715
    8      3.823516997984      6.768822562532      0.694823010477
    8     -3.829189190388     -6.785932233135      0.691456754878
    8      3.834897296711     -1.366295366872      0.690872090465
    8     -3.833580563478      1.367823156529      0.692053628522
    8      3.836883951002      1.362475402734      0.693865838328
    8     -3.837902834060     -1.359767177840      0.691597142351
    8     -7.666240687452      4.057339978294      0.681257122945
    8      7.671901076732     -4.055923751616      0.692153375720
    8      7.677518210616     -6.793272646860      0.695554090161
    8      7.644505835215      6.791445663086      0.718893166735
    8     -7.668006083722     -1.364436698622      0.691188973958
    8     -7.672438995368      1.363483836044      0.692639073242
  258     -0.000642112221      0.000207722653     -1.135798265220
  258      0.002511999363      5.425118822433     -1.131196463789
  258     -0.000318995196     -5.424066197298     -1.139124181684
  258      3.836375420156     -0.001319924031     -1.134583007087
  258     -3.836845828859      0.002485697565     -1.134629072543
  258      3.836513616955      5.425704089288     -1.139937130414
  258     -3.836143524944     -5.424950518422     -1.135006236620
  258      3.835991940289     -5.427281476762     -1.132124035952
  258     -3.835089642425      5.427435697736     -1.132583897781
  258     -7.670203196029     -0.001940060913     -1.135203037785
  258      7.669270113313      5.430003155388     -1.131123981464
  258      7.670898511822     -5.428667400168     -1.130923941482
    8      1.918174032095      1.346106206912     -1.164663906265
    8     -1.917465677736     -1.340183189777     -1.167553240507
    8      1.917226544644     -1.342770106063     -1.167849352409
    8     -1.916637207335      1.347305364603     -1.165764107424
    8      1.915087950438      6.771713431695     -1.162974324423
    8     -1.920321117931     -6.769157090264     -1.170393015529
    8      1.919846126211     -6.772607115711     -1.161671204557
    8     -1.898665655326      6.769569254989     -1.159921710221
    8      1.921822214149     -4.080800736953     -1.168187788680
    8     -1.916746457972      4.082267123314     -1.163933945713
    8      1.919444561715      4.080813634491     -1.164699533109
    8     -1.919983585304     -4.078161207937     -1.170057974616
    8      5.753905382988      1.344021571399     -1.167235320376
    8     -5.752752687168     -1.343559347129     -1.166316590224
    8      5.753949221120     -1.344849494175     -1.164788777616
    8     -5.753819577637      1.345938524477     -1.164976987734
    8      5.749765071440      6.773706570657     -1.154532980892
    8     -5.751889745777     -6.769378584882     -1.164419458916
    8      5.749180377048     -6.772643636358     -1.147611754653
    8     -5.763549636809      6.770251619018     -1.154087254812
    8      5.753723545030     -4.081541845159     -1.166315589788
    8     -5.751192880830      4.083262325147     -1.167194776739
    8      5.749142411760      4.081781632750     -1.164358643219
    8     -5.755553367752     -4.080201376026     -1.163813624185
  258      1.917617579010      2.712055956868     -3.054263953802
  258     -1.918805360731     -2.712064147779     -3.054480686341
  258      1.918521102431     -2.712721301420     -3.053458979583
  258     -1.917864336634      2.713266924123     -3.052355419958
  258      1.917711049332     -8.136352036913     -3.051314686021
  258     -1.917238607240     -8.136616646769     -3.052042343308
  258      5.754484838831      2.712482919891     -3.054106868992
  258     -5.753936283443     -2.713327627040     -3.051782098711
  258      5.753932561436     -2.713711189609     -3.052541814909
  258     -5.753852639456      2.713701595858     -3.051962484737
  258      5.753395706026     -8.135851175977     -3.043982461754
  258     -5.754210636610     -8.136285785154     -3.048133475495
    8     -0.000186426456     -1.318086913642     -3.045197539958
    8      0.000900392667      1.318678905287     -3.044414697693
    8      0.000846886701      4.106829933721     -3.042022048899
    8      0.000623195116     -4.106116047620     -3.046118729243
    8      0.001281342049     -6.744173418474     -3.045255004440
    8      0.002029605125      6.741365590582     -3.044753739206
    8      3.836474061775     -1.318704114144     -3.044038166762
    8     -3.835745491134      1.320121513507     -3.044031569121
    8      3.835487713061      1.318291391315     -3.044380021775
    8     -3.835835025994     -1.317090736176     -3.044663064166
    8      3.835509726872      4.106125132213     -3.045363436361
    8     -3.837190156651     -4.105605061423     -3.045518151314
    8      3.836402654071     -4.108137442968     -3.044968518597
    8     -3.834669964493      4.107835734824     -3.045059050429
    8      3.837606357749     -6.744095656780     -3.041427177271
    8     -3.835559777469      6.743840224548     -3.038219632722
    8      3.836197575131      6.742061406432     -3.042229530845
    8     -3.836704410991     -6.743450039950     -3.045697873543
    8      7.671310724089     -1.318965137789     -3.044166421712
    8     -7.671353557702      1.318601711802     -3.044516188569
    8      7.670120227186      4.108024042975     -3.042238520853
    8      7.671640119713     -4.108484655682     -3.044161005490
    8      7.668618055986     -6.744556780321     -3.040021599046
    8      7.669675979514      6.742999118634     -3.041120057843
  258      0.000000000000      0.000000000000     -4.794687825205
  258      0.000000000000      5.424570039800     -4.794687825205
  258      0.000000000000     -5.424570039800     -4.794687825205
  258      3.835750260160      0.000000000000     -4.794687825205
  258     -3.835750260160      0.000000000000     -4.794687825205
  258      3.835750260160      5.424570039800     -4.794687825205
  258     -3.835750260160     -5.424570039800     -4.794687825205
  258      3.835750260160     -5.424570039800     -4.794687825205
  258     -3.835750260160      5.424570039800     -4.794687825205
  258      7.671500520300      0.000000000000     -4.794687825205
  258      7.671500520300      5.424570039800     -4.794687825205
  258      7.671500520300     -5.424570039800     -4.794687825205
    8      1.917875130080      1.356142509950     -4.794687825205
    8     -1.917875130080     -1.356142509950     -4.794687825205
    8      1.917875130080     -1.356142509950     -4.794687825205
    8     -1.917875130080      1.356142509950     -4.794687825205
    8      1.917875130080      6.780712549750     -4.794687825205
    8     -1.917875130080     -6.780712549750     -4.794687825205
    8      1.917875130080     -6.780712549750     -4.794687825205
    8     -1.917875130080      6.780712549750     -4.794687825205
    8      1.917875130080     -4.068427529850     -4.794687825205
    8     -1.917875130080      4.068427529850     -4.794687825205
    8      1.917875130080      4.068427529850     -4.794687825205
    8     -1.917875130080     -4.068427529850     -4.794687825205
    8      5.753625390240      1.356142509950     -4.794687825205
    8     -5.753625390240     -1.356142509950     -4.794687825205
    8      5.753625390240     -1.356142509950     -4.794687825205
    8     -5.753625390240      1.356142509950     -4.794687825205
    8      5.753625390240      6.780712549750     -4.794687825205
    8     -5.753625390240     -6.780712549750     -4.794687825205
    8      5.753625390240     -6.780712549750     -4.794687825205
    8     -5.753625390240      6.780712549750     -4.794687825205
    8      5.753625390240     -4.068427529850     -4.794687825205
    8     -5.753625390240      4.068427529850     -4.794687825205
    8      5.753625390240      4.068427529850     -4.794687825205
    8     -5.753625390240     -4.068427529850     -4.794687825205
   14      7.370656131191     -7.381226760505      7.313493515069
    8      6.880883416728     -5.795443409570      7.320505960897
    8      7.618481198002     -7.746420201428      8.905937617590
    8     -6.398278315914     -7.538726125576      6.706768694536
    6      5.790273190164     -5.345635594345      6.517921126091
    6     -5.406173143912     -6.547008327525      7.081533686748
    6     -8.567660588393     -7.211764025745      9.918555600099
    6      5.326196657132     -4.019454416978      7.102098459416
    6     -5.596754339519     -5.249435866297      6.311651860292
    6     -8.527513133274     -8.117460664816     11.135295905523
    1      4.434268916733     -3.652354232842      6.579099882452
    1     -4.734331866478     -4.594323237320      6.484954897468
    1     -9.110531613789     -7.683661467974     11.958759926505
    1      5.088654496933     -4.134822943699      8.163758257004
    1      6.134564732529     -3.270753020596      7.048372208517
    1      4.963587014086     -6.071454186926      6.525182231665
    1      6.118427109846     -5.257720048088      5.471416784049
    1      6.403204507604      7.169927825232     10.899131123839
    1     -7.496861901191      8.016417384413     11.478247747603
    1     -8.226000982219     -6.196855173418     10.178992340820
    1      5.737129195436     -7.109396219719      9.555024294458
    1     -5.446517365954     -6.398149805530      8.169185257828
    1     -4.436132927912     -6.986816401750      6.816114718306
    1     -6.535330545955     -4.761336540655      6.576258137221
    1     -5.616768281753     -5.443573571591      5.238719580830
    8      6.308360492339     -8.264058589182      6.532028574333
    6      3.748369988627      6.078329638061      5.975907364146
    6      2.315297162953      5.561874442487      6.176694144485
    1      1.849754508457      5.340967990744      5.214365526308
    1      4.021068045379      6.814584546545      6.750669761704
    1      4.464604062822      5.250883570523      6.036057319482
    1      2.274908718093      4.658267609340      6.800757440952
    1      1.657582421391      6.303339440384      6.654787587880
    0    0
