   2   1   1 E -4.5963138887524E+04 DE-1.3E-06(  6)
  0.153430010406E+02  0.000000000000E+00  0.000000000000E+00
  0.000000000000E+00  0.162737101194E+02  0.000000000000E+00
  0.000000000000E+00  0.000000000000E+00  0.500000000000E+03
    1
  0.100000000000E+01  0.000000000000E+00  0.000000000000E+00
  0.000000000000E+00  0.100000000000E+01  0.000000000000E+00
  0.000000000000E+00  0.000000000000E+00  0.100000000000E+01
  0.000000000000E+00  0.000000000000E+00  0.000000000000E+00
  249
  258      1.913250842353      2.693701682886      4.265314880976
  258     -1.913327457421     -2.701772940263      4.260983408308
  258      1.915304298327     -2.720277140994      4.260410627563
  258     -1.926914509321      2.714674287311      4.264700275832
  258      1.824609677175     -8.078493859880      4.284026719024
  258     -1.949696959623     -8.126893590109      4.264861314936
  258      5.771378529544      2.706817203797      4.258387592615
  258     -5.752717731591     -2.697643515366      4.275682523662
  258      5.756504234538     -2.705689689997      4.259757728561
  258     -5.750958037027      2.720168926651      4.267103443411
  258      5.814186004326     -8.112855461169      4.339352417510
  258     -5.752510072729     -8.136278563737      4.300401962607
    8     -0.010452927709      3.987340303384      4.377260796035
    8      0.001795217535     -3.975732026682      4.368126729300
    8     -0.006213038404     -6.841103507902      4.403657506021
    8     -0.020816191862      6.893173543665      4.370658732616
    8      0.001675184360     -1.434056681110      4.372914364724
    8      0.010873610714      1.444831941649      4.376265976967
    8      3.851543483606      3.941694294977      4.286380028857
    8     -3.772568292804     -3.949781105147      4.335845856611
    8      3.797063846879     -4.032161421305      4.353771233278
    8     -3.833949299618      3.987184596920      4.372648104535
    8      3.764886651659     -6.990569036487      4.312381645722
    8     -3.826902591947      6.876542393183      4.377284273968
    8      3.858663077506      6.691006598394      4.696792253961
    8     -3.788453591536     -6.850860905026      4.372519105196
    8      3.842273495426     -1.471212379599      4.376217387242
    8     -3.832280481944      1.451271986202      4.379007394108
    8      3.818933044310      1.418877327889      4.389868624729
    8     -3.855562756607     -1.422035708151      4.381882715286
    8      7.656607606047      3.986142722960      4.375613336428
    8     -7.675319199470     -3.933889563530      4.333518086361
    8     -7.680111783506     -6.831661331988      4.302719995791
    8     -7.606312846961      6.888517457776      4.258185203083
    8      7.679840797301     -1.420505911895      4.380537338597
    8     -7.673268243693      1.448886442644      4.371194302997
  258     -0.001591046367     -0.001085017787      2.594989432385
  258     -0.001292912211      5.423216811543      2.607528399933
  258     -0.017238643553     -5.402824080081      2.578590908623
  258      3.836024201493     -0.000756605057      2.599537725316
  258     -3.838338092218      0.003756228249      2.598321970558
  258      3.835525369208      5.393424964848      2.566534063688
  258     -3.835785224182     -5.414251921405      2.593581131062
  258      3.832795174106     -5.437076306065      2.598290672861
  258     -3.836958528224      5.430557383053      2.594975613176
  258     -7.666945497658      0.000411983205      2.597859173589
  258     -7.668692636788      5.428937679116      2.593076161302
  258     -7.666214776240     -5.417224689286      2.592652858605
    8      1.918250256072      1.370046201214      2.534386316915
    8     -1.921978267416     -1.355299502030      2.538389783216
    8      1.920506216601     -1.360792342553      2.540307182993
    8     -1.917155380593      1.369109907301      2.541523262053
    8      1.986918992863      6.808940284009      2.618936789936
    8     -1.909714276747     -6.784563436017      2.532156909784
    8      1.867534727388     -6.776200343531      2.528892877507
    8     -1.919894269230      6.790642614163      2.536395815847
    8      1.906794427174     -4.053821110341      2.524985542913
    8     -1.912134187785      4.062692680958      2.539969438863
    8      1.905013363618      4.068373898981      2.537755244958
    8     -1.904497100223     -4.048345200467      2.518525125195
    8      5.749065325699      1.366785745462      2.541713512514
    8     -5.755768580322     -1.363679239311      2.534275059505
    8      5.756170109053     -1.352273109799      2.535145453351
    8     -5.751180553665      1.366939879401      2.543443365421
    8      5.667613301353      6.773393021063      2.591811694797
    8     -5.732281085139     -6.775649649368      2.543221585465
    8      5.746286603189     -6.748694032183      2.529024106089
    8     -5.718432146918      6.772490759144      2.505079241348
    8      5.740508511438     -4.046179000558      2.540852196283
    8     -5.757112310885      4.053279024384      2.543543389964
    8      5.764870615055      4.056065841560      2.518307263389
    8     -5.739769200053     -4.050388147545      2.551143680141
  258      1.913637843478      2.708111012572      0.647276833812
  258     -1.920754261222     -2.706234680684      0.645430547890
  258      1.919725361895     -2.712193990464      0.648693817223
  258     -1.918751611417      2.714594886502      0.651474847718
  258      1.917568772800      8.137746585048      0.659144914540
  258     -1.915627660314     -8.134122557657      0.651587326055
  258      5.758151662678      2.707022622773      0.646390803902
  258     -5.753207112288     -2.710369593103      0.653216003055
  258      5.752497628970     -2.713528250666      0.651569700116
  258     -5.752828414439      2.714516657497      0.651331451118
  258      5.748726660325     -8.135302151410      0.683434492799
  258     -5.750141029211     -8.132824963096      0.668536922849
    8     -0.001028672880      4.062462654724      0.694500227404
    8      0.000025499700     -4.054326420689      0.678432934025
    8     -0.007227418752     -6.788644623011      0.677271749287
    8      0.031428354651      6.784545661338      0.727117340233
    8     -0.000769978568     -1.360908218861      0.692972795552
    8     -0.000178381368      1.366108797285      0.691745810627
    8      3.831084473267      4.057174436489      0.700407810492
    8     -3.838298482218     -4.054735108458      0.689222402352
    8      3.834057281133     -4.068247303089      0.689398282402
    8     -3.836853329359      4.063688571057      0.693690885085
    8      3.821545296189     -6.803047763574      0.702324019539
    8     -3.820129101555      6.794825528345      0.677030056420
    8      3.821425554293      6.768952484215      0.693630930117
    8     -3.827969782724     -6.784324251812      0.691657945012
    8      3.836497265483     -1.365749567354      0.694344834965
    8     -3.835824850560      1.368579094298      0.692870707380
    8      3.834960837402      1.362048841214      0.690822064414
    8     -3.836077947714     -1.358940499876      0.689892564593
    8     -7.664804859874      4.058526797014      0.679604387760
    8      7.674600414177     -4.055438214325      0.692693656244
    8      7.674538128749     -6.792882251886      0.694432945232
    8      7.644854746578      6.792925266679      0.718666657022
    8     -7.672409997101     -1.363411896340      0.689617065641
    8     -7.671473786431      1.364291411574      0.694855744721
  258     -0.000834405909      0.000097319012     -1.136015505558
  258      0.002430298002      5.425195909081     -1.131281935658
  258     -0.000366704910     -5.424249795661     -1.139703884502
  258      3.836212799184     -0.001383140621     -1.134632916149
  258     -3.836775451148      0.002594627048     -1.134810471033
  258      3.836615649520      5.425330242612     -1.140270176692
  258     -3.836628825887     -5.424714462839     -1.134589309110
  258      3.836114595643     -5.427079273094     -1.132344751391
  258     -3.835866651262      5.427334086637     -1.133042997497
  258     -7.670004668400     -0.001950720283     -1.134527098866
  258      7.669661511466      5.430135873549     -1.130758302318
  258      7.671270270011     -5.428474874052     -1.131082093460
    8      1.916503638280      1.345381992045     -1.166156402845
    8     -1.917584645959     -1.340887476860     -1.169176282559
    8      1.918163515379     -1.343624967900     -1.165915789071
    8     -1.917566717342      1.346610771931     -1.164564553402
    8      1.914736968740      6.770987662634     -1.164463287706
    8     -1.920497717677     -6.769626123177     -1.172006598362
    8      1.920101523565     -6.773805403526     -1.160792311047
    8     -1.898189685155      6.768917357162     -1.160003487418
    8      1.920330551582     -4.081709299960     -1.169733977580
    8     -1.917137745880      4.081181657343     -1.164170425269
    8      1.919002678766      4.080157365654     -1.163939854046
    8     -1.920183065817     -4.078618346733     -1.168291037807
    8      5.755007231296      1.343220020320     -1.166884796552
    8     -5.753745306867     -1.343393250477     -1.165686966571
    8      5.751442688603     -1.346147384093     -1.166087404643
    8     -5.754452439049      1.345866487750     -1.165198334829
    8      5.749278631307      6.772701262343     -1.154238184598
    8     -5.751980388095     -6.768912113131     -1.162372146020
    8      5.747927115167     -6.773671984836     -1.149707281030
    8     -5.763234725063      6.770303698186     -1.153859274664
    8      5.754754232923     -4.082832597267     -1.163803567309
    8     -5.750490164861      4.082751554955     -1.168218738822
    8      5.748683479698      4.081070447252     -1.164259236506
    8     -5.755334101405     -4.079749572448     -1.165679774087
  258      1.917720571701      2.711889254260     -3.054492048135
  258     -1.918928105533     -2.712119851747     -3.054509028054
  258      1.918489292125     -2.712842956658     -3.053502103540
  258     -1.917882687849      2.713316851433     -3.052486400514
  258      1.917802601865     -8.136529736976     -3.051304320355
  258     -1.917247668301     -8.136728802984     -3.052666216785
  258      5.754699772953      2.712371373198     -3.053988331654
  258     -5.753856265106     -2.713152826363     -3.051833530532
  258      5.753977573067     -2.713817778020     -3.052547444252
  258     -5.754036569748      2.713607955643     -3.051982777616
  258      5.753576268504     -8.135875451151     -3.044565658932
  258     -5.754184283913     -8.136204241328     -3.047494162988
    8      0.000715349238     -1.317716884401     -3.044955505761
    8     -0.000159405416      1.318945228571     -3.044760805439
    8      0.000931823734      4.107331054252     -3.041921156569
    8     -0.000169351018     -4.105595774014     -3.046302011197
    8      0.001779143528     -6.743595152570     -3.045216805296
    8      0.001687642688      6.741832258369     -3.044970987929
    8      3.835543618811     -1.317619058074     -3.044585893186
    8     -3.835522116694      1.319844904533     -3.044002973686
    8      3.835897858318      1.319191793440     -3.043949907415
    8     -3.836436280816     -1.317500002737     -3.044647575621
    8      3.835267138303      4.106552551718     -3.045284349985
    8     -3.836438548473     -4.105823844028     -3.045545581816
    8      3.837100161325     -4.106887225035     -3.044314804941
    8     -3.834336121782      4.107912555044     -3.045586271254
    8      3.836887385940     -6.743029294291     -3.042137661076
    8     -3.835327165813      6.743964748195     -3.038120386563
    8      3.836546793599      6.742235887064     -3.042360290089
    8     -3.837405332658     -6.743438133267     -3.045391663407
    8      7.671086090523     -1.318428395444     -3.043833052137
    8     -7.671364439578      1.318944917833     -3.044883268287
    8      7.670055450244      4.108602604094     -3.042277646870
    8      7.670984939115     -4.108245398323     -3.044370040748
    8      7.669289256068     -6.744135423146     -3.039810529807
    8      7.669744951308      6.743514903655     -3.040795627270
  258      0.000000000000      0.000000000000     -4.794687825205
  258      0.000000000000      5.424570039800     -4.794687825205
  258      0.000000000000     -5.424570039800     -4.794687825205
  258      3.835750260160      0.000000000000     -4.794687825205
  258     -3.835750260160      0.000000000000     -4.794687825205
  258      3.835750260160      5.424570039800     -4.794687825205
  258     -3.835750260160     -5.424570039800     -4.794687825205
  258      3.835750260160     -5.424570039800     -4.794687825205
  258     -3.835750260160      5.424570039800     -4.794687825205
  258      7.671500520300      0.000000000000     -4.794687825205
  258      7.671500520300      5.424570039800     -4.794687825205
  258      7.671500520300     -5.424570039800     -4.794687825205
    8      1.917875130080      1.356142509950     -4.794687825205
    8     -1.917875130080     -1.356142509950     -4.794687825205
    8      1.917875130080     -1.356142509950     -4.794687825205
    8     -1.917875130080      1.356142509950     -4.794687825205
    8      1.917875130080      6.780712549750     -4.794687825205
    8     -1.917875130080     -6.780712549750     -4.794687825205
    8      1.917875130080     -6.780712549750     -4.794687825205
    8     -1.917875130080      6.780712549750     -4.794687825205
    8      1.917875130080     -4.068427529850     -4.794687825205
    8     -1.917875130080      4.068427529850     -4.794687825205
    8      1.917875130080      4.068427529850     -4.794687825205
    8     -1.917875130080     -4.068427529850     -4.794687825205
    8      5.753625390240      1.356142509950     -4.794687825205
    8     -5.753625390240     -1.356142509950     -4.794687825205
    8      5.753625390240     -1.356142509950     -4.794687825205
    8     -5.753625390240      1.356142509950     -4.794687825205
    8      5.753625390240      6.780712549750     -4.794687825205
    8     -5.753625390240     -6.780712549750     -4.794687825205
    8      5.753625390240     -6.780712549750     -4.794687825205
    8     -5.753625390240      6.780712549750     -4.794687825205
    8      5.753625390240     -4.068427529850     -4.794687825205
    8     -5.753625390240      4.068427529850     -4.794687825205
    8      5.753625390240      4.068427529850     -4.794687825205
    8     -5.753625390240     -4.068427529850     -4.794687825205
   14      7.368520095303     -7.394114285015      7.312074574725
    8      6.876422960856     -5.811406567446      7.338554407039
    8      7.593445347902     -7.793430194054      8.900747491228
    8     -6.397180236067     -7.534507902512      6.716711516238
    6      5.795507191186     -5.351158165339      6.530388599215
    6     -5.417445026815     -6.526460389777      7.084377695419
    6     -8.805532412575     -7.521195373342      9.817144249057
    6      5.346225137325     -4.018928997580      7.111493166263
    6     -5.629932641321     -5.237603687895      6.308283041771
    6     -8.596685637160     -8.335858248339     11.078194624186
    1      4.460646247672     -3.642068444152      6.584127123492
    1     -4.777607551650     -4.567740585963      6.479270459529
    1     -9.379401356566     -8.110419020333     11.818469251377
    1      5.103231120552     -4.128601300415      8.172027407146
    1      6.164452269128     -3.280847900457      7.060124763217
    1      4.960695149762     -6.067297327539      6.535410015865
    1      6.128491311748     -5.265992398484      5.484945800639
    1      6.714972378056      6.864181992568     10.855288357160
    1     -7.619766749371      8.161733535637     11.524757375847
    1     -8.825087775017     -6.444069790048     10.046041459387
    1      5.560537812559     -7.770549426609      9.367517823411
    1     -5.457663824442     -6.371334816227      8.170675736128
    1     -4.442572930490     -6.954758977790      6.818357121237
    1     -6.575527840205     -4.763471420644      6.572500828836
    1     -5.644265408916     -5.438067817919      5.236718395663
    8      6.302375505412     -8.265927506621      6.523669765905
    6      3.750300975989      6.080003392930      5.971397468787
    6      2.319483173270      5.553433457314      6.164660443680
    1      1.862000830823      5.341282225728      5.196955790422
    1      4.012166459078      6.821743948424      6.745372671899
    1      4.471837148977      5.257930867381      6.044210996181
    1      2.280992014694      4.643036477683      6.777869229938
    1      1.654018582516      6.284546976924      6.647075561444
    0    0
