   2   1   1 E -4.5963138724019E+04 DE 5.1E-08(  6)
  0.153430010406E+02  0.000000000000E+00  0.000000000000E+00
  0.000000000000E+00  0.162737101194E+02  0.000000000000E+00
  0.000000000000E+00  0.000000000000E+00  0.500000000000E+03
    1
  0.100000000000E+01  0.000000000000E+00  0.000000000000E+00
  0.000000000000E+00  0.100000000000E+01  0.000000000000E+00
  0.000000000000E+00  0.000000000000E+00  0.100000000000E+01
  0.000000000000E+00  0.000000000000E+00  0.000000000000E+00
  249
  258      1.911921955689      2.692731644550      4.265383306873
  258     -1.912989992472     -2.704343356832      4.261436436796
  258      1.915855734005     -2.721227240401      4.260577234327
  258     -1.927191867276      2.713673093839      4.264752385687
  258      1.825533423902     -8.080103007527      4.285454728952
  258     -1.948184722137     -8.127579857306      4.265960463168
  258      5.772222097572      2.706184333230      4.259055797724
  258     -5.753200814701     -2.698088664103      4.276642108872
  258      5.756279864321     -2.704391105705      4.259902800500
  258     -5.751182510006      2.719199521861      4.266648006329
  258      5.815706834178     -8.114165471334      4.338797776750
  258     -5.752555336813     -8.138011032640      4.298199257646
    8     -0.008942417144      3.985829582323      4.376579883979
    8      0.002565681394     -3.976971314826      4.369026738292
    8     -0.006632386112     -6.842774074934      4.405376413947
    8     -0.020100953861      6.891175321552      4.370964288255
    8      0.001693402570     -1.434580085547      4.373102450228
    8      0.010610047228      1.443682583215      4.376004187666
    8      3.852422069792      3.939470273582      4.284209116345
    8     -3.769304144433     -3.949382601082      4.332978278685
    8      3.797870616437     -4.032512208690      4.355167881341
    8     -3.833048213070      3.986671524179      4.372526456658
    8      3.765876629084     -6.991360025888      4.312459473786
    8     -3.825484715288      6.875593466149      4.377907491633
    8      3.860227258679      6.685336181677      4.695858796050
    8     -3.788994331912     -6.852378185523      4.369162671906
    8      3.843714777679     -1.472418565469      4.377183425573
    8     -3.832846982311      1.451426853146      4.378720074201
    8      3.818294671144      1.417358367921      4.390486481695
    8     -3.856214512325     -1.422141598615      4.384291070334
    8      7.654270554474      3.986441038554      4.375872418760
    8     -7.671325534684     -3.934533911747      4.334214676718
    8     -7.679428480131     -6.834094510996      4.302418349759
    8     -7.605819642479      6.886394966393      4.259027028857
    8      7.676544630886     -1.421098399240      4.380555707656
    8     -7.672129317213      1.449194628498      4.371529680377
  258     -0.001554168025     -0.002450658431      2.595445890742
  258     -0.000618669637      5.423236271288      2.607206677408
  258     -0.015716238404     -5.404685449074      2.578602790218
  258      3.835904433096     -0.000602204063      2.598778903200
  258     -3.837949286801      0.002242773352      2.598900975949
  258      3.835976275964      5.391893391253      2.566652623732
  258     -3.835085869736     -5.416059768655      2.593620484039
  258      3.833510717383     -5.437757996070      2.599899360723
  258     -3.836179875580      5.429464052579      2.595040466089
  258     -7.666371590853     -0.000062121714      2.596574216447
  258     -7.669224546336      5.427941984917      2.592643237941
  258     -7.665510010133     -5.417633615253      2.593049574802
    8      1.918740111954      1.369281608514      2.533945070776
    8     -1.922277846182     -1.357270397621      2.538429328759
    8      1.919829217721     -1.361683775464      2.540754291094
    8     -1.917251818162      1.367681789435      2.541648575839
    8      1.987403219847      6.807783872603      2.619979100072
    8     -1.908071710526     -6.785896918253      2.531935302817
    8      1.868309286646     -6.777556002805      2.530708757514
    8     -1.918358977035      6.789199554646      2.536291483130
    8      1.908233835863     -4.054956832596      2.525451221644
    8     -1.911375687145      4.061280859393      2.540413154951
    8      1.905836446251      4.068436353551      2.537760426030
    8     -1.902413698916     -4.050577919772      2.517082718086
    8      5.749046137400      1.365964129836      2.540486304947
    8     -5.755630193686     -1.363666679931      2.536139771327
    8      5.755441997963     -1.352682218942      2.533806962285
    8     -5.751720589829      1.366218994775      2.542749460443
    8      5.667879525858      6.773553690858      2.591093166492
    8     -5.733961455120     -6.776050026074      2.542492584308
    8      5.747286228277     -6.749502143974      2.530401978457
    8     -5.718220222351      6.770524854545      2.504111046571
    8      5.742241924786     -4.048129105870      2.541365406384
    8     -5.757333697870      4.051894550040      2.544724844638
    8      5.765822274166      4.056036243060      2.516615122211
    8     -5.739249900360     -4.051032923290      2.551929258100
  258      1.913498395645      2.707731930206      0.647064024633
  258     -1.920104832388     -2.707032613124      0.645666858770
  258      1.920007201043     -2.712949208542      0.648378370908
  258     -1.918503107373      2.714117629297      0.651873086536
  258      1.917971131919      8.137834975763      0.659884602835
  258     -1.915560522883     -8.134494338009      0.651630811464
  258      5.758253367860      2.706666475819      0.646303593011
  258     -5.752518917662     -2.711255968116      0.653666233074
  258      5.752564202940     -2.714125755336      0.651469193526
  258     -5.752325262396      2.714083369890      0.651176539351
  258      5.748689001172     -8.135079087309      0.683360929701
  258     -5.750056653195     -8.133409608363      0.667880248028
    8     -0.001110573622      4.062128825018      0.694746727178
    8      0.001342335407     -4.055163197829      0.678512291328
    8     -0.005066961538     -6.789165186385      0.677721365884
    8      0.031580764973      6.784812352869      0.726794430664
    8     -0.000768811093     -1.361149579754      0.692183668281
    8      0.000617285430      1.366221637774      0.692005270747
    8      3.831528228309      4.056251388797      0.699680606111
    8     -3.839037335433     -4.056242986537      0.689561627184
    8      3.835289462264     -4.068707736884      0.689869395106
    8     -3.836356825436      4.062212013071      0.693990703763
    8      3.821512049808     -6.802697048435      0.702628780572
    8     -3.819397422741      6.794042777144      0.676772928696
    8      3.821261020692      6.768267516407      0.694068657752
    8     -3.828302056825     -6.785707256842      0.691529255517
    8      3.836103515030     -1.366743763906      0.694729154816
    8     -3.835811080390      1.366912827918      0.693636626849
    8      3.834835411377      1.361710200589      0.690505354730
    8     -3.836697115986     -1.360734241014      0.690700138750
    8     -7.663167037233      4.058219878772      0.679196208714
    8      7.675215536937     -4.055851631676      0.692022215861
    8      7.673732497020     -6.792658326538      0.693393363649
    8      7.644492770784      6.792957812060      0.718108095695
    8     -7.671577024542     -1.364310436226      0.690702697052
    8     -7.671702256185      1.364296670672      0.694332877476
  258     -0.000622606149     -0.000240360905     -1.135992922243
  258      0.002859766335      5.425006407432     -1.131129188367
  258     -0.000201797058     -5.424551957652     -1.139853926622
  258      3.836472327475     -0.001756245076     -1.134855968013
  258     -3.836562528375      0.002091030080     -1.134655515029
  258      3.836452342658      5.425621565131     -1.140524569238
  258     -3.836549823614     -5.424825006448     -1.134781612629
  258      3.836259811171     -5.427418156962     -1.132158558641
  258     -3.835597479519      5.426897226328     -1.133181001621
  258     -7.669607250828     -0.002461493627     -1.134599409588
  258      7.669359467445      5.429688542912     -1.130835917760
  258      7.671326808308     -5.428739414885     -1.131059558060
    8      1.916653987192      1.344689451746     -1.166755566060
    8     -1.918233662309     -1.340858498635     -1.169032188562
    8      1.919082829734     -1.344093291833     -1.165731253323
    8     -1.917823007914      1.346658665338     -1.164128518463
    8      1.914791866304      6.770746734142     -1.163890543001
    8     -1.919760048466     -6.769292492954     -1.171005488067
    8      1.920394417855     -6.773804582591     -1.160707164921
    8     -1.898080755005      6.768940480588     -1.160362684628
    8      1.920253799733     -4.081789711895     -1.169943443006
    8     -1.916821673577      4.081664087625     -1.164101859826
    8      1.918593085551      4.079963735599     -1.163661483531
    8     -1.920241668985     -4.078728925034     -1.167675745609
    8      5.755039044974      1.343083122862     -1.167519253503
    8     -5.753864233354     -1.343517783291     -1.165434000473
    8      5.751836114932     -1.345989832492     -1.165337267190
    8     -5.754450417216      1.345306054551     -1.164980470053
    8      5.748987412949      6.772615747120     -1.154041342041
    8     -5.752011438296     -6.769062112123     -1.162658205591
    8      5.747745102616     -6.773903162211     -1.150709871217
    8     -5.763417105533      6.769997050870     -1.153506078278
    8      5.754301572850     -4.082586513554     -1.164716273601
    8     -5.749497597749      4.082307134902     -1.168600700858
    8      5.749413253006      4.081609812632     -1.164713461825
    8     -5.754757932380     -4.079786306711     -1.166270551392
  258      1.917717590538      2.712044932914     -3.054493444104
  258     -1.918807044285     -2.712272096924     -3.054533395628
  258      1.918811438059     -2.712881966868     -3.053861471713
  258     -1.917857145562      2.713157833507     -3.052259510758
  258      1.917914937838     -8.136387080847     -3.051107390992
  258     -1.917314506217     -8.136853064961     -3.052531222353
  258      5.754484002018      2.712141862301     -3.054044398915
  258     -5.754051772479     -2.713206715882     -3.051894816525
  258      5.754224247791     -2.713937705848     -3.052375768487
  258     -5.754169526566      2.713570544577     -3.052031418489
  258      5.753787955325     -8.135940237818     -3.044281185717
  258     -5.754097973705     -8.136366427611     -3.047784460249
    8      0.000721308224     -1.317329547221     -3.044435921870
    8     -0.000585219597      1.319273170282     -3.044590901785
    8      0.000935436355      4.107571096793     -3.042025921568
    8     -0.000584567943     -4.105220326184     -3.046250851132
    8      0.001770138135     -6.743300859684     -3.045282144279
    8      0.001617701969      6.742211802295     -3.045568094545
    8      3.835690762573     -1.317799166365     -3.044945849831
    8     -3.835684203105      1.319562214249     -3.043886129578
    8      3.835743665892      1.318872153684     -3.044017128179
    8     -3.836576257361     -1.317767377428     -3.044612032193
    8      3.834900282899      4.105916462232     -3.044885544136
    8     -3.836054994436     -4.106397493829     -3.045648244934
    8      3.836726474697     -4.107129794748     -3.044421223077
    8     -3.834120233655      4.107578944536     -3.045890962606
    8      3.836471232164     -6.743556631894     -3.042583928371
    8     -3.835810227332      6.743827071869     -3.037941747313
    8      3.836324614102      6.741988999766     -3.042310283273
    8     -3.837195745042     -6.744364175524     -3.045501300224
    8      7.671043486927     -1.318470310567     -3.043839812338
    8     -7.671383509277      1.318808095826     -3.044716529882
    8      7.670308849584      4.108516333873     -3.042427261329
    8      7.670738422349     -4.107753149230     -3.044440602689
    8      7.669282868414     -6.743916455059     -3.040101805757
    8      7.669551822489      6.743745247044     -3.041115792109
  258      0.000000000000      0.000000000000     -4.794687825205
  258      0.000000000000      5.424570039800     -4.794687825205
  258      0.000000000000     -5.424570039800     -4.794687825205
  258      3.835750260160      0.000000000000     -4.794687825205
  258     -3.835750260160      0.000000000000     -4.794687825205
  258      3.835750260160      5.424570039800     -4.794687825205
  258     -3.835750260160     -5.424570039800     -4.794687825205
  258      3.835750260160     -5.424570039800     -4.794687825205
  258     -3.835750260160      5.424570039800     -4.794687825205
  258      7.671500520300      0.000000000000     -4.794687825205
  258      7.671500520300      5.424570039800     -4.794687825205
  258      7.671500520300     -5.424570039800     -4.794687825205
    8      1.917875130080      1.356142509950     -4.794687825205
    8     -1.917875130080     -1.356142509950     -4.794687825205
    8      1.917875130080     -1.356142509950     -4.794687825205
    8     -1.917875130080      1.356142509950     -4.794687825205
    8      1.917875130080      6.780712549750     -4.794687825205
    8     -1.917875130080     -6.780712549750     -4.794687825205
    8      1.917875130080     -6.780712549750     -4.794687825205
    8     -1.917875130080      6.780712549750     -4.794687825205
    8      1.917875130080     -4.068427529850     -4.794687825205
    8     -1.917875130080      4.068427529850     -4.794687825205
    8      1.917875130080      4.068427529850     -4.794687825205
    8     -1.917875130080     -4.068427529850     -4.794687825205
    8      5.753625390240      1.356142509950     -4.794687825205
    8     -5.753625390240     -1.356142509950     -4.794687825205
    8      5.753625390240     -1.356142509950     -4.794687825205
    8     -5.753625390240      1.356142509950     -4.794687825205
    8      5.753625390240      6.780712549750     -4.794687825205
    8     -5.753625390240     -6.780712549750     -4.794687825205
    8      5.753625390240     -6.780712549750     -4.794687825205
    8     -5.753625390240      6.780712549750     -4.794687825205
    8      5.753625390240     -4.068427529850     -4.794687825205
    8     -5.753625390240      4.068427529850     -4.794687825205
    8      5.753625390240      4.068427529850     -4.794687825205
    8     -5.753625390240     -4.068427529850     -4.794687825205
   14      7.365557113136     -7.392153234956      7.310831899942
    8      6.877365994873     -5.805863209460      7.324917187621
    8      7.587133702124     -7.784548906998      8.900979409401
    8     -6.399380265373     -7.536926536955      6.717295778582
    6      5.789610300024     -5.352154065706      6.519617707132
    6     -5.415810434986     -6.533815845039      7.085446339971
    6     -8.768596291040     -7.434182633887      9.839316958232
    6      5.325887342658     -4.026227985598      7.104206237889
    6     -5.610602858664     -5.243003848047      6.305041044820
    6     -8.603104034668     -8.273935050456     11.092336486369
    1      4.433801539008     -3.659557734757      6.581146719491
    1     -4.753720250292     -4.581318837596      6.483538368444
    1     -9.339138123455     -7.980594282851     11.852737711664
    1      5.087435207614     -4.141381076054      8.165621156928
    1      6.134041652666     -3.277059611749      7.050725918825
    1      4.961631587698     -6.076443783089      6.522705853019
    1      6.120796266380     -5.260528635678      5.474431805079
    1      6.602258508824      6.937210099303     10.868289973108
    1     -7.601616847358      8.128396837083     11.514400577143
    1     -8.694526826807     -6.359890207364     10.076670676881
    1      5.570894330073     -7.596921745595      9.405871016959
    1     -5.460291475172     -6.375325185688      8.171621070965
    1     -4.442447250512     -6.969893724770      6.826446802083
    1     -6.554670638199     -4.759776355499      6.559481802884
    1     -5.619795543570     -5.442706405938      5.232827745084
    8      6.299921705031     -8.268566439142      6.523717431577
    6      3.749637527135      6.078989842398      5.970696493180
    6      2.319663368217      5.550398035222      6.161727611301
    1      1.857776475011      5.342474110039      5.195165447247
    1      4.004307478215      6.825537517361      6.742165489369
    1      4.477280053919      5.263067898114      6.052707504861
    1      2.282060577670      4.638007616832      6.772621418712
    1      1.655659856398      6.280613268052      6.647662828497
    0    0
