   2   1   1 E -4.5963139257363E+04 DE-4.4E-07(  6)
  0.153430010406E+02  0.000000000000E+00  0.000000000000E+00
  0.000000000000E+00  0.162737101194E+02  0.000000000000E+00
  0.000000000000E+00  0.000000000000E+00  0.500000000000E+03
    1
  0.100000000000E+01  0.000000000000E+00  0.000000000000E+00
  0.000000000000E+00  0.100000000000E+01  0.000000000000E+00
  0.000000000000E+00  0.000000000000E+00  0.100000000000E+01
  0.000000000000E+00  0.000000000000E+00  0.000000000000E+00
  249
  258      1.913032974079      2.693438058477      4.265466938004
  258     -1.913484224613     -2.702580472868      4.261228237637
  258      1.916244897708     -2.721332962592      4.260806230097
  258     -1.926808008871      2.713675185956      4.264711134508
  258      1.824970680531     -8.079473195653      4.284402810166
  258     -1.948911455529     -8.127238753720      4.267207435096
  258      5.771237626137      2.705887189129      4.258670979895
  258     -5.752231797920     -2.698861579696      4.275861397077
  258      5.757453376820     -2.706336908807      4.260899540900
  258     -5.752067361155      2.719263561802      4.266403668331
  258      5.814761636720     -8.113859471251      4.337934538269
  258     -5.751542351719     -8.138121737819      4.298551271937
    8     -0.008756390859      3.987121634066      4.376456369020
    8      0.001264468479     -3.976927180603      4.368456976402
    8     -0.005637545877     -6.842527730146      4.407453490434
    8     -0.019803346692      6.892226760806      4.366041109035
    8      0.002606153827     -1.434684195078      4.372591716148
    8      0.009379065192      1.444538705642      4.377070036276
    8      3.851145939470      3.941258723904      4.288047287157
    8     -3.773887286528     -3.950877010853      4.333942766999
    8      3.795282259482     -4.031467286845      4.355939455596
    8     -3.832274208411      3.985552461320      4.371550818670
    8      3.767341616534     -6.990217425177      4.308997838887
    8     -3.825514044115      6.874915826450      4.381362717101
    8      3.857496693147      6.689331733726      4.698101689034
    8     -3.789101825405     -6.853287061790      4.367703692908
    8      3.844176917046     -1.470567530273      4.376757468262
    8     -3.833120868402      1.449849190061      4.378219715158
    8      3.821274411832      1.419395068367      4.388738394738
    8     -3.852262760755     -1.423591930882      4.383695060430
    8      7.655662480500      3.986074330992      4.374447641915
    8     -7.672410330866     -3.934495160107      4.335041331840
    8     -7.681673538547     -6.832910014419      4.304942050666
    8     -7.605840726906      6.887615146714      4.255634712642
    8      7.676006565350     -1.421220178420      4.379579079397
    8     -7.669127346921      1.448782555950      4.372568605514
  258     -0.001126384927     -0.001930895288      2.595408050897
  258     -0.000880350516      5.422713209943      2.607115699115
  258     -0.016602155441     -5.403617660889      2.579139772579
  258      3.836446193579     -0.002194831986      2.599404937597
  258     -3.838200854312      0.003281232504      2.598479595474
  258      3.835881004840      5.392675992345      2.566696147079
  258     -3.835409172604     -5.415502272614      2.592930258234
  258      3.833241164337     -5.437911981737      2.598892588120
  258     -3.836064733635      5.429475968629      2.595178608278
  258     -7.666634401772     -0.000596438817      2.596690593636
  258     -7.668880590734      5.427901112642      2.592023003823
  258     -7.665537134912     -5.418773794886      2.592668797734
    8      1.918234831048      1.369213822854      2.535423588914
    8     -1.921208748965     -1.355583814896      2.537849340996
    8      1.921327827451     -1.361461883166      2.540422117818
    8     -1.916937985448      1.369088126359      2.541406178215
    8      1.988557907461      6.808527913952      2.618411389893
    8     -1.907653838961     -6.785030980624      2.532842843976
    8      1.866997015098     -6.776600301165      2.530276831337
    8     -1.921026512740      6.790692710090      2.537097924073
    8      1.907164293368     -4.054554729294      2.524586112474
    8     -1.910629383121      4.062642280283      2.539580465892
    8      1.906522722831      4.067635782868      2.537980688750
    8     -1.904335775877     -4.048987868933      2.518296899705
    8      5.751914618574      1.365799496958      2.541679099242
    8     -5.754501134812     -1.363254510095      2.537482286819
    8      5.755531326436     -1.353694010468      2.533381830752
    8     -5.751312558725      1.367095887436      2.541065246509
    8      5.667265654836      6.773054782082      2.591509451644
    8     -5.734529039171     -6.775411653422      2.544198950787
    8      5.748063394192     -6.749312666744      2.526830148517
    8     -5.716408233271      6.772018010138      2.504782743494
    8      5.741023061023     -4.047719089475      2.543243532984
    8     -5.757042707443      4.053326004660      2.543426885994
    8      5.763166373171      4.055637513041      2.518185238570
    8     -5.740266817521     -4.050301679813      2.549873959835
  258      1.913996960704      2.707551064839      0.647287457073
  258     -1.920700836036     -2.706612312879      0.645602577056
  258      1.919687631999     -2.712735339686      0.648586630230
  258     -1.918533783528      2.713984138274      0.651645729302
  258      1.917481063012      8.137521885167      0.659216443266
  258     -1.915270324145     -8.134542328187      0.652552570878
  258      5.758260937160      2.706590086628      0.646058887074
  258     -5.753109107142     -2.711068919286      0.653175358306
  258      5.752514117315     -2.714554207083      0.651757656846
  258     -5.752623111731      2.713988520470      0.651121575312
  258      5.748403359771     -8.135648424143      0.683146671925
  258     -5.750110503507     -8.133601077134      0.667253153230
    8      0.000171741897      4.061540704048      0.693945308462
    8     -0.000101810497     -4.055825163242      0.678442543641
    8     -0.005966817776     -6.789717337150      0.677674782000
    8      0.030488368499      6.784098121154      0.727131454319
    8      0.000364296529     -1.362097016416      0.692721966402
    8      0.000470739663      1.365211429380      0.692041403812
    8      3.831063628308      4.057243534001      0.699404956580
    8     -3.837788994335     -4.055640274627      0.688671702461
    8      3.835809839738     -4.069133153194      0.690190203601
    8     -3.836042605297      4.061916766112      0.693815279987
    8      3.820215273637     -6.803479761582      0.702166028160
    8     -3.819841057843      6.793577485525      0.676550312512
    8      3.822386176128      6.768498786096      0.693585839658
    8     -3.829018777883     -6.785563718069      0.692563739909
    8      3.835832242022     -1.366502106149      0.693202851431
    8     -3.834629266757      1.367072822694      0.692463273621
    8      3.835637421584      1.362106836675      0.692230537802
    8     -3.836922925191     -1.360372454820      0.691093745749
    8     -7.665476715328      4.057439410033      0.679889254116
    8      7.672936129589     -4.056408918938      0.692625652385
    8      7.676549791913     -6.793105892835      0.693957991392
    8      7.644793052760      6.791764888978      0.718518172716
    8     -7.670325455241     -1.364720250469      0.690585532374
    8     -7.671679716655      1.363471825659      0.693244108265
  258     -0.000820148448     -0.000198538086     -1.135926642089
  258      0.002592271394      5.424758611793     -1.131336745005
  258     -0.000467923624     -5.424475939070     -1.139542348062
  258      3.836317301696     -0.001780882686     -1.134683826306
  258     -3.836941997762      0.002162914857     -1.134850676110
  258      3.836349435811      5.425284084890     -1.140456892776
  258     -3.836521092212     -5.425011322259     -1.134764885498
  258      3.835904863444     -5.427420119098     -1.132389310155
  258     -3.835341678154      5.426885899454     -1.132954630942
  258     -7.670143041700     -0.002470249252     -1.134740260971
  258      7.669486456159      5.429743859786     -1.131278256111
  258      7.670867528355     -5.429001356642     -1.131303632637
    8      1.917213668715      1.345052726448     -1.165698664758
    8     -1.917891353532     -1.340788846233     -1.168353822077
    8      1.918427332678     -1.343681116922     -1.166732057583
    8     -1.916945866519      1.346699109122     -1.165151873327
    8      1.914602231160      6.770969960118     -1.163585625120
    8     -1.920805072723     -6.769506039015     -1.170872532864
    8      1.920039536614     -6.773447469829     -1.161367790818
    8     -1.898302721102      6.769052250986     -1.160170477019
    8      1.920587481001     -4.081503402483     -1.169264308657
    8     -1.916704439030      4.081626336576     -1.164210755265
    8      1.919254350959      4.079892860464     -1.164409028985
    8     -1.919847077028     -4.078726901111     -1.168855565624
    8      5.754486184271      1.342931387385     -1.167173682740
    8     -5.753154162605     -1.343959247266     -1.165884499988
    8      5.752527896705     -1.345897636497     -1.165220153276
    8     -5.754048793904      1.345253168022     -1.165274735590
    8      5.749775249581      6.772918909848     -1.154801908863
    8     -5.751206287358     -6.769530423227     -1.163430437228
    8      5.748355448835     -6.773410582404     -1.149155650672
    8     -5.763894935981      6.769820381832     -1.153913590458
    8      5.754132421476     -4.082351140749     -1.165062042027
    8     -5.750438744071      4.082465200853     -1.167784493356
    8      5.748946248532      4.081116417264     -1.165012844245
    8     -5.755614700272     -4.080458450558     -1.164951090162
  258      1.917612326483      2.711906159418     -3.054470870403
  258     -1.918838990196     -2.712267472057     -3.054482887037
  258      1.918580786100     -2.712851039641     -3.053630373490
  258     -1.917897241278      2.713073610586     -3.052450015434
  258      1.917700103607     -8.136502596095     -3.051311303659
  258     -1.917265992131     -8.136821469011     -3.052327894663
  258      5.754537627915      2.712186254616     -3.054208176813
  258     -5.753993313768     -2.713375175558     -3.051933496972
  258      5.753988249531     -2.713829807932     -3.052436547158
  258     -5.754006965386      2.713511958613     -3.052018228426
  258      5.753431978293     -8.135999503391     -3.044521353603
  258     -5.754011183470     -8.136409232594     -3.047853768741
    8      0.000334423671     -1.317958658800     -3.044772026994
    8      0.000220324350      1.318728245365     -3.044685924264
    8      0.000957957104      4.107150189385     -3.042012840926
    8     -0.000027694721     -4.105898414385     -3.046335132860
    8      0.001386668227     -6.743852360472     -3.045137981750
    8      0.001779880450      6.741728585205     -3.045143940343
    8      3.836047618350     -1.318393807427     -3.044595047602
    8     -3.835617135515      1.320005794293     -3.044017634942
    8      3.835648027767      1.318424058888     -3.044089078346
    8     -3.836205023445     -1.317310385006     -3.044694679031
    8      3.835211826198      4.105992774915     -3.045492543385
    8     -3.836672077736     -4.105844915836     -3.045325870054
    8      3.836685699594     -4.107829237302     -3.044562441638
    8     -3.834460239063      4.107838590490     -3.045472646567
    8      3.837127406775     -6.743862374509     -3.042129373288
    8     -3.835690385448      6.743921892900     -3.038162170175
    8      3.836273289389      6.741970821996     -3.042220928056
    8     -3.837035774915     -6.743550492908     -3.045833260682
    8      7.671272992491     -1.318862399372     -3.043981442048
    8     -7.671406676522      1.318596432557     -3.044675345578
    8      7.670298385447      4.108200604523     -3.042366879111
    8      7.671215223101     -4.108296093841     -3.044292326961
    8      7.669033212737     -6.744369385082     -3.040008344659
    8      7.669659865523      6.743321259813     -3.041356187808
  258      0.000000000000      0.000000000000     -4.794687825205
  258      0.000000000000      5.424570039800     -4.794687825205
  258      0.000000000000     -5.424570039800     -4.794687825205
  258      3.835750260160      0.000000000000     -4.794687825205
  258     -3.835750260160      0.000000000000     -4.794687825205
  258      3.835750260160      5.424570039800     -4.794687825205
  258     -3.835750260160     -5.424570039800     -4.794687825205
  258      3.835750260160     -5.424570039800     -4.794687825205
  258     -3.835750260160      5.424570039800     -4.794687825205
  258      7.671500520300      0.000000000000     -4.794687825205
  258      7.671500520300      5.424570039800     -4.794687825205
  258      7.671500520300     -5.424570039800     -4.794687825205
    8      1.917875130080      1.356142509950     -4.794687825205
    8     -1.917875130080     -1.356142509950     -4.794687825205
    8      1.917875130080     -1.356142509950     -4.794687825205
    8     -1.917875130080      1.356142509950     -4.794687825205
    8      1.917875130080      6.780712549750     -4.794687825205
    8     -1.917875130080     -6.780712549750     -4.794687825205
    8      1.917875130080     -6.780712549750     -4.794687825205
    8     -1.917875130080      6.780712549750     -4.794687825205
    8      1.917875130080     -4.068427529850     -4.794687825205
    8     -1.917875130080      4.068427529850     -4.794687825205
    8      1.917875130080      4.068427529850     -4.794687825205
    8     -1.917875130080     -4.068427529850     -4.794687825205
    8      5.753625390240      1.356142509950     -4.794687825205
    8     -5.753625390240     -1.356142509950     -4.794687825205
    8      5.753625390240     -1.356142509950     -4.794687825205
    8     -5.753625390240      1.356142509950     -4.794687825205
    8      5.753625390240      6.780712549750     -4.794687825205
    8     -5.753625390240     -6.780712549750     -4.794687825205
    8      5.753625390240     -6.780712549750     -4.794687825205
    8     -5.753625390240      6.780712549750     -4.794687825205
    8      5.753625390240     -4.068427529850     -4.794687825205
    8     -5.753625390240      4.068427529850     -4.794687825205
    8      5.753625390240      4.068427529850     -4.794687825205
    8     -5.753625390240     -4.068427529850     -4.794687825205
   14      7.367783093639     -7.409271512939      7.311855116068
    8      6.875339340994     -5.824913804096      7.343967095702
    8      7.590299471046     -7.828688544975      8.894796235426
    8     -6.396542934494     -7.538238700008      6.718101166163
    6      5.798119724717     -5.361109196581      6.530481618235
    6     -5.418044154268     -6.529228355661      7.085581795455
    6     -8.863314081724     -7.715587788551      9.778686667628
    6      5.343107222876     -4.029640688718      7.109014641832
    6     -5.621861835273     -5.241416513182      6.304187490147
    6     -8.449584339895     -8.183225942948     11.161399793262
    1      4.452186243680     -3.661585009152      6.584489153922
    1     -4.771025841594     -4.572431749885      6.485073072858
    1     -9.291874632258     -8.110011726119     11.861466369302
    1      5.104550510390     -4.136214588934      8.171265209221
    1      6.155520586597     -3.285609088557      7.049491003903
    1      4.963583161519     -6.078131272407      6.529260163845
    1      6.136739702990     -5.271148721013      5.487210631224
    1      7.230795955967      7.049100400893     11.133636116495
    1     -7.626338048010      8.701713873008     11.546133179725
    1     -9.210281816812     -6.668054820904      9.810827378807
    1      5.637839385120     -8.323405279642      9.401933316923
    1     -5.462435726593     -6.369689938095      8.171402242711
    1     -4.442690128300     -6.960361084777      6.825947962592
    1     -6.570084336285     -4.766284963460      6.556433199576
    1     -5.625039915761     -5.441770445148      5.232282394046
    8      6.300546001901     -8.279755930755      6.520560578779
    6      3.748442638681      6.078486670685      5.971502992287
    6      2.317503554390      5.553163039140      6.163708990179
    1      1.856627073707      5.343724752315      5.196744021470
    1      4.008986297368      6.820471675217      6.745312470768
    1      4.471134189580      5.257830408265      6.045004727256
    1      2.278579116978      4.641677153660      6.776319995255
    1      1.654191848273      6.285317911161      6.648518809970
    0    0
