   2   1   1 E -4.5963139257881E+04 DE-2.0E-06(  3)
  0.153430010406E+02  0.000000000000E+00  0.000000000000E+00
  0.000000000000E+00  0.162737101194E+02  0.000000000000E+00
  0.000000000000E+00  0.000000000000E+00  0.500000000000E+03
    1
  0.100000000000E+01  0.000000000000E+00  0.000000000000E+00
  0.000000000000E+00  0.100000000000E+01  0.000000000000E+00
  0.000000000000E+00  0.000000000000E+00  0.100000000000E+01
  0.000000000000E+00  0.000000000000E+00  0.000000000000E+00
  249
  258      1.913057252572      2.693467625992      4.265524250305
  258     -1.913461565670     -2.702556869346      4.261315919069
  258      1.916315286298     -2.721361811541      4.260920844996
  258     -1.926765276086      2.713673048829      4.264782584702
  258      1.824997899002     -8.079478026076      4.284630343601
  258     -1.948884689922     -8.127212087544      4.267403471037
  258      5.771225571512      2.705895948154      4.258682252882
  258     -5.752223044473     -2.698766131853      4.275944025801
  258      5.757511735041     -2.706297026245      4.260962840233
  258     -5.752064677495      2.719363893239      4.266514548153
  258      5.814881507085     -8.113897203457      4.338129297643
  258     -5.751527604113     -8.138052706779      4.298647695618
    8     -0.008770110588      3.987159886806      4.376555197670
    8      0.001266841564     -3.976959680478      4.368435142046
    8     -0.005586435179     -6.842554421727      4.407636940307
    8     -0.019737943113      6.892247977845      4.366160291793
    8      0.002739559206     -1.434763344832      4.372573472380
    8      0.009337525672      1.444548472949      4.377120735132
    8      3.851086968233      3.941194885405      4.288085772820
    8     -3.773788036325     -3.950744323739      4.333923719112
    8      3.795369624247     -4.031392692983      4.355988767233
    8     -3.832236035099      3.985601171787      4.371559197514
    8      3.767470617497     -6.990318711506      4.309035203518
    8     -3.825489174571      6.874955944901      4.381529468226
    8      3.857603083547      6.689193802755      4.698178088139
    8     -3.789089842278     -6.853286709799      4.367637558003
    8      3.844262125902     -1.470582188290      4.376743434150
    8     -3.833163279732      1.449928837088      4.378216240095
    8      3.821229543366      1.419497301205      4.388660021361
    8     -3.852203071898     -1.423536908130      4.383773900743
    8      7.655640052690      3.986167552115      4.374507655525
    8     -7.672348501635     -3.934389481917      4.335050911733
    8     -7.681706950927     -6.832847737420      4.305129354891
    8     -7.605809488256      6.887730221651      4.255671834410
    8      7.676121349094     -1.421146811758      4.379576597295
    8     -7.669113238142      1.448867984201      4.372579339935
  258     -0.001077216251     -0.001944656428      2.595496315521
  258     -0.000822955829      5.422725068038      2.607207437965
  258     -0.016520584307     -5.403605935849      2.579216416119
  258      3.836470686243     -0.002227209325      2.599488342627
  258     -3.838163619817      0.003326113735      2.598504541696
  258      3.835926979496      5.392677590639      2.566747019234
  258     -3.835341073980     -5.415465144930      2.592971194889
  258      3.833358028118     -5.437967638135      2.599049164047
  258     -3.836020512468      5.429508842763      2.595290613313
  258     -7.666585972901     -0.000553407680      2.596784323117
  258     -7.668860690379      5.427970268282      2.592058104911
  258     -7.665497119881     -5.418738879544      2.592731788482
    8      1.918300015385      1.369189162361      2.535545370092
    8     -1.921104598045     -1.355505625762      2.537852975172
    8      1.921351055265     -1.361460954918      2.540497922650
    8     -1.916895438613      1.369095561814      2.541463127194
    8      1.988632283779      6.808620754776      2.618543193970
    8     -1.907581924060     -6.784987408439      2.532946947779
    8      1.867072802002     -6.776556574268      2.530446435866
    8     -1.920975750046      6.790722078851      2.537224522513
    8      1.907279202447     -4.054611699136      2.524713082597
    8     -1.910521089561      4.062714672857      2.539592516782
    8      1.906571003788      4.067674678705      2.538011576462
    8     -1.904318772608     -4.048985269248      2.518283305682
    8      5.751947714697      1.365869399113      2.541781929559
    8     -5.754404317612     -1.363192424704      2.537563839331
    8      5.755628196543     -1.353647590371      2.533381493783
    8     -5.751289527986      1.367196659033      2.541106930031
    8      5.667362343413      6.773073316669      2.591649109918
    8     -5.734590673573     -6.775340732917      2.544336111670
    8      5.748197378046     -6.749357405270      2.526895154899
    8     -5.716358170034      6.772069116965      2.504884042710
    8      5.741072879906     -4.047754376426      2.543330033566
    8     -5.757082690992      4.053376287471      2.543487014563
    8      5.763067254123      4.055674954558      2.518158856536
    8     -5.740296487557     -4.050294884175      2.549899236730
  258      1.914045867506      2.707537442397      0.647314642279
  258     -1.920682762944     -2.706608730698      0.645655992291
  258      1.919682296769     -2.712731206964      0.648650440107
  258     -1.918508018998      2.713994232288      0.651715301795
  258      1.917456015096      8.137551970732      0.659304946374
  258     -1.915219750838     -8.134541400245      0.652647573291
  258      5.758295660855      2.706578280875      0.646055587060
  258     -5.753097666753     -2.711053501277      0.653219771380
  258      5.752572399125     -2.714533145337      0.651790714428
  258     -5.752634913795      2.713990608038      0.651175949168
  258      5.748421979766     -8.135670193626      0.683279612292
  258     -5.750064203423     -8.133606947540      0.667317225878
    8      0.000240531321      4.061570645876      0.693995543782
    8      0.000017300228     -4.055846396722      0.678458190187
    8     -0.005943523087     -6.789757904577      0.677742743971
    8      0.030482064908      6.784100102025      0.727187009706
    8      0.000436462124     -1.362138831857      0.692768843898
    8      0.000514831378      1.365228103789      0.692081848637
    8      3.831054098327      4.057297791264      0.699395371010
    8     -3.837768465231     -4.055622441117      0.688771713521
    8      3.835815605242     -4.069146490261      0.690229809727
    8     -3.836035643258      4.061895758266      0.693919963675
    8      3.820205221726     -6.803486636464      0.702362866553
    8     -3.819875378584      6.793550402033      0.676616296086
    8      3.822443519463      6.768528609103      0.693659052582
    8     -3.829007022750     -6.785574657048      0.692664228389
    8      3.835836632858     -1.366461570928      0.693293436623
    8     -3.834561513747      1.367052206640      0.692471618410
    8      3.835650623748      1.362120767811      0.692281696815
    8     -3.836896680414     -1.360383447197      0.691173354914
    8     -7.665527629571      4.057482568359      0.679895199054
    8      7.672909830612     -4.056418619865      0.692689734281
    8      7.676635282152     -6.793057945134      0.694013093451
    8      7.644745398657      6.791753317893      0.718668567448
    8     -7.670257543445     -1.364686669076      0.690596486569
    8     -7.671645136608      1.363493826436      0.693260940359
  258     -0.000804934677     -0.000190842234     -1.135894978424
  258      0.002594503061      5.424775722684     -1.131323835081
  258     -0.000448754980     -5.424484654309     -1.139538165332
  258      3.836305059737     -0.001805142841     -1.134686478342
  258     -3.836943358968      0.002180432909     -1.134855059204
  258      3.836320531376      5.425295782993     -1.140450804383
  258     -3.836543943548     -5.425020982697     -1.134751594110
  258      3.835912217940     -5.427415709967     -1.132338767510
  258     -3.835330235548      5.426890950837     -1.132899698395
  258     -7.670152977582     -0.002479241412     -1.134721515918
  258      7.669476455573      5.429811220465     -1.131297540381
  258      7.670835870168     -5.429071262981     -1.131290471392
    8      1.917192311559      1.345033755896     -1.165658509618
    8     -1.917909926773     -1.340788434604     -1.168311254593
    8      1.918468471541     -1.343724820267     -1.166710781564
    8     -1.916861697582      1.346716274352     -1.165145300830
    8      1.914573971605      6.770981216579     -1.163553244092
    8     -1.920868376768     -6.769526082972     -1.170851033013
    8      1.920096387757     -6.773422800977     -1.161335675629
    8     -1.898335378805      6.769081414923     -1.160091850562
    8      1.920595412011     -4.081481176612     -1.169272861975
    8     -1.916695320701      4.081615379908     -1.164146254668
    8      1.919310816506      4.079838337708     -1.164406581649
    8     -1.919836066352     -4.078763507505     -1.168853596462
    8      5.754481971146      1.342919492989     -1.167166601660
    8     -5.753125266627     -1.343991403860     -1.165859516928
    8      5.752496890295     -1.345972567973     -1.165200200149
    8     -5.754022553911      1.345267672631     -1.165245750135
    8      5.749790075027      6.772965902225     -1.154789651851
    8     -5.751140409765     -6.769595621354     -1.163372083197
    8      5.748309386915     -6.773407163607     -1.149028551090
    8     -5.763999505863      6.769827635117     -1.153811153095
    8      5.754158644080     -4.082336980636     -1.165009148436
    8     -5.750426320116      4.082427439391     -1.167758014015
    8      5.748933486681      4.081049246348     -1.165077323298
    8     -5.755634584223     -4.080493171551     -1.164924833671
  258      1.917605476257      2.711919898489     -3.054496744931
  258     -1.918829416666     -2.712268405017     -3.054522754426
  258      1.918592846431     -2.712843114249     -3.053643888358
  258     -1.917881667083      2.713054721511     -3.052471401175
  258      1.917708430030     -8.136513045985     -3.051323233156
  258     -1.917289283888     -8.136839426281     -3.052329124292
  258      5.754547635073      2.712181184244     -3.054234954426
  258     -5.753993054477     -2.713405851626     -3.051972395470
  258      5.754006477582     -2.713842794466     -3.052485461626
  258     -5.754010078333      2.713505946208     -3.052032469188
  258      5.753385312573     -8.135983645910     -3.044510624171
  258     -5.753990239799     -8.136415082377     -3.047840575958
    8      0.000297003794     -1.317960374005     -3.044739648895
    8      0.000238900088      1.318729088075     -3.044688238438
    8      0.000951106200      4.107191567375     -3.041943296057
    8     -0.000009634782     -4.105871994140     -3.046345139867
    8      0.001367077874     -6.743839573668     -3.045088331797
    8      0.001753105112      6.741762402621     -3.045142957332
    8      3.836024034181     -1.318433345277     -3.044597812442
    8     -3.835601714221      1.320066149029     -3.043988175301
    8      3.835621917859      1.318378611215     -3.044041568608
    8     -3.836210026094     -1.317322667841     -3.044643382928
    8      3.835182817795      4.105960783438     -3.045527553408
    8     -3.836673678666     -4.105853629107     -3.045304097929
    8      3.836715718929     -4.107861719154     -3.044504416410
    8     -3.834455851170      4.107892159183     -3.045428075167
    8      3.837140195846     -6.743902832339     -3.042100629069
    8     -3.835743218122      6.743928364517     -3.038157281924
    8      3.836246269337      6.741942471269     -3.042134632457
    8     -3.837100233180     -6.743582771860     -3.045836370594
    8      7.671276774499     -1.318887299335     -3.043955122925
    8     -7.671411740635      1.318574953951     -3.044663756023
    8      7.670308611332      4.108234797320     -3.042343678621
    8      7.671185126055     -4.108296296683     -3.044270145222
    8      7.669013102055     -6.744412489390     -3.039968549086
    8      7.669641761221      6.743371472645     -3.041323139193
  258      0.000000000000      0.000000000000     -4.794687825205
  258      0.000000000000      5.424570039800     -4.794687825205
  258      0.000000000000     -5.424570039800     -4.794687825205
  258      3.835750260160      0.000000000000     -4.794687825205
  258     -3.835750260160      0.000000000000     -4.794687825205
  258      3.835750260160      5.424570039800     -4.794687825205
  258     -3.835750260160     -5.424570039800     -4.794687825205
  258      3.835750260160     -5.424570039800     -4.794687825205
  258     -3.835750260160      5.424570039800     -4.794687825205
  258      7.671500520300      0.000000000000     -4.794687825205
  258      7.671500520300      5.424570039800     -4.794687825205
  258      7.671500520300     -5.424570039800     -4.794687825205
    8      1.917875130080      1.356142509950     -4.794687825205
    8     -1.917875130080     -1.356142509950     -4.794687825205
    8      1.917875130080     -1.356142509950     -4.794687825205
    8     -1.917875130080      1.356142509950     -4.794687825205
    8      1.917875130080      6.780712549750     -4.794687825205
    8     -1.917875130080     -6.780712549750     -4.794687825205
    8      1.917875130080     -6.780712549750     -4.794687825205
    8     -1.917875130080      6.780712549750     -4.794687825205
    8      1.917875130080     -4.068427529850     -4.794687825205
    8     -1.917875130080      4.068427529850     -4.794687825205
    8      1.917875130080      4.068427529850     -4.794687825205
    8     -1.917875130080     -4.068427529850     -4.794687825205
    8      5.753625390240      1.356142509950     -4.794687825205
    8     -5.753625390240     -1.356142509950     -4.794687825205
    8      5.753625390240     -1.356142509950     -4.794687825205
    8     -5.753625390240      1.356142509950     -4.794687825205
    8      5.753625390240      6.780712549750     -4.794687825205
    8     -5.753625390240     -6.780712549750     -4.794687825205
    8      5.753625390240     -6.780712549750     -4.794687825205
    8     -5.753625390240      6.780712549750     -4.794687825205
    8      5.753625390240     -4.068427529850     -4.794687825205
    8     -5.753625390240      4.068427529850     -4.794687825205
    8      5.753625390240      4.068427529850     -4.794687825205
    8     -5.753625390240     -4.068427529850     -4.794687825205
   14      7.367811550737     -7.408862245709      7.311896260036
    8      6.875001586065     -5.824508628820      7.343487354205
    8      7.590432264088     -7.828183678003      8.894850595673
    8     -6.396480029074     -7.538105487452      6.718123736068
    6      5.797146029926     -5.361384127326      6.530241716720
    6     -5.417792199579     -6.529122784818      7.085134617768
    6     -8.863393355982     -7.715691238069      9.778738026715
    6      5.341453816236     -4.030202006935      7.108702453827
    6     -5.621771168898     -5.241441497189      6.303584089816
    6     -8.450887429839     -8.189246205613     11.159995620407
    1      4.450838751461     -3.662222591866      6.583647729394
    1     -4.770899291930     -4.572523995665      6.484197794805
    1     -9.293737271101     -8.116848126533     11.859963098289
    1      5.102207478620     -4.137154848613      8.170704331894
    1      6.153728443885     -3.286030782775      7.049931540135
    1      4.963081576175     -6.078881481866      6.529398536891
    1      6.135364535920     -5.271190067079      5.486916437977
    1      7.226434134272      7.042655910579     11.128502176389
    1     -7.626319297911      8.691878492602     11.547198488939
    1     -9.207659149522     -6.667647786856      9.814014007918
    1      5.636148191760     -8.320300902355      9.400052129623
    1     -5.461776648188     -6.369373529009      8.170894766128
    1     -4.442651980272     -6.960399908669      6.825232188099
    1     -6.569892026940     -4.766245471466      6.556017430282
    1     -5.625265829868     -5.441857673829      5.231726932860
    8      6.300623011693     -8.279672305692      6.520841288853
    6      3.748398908148      6.078290195021      5.971538147500
    6      2.317495256544      5.552834091752      6.163473684628
    1      1.856809959259      5.343650775049      5.196422042029
    1      4.008625968427      6.820348071440      6.745371875942
    1      4.471270769186      5.257825130665      6.045279878659
    1      2.278627316867      4.641192297677      6.775762087025
    1      1.654185334423      6.284819512499      6.648412870131
    0    0
