   2   1   1 E -4.5963139117349E+04 DE-2.1E-06(  4)
  0.153430010406E+02  0.000000000000E+00  0.000000000000E+00
  0.000000000000E+00  0.162737101194E+02  0.000000000000E+00
  0.000000000000E+00  0.000000000000E+00  0.500000000000E+03
    1
  0.100000000000E+01  0.000000000000E+00  0.000000000000E+00
  0.000000000000E+00  0.100000000000E+01  0.000000000000E+00
  0.000000000000E+00  0.000000000000E+00  0.100000000000E+01
  0.000000000000E+00  0.000000000000E+00  0.000000000000E+00
  249
  258      1.913547648907      2.693795516166      4.265338547918
  258     -1.912838150891     -2.702004623573      4.261096341910
  258      1.917399266206     -2.721420867940      4.260687605133
  258     -1.926902458976      2.713392141428      4.264478950484
  258      1.825112535122     -8.080112636543      4.284868450184
  258     -1.948953984447     -8.127339767538      4.266184652660
  258      5.770679546693      2.704728781657      4.257596513857
  258     -5.751318201961     -2.698689624873      4.275390534504
  258      5.758541416665     -2.706771556905      4.260337579750
  258     -5.753262141073      2.720187117696      4.265653161296
  258      5.815294038804     -8.113252874060      4.338217043055
  258     -5.751459404658     -8.138944951244      4.299311728139
    8     -0.008494213560      3.987705818769      4.374825572729
    8      0.001627988984     -3.977454896663      4.368071185197
    8     -0.004031948531     -6.842256787067      4.407202677383
    8     -0.019431427734      6.892713018770      4.366793396056
    8      0.003496809608     -1.434970239014      4.372311799640
    8      0.008985275986      1.444861268809      4.377690499135
    8      3.850686506398      3.940899079862      4.289899089557
    8     -3.775506638909     -3.950093236279      4.331902253033
    8      3.794536942578     -4.029917969615      4.356974570396
    8     -3.832497175050      3.985345905605      4.370552342031
    8      3.769258079932     -6.988764742990      4.306033284793
    8     -3.826232068328      6.874772678673      4.378014169474
    8      3.856363285462      6.692198424757      4.698273193009
    8     -3.785776455066     -6.852859155465      4.371116458111
    8      3.845070413536     -1.469176098499      4.376314433882
    8     -3.831991415428      1.449306941160      4.377535460541
    8      3.823858267955      1.420010751621      4.386585932483
    8     -3.849993196806     -1.423716919478      4.384286928908
    8      7.657720009429      3.986503860391      4.373674206321
    8     -7.673354950826     -3.933989541069      4.334357206079
    8     -7.680943889995     -6.833887085899      4.303699267099
    8     -7.606970715085      6.887103952033      4.256723206168
    8      7.676454827301     -1.420509586931      4.378949544016
    8     -7.667522901114      1.448892281230      4.373473033446
  258     -0.000240080846     -0.001842494040      2.595138218595
  258     -0.000390950061      5.422631454902      2.607258155480
  258     -0.015699339579     -5.403511288882      2.579327069687
  258      3.837050387500     -0.003289955456      2.598745894153
  258     -3.837749352637      0.004001610933      2.598320332249
  258      3.836525136301      5.393156429269      2.566437220277
  258     -3.834728469332     -5.415871897037      2.593013648547
  258      3.833149912775     -5.438339731581      2.598716485342
  258     -3.836026789783      5.428897007306      2.593975193533
  258     -7.665820620877     -0.000825678459      2.596390617395
  258     -7.669294740217      5.428570080313      2.592265517192
  258     -7.664724348151     -5.419413924105      2.591764866740
    8      1.918579590862      1.368997305076      2.536355836283
    8     -1.919929219131     -1.355106112583      2.537518294423
    8      1.922017711065     -1.361205117560      2.540141790794
    8     -1.916329542189      1.369523424191      2.540858163747
    8      1.988674792672      6.808295911172      2.618628237494
    8     -1.908026970177     -6.784808296069      2.532168228522
    8      1.867844219753     -6.776414988789      2.530513338290
    8     -1.920126310438      6.790153411650      2.536224719089
    8      1.907451647339     -4.054388071384      2.523947061374
    8     -1.910337440906      4.063008734164      2.538968424940
    8      1.907948597752      4.067095708113      2.538087987255
    8     -1.903931574775     -4.048825722582      2.518452175746
    8      5.753847510153      1.365751578916      2.540492355149
    8     -5.753325023651     -1.362822564967      2.537994138295
    8      5.755656360786     -1.353632835560      2.532145243651
    8     -5.751213452448      1.367447692097      2.539856713758
    8      5.667285538628      6.773628392008      2.591515368574
    8     -5.732603620776     -6.774888061924      2.547014084491
    8      5.749172643857     -6.748871980775      2.526195903618
    8     -5.717874971568      6.772650376765      2.505133293352
    8      5.740776823765     -4.048429770784      2.543308836036
    8     -5.757082195887      4.053801006859      2.541625317022
    8      5.761879671449      4.055994426410      2.519288449986
    8     -5.740879720575     -4.050160624328      2.549102963539
  258      1.914548724096      2.707685717302      0.647219263749
  258     -1.920542310834     -2.706545029250      0.645652005276
  258      1.919763855671     -2.712768273327      0.648014711923
  258     -1.918148962338      2.714004242294      0.651455836187
  258      1.917402369686      8.137393209123      0.659190039001
  258     -1.914770143268     -8.134557897948      0.652030297483
  258      5.758559094334      2.707104757250      0.645317145056
  258     -5.752900326714     -2.711259975989      0.652684149844
  258      5.752838344328     -2.714819234284      0.651426099767
  258     -5.752612358037      2.713889805293      0.650586270551
  258      5.748147063673     -8.135156684345      0.683196618351
  258     -5.750217528508     -8.133731561667      0.667171636952
    8      0.001079462409      4.061380252253      0.693638254042
    8     -0.000663923867     -4.056674616426      0.677833832228
    8     -0.005200158266     -6.790351996314      0.678447920111
    8      0.029842760249      6.784221398790      0.726497341003
    8      0.001628575943     -1.362514901806      0.692915220866
    8      0.001168802546      1.364912785678      0.691956800283
    8      3.831541798212      4.058287518898      0.699593594915
    8     -3.837151446836     -4.055699978651      0.688664093025
    8      3.836740380851     -4.069453405762      0.690282371655
    8     -3.835118045844      4.061570138364      0.692693416108
    8      3.820106850178     -6.803766772377      0.701290703401
    8     -3.820408874813      6.793737529893      0.676690359791
    8      3.822917214750      6.768056549770      0.694926532069
    8     -3.830280422368     -6.785466935242      0.692338285807
    8      3.835339184312     -1.366632195563      0.691761542063
    8     -3.833824187708      1.367034405928      0.691906475876
    8      3.835842708567      1.362916434406      0.692881625483
    8     -3.836607505941     -1.360755768649      0.692148188498
    8     -7.667072479713      4.057090027045      0.680279168391
    8      7.672376960231     -4.056892328883      0.692447840918
    8      7.678740510117     -6.792896385670      0.695590817238
    8      7.644408970428      6.791113372361      0.717708172851
    8     -7.669034153044     -1.365609555056      0.690900296334
    8     -7.671231595804      1.363171591555      0.692354918877
  258     -0.000879676779     -0.000176697790     -1.136132368681
  258      0.002810401207      5.424659449424     -1.131355972633
  258     -0.000300081864     -5.424355321206     -1.139557807993
  258      3.836369017650     -0.001558252674     -1.134839477272
  258     -3.836926303833      0.001975907278     -1.135018147880
  258      3.836203745228      5.425570937027     -1.140933264729
  258     -3.836304273739     -5.425102921637     -1.134758371701
  258      3.835711327841     -5.427553651485     -1.132846624334
  258     -3.835168132082      5.427084992199     -1.133173788318
  258     -7.670168275702     -0.002445883855     -1.134825739384
  258      7.669374913221      5.429757934811     -1.131379167232
  258      7.670800390085     -5.428894568900     -1.131854195959
    8      1.918012577959      1.345038825325     -1.165213471698
    8     -1.917596443518     -1.340777109699     -1.167637187121
    8      1.918370737926     -1.343384584858     -1.167794698005
    8     -1.916703801550      1.346555120257     -1.165762873525
    8      1.915042171864      6.771660556477     -1.162663320629
    8     -1.920614348737     -6.769602011871     -1.170436262258
    8      1.919567217419     -6.772688420315     -1.161691966225
    8     -1.898850947847      6.768694483583     -1.160379476669
    8      1.920664739189     -4.081104124994     -1.168973468053
    8     -1.915872703096      4.081989609938     -1.164861543904
    8      1.919920383633      4.080124666798     -1.164765495767
    8     -1.920032858135     -4.078827092935     -1.169809911302
    8      5.754531584939      1.342824801169     -1.166988814270
    8     -5.751893700447     -1.343990718678     -1.165981121682
    8      5.753535665829     -1.345389855221     -1.165129807298
    8     -5.754063680037      1.345003194093     -1.165545243279
    8      5.749384803469      6.773344903541     -1.154885941419
    8     -5.751470717044     -6.769626627757     -1.164030117678
    8      5.749944809780     -6.773127839023     -1.148148873248
    8     -5.764202194090      6.770018920930     -1.153881492315
    8      5.753750098265     -4.082003451541     -1.165888065478
    8     -5.750939859449      4.082804111055     -1.167223809739
    8      5.748500873053      4.081502355116     -1.165879102466
    8     -5.755857807707     -4.080892325754     -1.164775271420
  258      1.917407105370      2.711938962896     -3.054439434675
  258     -1.918897071971     -2.712380760874     -3.054539421478
  258      1.918598810422     -2.712707169560     -3.053940505345
  258     -1.917854946427      2.713122160971     -3.052405961786
  258      1.917490108297     -8.136472470323     -3.051423766960
  258     -1.917481281613     -8.136798056428     -3.052648281508
  258      5.754449778153      2.711968851814     -3.054671981896
  258     -5.754106301157     -2.713386980667     -3.052226374927
  258      5.754009522858     -2.713558629128     -3.052442892797
  258     -5.753744992779      2.713634813295     -3.052074347264
  258      5.753331848312     -8.136108800350     -3.044325259963
  258     -5.754137192723     -8.136413325185     -3.047788015857
    8     -0.000074589469     -1.318083730161     -3.044902367058
    8      0.000793026589      1.318459449785     -3.044483537412
    8      0.001240996932      4.106874478872     -3.042336617445
    8      0.000219060381     -4.106364667911     -3.046493502741
    8      0.001126691598     -6.744253028761     -3.045543436209
    8      0.002043562130      6.741262828715     -3.044920403771
    8      3.836392604478     -1.318758784618     -3.044810348426
    8     -3.835909272956      1.320206733063     -3.044122715559
    8      3.835510051639      1.318032323762     -3.044291823524
    8     -3.835662365166     -1.316851350985     -3.044866706379
    8      3.835159198465      4.106340458095     -3.045717605156
    8     -3.837079251830     -4.105647107050     -3.045567247523
    8      3.836439197111     -4.108258291515     -3.044699249360
    8     -3.834877073860      4.107977751181     -3.045269609855
    8      3.837498807924     -6.743888243597     -3.041762255682
    8     -3.835876648632      6.743789787015     -3.038505587340
    8      3.835874316472      6.742440684157     -3.042215845453
    8     -3.836812847831     -6.743363695009     -3.045900565417
    8      7.671750299720     -1.319538765112     -3.044264024287
    8     -7.671768983710      1.317982098054     -3.044697126057
    8      7.670305072485      4.107992233731     -3.042467268629
    8      7.671265647705     -4.108512736150     -3.044252293349
    8      7.668823673048     -6.744474549644     -3.040394899155
    8      7.669431269206      6.743201878229     -3.041630605576
  258      0.000000000000      0.000000000000     -4.794687825205
  258      0.000000000000      5.424570039800     -4.794687825205
  258      0.000000000000     -5.424570039800     -4.794687825205
  258      3.835750260160      0.000000000000     -4.794687825205
  258     -3.835750260160      0.000000000000     -4.794687825205
  258      3.835750260160      5.424570039800     -4.794687825205
  258     -3.835750260160     -5.424570039800     -4.794687825205
  258      3.835750260160     -5.424570039800     -4.794687825205
  258     -3.835750260160      5.424570039800     -4.794687825205
  258      7.671500520300      0.000000000000     -4.794687825205
  258      7.671500520300      5.424570039800     -4.794687825205
  258      7.671500520300     -5.424570039800     -4.794687825205
    8      1.917875130080      1.356142509950     -4.794687825205
    8     -1.917875130080     -1.356142509950     -4.794687825205
    8      1.917875130080     -1.356142509950     -4.794687825205
    8     -1.917875130080      1.356142509950     -4.794687825205
    8      1.917875130080      6.780712549750     -4.794687825205
    8     -1.917875130080     -6.780712549750     -4.794687825205
    8      1.917875130080     -6.780712549750     -4.794687825205
    8     -1.917875130080      6.780712549750     -4.794687825205
    8      1.917875130080     -4.068427529850     -4.794687825205
    8     -1.917875130080      4.068427529850     -4.794687825205
    8      1.917875130080      4.068427529850     -4.794687825205
    8     -1.917875130080     -4.068427529850     -4.794687825205
    8      5.753625390240      1.356142509950     -4.794687825205
    8     -5.753625390240     -1.356142509950     -4.794687825205
    8      5.753625390240     -1.356142509950     -4.794687825205
    8     -5.753625390240      1.356142509950     -4.794687825205
    8      5.753625390240      6.780712549750     -4.794687825205
    8     -5.753625390240     -6.780712549750     -4.794687825205
    8      5.753625390240     -6.780712549750     -4.794687825205
    8     -5.753625390240      6.780712549750     -4.794687825205
    8      5.753625390240     -4.068427529850     -4.794687825205
    8     -5.753625390240      4.068427529850     -4.794687825205
    8      5.753625390240      4.068427529850     -4.794687825205
    8     -5.753625390240     -4.068427529850     -4.794687825205
   14      7.364271178755     -7.406863212095      7.313511875254
    8      6.873520865086     -5.821936199008      7.343860471705
    8      7.580507599611     -7.827317774263      8.896560636318
    8     -6.399380397198     -7.538138138702      6.722296083609
    6      5.797269760867     -5.357353212031      6.528309056937
    6     -5.422503505726     -6.525633474483      7.085130755445
    6     -8.859752075263     -7.652995644829      9.789012036130
    6      5.342435044062     -4.027105943979      7.108130124382
    6     -5.627484116915     -5.241064279512      6.298494745224
    6     -8.567175693726     -8.385997232469     11.085656466107
    1      4.453256643254     -3.657933234600      6.582527887709
    1     -4.776937552659     -4.571417850927      6.477026560639
    1     -9.386102478777     -8.241960173079     11.801431856386
    1      5.101978382018     -4.135903378017      8.169403943866
    1      6.155419476232     -3.283818791451      7.051842230183
    1      4.963275653915     -6.073980899449      6.525373548224
    1      6.137834662282     -5.265611531789      5.486552420550
    1      6.893409337879      6.815193522520     10.900622088631
    1     -7.641519153220      8.254842649329     11.544317506906
    1     -9.019793889418     -6.576402976430      9.978130964845
    1      5.554816443940     -8.041822859764      9.329039219191
    1     -5.467105805583     -6.361388510064      8.170165952096
    1     -4.446572467592     -6.956450371708      6.827779449448
    1     -6.575613254571     -4.765576772511      6.549288152885
    1     -5.631811442893     -5.444434245353      5.227467428208
    8      6.297910779049     -8.276260172701      6.520228138331
    6      3.750566385277      6.077802873625      5.970297286987
    6      2.319458820060      5.555332046199      6.165985697948
    1      1.857531533931      5.340160408624      5.200742235007
    1      4.015734177857      6.815672912516      6.745735555261
    1      4.469748377801      5.254052547576      6.037078835981
    1      2.279177239364      4.648501478662      6.784987750300
    1      1.657260917431      6.291435780478      6.646155157691
    0    0
