   2   1   1 E -4.5963138541497E+04 DE-7.6E-07(  4)
  0.153430010406E+02  0.000000000000E+00  0.000000000000E+00
  0.000000000000E+00  0.162737101194E+02  0.000000000000E+00
  0.000000000000E+00  0.000000000000E+00  0.500000000000E+03
    1
  0.100000000000E+01  0.000000000000E+00  0.000000000000E+00
  0.000000000000E+00  0.100000000000E+01  0.000000000000E+00
  0.000000000000E+00  0.000000000000E+00  0.100000000000E+01
  0.000000000000E+00  0.000000000000E+00  0.000000000000E+00
  249
  258      1.912613103637      2.693790568085      4.265407290057
  258     -1.912250324511     -2.704117182025      4.261042089498
  258      1.916689888109     -2.720925877867      4.260699160905
  258     -1.926527586129      2.713760997782      4.264790645703
  258      1.827169575014     -8.080827088786      4.286043505348
  258     -1.946602827450     -8.127764847281      4.266487690608
  258      5.772615981363      2.705864142629      4.259067652985
  258     -5.751829006377     -2.698786683815      4.276741784322
  258      5.757658792032     -2.703650962906      4.260410522402
  258     -5.751131964885      2.719239538323      4.266506196342
  258      5.817523787374     -8.114115538128      4.340954152156
  258     -5.750700041099     -8.138992292198      4.297387453839
    8     -0.007164600641      3.986564084251      4.376190725093
    8      0.003190689564     -3.976941305975      4.369101941889
    8     -0.004899695176     -6.843262299194      4.407153095004
    8     -0.018275336675      6.890949392005      4.369043720220
    8      0.002498751742     -1.434108163717      4.372864212679
    8      0.010862826414      1.444364830478      4.376350963229
    8      3.853201875772      3.939915948485      4.285209131789
    8     -3.768722628007     -3.949298891914      4.330987723734
    8      3.796668763226     -4.031207979425      4.355388881221
    8     -3.831517389878      3.986499763712      4.372035874551
    8      3.767841884304     -6.991183545345      4.312472905740
    8     -3.823577663670      6.874880469228      4.378789766842
    8      3.863104724812      6.686241698181      4.695362516921
    8     -3.786758145216     -6.853488211297      4.365721851197
    8      3.845486989567     -1.471333841972      4.377658145598
    8     -3.832510288806      1.451139428556      4.378362347148
    8      3.819953743187      1.418103930253      4.389793151241
    8     -3.853559328868     -1.422684158562      4.385074432648
    8      7.654556913933      3.986839828991      4.375912395999
    8     -7.668105370751     -3.934331684083      4.335313794525
    8     -7.678799593158     -6.834340272339      4.304013097333
    8     -7.605313103113      6.886321124296      4.259123516143
    8      7.675049694015     -1.420907402218      4.380112413072
    8     -7.669316273427      1.449108752399      4.372411845028
  258     -0.000845735096     -0.002270756480      2.595623415498
  258      0.000459365895      5.423310527715      2.607133645044
  258     -0.014590366274     -5.404655621657      2.578867682752
  258      3.836521842819     -0.000721108607      2.598954761034
  258     -3.837207776687      0.002410433891      2.599060504349
  258      3.837429786961      5.392286658186      2.566977866830
  258     -3.833762129351     -5.416238400184      2.592679836353
  258      3.834388682118     -5.438060292520      2.600710740735
  258     -3.835218853993      5.429294398474      2.594894579715
  258     -7.665563248842     -0.000299092997      2.596017706677
  258     -7.668795859446      5.428110983064      2.592631875808
  258     -7.664476458612     -5.417952141398      2.593521939412
    8      1.919336578780      1.369493016731      2.534779043941
    8     -1.921402988286     -1.356926221213      2.538002899637
    8      1.920822352440     -1.361431072386      2.540984124967
    8     -1.916565869304      1.368158995823      2.541549395424
    8      1.989188286664      6.807920232940      2.620181448581
    8     -1.906214468622     -6.785874113693      2.531702994257
    8      1.869097757960     -6.777749303426      2.532020133571
    8     -1.918053254868      6.789228206423      2.536536792271
    8      1.908653612786     -4.054898670506      2.524913813496
    8     -1.910115653651      4.061547074594      2.540080822761
    8      1.907379164576      4.068483323090      2.537580676873
    8     -1.901350954352     -4.050416806612      2.516682873395
    8      5.750976060443      1.366066202148      2.541246038375
    8     -5.754448670199     -1.363156030664      2.538130651479
    8      5.755495249383     -1.352922487290      2.532875721091
    8     -5.751298942457      1.366565377868      2.541659542377
    8      5.669270136790      6.774285500114      2.592439128658
    8     -5.733538370220     -6.775563476084      2.542563543162
    8      5.748721307670     -6.750214181168      2.531127498130
    8     -5.716735900446      6.770647442711      2.503988560059
    8      5.743474237486     -4.048190886482      2.543051209112
    8     -5.756829274001      4.052185264210      2.544832584450
    8      5.765682395184      4.056369243223      2.516755848332
    8     -5.738570012180     -4.050559567990      2.551043920289
  258      1.914210178185      2.707813422234      0.647197187228
  258     -1.919528689633     -2.706902884427      0.645718766731
  258      1.920483159178     -2.713063267182      0.648261370716
  258     -1.917930688801      2.714067141079      0.651882235240
  258      1.918707108488      8.137695038382      0.660375210241
  258     -1.914552290740     -8.134443133482      0.651977710915
  258      5.758778011045      2.706877490176      0.646122566545
  258     -5.751894264459     -2.711406053072      0.653535829131
  258      5.753012087800     -2.714471549319      0.651850159665
  258     -5.751821519083      2.714044221522      0.651071054068
  258      5.749231292157     -8.134982328722      0.684471783324
  258     -5.749635927691     -8.133533096873      0.667321772691
    8     -0.000082826112      4.061940705506      0.694481497079
    8      0.001694439768     -4.055640352779      0.678265906216
    8     -0.003562858484     -6.789521860506      0.678427738427
    8      0.031714975102      6.784747381725      0.726733182068
    8      0.000177036674     -1.361362257336      0.692285937334
    8      0.001358412585      1.366099940693      0.692029080783
    8      3.832326487907      4.056579381372      0.699319419376
    8     -3.838072569382     -4.056324193131      0.689111722409
    8      3.836776942946     -4.069135845122      0.690561083624
    8     -3.835679276913      4.061764702234      0.694019038345
    8      3.821656532711     -6.802994290762      0.703037088193
    8     -3.818726207365      6.793566170326      0.676618498239
    8      3.822508471081      6.768002810683      0.694797481287
    8     -3.828098915807     -6.785980045630      0.691292924684
    8      3.835809453796     -1.367041471125      0.694114363819
    8     -3.834784265673      1.366560158804      0.693496968075
    8      3.835789156914      1.361945111965      0.691268669787
    8     -3.836770858745     -1.361114563933      0.691348233253
    8     -7.663074637127      4.058082747659      0.679478481201
    8      7.675003516584     -4.056172837399      0.692099864179
    8      7.675050011816     -6.792485830410      0.694090169809
    8      7.644746218971      6.792599303043      0.718426205315
    8     -7.670006819703     -1.364853967742      0.691428008011
    8     -7.671597907063      1.364050108182      0.693665954871
  258     -0.000299716703     -0.000220019654     -1.135945263383
  258      0.003405365159      5.424987225954     -1.131154485911
  258      0.000295121534     -5.424602834295     -1.139722319826
  258      3.836813710744     -0.001742066444     -1.134732839985
  258     -3.836322232570      0.002048151580     -1.134602106224
  258      3.836819376355      5.425788873143     -1.140491577518
  258     -3.835992717748     -5.424737517929     -1.134908553519
  258      3.836589132709     -5.427553330654     -1.131929384873
  258     -3.835082827365      5.426870225990     -1.133078692557
  258     -7.669445417408     -0.002562600887     -1.134577271979
  258      7.669508320517      5.429696009942     -1.130935347266
  258      7.671470286980     -5.428768236684     -1.130825697825
    8      1.917418639995      1.344702976932     -1.166302640747
    8     -1.917996011684     -1.340636344088     -1.168576143773
    8      1.919464843819     -1.343918517205     -1.166258057908
    8     -1.917399697517      1.346870807934     -1.164478494861
    8      1.915327204570      6.770984819617     -1.163125990703
    8     -1.919040493970     -6.769112045758     -1.170539707802
    8      1.920765231498     -6.773594627809     -1.160866445658
    8     -1.897814080842      6.769154914188     -1.160414193821
    8      1.920876285021     -4.081625615093     -1.169559468965
    8     -1.916205041780      4.081940426261     -1.164281504424
    8      1.919167186682      4.079964377108     -1.163916004077
    8     -1.919777724779     -4.078534587375     -1.168175869750
    8      5.755123483717      1.343207369305     -1.167437956689
    8     -5.753261861364     -1.343528022663     -1.165548456895
    8      5.752869179652     -1.345614481846     -1.164717806702
    8     -5.754118043173      1.345174711253     -1.164825028842
    8      5.749521201766      6.772973499232     -1.153993648900
    8     -5.751630638309     -6.769130864523     -1.163199296192
    8      5.748418432041     -6.773638626514     -1.149886041578
    8     -5.763478191950      6.770067589168     -1.153393161472
    8      5.754208428074     -4.082255118186     -1.165131845982
    8     -5.749242157534      4.082298423595     -1.168361620635
    8      5.749995996680      4.081849111199     -1.165127556305
    8     -5.754509433122     -4.079897393768     -1.166083184962
  258      1.917839696651      2.712055581077     -3.054443128402
  258     -1.918559738328     -2.712295216350     -3.054523540012
  258      1.919150053650     -2.712913818838     -3.053900200490
  258     -1.917671823722      2.713116582757     -3.052246103558
  258      1.918123324741     -8.136410796405     -3.051003210855
  258     -1.917067248822     -8.136862669867     -3.052286952710
  258      5.754617628623      2.712003955236     -3.054212980288
  258     -5.753961667863     -2.713272198991     -3.051919280752
  258      5.754426346528     -2.713886549010     -3.052267499436
  258     -5.753891312296      2.713560658808     -3.052028193257
  258      5.753883736749     -8.135899465145     -3.043920350899
  258     -5.753931279305     -8.136407742794     -3.047875684725
    8      0.000721644092     -1.317414904421     -3.044361941356
    8     -0.000111237649      1.319147229662     -3.044502229758
    8      0.001209917778      4.107496498849     -3.042112481578
    8     -0.000120956260     -4.105421901927     -3.046233939800
    8      0.001836342313     -6.743444064693     -3.045214073735
    8      0.001942761789      6.742076532732     -3.045471031995
    8      3.836146451392     -1.318168921969     -3.044792018509
    8     -3.835695316667      1.319623499547     -3.043899280577
    8      3.835812521628      1.318517053313     -3.044161001445
    8     -3.836190604792     -1.317627693199     -3.044584797429
    8      3.835173799266      4.105783669864     -3.044880513922
    8     -3.836004225381     -4.106438300775     -3.045707391408
    8      3.836824793590     -4.107551418183     -3.044434294301
    8     -3.834118049311      4.107547412635     -3.045749667610
    8      3.836945809381     -6.743761975886     -3.042345798419
    8     -3.835718209746      6.743736386760     -3.037967329359
    8      3.836365360672      6.741906166944     -3.042133771741
    8     -3.836815954110     -6.744407206605     -3.045569714062
    8      7.671301044109     -1.318724084255     -3.043982486934
    8     -7.671315769524      1.318564635881     -3.044617471509
    8      7.670597979256      4.108421784042     -3.042506014979
    8      7.670957567211     -4.107783971084     -3.044275468469
    8      7.669298132636     -6.743912894465     -3.040043775060
    8      7.669731199548      6.743707726322     -3.041210357785
  258      0.000000000000      0.000000000000     -4.794687825205
  258      0.000000000000      5.424570039800     -4.794687825205
  258      0.000000000000     -5.424570039800     -4.794687825205
  258      3.835750260160      0.000000000000     -4.794687825205
  258     -3.835750260160      0.000000000000     -4.794687825205
  258      3.835750260160      5.424570039800     -4.794687825205
  258     -3.835750260160     -5.424570039800     -4.794687825205
  258      3.835750260160     -5.424570039800     -4.794687825205
  258     -3.835750260160      5.424570039800     -4.794687825205
  258      7.671500520300      0.000000000000     -4.794687825205
  258      7.671500520300      5.424570039800     -4.794687825205
  258      7.671500520300     -5.424570039800     -4.794687825205
    8      1.917875130080      1.356142509950     -4.794687825205
    8     -1.917875130080     -1.356142509950     -4.794687825205
    8      1.917875130080     -1.356142509950     -4.794687825205
    8     -1.917875130080      1.356142509950     -4.794687825205
    8      1.917875130080      6.780712549750     -4.794687825205
    8     -1.917875130080     -6.780712549750     -4.794687825205
    8      1.917875130080     -6.780712549750     -4.794687825205
    8     -1.917875130080      6.780712549750     -4.794687825205
    8      1.917875130080     -4.068427529850     -4.794687825205
    8     -1.917875130080      4.068427529850     -4.794687825205
    8      1.917875130080      4.068427529850     -4.794687825205
    8     -1.917875130080     -4.068427529850     -4.794687825205
    8      5.753625390240      1.356142509950     -4.794687825205
    8     -5.753625390240     -1.356142509950     -4.794687825205
    8      5.753625390240     -1.356142509950     -4.794687825205
    8     -5.753625390240      1.356142509950     -4.794687825205
    8      5.753625390240      6.780712549750     -4.794687825205
    8     -5.753625390240     -6.780712549750     -4.794687825205
    8      5.753625390240     -6.780712549750     -4.794687825205
    8     -5.753625390240      6.780712549750     -4.794687825205
    8      5.753625390240     -4.068427529850     -4.794687825205
    8     -5.753625390240      4.068427529850     -4.794687825205
    8      5.753625390240      4.068427529850     -4.794687825205
    8     -5.753625390240     -4.068427529850     -4.794687825205
   14      7.369785472408     -7.389189921230      7.311830370194
    8      6.882516008716     -5.802426508036      7.327426545632
    8      7.602888345112     -7.776676261057      8.901700015312
    8     -6.397559862136     -7.536705436174      6.710473921695
    6      5.801588621700     -5.345280722161      6.515759384005
    6     -5.411402798479     -6.535474249640      7.079057464478
    6     -8.710732739708     -7.377707345082      9.865719179090
    6      5.334879954240     -4.020622093914      7.101953678932
    6     -5.604292262851     -5.244604594523      6.298388532223
    6     -8.551004831916     -8.231606316232     11.114070698051
    1      4.450110088267     -3.647785096020      6.570555234043
    1     -4.741631125151     -4.588748305258      6.467034576330
    1     -9.248135148932     -7.899375033978     11.894944258013
    1      5.084669495409     -4.140564421130      8.160733893288
    1      6.146604524692     -3.274413631314      7.061631562664
    1      4.972695363724     -6.068975658388      6.509745668876
    1      6.141179358417     -5.252154770010      5.473244181235
    1      6.589678621686      6.983531346584     10.896575556445
    1     -7.526600567640      8.116093648744     11.503442719828
    1     -8.575292342336     -6.304328723039     10.098704284756
    1      5.605679002652     -7.488169228785      9.461860467780
    1     -5.455039630875     -6.376956067558      8.165355846377
    1     -4.438996027860     -6.973485122829      6.819538105729
    1     -6.543169451734     -4.754697622801      6.559297909329
    1     -5.623294128418     -5.445969755963      5.226956311171
    8      6.303250074406     -8.267024746362      6.529420461717
    6      3.750781003267      6.076377871413      5.968219181929
    6      2.320782198196      5.545874925441      6.154968336991
    1      1.859041284981      5.340844269014      5.187414261190
    1      4.005640424391      6.820386771078      6.742620007775
    1      4.478950196031      5.260342529950      6.047434248201
    1      2.283369187376      4.632152953358      6.764020504889
    1      1.657248841519      6.275272004634      6.643698547824
    0    0
