   2   1   1 E -4.5963139242673E+04 DE 1.2E-06(  3)
  0.153430010406E+02  0.000000000000E+00  0.000000000000E+00
  0.000000000000E+00  0.162737101194E+02  0.000000000000E+00
  0.000000000000E+00  0.000000000000E+00  0.500000000000E+03
    1
  0.100000000000E+01  0.000000000000E+00  0.000000000000E+00
  0.000000000000E+00  0.100000000000E+01  0.000000000000E+00
  0.000000000000E+00  0.000000000000E+00  0.100000000000E+01
  0.000000000000E+00  0.000000000000E+00  0.000000000000E+00
  249
  258      1.913245386690      2.693096206249      4.265469958443
  258     -1.913413791406     -2.702646175128      4.261455828501
  258      1.916365343913     -2.720941978385      4.261011505824
  258     -1.926585469412      2.713836503987      4.265010455988
  258      1.825359882473     -8.079696885526      4.284771862486
  258     -1.948580423780     -8.127277458840      4.267483142217
  258      5.772200096510      2.706341879772      4.258866420064
  258     -5.752298441802     -2.698198317872      4.276027920890
  258      5.757405382898     -2.706689299164      4.261114204979
  258     -5.751810820403      2.719179439641      4.266519823259
  258      5.815149306238     -8.113726082632      4.338316710776
  258     -5.751242139010     -8.138089747971      4.298542677587
    8     -0.009682734198      3.986813285647      4.376383350282
    8      0.001644972494     -3.977294565199      4.368796278891
    8     -0.005638786047     -6.843030208797      4.407939902685
    8     -0.019377492885      6.891889063582      4.365835282892
    8      0.002859934338     -1.434887525848      4.372938590273
    8      0.009996759697      1.444276454452      4.376879641208
    8      3.851626546230      3.940857528282      4.287549664801
    8     -3.772683817081     -3.950686064123      4.333714873887
    8      3.796393585093     -4.031684964008      4.356458283938
    8     -3.831630301163      3.985629777882      4.371844751566
    8      3.767418361128     -6.990210341860      4.308456326736
    8     -3.825002696231      6.875047718058      4.381744603487
    8      3.857599784773      6.689357332833      4.698850110490
    8     -3.789718254103     -6.853319121181      4.367532466094
    8      3.844500557837     -1.470873509713      4.377022016575
    8     -3.833603148318      1.449730192269      4.378157843306
    8      3.819957227595      1.418912875407      4.388990238051
    8     -3.851896833454     -1.423712674644      4.383956142296
    8      7.654869561827      3.986120657957      4.375391363866
    8     -7.673572234029     -3.934184344038      4.334662068980
    8     -7.680815360782     -6.832830670734      4.305518993291
    8     -7.606056242238      6.887479284908      4.255507870772
    8      7.676787214949     -1.420749222885      4.380139286207
    8     -7.669124210169      1.448962580877      4.372394334736
  258     -0.000927464597     -0.001934956988      2.595392515270
  258     -0.000590997277      5.422707853265      2.607466217628
  258     -0.016334157730     -5.403580809492      2.579581631155
  258      3.836823436669     -0.001944804490      2.599562784644
  258     -3.837941454651      0.003419700865      2.598659936180
  258      3.836330740972      5.392561850926      2.566692619730
  258     -3.835286730839     -5.415447388007      2.593352957184
  258      3.833079045613     -5.437867999625      2.599223442290
  258     -3.835785744517      5.429475672586      2.595337335740
  258     -7.666602570716     -0.000655519420      2.596707355893
  258     -7.668644958085      5.428353908515      2.591981014671
  258     -7.665402000295     -5.418753791807      2.592780279812
    8      1.918280810209      1.369653431411      2.534864796732
    8     -1.920943507682     -1.355684156943      2.537881836961
    8      1.921427172891     -1.361048000390      2.540936054333
    8     -1.916771618582      1.368920579123      2.541646176971
    8      1.988900645279      6.808784423091      2.618471396394
    8     -1.907470817026     -6.784956457597      2.533316353890
    8      1.866945898042     -6.776656408199      2.530356074938
    8     -1.920984502875      6.790670089203      2.537291651131
    8      1.907639821949     -4.054247067163      2.525126559230
    8     -1.910684351671      4.062438081609      2.539331523901
    8      1.906240609753      4.068223224541      2.538371345096
    8     -1.903778121788     -4.049081426349      2.517893331662
    8      5.751299123435      1.365663070724      2.541972566949
    8     -5.754378046879     -1.362945764411      2.537682588225
    8      5.755518129191     -1.353859010401      2.533332017873
    8     -5.751348264673      1.367131358650      2.541090824441
    8      5.666582712054      6.773599054104      2.592029590357
    8     -5.734551319803     -6.775549084430      2.543625705012
    8      5.748871526216     -6.749291366774      2.527646752887
    8     -5.716150469985      6.771867284753      2.505098552726
    8      5.741075177860     -4.048070836183      2.542445892943
    8     -5.757307040511      4.053409456439      2.544291258928
    8      5.764155903402      4.055738275756      2.517949704349
    8     -5.740247625910     -4.050003826667      2.550889421263
  258      1.914025913311      2.707590934512      0.647349868760
  258     -1.920399091525     -2.706639697723      0.645818544635
  258      1.919865436280     -2.712723229220      0.648603959842
  258     -1.918409352979      2.713971180640      0.651810889378
  258      1.917626819748      8.137369934740      0.659522048726
  258     -1.915066831995     -8.134401322347      0.652834016172
  258      5.758347664966      2.706587759038      0.646318986167
  258     -5.752892677028     -2.711202675431      0.653208765840
  258      5.752712998585     -2.714590833727      0.652113314212
  258     -5.752382140337      2.714082611001      0.651119780337
  258      5.748400532321     -8.135269411081      0.683337824314
  258     -5.749976363636     -8.133404457667      0.667294054756
    8      0.000255055452      4.061606991200      0.693749451190
    8      0.000178813293     -4.055933823302      0.678482687077
    8     -0.005789068726     -6.789656583073      0.678138603910
    8      0.030242201142      6.784413900224      0.726932795755
    8      0.000691965051     -1.361971674909      0.692890478778
    8      0.000330285285      1.365498984732      0.691847221489
    8      3.831216937191      4.057081936757      0.700113919178
    8     -3.838320156030     -4.055738325396      0.689081783427
    8      3.835418149065     -4.069059093732      0.690007198950
    8     -3.836318468000      4.062266198855      0.694093089296
    8      3.821038724283     -6.803617318688      0.702648116385
    8     -3.819841207212      6.793938146071      0.676507404663
    8      3.822379018917      6.768294244992      0.693505847535
    8     -3.828809434767     -6.785359725049      0.692229545980
    8      3.835590764340     -1.366645857173      0.693273350939
    8     -3.834532559374      1.367395997279      0.692543833163
    8      3.835778717876      1.362160128324      0.691744073242
    8     -3.836937931593     -1.360401923479      0.691321787922
    8     -7.664813495487      4.057439260197      0.679711842931
    8      7.673943312380     -4.056389120119      0.692564039345
    8      7.676079566410     -6.793096396129      0.693642836421
    8      7.644715228791      6.792088231023      0.719146238230
    8     -7.670116780548     -1.364756558054      0.690823863106
    8     -7.671940901724      1.363578161347      0.693666728296
  258     -0.000688573800     -0.000260688611     -1.135904060750
  258      0.002579528201      5.424903080308     -1.131134403639
  258     -0.000298725467     -5.424513070620     -1.139306989347
  258      3.836473795470     -0.001771761313     -1.134486273753
  258     -3.836797958096      0.002041760482     -1.134710972700
  258      3.836431770934      5.425251371824     -1.140516684864
  258     -3.836303894806     -5.424884816648     -1.134630082270
  258      3.835856426459     -5.427470856708     -1.132347757929
  258     -3.835306832691      5.427105079038     -1.132862254758
  258     -7.670050742898     -0.002449536611     -1.134601144565
  258      7.669458396861      5.429656946914     -1.131089177000
  258      7.670952318894     -5.428829606036     -1.131322303423
    8      1.917272889240      1.344694047820     -1.165579889089
    8     -1.917825491694     -1.340963387072     -1.168009846567
    8      1.918477535871     -1.343947704488     -1.166926358814
    8     -1.917147987950      1.346571028473     -1.165356583435
    8      1.914527615269      6.771054708563     -1.163393506574
    8     -1.920324567466     -6.769674384345     -1.170494717292
    8      1.920082645947     -6.773413154693     -1.160976982856
    8     -1.898314058819      6.768909166110     -1.160303583108
    8      1.920477503381     -4.081597734881     -1.169366252259
    8     -1.916944688314      4.081579853302     -1.164196624035
    8      1.919524033692      4.079791019113     -1.164452960433
    8     -1.920243149854     -4.078666586557     -1.168705383469
    8      5.754829491551      1.342896540430     -1.167286898924
    8     -5.752874214441     -1.343904258759     -1.165702812170
    8      5.752805125323     -1.346052068144     -1.164971792284
    8     -5.754354278624      1.345127592503     -1.164913028131
    8      5.749938569163      6.772459439768     -1.154557339425
    8     -5.751282184835     -6.769494158551     -1.163250373470
    8      5.748356780244     -6.773939771893     -1.149820436741
    8     -5.764159054756      6.769793164109     -1.153907650434
    8      5.754137281857     -4.082676951340     -1.164667327711
    8     -5.750229971634      4.082326727378     -1.167956463305
    8      5.748880110021      4.081046555890     -1.164664002113
    8     -5.755302388851     -4.080348482865     -1.165662383881
  258      1.917594125747      2.711886460156     -3.054376144716
  258     -1.918694760649     -2.712316375998     -3.054456528894
  258      1.918711342822     -2.712833950358     -3.053621435007
  258     -1.917836197314      2.713127007848     -3.052229859370
  258      1.917747139416     -8.136501685309     -3.051251228401
  258     -1.917278399716     -8.136742248336     -3.052161770075
  258      5.754559212607      2.712131717050     -3.054076139267
  258     -5.754008154277     -2.713306610818     -3.051939958866
  258      5.754087691610     -2.713744533307     -3.052206780617
  258     -5.753897348286      2.713529639090     -3.051987945114
  258      5.753608339092     -8.136107415076     -3.044340624330
  258     -5.754027006225     -8.136377286409     -3.047817188102
    8      0.000169829226     -1.317690043061     -3.044695603516
    8      0.000391616954      1.318927950814     -3.044556560244
    8      0.000931077400      4.107110741426     -3.042034682837
    8     -0.000101563249     -4.105829621945     -3.046245769499
    8      0.001411016673     -6.743885625765     -3.045059602389
    8      0.001948097740      6.741589160036     -3.045183982711
    8      3.836193761875     -1.318290401555     -3.044605581412
    8     -3.835898683170      1.320084373316     -3.043912754105
    8      3.835635117835      1.318503284866     -3.044089319586
    8     -3.835985994117     -1.317117015035     -3.044723449355
    8      3.835366984227      4.106094755633     -3.045419220956
    8     -3.836569136508     -4.105857715817     -3.045688680968
    8      3.836763947631     -4.107650898329     -3.044410225092
    8     -3.834494255129      4.107851435969     -3.045615587976
    8      3.836896825392     -6.743725067775     -3.042100420823
    8     -3.835747794311      6.743966601984     -3.037976871657
    8      3.836161651739      6.742121236959     -3.042074660351
    8     -3.836878284706     -6.743776118153     -3.045623003780
    8      7.671291598239     -1.318916149402     -3.043945185739
    8     -7.671369237821      1.318489008883     -3.044772979030
    8      7.670158790993      4.108206295682     -3.042251560779
    8      7.670978683584     -4.108058366654     -3.044264588155
    8      7.669221863438     -6.744121071505     -3.039994962405
    8      7.669629276007      6.743298997709     -3.041379144929
  258      0.000000000000      0.000000000000     -4.794687825205
  258      0.000000000000      5.424570039800     -4.794687825205
  258      0.000000000000     -5.424570039800     -4.794687825205
  258      3.835750260160      0.000000000000     -4.794687825205
  258     -3.835750260160      0.000000000000     -4.794687825205
  258      3.835750260160      5.424570039800     -4.794687825205
  258     -3.835750260160     -5.424570039800     -4.794687825205
  258      3.835750260160     -5.424570039800     -4.794687825205
  258     -3.835750260160      5.424570039800     -4.794687825205
  258      7.671500520300      0.000000000000     -4.794687825205
  258      7.671500520300      5.424570039800     -4.794687825205
  258      7.671500520300     -5.424570039800     -4.794687825205
    8      1.917875130080      1.356142509950     -4.794687825205
    8     -1.917875130080     -1.356142509950     -4.794687825205
    8      1.917875130080     -1.356142509950     -4.794687825205
    8     -1.917875130080      1.356142509950     -4.794687825205
    8      1.917875130080      6.780712549750     -4.794687825205
    8     -1.917875130080     -6.780712549750     -4.794687825205
    8      1.917875130080     -6.780712549750     -4.794687825205
    8     -1.917875130080      6.780712549750     -4.794687825205
    8      1.917875130080     -4.068427529850     -4.794687825205
    8     -1.917875130080      4.068427529850     -4.794687825205
    8      1.917875130080      4.068427529850     -4.794687825205
    8     -1.917875130080     -4.068427529850     -4.794687825205
    8      5.753625390240      1.356142509950     -4.794687825205
    8     -5.753625390240     -1.356142509950     -4.794687825205
    8      5.753625390240     -1.356142509950     -4.794687825205
    8     -5.753625390240      1.356142509950     -4.794687825205
    8      5.753625390240      6.780712549750     -4.794687825205
    8     -5.753625390240     -6.780712549750     -4.794687825205
    8      5.753625390240     -6.780712549750     -4.794687825205
    8     -5.753625390240      6.780712549750     -4.794687825205
    8      5.753625390240     -4.068427529850     -4.794687825205
    8     -5.753625390240      4.068427529850     -4.794687825205
    8      5.753625390240      4.068427529850     -4.794687825205
    8     -5.753625390240     -4.068427529850     -4.794687825205
   14      7.368467522309     -7.409741258075      7.312643336978
    8      6.875188371368     -5.825472243739      7.346693058851
    8      7.590351928426     -7.832092302393      8.895130677926
    8     -6.395674814520     -7.538252247650      6.718712815296
    6      5.798668152620     -5.361336618600      6.532029105422
    6     -5.417547855493     -6.528469939969      7.085174902527
    6     -8.866067822616     -7.725500269707      9.776026361711
    6      5.343519050467     -4.029599221491      7.109930179908
    6     -5.622309951875     -5.240957570539      6.303303582045
    6     -8.473013862298     -8.256216602248     11.142837506953
    1      4.452992875722     -3.661532108441      6.584670070505
    1     -4.771978052156     -4.571323800097      6.484347661550
    1     -9.317555778938     -8.186720395416     11.840796512967
    1      5.104262767996     -4.135994668567      8.172140003584
    1      6.156058009968     -3.285582552041      7.050836055152
    1      4.963809685739     -6.078145491676      6.530376354914
    1      6.138187608642     -5.271503712525      5.489048143905
    1      7.179227524433      6.968537235884     11.076674704617
    1     -7.635605243740      8.590107949956     11.554777828209
    1     -9.187492621786     -6.671242057274      9.845744696440
    1      5.622001182690     -8.297746239815      9.372320754388
    1     -5.461339876949     -6.368437132476      8.171078376414
    1     -4.442131103791     -6.959208819768      6.825229938182
    1     -6.571036572772     -4.766415717613      6.555346604545
    1     -5.625100503003     -5.441498407517      5.231424577711
    8      6.301303331068     -8.279831966442      6.520695050427
    6      3.748372150014      6.077336483191      5.971571718225
    6      2.317104773189      5.552645528788      6.163334295767
    1      1.856749024261      5.342931059086      5.196207632774
    1      4.009353257461      6.818306063109      6.746417159437
    1      4.470564685995      5.256052004303      6.044056141684
    1      2.277268575504      4.641625370414      6.776650030951
    1      1.653827884768      6.285499103826      6.647259580523
    0    0
