   2   1   1 E -4.5963139203901E+04 DE 8.7E-06(  3)
  0.153430010406E+02  0.000000000000E+00  0.000000000000E+00
  0.000000000000E+00  0.162737101194E+02  0.000000000000E+00
  0.000000000000E+00  0.000000000000E+00  0.500000000000E+03
    1
  0.100000000000E+01  0.000000000000E+00  0.000000000000E+00
  0.000000000000E+00  0.100000000000E+01  0.000000000000E+00
  0.000000000000E+00  0.000000000000E+00  0.100000000000E+01
  0.000000000000E+00  0.000000000000E+00  0.000000000000E+00
  249
  258      1.912245339690      2.693851529199      4.265583002340
  258     -1.913432488802     -2.702688577871      4.261407192555
  258      1.916420392908     -2.721306915464      4.260950748873
  258     -1.927532066681      2.713857794621      4.264901232136
  258      1.824954883536     -8.079291025522      4.284010782672
  258     -1.949103457392     -8.127160974777      4.267396179673
  258      5.770707235751      2.705869198471      4.258941544847
  258     -5.751990375655     -2.699098061148      4.276313669907
  258      5.757699030995     -2.705738038116      4.261001426434
  258     -5.752831860613      2.718679762311      4.266282610607
  258      5.814760117664     -8.113876099395      4.337427449268
  258     -5.752424160692     -8.138071566902      4.297972462035
    8     -0.007514892443      3.986914940349      4.376276644597
    8      0.001666717974     -3.976385686806      4.369036624145
    8     -0.006435520073     -6.842545486453      4.406967721652
    8     -0.019877934788      6.892088706927      4.366182186730
    8      0.001663646885     -1.433922848999      4.372547502709
    8      0.009615606987      1.444833583081      4.377538084813
    8      3.851302655298      3.942187552139      4.288791755099
    8     -3.775414485094     -3.950696028715      4.333349965568
    8      3.794606597994     -4.031434730582      4.356140901105
    8     -3.831272459516      3.985678235323      4.372160680089
    8      3.767269362227     -6.989900350597      4.309909219320
    8     -3.825856562744      6.875151435855      4.381313753120
    8      3.857986228988      6.689971164827      4.697125825804
    8     -3.788788511277     -6.852914278944      4.367837947115
    8      3.844129629215     -1.470159482138      4.377172096821
    8     -3.833176261727      1.449852552816      4.377500705572
    8      3.822285143064      1.419747401806      4.388554831019
    8     -3.851134442709     -1.423623400184      4.384978066460
    8      7.655932731975      3.985723297195      4.373342529384
    8     -7.670250338417     -3.934982019846      4.336605049319
    8     -7.682630507262     -6.833049594924      4.304514816758
    8     -7.605124197779      6.886853858378      4.256571299533
    8      7.672259509146     -1.421589726519      4.378617238078
    8     -7.667398839395      1.448466623303      4.373406837028
  258     -0.001445448676     -0.001945462848      2.595841877491
  258     -0.001192046260      5.422870725911      2.607199288445
  258     -0.016871229387     -5.403619433882      2.579253859029
  258      3.836033790903     -0.001782144591      2.599645192687
  258     -3.838173517238      0.003147556583      2.598899004240
  258      3.835609541406      5.392434277645      2.566962273813
  258     -3.835822942279     -5.415789087588      2.593279380066
  258      3.833152536296     -5.437749923347      2.599295881863
  258     -3.836369506705      5.429568499125      2.595797653168
  258     -7.667144441135     -0.000711734682      2.595891193381
  258     -7.668979460949      5.427751577983      2.592189011906
  258     -7.665470677065     -5.418087971762      2.592778623818
    8      1.917512106018      1.369341372303      2.535485565878
    8     -1.921827578335     -1.356081543908      2.537510461791
    8      1.921268676986     -1.361516976329      2.540713974055
    8     -1.916676366028      1.368881147647      2.541533026224
    8      1.987780835222      6.808322170910      2.618384884283
    8     -1.907947372018     -6.785011938482      2.532316575390
    8      1.866989433300     -6.777013870000      2.530239086629
    8     -1.920804792194      6.790774303667      2.537372803087
    8      1.907012291682     -4.054456962804      2.524424917711
    8     -1.910789799440      4.062391435015      2.539754043128
    8      1.906734303526      4.067872326001      2.537682531761
    8     -1.904172654749     -4.049133110803      2.518766139177
    8      5.752770618356      1.365983628795      2.543477725708
    8     -5.754082409658     -1.362390227128      2.539705040634
    8      5.754263155841     -1.353131001578      2.532016318902
    8     -5.751677710322      1.367478788160      2.540483534758
    8      5.667811941110      6.772877479926      2.591315468169
    8     -5.734195946626     -6.775237153488      2.544206013151
    8      5.747428046237     -6.749006881907      2.525878193456
    8     -5.717103562826      6.772348442132      2.504598604911
    8      5.742029317084     -4.047315520203      2.544400917690
    8     -5.756484523047      4.053777114064      2.543288191498
    8      5.763169326069      4.055231930843      2.517936264754
    8     -5.740973354641     -4.049321631221      2.549283776178
  258      1.913736988940      2.707507626162      0.647420542372
  258     -1.920777157872     -2.706654487680      0.645845358035
  258      1.919444382958     -2.712700081549      0.648816715907
  258     -1.918670996735      2.713969950666      0.651906805970
  258      1.917430868112      8.137565561020      0.658820977862
  258     -1.915531377616     -8.134492444145      0.652856538875
  258      5.758075921274      2.706464427368      0.646646237593
  258     -5.752922811101     -2.710902738504      0.653496086603
  258      5.752146362427     -2.714671632466      0.652059132824
  258     -5.752423340445      2.714181133377      0.651189754616
  258      5.748416129611     -8.135599089845      0.683190736795
  258     -5.750165016385     -8.133727874408      0.666812009339
    8      0.000151563365      4.061521069780      0.694204082799
    8     -0.000454742222     -4.055787660304      0.678593684853
    8     -0.005394125615     -6.789471098739      0.678059260737
    8      0.030392390184      6.784128801504      0.726434867818
    8      0.000211066595     -1.362114599776      0.692530577916
    8      0.000465069827      1.365284716004      0.691699002294
    8      3.831224845832      4.056599022665      0.698866232038
    8     -3.837653446706     -4.056113320937      0.689035955865
    8      3.836686147375     -4.069457233270      0.690711035231
    8     -3.835912699675      4.061472991267      0.693576909021
    8      3.819811540292     -6.803880284674      0.701597042140
    8     -3.819625156867      6.793112661597      0.677716919766
    8      3.822196821907      6.768161618068      0.694372988843
    8     -3.829595301048     -6.785678940823      0.691655305065
    8      3.835131785735     -1.366983279046      0.692638828946
    8     -3.834504791321      1.366672248836      0.692734639644
    8      3.836129696437      1.361708719994      0.693046310156
    8     -3.837881688912     -1.360648580428      0.690790159009
    8     -7.664976746308      4.056987049823      0.680043421332
    8      7.672045311176     -4.056535040302      0.691745557480
    8      7.677223636696     -6.793290984205      0.694633151594
    8      7.644913216676      6.792089999439      0.718025635649
    8     -7.669378371577     -1.364961062579      0.691362348732
    8     -7.672390969807      1.363050276057      0.692608022828
  258     -0.000799804110     -0.000286242509     -1.135755629419
  258      0.002487486150      5.424722232486     -1.131204303881
  258     -0.000603101481     -5.424526375595     -1.139443360034
  258      3.836377716450     -0.001880765619     -1.134547691604
  258     -3.836931122005      0.002206415078     -1.134619100341
  258      3.836463395146      5.425134152287     -1.140233848629
  258     -3.836556342859     -5.424767059617     -1.134726656161
  258      3.835980201158     -5.427421298698     -1.132182573027
  258     -3.835312166087      5.426864132878     -1.132883416587
  258     -7.670167744493     -0.002567689310     -1.134917288536
  258      7.669372898327      5.429467766338     -1.130990658343
  258      7.671016551119     -5.428869507287     -1.130819295934
    8      1.917779947361      1.345162438399     -1.165560067595
    8     -1.918161858642     -1.340473529219     -1.168115095094
    8      1.918209033358     -1.343547102204     -1.166884462386
    8     -1.917030365877      1.347210977166     -1.165274601911
    8      1.915051806751      6.770924666150     -1.163847978204
    8     -1.920324411863     -6.769171760528     -1.170033916051
    8      1.919630953466     -6.773341893203     -1.162013676791
    8     -1.898682456131      6.769601469927     -1.160382317907
    8      1.920994207346     -4.081335507262     -1.168595551524
    8     -1.916648776477      4.082005950409     -1.164122663997
    8      1.918733612774      4.080000092969     -1.164411515898
    8     -1.920120827946     -4.078171954338     -1.169069247972
    8      5.753923337439      1.343651324003     -1.167457186285
    8     -5.753524661654     -1.343786863177     -1.165888260810
    8      5.753168106500     -1.345413731374     -1.164502841083
    8     -5.753826007894      1.345489913788     -1.165262191452
    8      5.749217509699      6.773184346196     -1.154678085760
    8     -5.751825479691     -6.769521504917     -1.164361215380
    8      5.748867621187     -6.772871384241     -1.148800570362
    8     -5.763218496998      6.769849515524     -1.154288868389
    8      5.753546626850     -4.081772117010     -1.166102931951
    8     -5.750535359529      4.082698298147     -1.167919591250
    8      5.749632138768      4.081616474300     -1.164564947706
    8     -5.755221909509     -4.080074885615     -1.164677327028
  258      1.917688761457      2.711900965103     -3.054368456736
  258     -1.918772700162     -2.712128810218     -3.054372210974
  258      1.918643113600     -2.712917612063     -3.053456893507
  258     -1.917925469613      2.713042895746     -3.052269418816
  258      1.917825327029     -8.136506318217     -3.051336309331
  258     -1.917157224927     -8.136724689985     -3.052106899001
  258      5.754520215567      2.712361893924     -3.053794892846
  258     -5.754024859621     -2.713340382463     -3.051788572077
  258      5.753991031373     -2.713887605523     -3.052209848264
  258     -5.754091683201      2.713506339769     -3.052030019675
  258      5.753739900843     -8.135897048884     -3.044489731284
  258     -5.754016980303     -8.136358856618     -3.047835341783
    8      0.000140773735     -1.317934216658     -3.044652889682
    8      0.000447097223      1.318798729650     -3.044578490157
    8      0.000843393491      4.107064255711     -3.042196411120
    8      0.000392726015     -4.105890010171     -3.046076323444
    8      0.001073582152     -6.743972886416     -3.045044505403
    8      0.001914012284      6.741680309532     -3.045023217754
    8      3.836338418909     -1.318664696363     -3.044154381278
    8     -3.835592080901      1.319835452495     -3.044040143911
    8      3.835664464317      1.318170254076     -3.044339108602
    8     -3.836138904524     -1.317531344014     -3.044680913221
    8      3.835415531640      4.105372661827     -3.045065285731
    8     -3.836792384269     -4.106057391255     -3.045493067761
    8      3.836227733718     -4.108056779866     -3.044839738827
    8     -3.834350676641      4.107421119126     -3.045351845802
    8      3.837470560481     -6.744374877107     -3.041755094750
    8     -3.835522321205      6.743671110030     -3.038262644485
    8      3.836381026366      6.741434234502     -3.042485878694
    8     -3.836559452685     -6.744041942757     -3.045546644299
    8      7.671102827757     -1.318750691146     -3.043916846397
    8     -7.671321021245      1.318583766875     -3.044567779648
    8      7.670347663383      4.107976583569     -3.042419789472
    8      7.671516827958     -4.108169570042     -3.044228906424
    8      7.668770518759     -6.744299443134     -3.040174643659
    8      7.669590331369      6.743106476476     -3.041022996284
  258      0.000000000000      0.000000000000     -4.794687825205
  258      0.000000000000      5.424570039800     -4.794687825205
  258      0.000000000000     -5.424570039800     -4.794687825205
  258      3.835750260160      0.000000000000     -4.794687825205
  258     -3.835750260160      0.000000000000     -4.794687825205
  258      3.835750260160      5.424570039800     -4.794687825205
  258     -3.835750260160     -5.424570039800     -4.794687825205
  258      3.835750260160     -5.424570039800     -4.794687825205
  258     -3.835750260160      5.424570039800     -4.794687825205
  258      7.671500520300      0.000000000000     -4.794687825205
  258      7.671500520300      5.424570039800     -4.794687825205
  258      7.671500520300     -5.424570039800     -4.794687825205
    8      1.917875130080      1.356142509950     -4.794687825205
    8     -1.917875130080     -1.356142509950     -4.794687825205
    8      1.917875130080     -1.356142509950     -4.794687825205
    8     -1.917875130080      1.356142509950     -4.794687825205
    8      1.917875130080      6.780712549750     -4.794687825205
    8     -1.917875130080     -6.780712549750     -4.794687825205
    8      1.917875130080     -6.780712549750     -4.794687825205
    8     -1.917875130080      6.780712549750     -4.794687825205
    8      1.917875130080     -4.068427529850     -4.794687825205
    8     -1.917875130080      4.068427529850     -4.794687825205
    8      1.917875130080      4.068427529850     -4.794687825205
    8     -1.917875130080     -4.068427529850     -4.794687825205
    8      5.753625390240      1.356142509950     -4.794687825205
    8     -5.753625390240     -1.356142509950     -4.794687825205
    8      5.753625390240     -1.356142509950     -4.794687825205
    8     -5.753625390240      1.356142509950     -4.794687825205
    8      5.753625390240      6.780712549750     -4.794687825205
    8     -5.753625390240     -6.780712549750     -4.794687825205
    8      5.753625390240     -6.780712549750     -4.794687825205
    8     -5.753625390240      6.780712549750     -4.794687825205
    8      5.753625390240     -4.068427529850     -4.794687825205
    8     -5.753625390240      4.068427529850     -4.794687825205
    8      5.753625390240      4.068427529850     -4.794687825205
    8     -5.753625390240     -4.068427529850     -4.794687825205
   14      7.367393822877     -7.410887206160      7.313622148106
    8      6.873880557262     -5.826690773797      7.351169613942
    8      7.588546136329     -7.837659202506      8.895053782493
    8     -6.397004005089     -7.539198686403      6.718975800541
    6      5.800481548088     -5.360163162121      6.534130348700
    6     -5.418913092696     -6.529483801453      7.086324859098
    6     -8.860299224418     -7.703710840125      9.781890705504
    6      5.347884869178     -4.027297696489      7.110964461092
    6     -5.623926259043     -5.241813261071      6.304482189349
    6     -8.533290262537     -8.387113246199     11.096828867796
    1      4.457986253181     -3.657973008777      6.585345527469
    1     -4.774331447413     -4.571227308528      6.486167991949
    1     -9.366392073125     -8.282409121966     11.803718114191
    1      5.107864541575     -4.132764595275      8.173181720905
    1      6.161646300941     -3.284513717589      7.051741711723
    1      4.963645761361     -6.074809095560      6.530896637628
    1      6.141844073943     -5.271152291382      5.491524025431
    1      6.998557348877      6.820673536876     10.941008619193
    1     -7.638823705553      8.323841264656     11.550044530129
    1     -9.080813767382     -6.634084243486      9.942396557033
    1      5.579278365921     -8.154706730713      9.331697042823
    1     -5.463077419169     -6.369947617324      8.172375438378
    1     -4.443151084976     -6.959910764647      6.826408669952
    1     -6.573376729117     -4.767993178760      6.555506343328
    1     -5.625249196179     -5.442318609203      5.232444392744
    8      6.300647253054     -8.278949094474      6.518603777819
    6      3.748717576668      6.080593706801      5.971276471710
    6      2.318805671801      5.552015558214      6.163548536231
    1      1.857787283697      5.343293474925      5.196385377631
    1      4.006544313961      6.824787658831      6.744164822505
    1      4.473679298488      5.262082241060      6.048314264061
    1      2.282341410979      4.639070139224      6.774620249732
    1      1.653999360402      6.282028355765      6.650250191028
    0    0
