   2   1   1 E -4.5963137823956E+04 DE-2.2E-06(  6)
  0.153430010406E+02  0.000000000000E+00  0.000000000000E+00
  0.000000000000E+00  0.162737101194E+02  0.000000000000E+00
  0.000000000000E+00  0.000000000000E+00  0.500000000000E+03
    1
  0.100000000000E+01  0.000000000000E+00  0.000000000000E+00
  0.000000000000E+00  0.100000000000E+01  0.000000000000E+00
  0.000000000000E+00  0.000000000000E+00  0.100000000000E+01
  0.000000000000E+00  0.000000000000E+00  0.000000000000E+00
  249
  258      1.912804246432      2.694310590428      4.266305581196
  258     -1.913775633765     -2.701091155115      4.260827603432
  258      1.916822143411     -2.720929402511      4.260677587278
  258     -1.926978111272      2.714155274498      4.264999187338
  258      1.825214593710     -8.078319939726      4.284345471447
  258     -1.949157605662     -8.126064831893      4.268639641444
  258      5.770681904198      2.706582866961      4.259481663128
  258     -5.751019015164     -2.699771652895      4.276511881082
  258      5.759487103521     -2.702660716055      4.259193436426
  258     -5.753339918926      2.719764360758      4.266135264990
  258      5.816092920282     -8.112681345591      4.343409353950
  258     -5.751888088371     -8.138159208567      4.296206722345
    8     -0.007099451690      3.988337026551      4.377717361411
    8      0.002458319990     -3.976749654942      4.369005938288
    8     -0.005482729505     -6.841693336028      4.409128451324
    8     -0.019214225436      6.893093923623      4.362728490871
    8      0.002826120145     -1.434572980506      4.371452724459
    8      0.008757370428      1.445164189797      4.378594933081
    8      3.848634516802      3.942780641571      4.291681472014
    8     -3.776261471910     -3.950780641964      4.333427519136
    8      3.792008599024     -4.028852280623      4.354432159050
    8     -3.830271078981      3.984585070261      4.371906683038
    8      3.769388643258     -6.987752002128      4.310399039207
    8     -3.826887267599      6.875145996226      4.385576516552
    8      3.860501001142      6.687748896500      4.697305182568
    8     -3.787562480826     -6.853292682423      4.362853572433
    8      3.846306587905     -1.467617706591      4.377267090954
    8     -3.833278941709      1.448448966063      4.377562891663
    8      3.823188231847      1.421266075212      4.387982486871
    8     -3.847864789133     -1.424526049048      4.384945373333
    8      7.655656473845      3.986642006657      4.373631533093
    8     -7.666434801927     -3.932326488053      4.336912612475
    8     -7.683224496052     -6.829846666025      4.303523128112
    8     -7.608678966492      6.889446672350      4.255714597139
    8      7.669221872714     -1.419485949214      4.377786465862
    8     -7.664983583722      1.449625384481      4.373550930146
  258     -0.000887858021     -0.001180754261      2.595286402508
  258     -0.000646778476      5.423052139390      2.607801210857
  258     -0.016338725721     -5.402674440984      2.579750312710
  258      3.836497702954     -0.001576598060      2.599731076381
  258     -3.838390223382      0.004292047538      2.598946883270
  258      3.835177883120      5.394073027456      2.568545581970
  258     -3.835038590566     -5.414718282866      2.591477388538
  258      3.834024761067     -5.437242629007      2.599573476173
  258     -3.835814376070      5.429643883288      2.595984716118
  258     -7.666660116630      0.000175152370      2.594989843554
  258     -7.670150527951      5.428148984667      2.592162773474
  258     -7.665305095429     -5.418140180142      2.592520038524
    8      1.917652124626      1.370015581728      2.535723808649
    8     -1.920881426833     -1.354274166249      2.536803583414
    8      1.923483917437     -1.360482556724      2.540445318369
    8     -1.916321911074      1.370267147745      2.541780940443
    8      1.989222389407      6.809176796651      2.617751940977
    8     -1.905999091793     -6.784140002553      2.532472011603
    8      1.867626896468     -6.775481310295      2.530333344084
    8     -1.922569463826      6.792047595819      2.538653726097
    8      1.905962329205     -4.053730720381      2.523163034076
    8     -1.909806120442      4.063931711667      2.539452372840
    8      1.906836415273      4.068188309609      2.538916066338
    8     -1.904517582448     -4.047818430385      2.519389534823
    8      5.754331917695      1.367071727769      2.544364537767
    8     -5.753392311416     -1.361636520914      2.541792530440
    8      5.754357987988     -1.352214900592      2.529112929500
    8     -5.750869230695      1.368788277405      2.538975255894
    8      5.665445977523      6.773928228017      2.595191494034
    8     -5.734009130089     -6.774083119141      2.543526992515
    8      5.747605427546     -6.748884857911      2.527512473567
    8     -5.717199886918      6.771874879121      2.505040949440
    8      5.742786574826     -4.046846802762      2.545093080605
    8     -5.756700526514      4.055240076351      2.544248425145
    8      5.760843915593      4.056096733935      2.520040884717
    8     -5.739627373493     -4.048445882370      2.548093174521
  258      1.914235290504      2.708525752561      0.647842297511
  258     -1.920424207870     -2.706208868303      0.645405205710
  258      1.920093476849     -2.711926129306      0.648834143128
  258     -1.918478966650      2.714256871329      0.651859553788
  258      1.917365069307      8.138162689751      0.658828707520
  258     -1.914792616945     -8.134261251891      0.653820406363
  258      5.757744656313      2.707197945754      0.646703809837
  258     -5.752951531786     -2.710055739291      0.653569124536
  258      5.752658722080     -2.714108713548      0.651095333066
  258     -5.752516790796      2.714698166326      0.651257549592
  258      5.747930124839     -8.135150016096      0.685041360789
  258     -5.750391114676     -8.133506995333      0.666158240730
    8      0.001198985261      4.061489879891      0.693674464335
    8     -0.001658467728     -4.055475680366      0.677629091018
    8     -0.005474280509     -6.789170687671      0.677839305233
    8      0.029895926083      6.784316236661      0.727147852556
    8      0.001777529930     -1.362333362230      0.693600336903
    8      0.000039118959      1.364977090039      0.692009806932
    8      3.830554499496      4.057869951851      0.700044428699
    8     -3.835941540632     -4.055101815910      0.687844470963
    8      3.837773337037     -4.069002226765      0.691429960572
    8     -3.836176924946      4.062236258274      0.694306005031
    8      3.819936656515     -6.803752351983      0.702040059866
    8     -3.820026728221      6.793503480683      0.678137954438
    8      3.823504106828      6.768935335368      0.694929480065
    8     -3.829202969050     -6.786028861162      0.691423512773
    8      3.835123808962     -1.366242627197      0.690256206990
    8     -3.833452494197      1.367971929672      0.691808931433
    8      3.837076413064      1.362259179965      0.694157121101
    8     -3.837986435021     -1.359603663730      0.691493395786
    8     -7.666721893409      4.056989923422      0.681626402534
    8      7.671656811111     -4.055789754185      0.692122412563
    8      7.677858604256     -6.793640463620      0.695657809651
    8      7.644538161810      6.791059137689      0.718954764656
    8     -7.667698012380     -1.364375003415      0.690934373304
    8     -7.672432140590      1.363275944901      0.692526727435
  258     -0.000675721955      0.000217725180     -1.135828110268
  258      0.002427549366      5.425053891798     -1.131143570761
  258     -0.000401617590     -5.423964328807     -1.139139063117
  258      3.836387998142     -0.001377813417     -1.134687437839
  258     -3.836918202384      0.002482719421     -1.134638145407
  258      3.836457955826      5.425615958154     -1.139767467365
  258     -3.836253723391     -5.425058497977     -1.135037055020
  258      3.835995733697     -5.427234041343     -1.132241779447
  258     -3.835080067807      5.427408181082     -1.132564799725
  258     -7.670205491489     -0.001879404632     -1.135413295281
  258      7.669219917244      5.429937314183     -1.131097563812
  258      7.670905672476     -5.428663141018     -1.131006746444
    8      1.918304527262      1.346319234060     -1.164534415704
    8     -1.917362139437     -1.340155776715     -1.167499972863
    8      1.916796129482     -1.342680988077     -1.168121265978
    8     -1.916478184730      1.347213694767     -1.165889721509
    8      1.915120133355      6.771657994129     -1.163024744676
    8     -1.920622283494     -6.769226143622     -1.170514459863
    8      1.919762133932     -6.772474229754     -1.161763944485
    8     -1.898690734766      6.769484540454     -1.159826914750
    8      1.921982449470     -4.080694454786     -1.168085351824
    8     -1.916879086022      4.082205899522     -1.163785193774
    8      1.919488851917      4.081032930962     -1.164671366993
    8     -1.920064039797     -4.078180511590     -1.170329650950
    8      5.753801938454      1.344063710108     -1.167330547295
    8     -5.752726277002     -1.343631135137     -1.166445048519
    8      5.754048437139     -1.344877096235     -1.165005704505
    8     -5.753713687984      1.346014524751     -1.165025603533
    8      5.749705398597      6.773666722331     -1.154551387018
    8     -5.751926296856     -6.769445189490     -1.164526818315
    8      5.749338941264     -6.772537404490     -1.147323633420
    8     -5.763389655483      6.770094694587     -1.154281534791
    8      5.753827293624     -4.081540228316     -1.166463951701
    8     -5.751546205272      4.083349337704     -1.167058485223
    8      5.748910503937      4.081718065444     -1.163996472248
    8     -5.755709449457     -4.080295735137     -1.163293849409
  258      1.917614027749      2.712054747833     -3.054220102526
  258     -1.918886096030     -2.712006906133     -3.054508683091
  258      1.918349135970     -2.712703316912     -3.053422812948
  258     -1.917911820046      2.713225686791     -3.052363398258
  258      1.917692298203     -8.136321524875     -3.051381886718
  258     -1.917256221659     -8.136578657028     -3.052118592545
  258      5.754462785015      2.712617349453     -3.054007227844
  258     -5.753916366725     -2.713352508040     -3.051731637158
  258      5.753852948073     -2.713748314077     -3.052616832633
  258     -5.753902306127      2.713668525931     -3.051954621897
  258      5.753338381079     -8.135848485363     -3.044040126304
  258     -5.754261086067     -8.136261927286     -3.048214454027
    8     -0.000367098735     -1.318182703238     -3.045426124073
    8      0.001001970262      1.318597820247     -3.044404537967
    8      0.000782018043      4.106667134530     -3.041934271984
    8      0.000710658755     -4.106208826805     -3.046137386713
    8      0.001246309757     -6.744290560624     -3.045342518997
    8      0.002069458522      6.741251040132     -3.044695954720
    8      3.836507290972     -1.318721990583     -3.044000279098
    8     -3.835744378502      1.320156413970     -3.044031295703
    8      3.835449119973      1.318294500293     -3.044365462416
    8     -3.835844520861     -1.317058359794     -3.044668663663
    8      3.835541192811      4.106215410910     -3.045406359988
    8     -3.837423302780     -4.105442712254     -3.045456654092
    8      3.836298945836     -4.108177743979     -3.045145611195
    8     -3.834715205165      4.107811616028     -3.044992232310
    8      3.837677557237     -6.744178473911     -3.041300192394
    8     -3.835517341965      6.743852461366     -3.038294826823
    8      3.836222380639      6.742123830466     -3.042226187297
    8     -3.836711843622     -6.743327400998     -3.045765630261
    8      7.671342310260     -1.318947438282     -3.044128828616
    8     -7.671315950082      1.318670018214     -3.044504606468
    8      7.669954875510      4.107913436040     -3.042139259797
    8      7.671804643645     -4.108626435004     -3.044191122535
    8      7.668519571200     -6.744714118597     -3.040061778217
    8      7.669616634548      6.742857578624     -3.041077884817
  258      0.000000000000      0.000000000000     -4.794687825205
  258      0.000000000000      5.424570039800     -4.794687825205
  258      0.000000000000     -5.424570039800     -4.794687825205
  258      3.835750260160      0.000000000000     -4.794687825205
  258     -3.835750260160      0.000000000000     -4.794687825205
  258      3.835750260160      5.424570039800     -4.794687825205
  258     -3.835750260160     -5.424570039800     -4.794687825205
  258      3.835750260160     -5.424570039800     -4.794687825205
  258     -3.835750260160      5.424570039800     -4.794687825205
  258      7.671500520300      0.000000000000     -4.794687825205
  258      7.671500520300      5.424570039800     -4.794687825205
  258      7.671500520300     -5.424570039800     -4.794687825205
    8      1.917875130080      1.356142509950     -4.794687825205
    8     -1.917875130080     -1.356142509950     -4.794687825205
    8      1.917875130080     -1.356142509950     -4.794687825205
    8     -1.917875130080      1.356142509950     -4.794687825205
    8      1.917875130080      6.780712549750     -4.794687825205
    8     -1.917875130080     -6.780712549750     -4.794687825205
    8      1.917875130080     -6.780712549750     -4.794687825205
    8     -1.917875130080      6.780712549750     -4.794687825205
    8      1.917875130080     -4.068427529850     -4.794687825205
    8     -1.917875130080      4.068427529850     -4.794687825205
    8      1.917875130080      4.068427529850     -4.794687825205
    8     -1.917875130080     -4.068427529850     -4.794687825205
    8      5.753625390240      1.356142509950     -4.794687825205
    8     -5.753625390240     -1.356142509950     -4.794687825205
    8      5.753625390240     -1.356142509950     -4.794687825205
    8     -5.753625390240      1.356142509950     -4.794687825205
    8      5.753625390240      6.780712549750     -4.794687825205
    8     -5.753625390240     -6.780712549750     -4.794687825205
    8      5.753625390240     -6.780712549750     -4.794687825205
    8     -5.753625390240      6.780712549750     -4.794687825205
    8      5.753625390240     -4.068427529850     -4.794687825205
    8     -5.753625390240      4.068427529850     -4.794687825205
    8      5.753625390240      4.068427529850     -4.794687825205
    8     -5.753625390240     -4.068427529850     -4.794687825205
   14      7.370333954578     -7.379952263116      7.314471340457
    8      6.884759665984     -5.793213316859      7.316865560728
    8      7.615921387996     -7.740600807880      8.907744059851
    8     -6.399662528286     -7.540217498014      6.705407472190
    6      5.787996857302     -5.345592872616      6.521561749594
    6     -5.406580655120     -6.550060054443      7.079511059985
    6     -8.556805250457     -7.195475167295      9.929148063863
    6      5.322997051901     -4.023215137883      7.113242821153
    6     -5.596597972932     -5.250910941110      6.312090116556
    6     -8.515173094341     -8.105239520628     11.143750524160
    1      4.428141947918     -3.656184378114      6.595059726826
    1     -4.733662424954     -4.596779340605      6.485025892626
    1     -9.083167992545     -7.659150579292     11.973685126160
    1      5.088998457483     -4.143355977201      8.175041563463
    1      6.129791929255     -3.272657937964      7.060496495174
    1      4.963745068478     -6.074234771255      6.530138425662
    1      6.111714974245     -5.252772721833      5.474101029721
    1      6.392945112586      7.187245491226     10.910757459006
    1     -7.479260723958      8.009131655283     11.475380470198
    1     -8.198504380660     -6.182108579669     10.191753778711
    1      5.742567649494     -7.077388844121      9.573155014838
    1     -5.442835099076     -6.403486427222      8.167842214141
    1     -4.438001166976     -6.990109331092      6.810379392290
    1     -6.533781627694     -4.762995092711      6.579697016165
    1     -5.619116931090     -5.442095783938      5.238728075283
    8      6.309142853331     -8.263836881136      6.532454080449
    6      3.756957533565      6.080074846192      5.972855186557
    6      2.324027688650      5.568908878712      6.182786053149
    1      1.853594781703      5.340201676467      5.224475264948
    1      4.037640074576      6.817389286789      6.743383146663
    1      4.467248947402      5.248389520928      6.034710045681
    1      2.283158230726      4.673522508679      6.819935356960
    1      1.668710504365      6.318118691284      6.656390270739
    0    0
