   2   1   1 E -4.5963139237916E+04 DE 1.2E-06(  6)
  0.153430010406E+02  0.000000000000E+00  0.000000000000E+00
  0.000000000000E+00  0.162737101194E+02  0.000000000000E+00
  0.000000000000E+00  0.000000000000E+00  0.500000000000E+03
    1
  0.100000000000E+01  0.000000000000E+00  0.000000000000E+00
  0.000000000000E+00  0.100000000000E+01  0.000000000000E+00
  0.000000000000E+00  0.000000000000E+00  0.100000000000E+01
  0.000000000000E+00  0.000000000000E+00  0.000000000000E+00
  249
  258      1.913309700281      2.692992841639      4.265473429884
  258     -1.913463461523     -2.702635859734      4.261404882371
  258      1.916264707474     -2.720879090113      4.260950994100
  258     -1.926583379623      2.713860071341      4.264955297764
  258      1.825371151717     -8.079709565601      4.284612029438
  258     -1.948633721051     -8.127311334091      4.267402153900
  258      5.772284199480      2.706340852617      4.258974569931
  258     -5.752352374106     -2.698276136166      4.275984105090
  258      5.757267962627     -2.706897267265      4.261077816350
  258     -5.751804108875      2.719020590834      4.266433658398
  258      5.814976261933     -8.113623190043      4.338119238638
  258     -5.751242355242     -8.138127578682      4.298494333766
    8     -0.009887064000      3.986729056545      4.376318000379
    8      0.001696040434     -3.977274651673      4.368886546176
    8     -0.005742640213     -6.843066752442      4.407808483901
    8     -0.019482071428      6.891832977543      4.365776460169
    8      0.002670515096     -1.434873039585      4.372990617828
    8      0.010200877562      1.444250297717      4.376859485240
    8      3.851809361662      3.940751636322      4.287358680982
    8     -3.772748690570     -3.950864827957      4.333845417662
    8      3.796566873762     -4.031831952299      4.356453632115
    8     -3.831584511643      3.985454354312      4.371878630994
    8      3.767291835500     -6.990172135493      4.308375926367
    8     -3.825034457529      6.875026914856      4.381711797152
    8      3.857173116866      6.689476490106      4.698828919094
    8     -3.789912088296     -6.853315934416      4.367666859072
    8      3.844395301651     -1.471031676634      4.377061727613
    8     -3.833666726239      1.449643613718      4.378193055033
    8      3.819636157473      1.418667523647      4.389208658813
    8     -3.852043133055     -1.423795865266      4.383897612972
    8      7.654712699578      3.985912252137      4.375485770217
    8     -7.673841071884     -3.934352390398      4.334628770949
    8     -7.680573906919     -6.832880851742      4.305389639815
    8     -7.606209176742      6.887390855844      4.255376531424
    8      7.676819152918     -1.420928679692      4.380207183498
    8     -7.669156767173      1.448886995342      4.372371808253
  258     -0.001006606979     -0.001920193495      2.595341757564
  258     -0.000634009548      5.422641761528      2.607453160655
  258     -0.016413115964     -5.403566854841      2.579594441757
  258      3.836811549502     -0.001923983092      2.599594492187
  258     -3.837983537844      0.003368094819      2.598682472800
  258      3.836273669617      5.392493182404      2.566692136379
  258     -3.835390980160     -5.415481283550      2.593397012705
  258      3.832960116126     -5.437789059953      2.599065072863
  258     -3.835836394989      5.429382498592      2.595259833989
  258     -7.666646658732     -0.000762581806      2.596612731412
  258     -7.668669969778      5.428253979616      2.591919512497
  258     -7.665467768576     -5.418830788151      2.592767285233
    8      1.918206102466      1.369730032060      2.534629834378
    8     -1.921122122229     -1.355787240767      2.537904698534
    8      1.921392536586     -1.361033451518      2.540945908055
    8     -1.916811135637      1.368926130016      2.541659406614
    8      1.988803342801      6.808673452166      2.618348113790
    8     -1.907646885024     -6.785046244456      2.533305853403
    8      1.866875719704     -6.776689843143      2.530171284479
    8     -1.921076290991      6.790610822565      2.537245052981
    8      1.907548747899     -4.054105376013      2.525036211351
    8     -1.910833535048      4.062285070984      2.539306381266
    8      1.906091379853      4.068182994968      2.538410142449
    8     -1.903798449545     -4.049091502856      2.517941141247
    8      5.751151522334      1.365564959839      2.541992737989
    8     -5.754479376400     -1.363060523809      2.537686795667
    8      5.755408585671     -1.354014166120      2.533377913176
    8     -5.751398960218      1.366989305117      2.541047399128
    8      5.666370321094      6.773586049000      2.591931780047
    8     -5.734481971349     -6.775681679338      2.543365740563
    8      5.748816015449     -6.749265088688      2.527751629187
    8     -5.716163939104      6.771750013857      2.505005346415
    8      5.741006679050     -4.048048394359      2.542164985128
    8     -5.757311732757      4.053251788446      2.544394544905
    8      5.764377233741      4.055657478295      2.517989631642
    8     -5.740205978447     -4.049991022773      2.551062103818
  258      1.913961397277      2.707617408312      0.647369182894
  258     -1.920418426681     -2.706660496894      0.645854168893
  258      1.919904714482     -2.712715643546      0.648593958235
  258     -1.918416805877      2.713941261453      0.651804429496
  258      1.917664127715      8.137302047913      0.659472029134
  258     -1.915127480567     -8.134411002525      0.652817930022
  258      5.758307076553      2.706566781859      0.646360136408
  258     -5.752887761997     -2.711260250808      0.653235614708
  258      5.752632291428     -2.714654107320      0.652135767883
  258     -5.752364348179      2.714041110368      0.651127888322
  258      5.748365514692     -8.135224468240      0.683212885945
  258     -5.750030709986     -8.133407292880      0.667248387009
    8      0.000169394185      4.061558994553      0.693699763244
    8      0.000044721944     -4.055860906920      0.678462376500
    8     -0.005857732213     -6.789589667953      0.678139736122
    8      0.030217501098      6.784396309607      0.726846997664
    8      0.000626796099     -1.361897370354      0.692925688067
    8      0.000201961968      1.365519036846      0.691808444593
    8      3.831193159581      4.056956687039      0.700220553146
    8     -3.838435022743     -4.055772246617      0.689051053275
    8      3.835346161974     -4.069024702880      0.689943979092
    8     -3.836415962605      4.062338278220      0.694052875567
    8      3.821176611884     -6.803614108299      0.702446240955
    8     -3.819799631803      6.793998142475      0.676463820772
    8      3.822284397025      6.768188466775      0.693423603598
    8     -3.828785056202     -6.785382778461      0.692058277155
    8      3.835535521539     -1.366754583480      0.693172826322
    8     -3.834602554094      1.367467696134      0.692579004498
    8      3.835824164207      1.362080169730      0.691632403957
    8     -3.836983705558     -1.360400699889      0.691288551623
    8     -7.664677358573      4.057353682187      0.679700668433
    8      7.674121625211     -4.056396958512      0.692505729727
    8      7.675835963236     -6.793183843515      0.693549741128
    8      7.644744687846      6.792040959673      0.718995652961
    8     -7.670175255142     -1.364839574451      0.690868272412
    8     -7.672054312493      1.363518875061      0.693765344913
  258     -0.000705864977     -0.000269024605     -1.135913497657
  258      0.002576562099      5.424877742962     -1.131114529523
  258     -0.000293466300     -5.424512983952     -1.139287755540
  258      3.836491578113     -0.001758768707     -1.134450314132
  258     -3.836775199308      0.001981351600     -1.134662795777
  258      3.836458431375      5.425234888230     -1.140507689861
  258     -3.836261429474     -5.424896950958     -1.134614868152
  258      3.835861405033     -5.427476735593     -1.132382508957
  258     -3.835313623885      5.427105486024     -1.132889247929
  258     -7.670016793977     -0.002445978754     -1.134598507911
  258      7.669477059571      5.429561429767     -1.131062602910
  258      7.670992758632     -5.428748360266     -1.131311590988
    8      1.917289239751      1.344712396069     -1.165583277831
    8     -1.917790070996     -1.341019490344     -1.167992349027
    8      1.918383743419     -1.343931352666     -1.166948662795
    8     -1.917290569496      1.346501595201     -1.165360970859
    8      1.914548509156      6.771060002494     -1.163394448236
    8     -1.920190888193     -6.769692323460     -1.170556609403
    8      1.920030678870     -6.773469410459     -1.160942604330
    8     -1.898284090037      6.768836488610     -1.160367200798
    8      1.920464751671     -4.081625000771     -1.169367425713
    8     -1.916975490752      4.081511919579     -1.164245823096
    8      1.919487266907      4.079837032351     -1.164436960411
    8     -1.920326999666     -4.078640264370     -1.168662596973
    8      5.754893583854      1.342896862249     -1.167314162390
    8     -5.752908382565     -1.343895679587     -1.165701746926
    8      5.752837914308     -1.346026158070     -1.164971152555
    8     -5.754442885412      1.345089463234     -1.164850157687
    8      5.749928158801      6.772369892905     -1.154564091281
    8     -5.751409791723     -6.769429001950     -1.163292299094
    8      5.748375269963     -6.774046160097     -1.150041223968
    8     -5.764046203128      6.769789285733     -1.153989691411
    8      5.754097981639     -4.082769735052     -1.164651712714
    8     -5.750227044939      4.082303473878     -1.168005569443
    8      5.748870902964      4.081074529927     -1.164535336197
    8     -5.755233127522     -4.080288596280     -1.165714151315
  258      1.917591763283      2.711863497892     -3.054341409160
  258     -1.918702782880     -2.712335006801     -3.054399785083
  258      1.918711677008     -2.712854848129     -3.053608735610
  258     -1.917837429969      2.713145807195     -3.052198082502
  258      1.917740821655     -8.136493922706     -3.051235821519
  258     -1.917259956021     -8.136712695900     -3.052149932860
  258      5.754562721049      2.712115257475     -3.054060528188
  258     -5.753990796294     -2.713282787233     -3.051881003473
  258      5.754063795143     -2.713752484981     -3.052150237833
  258     -5.753862885911      2.713521853216     -3.051967672464
  258      5.753666143159     -8.136131044884     -3.044343919254
  258     -5.754053876902     -8.136368268382     -3.047846164450
    8      0.000190535963     -1.317690495697     -3.044721812176
    8      0.000365626715      1.318955488791     -3.044511975713
    8      0.000934927637      4.107011019829     -3.042074415230
    8     -0.000151330436     -4.105836589683     -3.046195702808
    8      0.001463706126     -6.743911913131     -3.045108752302
    8      0.001969910940      6.741552690936     -3.045172882143
    8      3.836218891044     -1.318261917365     -3.044576894766
    8     -3.835964031307      1.320006532413     -3.043901491771
    8      3.835654872925      1.318584753519     -3.044111431133
    8     -3.835969549383     -1.317130186407     -3.044714811526
    8      3.835413093373      4.106146814990     -3.045359367134
    8     -3.836556928581     -4.105859997956     -3.045709200963
    8      3.836763293273     -4.107572656258     -3.044435027385
    8     -3.834488776874      4.107752766214     -3.045656217674
    8      3.836855207889     -6.743664194753     -3.042122793376
    8     -3.835686717141      6.743970562116     -3.037954725165
    8      3.836185704496      6.742215463663     -3.042132768736
    8     -3.836815013785     -6.743783622281     -3.045589701758
    8      7.671292374794     -1.318914714115     -3.043935696975
    8     -7.671341871720      1.318511747907     -3.044760065592
    8      7.670131946460      4.108147182336     -3.042253698491
    8      7.670984796609     -4.108056110960     -3.044260054290
    8      7.669249062800     -6.744092819949     -3.040042468734
    8      7.669665714705      6.743277050649     -3.041398012594
  258      0.000000000000      0.000000000000     -4.794687825205
  258      0.000000000000      5.424570039800     -4.794687825205
  258      0.000000000000     -5.424570039800     -4.794687825205
  258      3.835750260160      0.000000000000     -4.794687825205
  258     -3.835750260160      0.000000000000     -4.794687825205
  258      3.835750260160      5.424570039800     -4.794687825205
  258     -3.835750260160     -5.424570039800     -4.794687825205
  258      3.835750260160     -5.424570039800     -4.794687825205
  258     -3.835750260160      5.424570039800     -4.794687825205
  258      7.671500520300      0.000000000000     -4.794687825205
  258      7.671500520300      5.424570039800     -4.794687825205
  258      7.671500520300     -5.424570039800     -4.794687825205
    8      1.917875130080      1.356142509950     -4.794687825205
    8     -1.917875130080     -1.356142509950     -4.794687825205
    8      1.917875130080     -1.356142509950     -4.794687825205
    8     -1.917875130080      1.356142509950     -4.794687825205
    8      1.917875130080      6.780712549750     -4.794687825205
    8     -1.917875130080     -6.780712549750     -4.794687825205
    8      1.917875130080     -6.780712549750     -4.794687825205
    8     -1.917875130080      6.780712549750     -4.794687825205
    8      1.917875130080     -4.068427529850     -4.794687825205
    8     -1.917875130080      4.068427529850     -4.794687825205
    8      1.917875130080      4.068427529850     -4.794687825205
    8     -1.917875130080     -4.068427529850     -4.794687825205
    8      5.753625390240      1.356142509950     -4.794687825205
    8     -5.753625390240     -1.356142509950     -4.794687825205
    8      5.753625390240     -1.356142509950     -4.794687825205
    8     -5.753625390240      1.356142509950     -4.794687825205
    8      5.753625390240      6.780712549750     -4.794687825205
    8     -5.753625390240     -6.780712549750     -4.794687825205
    8      5.753625390240     -6.780712549750     -4.794687825205
    8     -5.753625390240      6.780712549750     -4.794687825205
    8      5.753625390240     -4.068427529850     -4.794687825205
    8     -5.753625390240      4.068427529850     -4.794687825205
    8      5.753625390240      4.068427529850     -4.794687825205
    8     -5.753625390240     -4.068427529850     -4.794687825205
   14      7.368442469807     -7.409918554896      7.313011086356
    8      6.875036180711     -5.825673064997      7.347394328371
    8      7.589646079370     -7.833184587027      8.895465513593
    8     -6.395578740965     -7.537896483421      6.719071589076
    6      5.798832463658     -5.361341688995      6.532465430986
    6     -5.417961946136     -6.527760907684      7.085722057398
    6     -8.865760963803     -7.724571065776      9.776379818799
    6      5.343670326946     -4.029608565760      7.110342964121
    6     -5.623074354254     -5.240441387966      6.303777882864
    6     -8.477867846726     -8.268789436208     11.140001819872
    1      4.453285030679     -3.661465768796      6.584791559448
    1     -4.773032594074     -4.570331759062      6.485187942210
    1     -9.321642087898     -8.197013239771     11.838207385838
    1      5.103985738119     -4.135959582929      8.172542363054
    1      6.156271943269     -3.285559205290      7.051468446667
    1      4.963810639093     -6.078052793717      6.530487391248
    1      6.138548614425     -5.271293481790      5.489518594766
    1      7.165095373437      6.953999005007     11.066431704541
    1     -7.635755898531      8.567137064458     11.556946165202
    1     -9.178803978753     -6.668379803893      9.853368510236
    1      5.618366042989     -8.286924473459      9.367687655771
    1     -5.462137641480     -6.367633292248      8.171669163309
    1     -4.442206642341     -6.958112645292      6.826062252608
    1     -6.572181334251     -4.766288293051      6.555302339126
    1     -5.625213538392     -5.441233558694      5.231904158688
    8      6.301366683043     -8.279792123802      6.520469819791
    6      3.748406415101      6.077297017577      5.971573105038
    6      2.317067895964      5.553141181995      6.164183839775
    1      1.856145292963      5.342693674063      5.197400803787
    1      4.010164961235      6.818023764128      6.746391741356
    1      4.470218584054      5.255538756700      6.043402410804
    1      2.277213452063      4.642730446401      6.778488846927
    1      1.654081628289      6.286602998320      6.647588252631
    0    0
