   2   1   1 E -4.5963137543960E+04 DE-6.1E-07(  6)
  0.153430010406E+02  0.000000000000E+00  0.000000000000E+00
  0.000000000000E+00  0.162737101194E+02  0.000000000000E+00
  0.000000000000E+00  0.000000000000E+00  0.500000000000E+03
    1
  0.100000000000E+01  0.000000000000E+00  0.000000000000E+00
  0.000000000000E+00  0.100000000000E+01  0.000000000000E+00
  0.000000000000E+00  0.000000000000E+00  0.100000000000E+01
  0.000000000000E+00  0.000000000000E+00  0.000000000000E+00
  249
  258      1.913021984514      2.693004414163      4.265867914012
  258     -1.913689819558     -2.701301865418      4.260878260461
  258      1.917043789870     -2.721354935864      4.260727214918
  258     -1.926770542482      2.713598870239      4.264950354075
  258      1.825572986786     -8.078345176097      4.283859787494
  258     -1.948931868822     -8.126314245061      4.268656694086
  258      5.770472605017      2.706131563886      4.259391899912
  258     -5.750801294881     -2.700450019155      4.276926309503
  258      5.759765181585     -2.703269902746      4.259293175865
  258     -5.753312402593      2.719466316772      4.266196694159
  258      5.816719226549     -8.112436585493      4.343376236113
  258     -5.751558522173     -8.138453731224      4.295795028914
    8     -0.006758198979      3.987517473938      4.377697433161
    8      0.002665352442     -3.977123891242      4.368958205458
    8     -0.005117533935     -6.841898023846      4.409062585766
    8     -0.018765627588      6.892851537085      4.362494973118
    8      0.003023143205     -1.435133827855      4.371204472764
    8      0.008906382347      1.444345934563      4.378593555704
    8      3.847904792287      3.941639588070      4.291184621531
    8     -3.776738880212     -3.951436973382      4.334029454879
    8      3.792209524348     -4.029211438910      4.354768464407
    8     -3.830000124196      3.984049064612      4.371922303737
    8      3.769884374530     -6.987432728719      4.310256181973
    8     -3.826743545229      6.874786283284      4.385691086024
    8      3.845032766250      6.677853485416      4.686032240609
    8     -3.787252382916     -6.853634893377      4.362632620015
    8      3.846448084046     -1.467964315291      4.377230951490
    8     -3.833186819665      1.447908645201      4.377559709636
    8      3.823353708500      1.420621257608      4.387522228955
    8     -3.847505584240     -1.425162593433      4.385012863240
    8      7.655785371288      3.986359031760      4.373479690432
    8     -7.666161009198     -3.932930635739      4.337391171990
    8     -7.682862508912     -6.829636794279      4.302968503936
    8     -7.608473381280      6.889459763890      4.255499162517
    8      7.669170042216     -1.419965442234      4.377999024843
    8     -7.664723818991      1.449369903966      4.373710787903
  258     -0.000685611882     -0.001618220248      2.595117522200
  258     -0.000411044697      5.422551443102      2.607812071925
  258     -0.016225320034     -5.402841876981      2.579741327101
  258      3.836640135903     -0.002172334255      2.599636849989
  258     -3.838358137677      0.004016493542      2.598975798832
  258      3.834977571756      5.393556654037      2.568612879280
  258     -3.834941361061     -5.414953948773      2.591441442284
  258      3.834348920742     -5.437403912351      2.599473527604
  258     -3.835640363454      5.429303349712      2.595944843670
  258     -7.666638541987     -0.000142710170      2.595026806438
  258     -7.670094235823      5.427838338914      2.592098670614
  258     -7.665034877363     -5.418471588759      2.592446079448
    8      1.917630566888      1.369339224700      2.535275950774
    8     -1.920711757325     -1.354519710963      2.536743175426
    8      1.923872573597     -1.360916024190      2.540254643771
    8     -1.916167770157      1.369899332264      2.541737197966
    8      1.989512382546      6.808675615803      2.617661700887
    8     -1.905726708157     -6.784309552072      2.532445028921
    8      1.867807369078     -6.775564163254      2.529986818121
    8     -1.922467167041      6.791899524590      2.538693614471
    8      1.905923136222     -4.053920775787      2.523112313575
    8     -1.909568992554      4.063674676222      2.539354372369
    8      1.906892973636      4.067599449838      2.539022722217
    8     -1.904594007707     -4.048022454241      2.519660973158
    8      5.754616660153      1.366563117977      2.544401748323
    8     -5.753174668458     -1.361976364805      2.542179569447
    8      5.754518190960     -1.352538790468      2.528996226478
    8     -5.750671284547      1.368581804031      2.538940824864
    8      5.665343647457      6.773507353852      2.595226890980
    8     -5.733675780968     -6.774266085432      2.543459510617
    8      5.747898642153     -6.748893294936      2.527137720254
    8     -5.717019359762      6.771504877622      2.504818178163
    8      5.743029037724     -4.047136361549      2.545302392963
    8     -5.756511041654      4.055160308091      2.544147545341
    8      5.760529848795      4.055617060933      2.520190562849
    8     -5.739428490737     -4.048803804589      2.548210557586
  258      1.914320070028      2.708190005877      0.647779956154
  258     -1.920371862314     -2.706437853902      0.645385718635
  258      1.920242089668     -2.712100111499      0.648879066893
  258     -1.918391608758      2.713950612530      0.651831176696
  258      1.917514584828      8.138019004726      0.658676808792
  258     -1.914594911106     -8.134484769761      0.653861002587
  258      5.757767682567      2.706861205483      0.646764248163
  258     -5.752902731647     -2.710227894792      0.653713754333
  258      5.752806591463     -2.714329593135      0.651098110962
  258     -5.752451496625      2.714497882091      0.651302769670
  258      5.748093124349     -8.135354396984      0.684951516111
  258     -5.750182815252     -8.133728354544      0.666037464515
    8      0.001439815411      4.061134731617      0.693601590842
    8     -0.001748523734     -4.055655101524      0.677580032943
    8     -0.005455507628     -6.789295609738      0.677640571009
    8      0.030118104873      6.784031368048      0.727146397603
    8      0.002009356464     -1.362692154545      0.693607534920
    8      0.000064856843      1.364552343074      0.691953517414
    8      3.830489233599      4.057598284424      0.700094026490
    8     -3.835695817224     -4.055245073002      0.687831267495
    8      3.837979060286     -4.069162010000      0.691444430959
    8     -3.836084148235      4.062007051306      0.694293298402
    8      3.820084648862     -6.803942772283      0.701920319430
    8     -3.819926726653      6.793271359933      0.678181749090
    8      3.823756011267      6.768861388766      0.694968843325
    8     -3.828997268274     -6.786249523297      0.691364548051
    8      3.835372206452     -1.366502661138      0.690017671088
    8     -3.833311284703      1.367841558764      0.691708305610
    8      3.837227750628      1.361816264020      0.694223781261
    8     -3.837927610783     -1.359765211116      0.691509987778
    8     -7.666821155391      4.056654869782      0.681796423234
    8      7.671686075944     -4.055910154136      0.692196008567
    8      7.678248468061     -6.793951382988      0.695633518406
    8      7.644803917999      6.790742137627      0.718894448567
    8     -7.667463814271     -1.364594410031      0.690933555681
    8     -7.672347590938      1.362971338370      0.692528740633
  258     -0.000625669511      0.000052465715     -1.135866648454
  258      0.002496617858      5.424878755491     -1.131153648647
  258     -0.000315610552     -5.424057020960     -1.139137695876
  258      3.836466478412     -0.001595338563     -1.134746041467
  258     -3.836895626162      0.002337480854     -1.134613478011
  258      3.836557269351      5.425455385258     -1.139733767498
  258     -3.836217477724     -5.425247363578     -1.135040351855
  258      3.836131035669     -5.427351272237     -1.132271824899
  258     -3.834979284569      5.427271574406     -1.132596712060
  258     -7.670133692773     -0.001990921481     -1.135486144024
  258      7.669310694223      5.429805898983     -1.131106797920
  258      7.671038099190     -5.428779817277     -1.131028663810
    8      1.918431087452      1.346244016779     -1.164534046736
    8     -1.917244639888     -1.340296338827     -1.167469779501
    8      1.916649878753     -1.342827203856     -1.168253191228
    8     -1.916345915835      1.347002453764     -1.165952240669
    8      1.915278898244      6.771498307834     -1.163061421989
    8     -1.920648397002     -6.769398150302     -1.170581311202
    8      1.919862514648     -6.772547332497     -1.161762560576
    8     -1.898567390552      6.769311073055     -1.159803822683
    8      1.922152573049     -4.080801329408     -1.168017655059
    8     -1.916870994957      4.082027266765     -1.163740753965
    8      1.919585482018      4.081001102721     -1.164692775968
    8     -1.920018156178     -4.078344861116     -1.170433734908
    8      5.753836955724      1.343914507337     -1.167381259551
    8     -5.752662239700     -1.343810825932     -1.166441164496
    8      5.754146913465     -1.345060685818     -1.165070269319
    8     -5.753596828913      1.345918961721     -1.165014277916
    8      5.749817107246      6.773529682291     -1.154569369388
    8     -5.751807701813     -6.769582315859     -1.164581585644
    8      5.749566406614     -6.772596938831     -1.147181357516
    8     -5.763160646833      6.769899417837     -1.154417279434
    8      5.753986912565     -4.081694396874     -1.166476762143
    8     -5.751635075379      4.083274759417     -1.167019841341
    8      5.748874911126      4.081560891029     -1.163840588148
    8     -5.755696485317     -4.080480304993     -1.162976609118
  258      1.917648565981      2.711981055822     -3.054213021735
  258     -1.918889872775     -2.712052453330     -3.054515464934
  258      1.918297999657     -2.712782876571     -3.053400518261
  258     -1.917908517522      2.713125629549     -3.052373450909
  258      1.917762046663     -8.136360081912     -3.051400730647
  258     -1.917201182581     -8.136620380896     -3.052171565483
  258      5.754493339827      2.712625936330     -3.053953546017
  258     -5.753867234250     -2.713444549053     -3.051673124737
  258      5.753854153309     -2.713857337843     -3.052632098523
  258     -5.753898116036      2.713587170049     -3.051948318648
  258      5.753386841716     -8.135896203826     -3.044055556227
  258     -5.754218135370     -8.136298708406     -3.048263003349
    8     -0.000430187610     -1.318302835836     -3.045547657305
    8      0.001070168553      1.318479902994     -3.044403169060
    8      0.000788067548      4.106521081699     -3.041900189136
    8      0.000802784865     -4.106331123066     -3.046136670926
    8      0.001300900710     -6.744406160110     -3.045388288668
    8      0.002158246693      6.741140295970     -3.044678626882
    8      3.836557304143     -1.318803020730     -3.043983932816
    8     -3.835717787706      1.320105072594     -3.044020159286
    8      3.835459030582      1.318216269887     -3.044349318033
    8     -3.835823128283     -1.317121467716     -3.044649038706
    8      3.835602101723      4.106203132175     -3.045447761385
    8     -3.837492552432     -4.105431427368     -3.045401368107
    8      3.836281272523     -4.108268876248     -3.045229693410
    8     -3.834692834900      4.107733199190     -3.044975977977
    8      3.837773555510     -6.744282215974     -3.041224848762
    8     -3.835434521869      6.743804314073     -3.038345288379
    8      3.836323942318      6.742114811537     -3.042217443564
    8     -3.836650037782     -6.743331175833     -3.045812222100
    8      7.671404125554     -1.319004003394     -3.044074465548
    8     -7.671259324174      1.318649416231     -3.044485460014
    8      7.669914906706      4.107799296913     -3.042090924678
    8      7.671937537240     -4.108767268940     -3.044190068090
    8      7.668543470649     -6.744841635935     -3.040085767145
    8      7.669654906285      6.742743101058     -3.041065721859
  258      0.000000000000      0.000000000000     -4.794687825205
  258      0.000000000000      5.424570039800     -4.794687825205
  258      0.000000000000     -5.424570039800     -4.794687825205
  258      3.835750260160      0.000000000000     -4.794687825205
  258     -3.835750260160      0.000000000000     -4.794687825205
  258      3.835750260160      5.424570039800     -4.794687825205
  258     -3.835750260160     -5.424570039800     -4.794687825205
  258      3.835750260160     -5.424570039800     -4.794687825205
  258     -3.835750260160      5.424570039800     -4.794687825205
  258      7.671500520300      0.000000000000     -4.794687825205
  258      7.671500520300      5.424570039800     -4.794687825205
  258      7.671500520300     -5.424570039800     -4.794687825205
    8      1.917875130080      1.356142509950     -4.794687825205
    8     -1.917875130080     -1.356142509950     -4.794687825205
    8      1.917875130080     -1.356142509950     -4.794687825205
    8     -1.917875130080      1.356142509950     -4.794687825205
    8      1.917875130080      6.780712549750     -4.794687825205
    8     -1.917875130080     -6.780712549750     -4.794687825205
    8      1.917875130080     -6.780712549750     -4.794687825205
    8     -1.917875130080      6.780712549750     -4.794687825205
    8      1.917875130080     -4.068427529850     -4.794687825205
    8     -1.917875130080      4.068427529850     -4.794687825205
    8      1.917875130080      4.068427529850     -4.794687825205
    8     -1.917875130080     -4.068427529850     -4.794687825205
    8      5.753625390240      1.356142509950     -4.794687825205
    8     -5.753625390240     -1.356142509950     -4.794687825205
    8      5.753625390240     -1.356142509950     -4.794687825205
    8     -5.753625390240      1.356142509950     -4.794687825205
    8      5.753625390240      6.780712549750     -4.794687825205
    8     -5.753625390240     -6.780712549750     -4.794687825205
    8      5.753625390240     -6.780712549750     -4.794687825205
    8     -5.753625390240      6.780712549750     -4.794687825205
    8      5.753625390240     -4.068427529850     -4.794687825205
    8     -5.753625390240      4.068427529850     -4.794687825205
    8      5.753625390240      4.068427529850     -4.794687825205
    8     -5.753625390240     -4.068427529850     -4.794687825205
   14      7.371454288855     -7.376535103001      7.314769693496
    8      6.888660572395     -5.788932731856      7.311979586500
    8      7.614076814661     -7.733665678660      8.909441413813
    8     -6.397448422188     -7.538526170815      6.707803362677
    6      5.792696023128     -5.342137617486      6.514988692668
    6     -5.407188689050     -6.543660084557      7.076139966834
    6     -8.548849703207     -7.179724740723      9.935865684993
    6      5.324903135181     -4.020992721576      7.107213241336
    6     -5.603196940837     -5.247499042200      6.304395650299
    6     -8.516329338954     -8.095213398530     11.147264534544
    1      4.432220719583     -3.653350803671      6.585727249573
    1     -4.742168379411     -4.589557778134      6.473924504496
    1     -9.089057045444     -7.646580391758     11.977448840200
    1      5.086364471225     -4.142582651407      8.167964018302
    1      6.132015713109     -3.270183177039      7.059281273516
    1      4.969648187697     -6.072183749657      6.521438821590
    1      6.117913878251     -5.246860009057      5.468224166796
    1      6.387656752649      7.195007154309     10.908532782608
    1     -7.478250442944      8.015294647196     11.482404362448
    1     -8.176048559216     -6.170189452765     10.201907663137
    1      5.750397421560     -7.046350591992      9.584055588911
    1     -5.441548344522     -6.393741701385      8.164205320892
    1     -4.437396430683     -6.981565009031      6.806872671107
    1     -6.541784769569     -4.761330552210      6.572368624970
    1     -5.627035451779     -5.442630625110      5.231767738412
    8      6.311386586237     -8.261974154846      6.532637571281
    6      3.748884099704      6.077784985185      5.966243469572
    6      2.317476892844      5.569877506753      6.183007696135
    1      1.834018600007      5.370549753975      5.220522278084
    1      4.032840125503      6.817533154621      6.733427541798
    1      4.459617881916      5.246370777610      6.030414452088
    1      2.278942966628      4.658148712664      6.803867285182
    1      1.671254442602      6.315739997014      6.682939737479
    0    0
