   2   1   1 E -4.5963138348138E+04 DE-4.4E-06(  6)
  0.153430010406E+02  0.000000000000E+00  0.000000000000E+00
  0.000000000000E+00  0.162737101194E+02  0.000000000000E+00
  0.000000000000E+00  0.000000000000E+00  0.500000000000E+03
    1
  0.100000000000E+01  0.000000000000E+00  0.000000000000E+00
  0.000000000000E+00  0.100000000000E+01  0.000000000000E+00
  0.000000000000E+00  0.000000000000E+00  0.100000000000E+01
  0.000000000000E+00  0.000000000000E+00  0.000000000000E+00
  249
  258      1.912663997375      2.695124961842      4.264902077521
  258     -1.912800357421     -2.702749186696      4.260805274084
  258      1.916798355320     -2.720304605548      4.259955280646
  258     -1.926849339248      2.714193201427      4.264586053204
  258      1.826516910427     -8.079732349995      4.285837234396
  258     -1.947757956229     -8.126791907165      4.267399695779
  258      5.772152413828      2.706180701244      4.258524766712
  258     -5.751593146663     -2.698872245032      4.276044603024
  258      5.758485057744     -2.702688859082      4.259541058075
  258     -5.752211560749      2.719808605658      4.265909803255
  258      5.817335426406     -8.112393859679      4.342585810893
  258     -5.750788244368     -8.137730207590      4.297118451874
    8     -0.007291375861      3.987818432196      4.375895613639
    8      0.002867698306     -3.976433593412      4.368877847069
    8     -0.004905560315     -6.842749955460      4.408423271745
    8     -0.018708227627      6.892297376067      4.365543144137
    8      0.002747467446     -1.433381831569      4.372193364419
    8      0.009877408624      1.445437041802      4.376564085155
    8      3.852393957440      3.941933917635      4.287503945497
    8     -3.771451715478     -3.949416265774      4.331092445594
    8      3.793854101300     -4.029341706585      4.353521406019
    8     -3.830850211277      3.986389022631      4.371604856436
    8      3.767905290381     -6.989420761331      4.311351020676
    8     -3.824469208154      6.875458132161      4.381726615768
    8      3.857041338983      6.691913130889      4.697113943036
    8     -3.786932292530     -6.852992981920      4.363836950006
    8      3.846358429309     -1.469105674816      4.376961047021
    8     -3.832866278790      1.450471984614      4.377697553328
    8      3.821823610571      1.420029558634      4.388076453387
    8     -3.850850822011     -1.422890817326      4.385398576118
    8      7.654745511980      3.987067005878      4.375006830253
    8     -7.666956742280     -3.932809505783      4.335262001461
    8     -7.680409713626     -6.831594127294      4.304581490097
    8     -7.606182702130      6.888252710836      4.257580489290
    8      7.672141748611     -1.419975271878      4.378431489552
    8     -7.667097074153      1.449433657034      4.372655811071
  258     -0.000837856217     -0.001360159632      2.595370331506
  258     -0.000251363806      5.423758181325      2.606822476846
  258     -0.015136735550     -5.403629134552      2.579152581076
  258      3.836472643808     -0.000440090471      2.598908085167
  258     -3.837496230979      0.003579470045      2.598901363810
  258      3.837657929033      5.393640790563      2.566798055331
  258     -3.834150083937     -5.415452769202      2.591978831937
  258      3.833957293471     -5.437621437189      2.600151150181
  258     -3.835489309788      5.430068819703      2.595194759443
  258     -7.665890434967      0.000098909438      2.595150195858
  258     -7.668982822952      5.428855085214      2.592182494330
  258     -7.664842105881     -5.417534284602      2.592976916246
    8      1.918972303940      1.370248144176      2.535502572291
    8     -1.921107035772     -1.355452447962      2.537320228701
    8      1.921715422094     -1.360399558513      2.540615464533
    8     -1.916477223264      1.369558024808      2.541343307772
    8      1.989490292751      6.809378325149      2.619088545903
    8     -1.906046491537     -6.784981197499      2.531920838456
    8      1.868390292631     -6.776841028798      2.532149831055
    8     -1.920333462645      6.790570955712      2.537332403234
    8      1.907772344761     -4.054265687227      2.523557611266
    8     -1.910072693474      4.062864187221      2.539545432920
    8      1.907468036315      4.068591186075      2.536898828903
    8     -1.902201202399     -4.049117261936      2.517160187174
    8      5.752626064574      1.367110849515      2.542432077309
    8     -5.754062434816     -1.362022361049      2.539733971880
    8      5.754683096665     -1.352524960867      2.530948681853
    8     -5.751395255437      1.367789229202      2.539996082396
    8      5.669120877731      6.775109685248      2.593560800607
    8     -5.733978867519     -6.774334489733      2.542734013770
    8      5.748415393078     -6.749734694142      2.529576153632
    8     -5.716425669358      6.772114146997      2.504652923670
    8      5.743140790011     -4.047214562377      2.543708864337
    8     -5.756871388439      4.053705854292      2.544603177940
    8      5.764229975855      4.056803666757      2.517444107351
    8     -5.739305547587     -4.048961625159      2.549055229572
  258      1.914367821363      2.708258869555      0.647227186071
  258     -1.919812195454     -2.706365633241      0.645533639204
  258      1.920217944481     -2.712511419480      0.648090752536
  258     -1.918151042489      2.714419597862      0.651626799517
  258      1.918165505071      8.137935399542      0.659932740236
  258     -1.914711380178     -8.134082080407      0.652640084932
  258      5.758553261595      2.707413853251      0.645827841916
  258     -5.752225251072     -2.710791847376      0.653054614092
  258      5.752777243179     -2.714250497892      0.651505162209
  258     -5.752058653404      2.714510628902      0.650850410410
  258      5.748857914440     -8.134722569828      0.684982893546
  258     -5.750040455657     -8.133164972045      0.666599966051
    8      0.000324857153      4.061995135796      0.693774593382
    8      0.000541151917     -4.055644756648      0.677804863840
    8     -0.003930038930     -6.789418960417      0.678718823563
    8      0.030509944506      6.784864765087      0.726661746680
    8      0.000801655934     -1.361451867013      0.692692788054
    8      0.001015231848      1.365892860512      0.691761248893
    8      3.832128503511      4.057453881318      0.698825544868
    8     -3.837229095022     -4.055755698415      0.688351579610
    8      3.837330825248     -4.069191352061      0.690781356175
    8     -3.835844042195      4.062184113728      0.694022771308
    8      3.820732708105     -6.803253568288      0.702635345043
    8     -3.819216193476      6.793687930479      0.676950994263
    8      3.823234107587      6.768312595856      0.694658807242
    8     -3.828859207914     -6.785665647099      0.691176432950
    8      3.834890774836     -1.366499958859      0.692395682231
    8     -3.834040386751      1.367062992156      0.692718177273
    8      3.836423949120      1.362585664220      0.692287578380
    8     -3.837386578803     -1.360500124062      0.691549521270
    8     -7.664373464928      4.058031302571      0.679949860038
    8      7.673386328912     -4.056140476787      0.691788557376
    8      7.676275980630     -6.792244016942      0.694777727965
    8      7.644496240474      6.792301041554      0.718616637799
    8     -7.668879720480     -1.364638353132      0.691339358784
    8     -7.672070689399      1.363891230935      0.692745638128
  258     -0.000426221469      0.000073981418     -1.135963579097
  258      0.003014270952      5.425196181821     -1.131378468439
  258      0.000013563047     -5.424297696379     -1.139553935299
  258      3.836593162935     -0.001341845910     -1.134672664771
  258     -3.836505058096      0.002341468188     -1.134744688931
  258      3.836743158403      5.425892912888     -1.140510933183
  258     -3.835901379746     -5.424606067424     -1.135132010985
  258      3.836190597592     -5.427376419647     -1.132155818553
  258     -3.835062487202      5.427284238606     -1.132875766087
  258     -7.669855731930     -0.002239735639     -1.134862012750
  258      7.669427112380      5.429963789418     -1.131232355527
  258      7.671121083839     -5.428622126577     -1.130961455701
    8      1.917833587088      1.345271228228     -1.165514927584
    8     -1.917807614063     -1.340292435441     -1.168093372122
    8      1.918727067403     -1.343214633756     -1.167200029072
    8     -1.917081682890      1.347305930295     -1.165275124423
    8      1.915155164517      6.771561212415     -1.162917986338
    8     -1.919385323370     -6.768900054212     -1.170383746996
    8      1.920271858871     -6.773008683070     -1.161519496781
    8     -1.898345063652      6.769617959214     -1.160373443384
    8      1.921259097573     -4.081120439554     -1.169068871918
    8     -1.916268178816      4.082301782678     -1.164419248820
    8      1.919378361017      4.080206109923     -1.164570676801
    8     -1.919785691958     -4.078148867106     -1.169248324096
    8      5.754561034229      1.343679688360     -1.167342003891
    8     -5.752844998925     -1.343401289248     -1.166069512394
    8      5.753616444784     -1.344945340315     -1.164615756355
    8     -5.754009613539      1.345517262317     -1.164960569586
    8      5.749778946596      6.773506335060     -1.154438862542
    8     -5.751721597787     -6.769120746647     -1.164070861565
    8      5.748718579280     -6.773059086752     -1.148963258501
    8     -5.763806009027      6.770414544340     -1.153625269904
    8      5.753738126977     -4.081693123462     -1.165977189910
    8     -5.749921416653      4.082781947141     -1.167885522159
    8      5.749896374652      4.081962873716     -1.165361497712
    8     -5.754905687966     -4.079904174063     -1.165590250004
  258      1.917714756065      2.712059356300     -3.054443552426
  258     -1.918578839170     -2.712206771250     -3.054552657666
  258      1.919034948571     -2.712788510009     -3.053805953244
  258     -1.917686918364      2.713257678046     -3.052357419280
  258      1.917887606070     -8.136398006807     -3.051176387173
  258     -1.917139206166     -8.136728951601     -3.052065708276
  258      5.754608048624      2.712084297383     -3.054398659374
  258     -5.753937355664     -2.713260337316     -3.052009438935
  258      5.754280037278     -2.713680134868     -3.052440184247
  258     -5.753725170035      2.713686131876     -3.052060204982
  258      5.753636078451     -8.135861918130     -3.043904080799
  258     -5.754011444592     -8.136354865280     -3.048009411826
    8      0.000393186107     -1.317684454481     -3.044631510226
    8      0.000452156734      1.318936529388     -3.044500754887
    8      0.001123322373      4.107307544042     -3.042225200080
    8      0.000265877322     -4.105720276683     -3.046253746416
    8      0.001504237411     -6.743703803771     -3.045199022877
    8      0.001965118452      6.741792514028     -3.045149200416
    8      3.836366401638     -1.318498283555     -3.044451333326
    8     -3.835715116244      1.319888657932     -3.044044863626
    8      3.835675630829      1.318296947208     -3.044417985298
    8     -3.835873119586     -1.317293494124     -3.044692633872
    8      3.835382468566      4.105872349816     -3.045174160400
    8     -3.836416330621     -4.106115139472     -3.045785192906
    8      3.836713333706     -4.107900202178     -3.044665739823
    8     -3.834399140609      4.107776212568     -3.045420322994
    8      3.837305370203     -6.743854832790     -3.042021193949
    8     -3.835678493694      6.743776686736     -3.038082999427
    8      3.836190326465      6.741897361716     -3.042211678292
    8     -3.836694205899     -6.743944982913     -3.045659690119
    8      7.671345100959     -1.318917001663     -3.044275627092
    8     -7.671355075975      1.318428777520     -3.044630101611
    8      7.670599187678      4.108339220335     -3.042557291755
    8      7.671203469621     -4.107999387837     -3.044255644297
    8      7.669007966507     -6.744062942485     -3.040049560058
    8      7.669799006948      6.743453734266     -3.041279405418
  258      0.000000000000      0.000000000000     -4.794687825205
  258      0.000000000000      5.424570039800     -4.794687825205
  258      0.000000000000     -5.424570039800     -4.794687825205
  258      3.835750260160      0.000000000000     -4.794687825205
  258     -3.835750260160      0.000000000000     -4.794687825205
  258      3.835750260160      5.424570039800     -4.794687825205
  258     -3.835750260160     -5.424570039800     -4.794687825205
  258      3.835750260160     -5.424570039800     -4.794687825205
  258     -3.835750260160      5.424570039800     -4.794687825205
  258      7.671500520300      0.000000000000     -4.794687825205
  258      7.671500520300      5.424570039800     -4.794687825205
  258      7.671500520300     -5.424570039800     -4.794687825205
    8      1.917875130080      1.356142509950     -4.794687825205
    8     -1.917875130080     -1.356142509950     -4.794687825205
    8      1.917875130080     -1.356142509950     -4.794687825205
    8     -1.917875130080      1.356142509950     -4.794687825205
    8      1.917875130080      6.780712549750     -4.794687825205
    8     -1.917875130080     -6.780712549750     -4.794687825205
    8      1.917875130080     -6.780712549750     -4.794687825205
    8     -1.917875130080      6.780712549750     -4.794687825205
    8      1.917875130080     -4.068427529850     -4.794687825205
    8     -1.917875130080      4.068427529850     -4.794687825205
    8      1.917875130080      4.068427529850     -4.794687825205
    8     -1.917875130080     -4.068427529850     -4.794687825205
    8      5.753625390240      1.356142509950     -4.794687825205
    8     -5.753625390240     -1.356142509950     -4.794687825205
    8      5.753625390240     -1.356142509950     -4.794687825205
    8     -5.753625390240      1.356142509950     -4.794687825205
    8      5.753625390240      6.780712549750     -4.794687825205
    8     -5.753625390240     -6.780712549750     -4.794687825205
    8      5.753625390240     -6.780712549750     -4.794687825205
    8     -5.753625390240      6.780712549750     -4.794687825205
    8      5.753625390240     -4.068427529850     -4.794687825205
    8     -5.753625390240      4.068427529850     -4.794687825205
    8      5.753625390240      4.068427529850     -4.794687825205
    8     -5.753625390240     -4.068427529850     -4.794687825205
   14      7.374031154710     -7.382683412800      7.309050391259
    8      6.887198314898     -5.796460445956      7.314614695155
    8      7.617801009615     -7.750955742344      8.903250777221
    8     -6.393932164501     -7.540385819950      6.706593974139
    6      5.792399303126     -5.346756241453      6.518678862113
    6     -5.402458034780     -6.546562436778      7.080228757314
    6     -8.642954583692     -7.279053393124      9.884293947315
    6      5.330733864483     -4.022478583405      7.108610034342
    6     -5.592907308163     -5.250133117970      6.308279473067
    6     -8.551200971212     -8.160596178615     11.117179589985
    1      4.435584041769     -3.655123396166      6.591191630368
    1     -4.730923892086     -4.594427074394      6.482597029302
    1     -9.202506316410     -7.776152235143     11.914147856348
    1      5.098173055945     -4.139873643234      8.170911010545
    1      6.138997278336     -3.273423601535      7.053180301473
    1      4.966346116939     -6.073205073743      6.528195072176
    1      6.115373678019     -5.254828268198      5.470858001761
    1      6.487766867444      7.086183056156     10.883899365184
    1     -7.522386851478      8.082304585867     11.495846517893
    1     -8.404623196847     -6.232033400598     10.134779330238
    1      5.666893960612     -7.283235296272      9.491939994576
    1     -5.443472644188     -6.397328547869      8.167618234661
    1     -4.432995684458     -6.987417846032      6.814816471616
    1     -6.531706769710     -4.762088172523      6.572594106163
    1     -5.611149695041     -5.444183643415      5.235417119583
    8      6.306145053118     -8.262995728557      6.531789029921
    6      3.754832296709      6.080178543629      5.971350804329
    6      2.324684939075      5.555736283475      6.173126856949
    1      1.856273577146      5.351569280506      5.208476489166
    1      4.021408688114      6.821431323494      6.743632572873
    1      4.476333019499      5.257908337351      6.040084843790
    1      2.291752157388      4.640603631680      6.779933024486
    1      1.665175051210      6.284961771847      6.667070822757
    0    0
