   2   1   1 E -4.5963138132218E+04 DE-6.0E-06(  6)
  0.153430010406E+02  0.000000000000E+00  0.000000000000E+00
  0.000000000000E+00  0.162737101194E+02  0.000000000000E+00
  0.000000000000E+00  0.000000000000E+00  0.500000000000E+03
    1
  0.100000000000E+01  0.000000000000E+00  0.000000000000E+00
  0.000000000000E+00  0.100000000000E+01  0.000000000000E+00
  0.000000000000E+00  0.000000000000E+00  0.100000000000E+01
  0.000000000000E+00  0.000000000000E+00  0.000000000000E+00
  249
  258      1.912632403407      2.695720308770      4.265860405274
  258     -1.913158141075     -2.701961364172      4.260925454051
  258      1.916682225680     -2.720374201129      4.260401335754
  258     -1.926966063957      2.714634690407      4.264913241104
  258      1.825966438784     -8.078670066309      4.285068727521
  258     -1.948417187895     -8.126098348357      4.267735436852
  258      5.771608955205      2.706508902352      4.259196455060
  258     -5.751383480633     -2.699216763873      4.276358952524
  258      5.758609978047     -2.702742538364      4.260403272347
  258     -5.752720437934      2.720121593462      4.266168073112
  258      5.817421206067     -8.111285243205      4.342551827078
  258     -5.751407282133     -8.137158549622      4.296545127023
    8     -0.007080664041      3.988922722959      4.376853129502
    8      0.002644286248     -3.976436838349      4.368985570990
    8     -0.005111025289     -6.842199252327      4.408695284346
    8     -0.018771061689      6.893216077473      4.364039560511
    8      0.002779506362     -1.433479550458      4.372124573774
    8      0.009283965671      1.446043363700      4.377513531449
    8      3.850874769024      3.942574410821      4.290294802531
    8     -3.773252610430     -3.949861958845      4.331842930901
    8      3.792600123223     -4.028969800395      4.353928546168
    8     -3.830593813143      3.986153134589      4.371840211039
    8      3.768370198370     -6.987994322782      4.310754962824
    8     -3.825590377292      6.875929848526      4.383478810069
    8      3.864152974727      6.686382213239      4.701893160068
    8     -3.787146627039     -6.852825099612      4.363015264227
    8      3.846223430751     -1.468140533592      4.377633772218
    8     -3.833011875730      1.449952328225      4.377809976260
    8      3.822423588204      1.421070782582      4.388345551752
    8     -3.849418817588     -1.423347204536      4.385534381477
    8      7.655096595291      3.987245401742      4.374738760728
    8     -7.666765964593     -3.932536866436      4.336235036657
    8     -7.681508740684     -6.830195502350      4.303653374818
    8     -7.607054041279      6.889652220341      4.256254712214
    8      7.670655633078     -1.419747367909      4.378602487253
    8     -7.666102915039      1.449714901235      4.373271803246
  258     -0.000915833788     -0.000878630886      2.595543496372
  258     -0.000485358039      5.424113755843      2.607145125169
  258     -0.015592949597     -5.403100090800      2.579450023849
  258      3.836354158545     -0.000495831599      2.599606638131
  258     -3.837815826335      0.004188044863      2.599078241754
  258      3.836930426339      5.394593835599      2.567442156571
  258     -3.834461072145     -5.415042420842      2.591692724669
  258      3.833848569323     -5.437332918612      2.600040604267
  258     -3.835634069338      5.430413562587      2.595560339773
  258     -7.666234508340      0.000328573425      2.595322942259
  258     -7.669309824336      5.429245032347      2.592095297881
  258     -7.665117437199     -5.417667981916      2.592820730812
    8      1.918451741180      1.370758876542      2.536198650496
    8     -1.920985141589     -1.354679175415      2.537209102296
    8      1.922323195826     -1.360060914124      2.540849609255
    8     -1.916408079945      1.370313475738      2.541661320655
    8      1.989282886940      6.810136905372      2.618447770478
    8     -1.906035737223     -6.784469045138      2.532100162845
    8      1.868022266314     -6.776131687618      2.531662419274
    8     -1.921428196131      6.791576910116      2.537867394741
    8      1.907089003993     -4.053903378929      2.523429266269
    8     -1.909987814698      4.063757308126      2.539612783870
    8      1.907213153479      4.068928080072      2.537652404808
    8     -1.903050183890     -4.048410965472      2.518008518559
    8      5.753318491164      1.367557536143      2.543676686023
    8     -5.753852113649     -1.361645126669      2.540828002656
    8      5.754293220704     -1.352367869708      2.530655981109
    8     -5.751265413738      1.368510980602      2.539652464864
    8      5.668198867446      6.775464579861      2.594169690623
    8     -5.734027893182     -6.773976501253      2.542894881621
    8      5.748162915635     -6.749177376209      2.528567916468
    8     -5.716683096937      6.772684005626      2.504909664153
    8      5.742753477155     -4.046856986429      2.544577079849
    8     -5.756818882301      4.054707777241      2.544586961651
    8      5.762995520984      4.056996333958      2.518626838274
    8     -5.739535422886     -4.048497780587      2.548492899888
  258      1.914345861964      2.708687653469      0.647580686580
  258     -1.920027599487     -2.706126756740      0.645536501455
  258      1.920106881078     -2.712126520413      0.648470920881
  258     -1.918291388466      2.714655357804      0.651757591331
  258      1.917798707689      8.138238992278      0.659600545443
  258     -1.914778971174     -8.133925830139      0.653157045223
  258      5.758230712609      2.707659161850      0.646204472555
  258     -5.752548264349     -2.710378763222      0.653231937021
  258      5.752609002228     -2.714110225888      0.651479645574
  258     -5.752251113169      2.714831404834      0.651031549587
  258      5.748547591498     -8.134577767940      0.685163476337
  258     -5.750248495305     -8.133029475836      0.666358366075
    8      0.000647503722      4.062134081133      0.693724849256
    8     -0.000317799760     -4.055479607662      0.677780476998
    8     -0.004498167043     -6.789189345548      0.678575870260
    8      0.030065359583      6.784910363158      0.726860008658
    8      0.001196246474     -1.361595429485      0.693225542887
    8      0.000623228471      1.365801434867      0.691942872487
    8      3.831596481839      4.057988227447      0.699218028416
    8     -3.836668683101     -4.055371251455      0.688113882652
    8      3.837476214419     -4.069034338062      0.691186524725
    8     -3.835966111280      4.062494059599      0.694176776313
    8      3.820358106789     -6.803257627811      0.702478109076
    8     -3.819551760992      6.793855691528      0.677405163827
    8      3.823488535784      6.768842748371      0.694758332110
    8     -3.829108334085     -6.785595291051      0.691259570095
    8      3.834725016032     -1.366200258281      0.691692308757
    8     -3.833735116240      1.367614227508      0.692420523200
    8      3.836698944477      1.362838084056      0.693256764011
    8     -3.837664246139     -1.359985047989      0.691655151677
    8     -7.665323730649      4.057904853487      0.680628034181
    8      7.672510257253     -4.055962640529      0.691961354948
    8      7.676941033672     -6.792484703160      0.695148191423
    8      7.644474541991      6.792124466768      0.718772235883
    8     -7.668421174162     -1.364444234993      0.691380158396
    8     -7.672296503222      1.363833458728      0.692706228674
  258     -0.000514030934      0.000282347447     -1.135809001059
  258      0.002740426782      5.425337355487     -1.131292012981
  258     -0.000162027478     -5.424061239449     -1.139306942008
  258      3.836452076917     -0.001159748255     -1.134521811681
  258     -3.836661468449      0.002536262681     -1.134666060695
  258      3.836649041629      5.425962369381     -1.140201418043
  258     -3.835978529149     -5.424659877553     -1.135099590116
  258      3.836038901493     -5.427199581480     -1.132117389986
  258     -3.835064913318      5.427529460217     -1.132702102173
  258     -7.670086238797     -0.001990481947     -1.134961314006
  258      7.669367530567      5.430139959802     -1.131189047262
  258      7.670958775521     -5.428548528852     -1.130944891216
    8      1.918033591850      1.345831934155     -1.164947828489
    8     -1.917613108418     -1.340119167546     -1.167749558755
    8      1.918006987329     -1.342822802486     -1.167495108651
    8     -1.916833047841      1.347491678542     -1.165524545517
    8      1.915091128283      6.771857604455     -1.162897665122
    8     -1.919831487126     -6.768897834717     -1.170374057413
    8      1.920029976363     -6.772650888031     -1.161657242041
    8     -1.898561174836      6.769787593367     -1.160168805998
    8      1.921557706497     -4.080808671644     -1.168573875502
    8     -1.916470065524      4.082444042101     -1.164184941974
    8      1.919447392578      4.080602009148     -1.164646047226
    8     -1.919852504369     -4.078008831005     -1.169706274354
    8      5.754188680752      1.344004242697     -1.167185742659
    8     -5.752763292791     -1.343379571169     -1.166187859584
    8      5.753826045224     -1.344738960161     -1.164594579094
    8     -5.753921458610      1.345841729728     -1.164940777521
    8      5.749825341396      6.773803731894     -1.154499004500
    8     -5.751810898730     -6.769156998147     -1.164334254246
    8      5.748934193474     -6.772720123136     -1.148260671415
    8     -5.763753718707      6.770525835536     -1.153844561383
    8      5.753648486559     -4.081449219229     -1.166193109800
    8     -5.750543542556      4.083146999699     -1.167487334202
    8      5.749578686096      4.081990823228     -1.164900314444
    8     -5.755242044558     -4.079947022475     -1.164788368699
  258      1.917668351371      2.712111611715     -3.054331376616
  258     -1.918666101454     -2.712097880915     -3.054496903109
  258      1.918812367553     -2.712691950956     -3.053600937421
  258     -1.917753066752      2.713349283881     -3.052344930101
  258      1.917774137135     -8.136322140745     -3.051241119757
  258     -1.917195361690     -8.136614861735     -3.052006695400
  258      5.754553346767      2.712310202901     -3.054266855117
  258     -5.753942827598     -2.713248761780     -3.051911233326
  258      5.754100586588     -2.713617570784     -3.052479721046
  258     -5.753755521713      2.713765796949     -3.051997400108
  258      5.753502293382     -8.135801576524     -3.043927704201
  258     -5.754113121167     -8.136274110047     -3.048060108606
    8      0.000130560545     -1.317845709095     -3.044863101263
    8      0.000731865764      1.318864289769     -3.044434743824
    8      0.001002299712      4.107135281494     -3.042135640138
    8      0.000471369959     -4.105874300511     -3.046175783921
    8      0.001363933752     -6.743888528757     -3.045196388690
    8      0.001984921895      6.741629945716     -3.044920489577
    8      3.836433932044     -1.318584357734     -3.044182535745
    8     -3.835720587665      1.320078313962     -3.044035875740
    8      3.835588419786      1.318337663343     -3.044399449539
    8     -3.835814209252     -1.317121259946     -3.044677200427
    8      3.835474846892      4.106031949982     -3.045261906582
    8     -3.836792328151     -4.105822285488     -3.045675053980
    8      3.836578445349     -4.107990799661     -3.044781270250
    8     -3.834548246359      4.107885647953     -3.045202132888
    8      3.837479969086     -6.743904025026     -3.041709095046
    8     -3.835622505000      6.743864034081     -3.038146628882
    8      3.836177348114      6.742022815783     -3.042231565965
    8     -3.836692207598     -6.743622802245     -3.045666226001
    8      7.671308045349     -1.318929576195     -3.044247671135
    8     -7.671369586016      1.318534657617     -3.044555386170
    8      7.670400056788      4.108238656481     -3.042404707541
    8      7.671400322808     -4.108193005038     -3.044192401865
    8      7.668802444008     -6.744244513915     -3.040019843403
    8      7.669763149024      6.743281084215     -3.041208204053
  258      0.000000000000      0.000000000000     -4.794687825205
  258      0.000000000000      5.424570039800     -4.794687825205
  258      0.000000000000     -5.424570039800     -4.794687825205
  258      3.835750260160      0.000000000000     -4.794687825205
  258     -3.835750260160      0.000000000000     -4.794687825205
  258      3.835750260160      5.424570039800     -4.794687825205
  258     -3.835750260160     -5.424570039800     -4.794687825205
  258      3.835750260160     -5.424570039800     -4.794687825205
  258     -3.835750260160      5.424570039800     -4.794687825205
  258      7.671500520300      0.000000000000     -4.794687825205
  258      7.671500520300      5.424570039800     -4.794687825205
  258      7.671500520300     -5.424570039800     -4.794687825205
    8      1.917875130080      1.356142509950     -4.794687825205
    8     -1.917875130080     -1.356142509950     -4.794687825205
    8      1.917875130080     -1.356142509950     -4.794687825205
    8     -1.917875130080      1.356142509950     -4.794687825205
    8      1.917875130080      6.780712549750     -4.794687825205
    8     -1.917875130080     -6.780712549750     -4.794687825205
    8      1.917875130080     -6.780712549750     -4.794687825205
    8     -1.917875130080      6.780712549750     -4.794687825205
    8      1.917875130080     -4.068427529850     -4.794687825205
    8     -1.917875130080      4.068427529850     -4.794687825205
    8      1.917875130080      4.068427529850     -4.794687825205
    8     -1.917875130080     -4.068427529850     -4.794687825205
    8      5.753625390240      1.356142509950     -4.794687825205
    8     -5.753625390240     -1.356142509950     -4.794687825205
    8      5.753625390240     -1.356142509950     -4.794687825205
    8     -5.753625390240      1.356142509950     -4.794687825205
    8      5.753625390240      6.780712549750     -4.794687825205
    8     -5.753625390240     -6.780712549750     -4.794687825205
    8      5.753625390240     -6.780712549750     -4.794687825205
    8     -5.753625390240      6.780712549750     -4.794687825205
    8      5.753625390240     -4.068427529850     -4.794687825205
    8     -5.753625390240      4.068427529850     -4.794687825205
    8      5.753625390240      4.068427529850     -4.794687825205
    8     -5.753625390240     -4.068427529850     -4.794687825205
   14      7.375498708658     -7.378998453813      7.308371487737
    8      6.882714917530     -5.794297429405      7.316247395629
    8      7.628010033511     -7.744522988311      8.901407830499
    8     -6.393589154487     -7.534379141808      6.701962038871
    6      5.792662300429     -5.345480377940      6.512696710266
    6     -5.401817553766     -6.541432470114      7.076219535105
    6     -8.611495023658     -7.255056475031      9.897408507572
    6      5.327587183666     -4.019511503771      7.096415604446
    6     -5.598723643719     -5.241303824042      6.311366599010
    6     -8.535801443574     -8.153272903566     11.119964439796
    1      4.436724042026     -3.652411481144      6.571649569478
    1     -4.737216663917     -4.584467129365      6.484404405483
    1     -9.157521370874     -7.751678984089     11.932673144161
    1      5.087974179818     -4.135123779986      8.157602711385
    1      6.136193962476     -3.270706779622      7.044547065554
    1      4.966488818933     -6.071965315004      6.520024653265
    1      6.120471797244     -5.256753443821      5.466109491946
    1      6.459300612166      7.106817989476     10.882983672383
    1     -7.502111779649      8.045659854116     11.479015677750
    1     -8.340118432501     -6.213972131804     10.156586316930
    1      5.690891777776     -7.224250596025      9.517430694471
    1     -5.439478912613     -6.397220500074      8.164386551168
    1     -4.432153829092     -6.979436164508      6.805591212883
    1     -6.537961188703     -4.755991559293      6.581512055577
    1     -5.621269954342     -5.431775340808      5.237798475663
    8      6.309322696999     -8.261620583686      6.531503459134
    6      3.752922566703      6.070438105657      5.973290012366
    6      2.321728562914      5.542520562416      6.160059371953
    1      1.868661145909      5.321768978447      5.191890635124
    1      4.012729778748      6.808685978637      6.751520806092
    1      4.472665882824      5.247312319739      6.038730483601
    1      2.282340239266      4.634739933358      6.776590377732
    1      1.654338183846      6.275136093204      6.635040342829
    0    0
