   2   1   1 E -4.5963139212123E+04 DE 1.2E-06(  6)
  0.153430010406E+02  0.000000000000E+00  0.000000000000E+00
  0.000000000000E+00  0.162737101194E+02  0.000000000000E+00
  0.000000000000E+00  0.000000000000E+00  0.500000000000E+03
    1
  0.100000000000E+01  0.000000000000E+00  0.000000000000E+00
  0.000000000000E+00  0.100000000000E+01  0.000000000000E+00
  0.000000000000E+00  0.000000000000E+00  0.100000000000E+01
  0.000000000000E+00  0.000000000000E+00  0.000000000000E+00
  249
  258      1.912223178587      2.693203040193      4.265655515573
  258     -1.913588403087     -2.702854487471      4.261394816324
  258      1.916292398502     -2.721535383727      4.261001993743
  258     -1.927357488525      2.713854007984      4.264824279989
  258      1.825187232885     -8.079624815817      4.284731727937
  258     -1.948922777649     -8.127349088284      4.267631778002
  258      5.771855541960      2.705936990767      4.259082489341
  258     -5.751923178381     -2.698857663521      4.276332856644
  258      5.757722217523     -2.706248708467      4.260856734580
  258     -5.752399061102      2.718820893947      4.266468825906
  258      5.814604861410     -8.113949100873      4.337799629787
  258     -5.751507497481     -8.138185253705      4.298044654662
    8     -0.009032877064      3.987040372415      4.376370272075
    8      0.002322098745     -3.977154378327      4.368882997729
    8     -0.005751020627     -6.842617172077      4.407199004749
    8     -0.019979051836      6.892265417412      4.366201907337
    8      0.001578896898     -1.434993943593      4.372269710365
    8      0.010262411576      1.444294235333      4.377112831001
    8      3.852033958506      3.940744561428      4.287591099604
    8     -3.774210733140     -3.950696221239      4.333970839260
    8      3.796110535299     -4.032194875875      4.355990150959
    8     -3.831208940001      3.985344524910      4.372118630914
    8      3.767176827990     -6.990711971239      4.309995293570
    8     -3.825480049486      6.874940079575      4.381886766387
    8      3.857562621177      6.688916541840      4.697912483091
    8     -3.789348405301     -6.853291279577      4.366916717554
    8      3.843899560632     -1.471192549919      4.377055071694
    8     -3.833549156535      1.449602544608      4.377915924683
    8      3.819955628493      1.418910773598      4.389301371371
    8     -3.851606800918     -1.423799007641      4.384460935166
    8      7.655295967613      3.985991024071      4.374760628346
    8     -7.671495564019     -3.935275407151      4.335784074501
    8     -7.680517798683     -6.833250120988      4.305025149059
    8     -7.605710553847      6.887431865019      4.255090314973
    8      7.674000391844     -1.421954886948      4.378910941903
    8     -7.667706119783      1.448510436567      4.372855094431
  258     -0.001239323649     -0.001964276846      2.595467005794
  258     -0.000967703379      5.422822638349      2.607281066670
  258     -0.016321637347     -5.404006544153      2.579289028990
  258      3.836276239950     -0.001981547044      2.599778288903
  258     -3.838087453801      0.003244005160      2.598769352352
  258      3.835934417636      5.392494890754      2.566918077752
  258     -3.835300172952     -5.415444660775      2.592856934021
  258      3.833243751468     -5.438009882506      2.599160753111
  258     -3.836170585882      5.429418132124      2.595285687179
  258     -7.666774135948     -0.000806670455      2.595632715593
  258     -7.669028338210      5.427764730798      2.591960080482
  258     -7.665363586866     -5.418641496212      2.593097894531
    8      1.918196372867      1.369204710316      2.534803165605
    8     -1.921746007307     -1.356041906948      2.537562464411
    8      1.921256197234     -1.361594952293      2.540757236916
    8     -1.916730099014      1.368908348966      2.541778313797
    8      1.988263854804      6.808245765853      2.618659672872
    8     -1.907793894341     -6.785282967194      2.532760261749
    8      1.867653767489     -6.776959787278      2.530676127246
    8     -1.920822783749      6.790506409752      2.537475032924
    8      1.907258334361     -4.054784800010      2.524574473423
    8     -1.910817156814      4.062449775562      2.539542347662
    8      1.906518071996      4.067628040367      2.538067903855
    8     -1.904134233759     -4.049389551879      2.518821902953
    8      5.751966458115      1.365987607523      2.543360637721
    8     -5.754120696920     -1.362757015344      2.538986244009
    8      5.754602999261     -1.353622252534      2.532555190231
    8     -5.751597230232      1.367074755811      2.540352837423
    8      5.667653340356      6.772971795503      2.591462548196
    8     -5.734146670654     -6.775140709193      2.543135966648
    8      5.747809704536     -6.749344093245      2.527820191482
    8     -5.716212492143      6.771984907809      2.504240296575
    8      5.742177250901     -4.047761918404      2.543026720008
    8     -5.756696152069      4.053243764499      2.544252152146
    8      5.763705168824      4.055584073985      2.517789623266
    8     -5.740258894286     -4.049781622911      2.549863641472
  258      1.913914578758      2.707705038097      0.647494793192
  258     -1.920458754233     -2.706790898638      0.645708280755
  258      1.919725045098     -2.712597159410      0.648649527312
  258     -1.918431120507      2.714021739893      0.651695502915
  258      1.917588757459      8.137478323797      0.659425889639
  258     -1.915217269941     -8.134527378545      0.653008663262
  258      5.758111619084      2.706600659385      0.646189723169
  258     -5.752830158707     -2.710945222687      0.653425214489
  258      5.752456061473     -2.714465222076      0.651722538700
  258     -5.752396371407      2.713978194494      0.651195227870
  258      5.748594751390     -8.135566408668      0.683299353817
  258     -5.750245692343     -8.133658742470      0.666985625461
    8     -0.000036599402      4.061554341350      0.694168395017
    8     -0.000446387843     -4.055491998439      0.678379372066
    8     -0.005544113536     -6.789399298532      0.678507458812
    8      0.030499877649      6.784260913189      0.726808238774
    8      0.000256781626     -1.361866131139      0.693086654168
    8      0.000235316398      1.365339067963      0.691804028899
    8      3.831064580734      4.056514720152      0.699343475247
    8     -3.837549899908     -4.055825903787      0.688913038489
    8      3.836268200868     -4.069437078055      0.690686296494
    8     -3.836320503180      4.062099297486      0.693779245788
    8      3.820348664518     -6.803765479462      0.702159326710
    8     -3.819289733890      6.793533031658      0.677050403877
    8      3.822329597237      6.768107363449      0.694275942443
    8     -3.828866175296     -6.786084739621      0.691337359833
    8      3.835211242186     -1.367124525117      0.692570805281
    8     -3.834426784974      1.367272316487      0.692742499569
    8      3.836444507552      1.361314692803      0.692604047516
    8     -3.837428413333     -1.360418235613      0.690919789045
    8     -7.664721511967      4.057232194289      0.680006660495
    8      7.673335695733     -4.056512657529      0.692247041498
    8      7.675930917522     -6.793339454102      0.694577557673
    8      7.644869937329      6.791639997935      0.717947169821
    8     -7.669775867409     -1.365040493491      0.691174370223
    8     -7.672591627779      1.363206261114      0.693336150722
  258     -0.000738638976     -0.000225246519     -1.135886454097
  258      0.002612225783      5.424916583950     -1.131279903689
  258     -0.000325797730     -5.424575478084     -1.139363460011
  258      3.836367868534     -0.001750386790     -1.134541899305
  258     -3.836698508686      0.002131634013     -1.134705227741
  258      3.836442005167      5.425303458089     -1.140406267344
  258     -3.836342576853     -5.425226968869     -1.134771045318
  258      3.836026248323     -5.427506797978     -1.132359453990
  258     -3.835338919359      5.427036309837     -1.132853688724
  258     -7.670003838751     -0.002450892936     -1.134908912771
  258      7.669487828659      5.429516553471     -1.131246200252
  258      7.671240765829     -5.428684634313     -1.130766744905
    8      1.917639801339      1.345401277624     -1.165468628379
    8     -1.917709187928     -1.340710050582     -1.168261762428
    8      1.917760876421     -1.343433727738     -1.166825468719
    8     -1.917405983931      1.346709665829     -1.165132816779
    8      1.914911456276      6.771203637901     -1.163501712306
    8     -1.919977356281     -6.769308154953     -1.170883658006
    8      1.919735631806     -6.773492355396     -1.161249012719
    8     -1.898343675338      6.769203896777     -1.160102542364
    8      1.920884868530     -4.081463792637     -1.168890539929
    8     -1.916552947919      4.081652874238     -1.164224576954
    8      1.918989107621      4.080259962000     -1.164250338776
    8     -1.920103067989     -4.078578577769     -1.168923557157
    8      5.754314254590      1.343440746056     -1.167540510539
    8     -5.753567010909     -1.343704841957     -1.166046291796
    8      5.753142888681     -1.345436651588     -1.164867333852
    8     -5.754176780271      1.345386753577     -1.164848204435
    8      5.749349776790      6.773107659498     -1.154709435820
    8     -5.752043117765     -6.769270446380     -1.163956887864
    8      5.748431975846     -6.773441573281     -1.149072791828
    8     -5.763258533378      6.770039584503     -1.153919189050
    8      5.753825700191     -4.082281077853     -1.165721777777
    8     -5.750484785041      4.082572813394     -1.168054233892
    8      5.749332747945      4.081508799626     -1.164597319297
    8     -5.755221819505     -4.080133240023     -1.164792045014
  258      1.917620409352      2.711898478357     -3.054356290187
  258     -1.918850973971     -2.712290268849     -3.054434896894
  258      1.918558507053     -2.712880034605     -3.053589698025
  258     -1.917835133762      2.713201898739     -3.052406105007
  258      1.917719793150     -8.136475552582     -3.051260888615
  258     -1.917318891859     -8.136826535986     -3.052137178922
  258      5.754521938463      2.712103828724     -3.054245692218
  258     -5.753936761960     -2.713396588823     -3.051857063651
  258      5.754062499152     -2.713862816846     -3.052432664609
  258     -5.753870026074      2.713525016052     -3.051959243786
  258      5.753518185752     -8.135937540767     -3.044358910871
  258     -5.754181748269     -8.136396492367     -3.047988754431
    8      0.000297164852     -1.318016997623     -3.044936085539
    8      0.000222551966      1.318679577045     -3.044406960606
    8      0.000981083361      4.106917163474     -3.042087644340
    8      0.000049264144     -4.105885102090     -3.046102695157
    8      0.001549425192     -6.743827607578     -3.045339149877
    8      0.001771648863      6.741597156654     -3.045104566216
    8      3.836110917693     -1.318415335549     -3.044267444657
    8     -3.835828898875      1.319575713625     -3.044029602038
    8      3.835528317513      1.318417457729     -3.044294526299
    8     -3.836175697555     -1.317720605439     -3.044528347271
    8      3.835251465838      4.105984356046     -3.045122606033
    8     -3.836702741379     -4.106221366869     -3.045479005038
    8      3.836502159134     -4.107682641783     -3.044666799201
    8     -3.834425051322      4.107448158645     -3.045445547457
    8      3.837068500403     -6.743752475301     -3.041958903334
    8     -3.835579876041      6.743631338963     -3.038210940626
    8      3.836219656524      6.741971608556     -3.042335585955
    8     -3.836978035087     -6.743944071692     -3.045611924052
    8      7.671158099007     -1.318887024654     -3.044164091182
    8     -7.671325379087      1.318612469196     -3.044584597280
    8      7.670193733513      4.108161774349     -3.042482699155
    8      7.671294259364     -4.108304033175     -3.044179650631
    8      7.668849638969     -6.744371581104     -3.040079362306
    8      7.669715866667      6.743291793764     -3.041133566937
  258      0.000000000000      0.000000000000     -4.794687825205
  258      0.000000000000      5.424570039800     -4.794687825205
  258      0.000000000000     -5.424570039800     -4.794687825205
  258      3.835750260160      0.000000000000     -4.794687825205
  258     -3.835750260160      0.000000000000     -4.794687825205
  258      3.835750260160      5.424570039800     -4.794687825205
  258     -3.835750260160     -5.424570039800     -4.794687825205
  258      3.835750260160     -5.424570039800     -4.794687825205
  258     -3.835750260160      5.424570039800     -4.794687825205
  258      7.671500520300      0.000000000000     -4.794687825205
  258      7.671500520300      5.424570039800     -4.794687825205
  258      7.671500520300     -5.424570039800     -4.794687825205
    8      1.917875130080      1.356142509950     -4.794687825205
    8     -1.917875130080     -1.356142509950     -4.794687825205
    8      1.917875130080     -1.356142509950     -4.794687825205
    8     -1.917875130080      1.356142509950     -4.794687825205
    8      1.917875130080      6.780712549750     -4.794687825205
    8     -1.917875130080     -6.780712549750     -4.794687825205
    8      1.917875130080     -6.780712549750     -4.794687825205
    8     -1.917875130080      6.780712549750     -4.794687825205
    8      1.917875130080     -4.068427529850     -4.794687825205
    8     -1.917875130080      4.068427529850     -4.794687825205
    8      1.917875130080      4.068427529850     -4.794687825205
    8     -1.917875130080     -4.068427529850     -4.794687825205
    8      5.753625390240      1.356142509950     -4.794687825205
    8     -5.753625390240     -1.356142509950     -4.794687825205
    8      5.753625390240     -1.356142509950     -4.794687825205
    8     -5.753625390240      1.356142509950     -4.794687825205
    8      5.753625390240      6.780712549750     -4.794687825205
    8     -5.753625390240     -6.780712549750     -4.794687825205
    8      5.753625390240     -6.780712549750     -4.794687825205
    8     -5.753625390240      6.780712549750     -4.794687825205
    8      5.753625390240     -4.068427529850     -4.794687825205
    8     -5.753625390240      4.068427529850     -4.794687825205
    8      5.753625390240      4.068427529850     -4.794687825205
    8     -5.753625390240     -4.068427529850     -4.794687825205
   14      7.368344263441     -7.412101040544      7.313196095492
    8      6.875286487334     -5.827974838906      7.350707698960
    8      7.589106837907     -7.840320468929      8.894107073021
    8     -6.396160676380     -7.540002415946      6.718453538934
    6      5.801241416614     -5.361745987174      6.533711529871
    6     -5.417603444100     -6.530937208468      7.085452823193
    6     -8.865518653278     -7.724021395179      9.777235381991
    6      5.347300744436     -4.029159272072      7.110538580936
    6     -5.622334997461     -5.242785205256      6.304755524556
    6     -8.511306759301     -8.357627593320     11.110085778940
    1      4.456475061674     -3.661349964553      6.585385104403
    1     -4.771528840164     -4.573524475110      6.485459247693
    1     -9.350915175485     -8.274438970183     11.812497258530
    1      5.108389765672     -4.134263009026      8.172981229493
    1      6.160039629643     -3.285391556217      7.049980184776
    1      4.965130854005     -6.077098295813      6.530484366236
    1      6.142916428063     -5.272124029662      5.491371450776
    1      7.071526153405      6.855385198770     10.981364967348
    1     -7.638942759663      8.407046217362     11.554108134449
    1     -9.127507160804     -6.659688334502      9.908098414371
    1      5.593669534246     -8.222669483421      9.339439103707
    1     -5.460732038790     -6.371793775183      8.171546817398
    1     -4.442309980219     -6.961795484178      6.824744670634
    1     -6.570536768198     -4.767980902143      6.558040189070
    1     -5.626368292112     -5.442469177865      5.232748133043
    8      6.300499959394     -8.279957626367      6.519442845159
    6      3.748325632506      6.077859205672      5.971221795128
    6      2.317162381933      5.552858834559      6.163395028843
    1      1.856442483997      5.343429763899      5.196319386309
    1      4.009228158339      6.819650563250      6.745233466011
    1      4.470500136596      5.256601510035      6.044264326870
    1      2.277895240174      4.641372764034      6.776257354430
    1      1.653777987498      6.285247715308      6.648029058990
    0    0
