   2   1   1 E -4.5963139142825E+04 DE-5.2E-06(  5)
  0.153430010406E+02  0.000000000000E+00  0.000000000000E+00
  0.000000000000E+00  0.162737101194E+02  0.000000000000E+00
  0.000000000000E+00  0.000000000000E+00  0.500000000000E+03
    1
  0.100000000000E+01  0.000000000000E+00  0.000000000000E+00
  0.000000000000E+00  0.100000000000E+01  0.000000000000E+00
  0.000000000000E+00  0.000000000000E+00  0.100000000000E+01
  0.000000000000E+00  0.000000000000E+00  0.000000000000E+00
  249
  258      1.913025309940      2.693701703264      4.265483688511
  258     -1.913295359722     -2.702369323851      4.261234470466
  258      1.916976810357     -2.721488591882      4.260688806011
  258     -1.927232711800      2.713256472844      4.264724167357
  258      1.824814209004     -8.080175520886      4.284935367274
  258     -1.949314595217     -8.127305451724      4.266746913414
  258      5.770287386469      2.704461273053      4.257997785162
  258     -5.751874767749     -2.698737589690      4.275695645091
  258      5.758020229486     -2.706622568405      4.260687250413
  258     -5.753612080144      2.719872587216      4.265730565547
  258      5.815174900144     -8.113055252794      4.338023243897
  258     -5.752038244561     -8.139025598386      4.299082823176
    8     -0.008285635874      3.987425992617      4.374975886513
    8      0.001207233866     -3.977426378005      4.368299740188
    8     -0.004780854645     -6.842567466720      4.407719875790
    8     -0.019779706999      6.892591486974      4.366402324633
    8      0.002983497761     -1.434846620875      4.372500720567
    8      0.008602066477      1.444708149094      4.377988753743
    8      3.850431714142      3.940781559052      4.290238199632
    8     -3.776042572049     -3.950240497270      4.331726770464
    8      3.793758678059     -4.030039811590      4.357066808626
    8     -3.832348665644      3.985311076867      4.370888048081
    8      3.768814102438     -6.988475865673      4.306001500095
    8     -3.826377466722      6.874750393320      4.378977517595
    8      3.857305376702      6.690175799051      4.697435459056
    8     -3.786566355616     -6.852910160761      4.370753541205
    8      3.844871342804     -1.469191781109      4.376638296968
    8     -3.832352534825      1.449227068059      4.377647888207
    8      3.823828333372      1.419822190039      4.386763598891
    8     -3.850175765879     -1.423813234976      4.385040112802
    8      7.657017789676      3.986362869090      4.373802186928
    8     -7.673086843018     -3.933952411231      4.334881040353
    8     -7.681733984440     -6.833894506607      4.303797664709
    8     -7.606903310577      6.886895642710      4.256978283801
    8      7.674720436515     -1.420640135924      4.378935262300
    8     -7.667222511540      1.448736605012      4.373997819604
  258     -0.000666455334     -0.002066747327      2.595390901978
  258     -0.000778036274      5.422691762810      2.607279631400
  258     -0.016101982265     -5.403678992058      2.579426447889
  258      3.836639616878     -0.003233678675      2.598786162683
  258     -3.837976214753      0.003729776768      2.598583811447
  258      3.836158363419      5.392842343780      2.566603952065
  258     -3.835149433527     -5.416183294504      2.593353685819
  258      3.832788365604     -5.438397930706      2.598902985282
  258     -3.836161477028      5.428928292210      2.594413589822
  258     -7.666162730030     -0.000964735719      2.596259124209
  258     -7.669469457761      5.428399308488      2.592284415721
  258     -7.665083494431     -5.419237370370      2.591921844130
    8      1.918087404237      1.368974172085      2.536574857851
    8     -1.920454519352     -1.355524638133      2.537606419603
    8      1.921606164185     -1.361385949063      2.540303217471
    8     -1.916589441551      1.369372968347      2.541040077382
    8      1.988331784388      6.808365449504      2.618668031008
    8     -1.908231044774     -6.784999420250      2.532441930645
    8      1.867361163506     -6.776719556613      2.530830871071
    8     -1.920582506878      6.790286369333      2.536594967098
    8      1.907158509427     -4.054390568877      2.524020311199
    8     -1.910489635180      4.062847467010      2.539242844653
    8      1.907711875158      4.067020146489      2.538109338709
    8     -1.904090149881     -4.049041880378      2.518450822084
    8      5.753841889467      1.365612498029      2.540909411552
    8     -5.753647979857     -1.362786636333      2.538860737026
    8      5.754975200090     -1.353800977124      2.531908180850
    8     -5.751579660648      1.367482918100      2.539813558770
    8      5.666960680844      6.773604373784      2.591498736449
    8     -5.733441152408     -6.774861299010      2.547131475945
    8      5.748886366824     -6.748801271051      2.525741366922
    8     -5.718036240008      6.772753810630      2.505238680029
    8      5.740674902112     -4.048516611069      2.543993730571
    8     -5.757132715393      4.053843982938      2.541927558660
    8      5.761688536382      4.055745578080      2.519328014629
    8     -5.741470707009     -4.049917108991      2.549304333686
  258      1.914202489402      2.707570770694      0.647326466639
  258     -1.920846956088     -2.706644267700      0.645913317006
  258      1.919406160282     -2.712854863411      0.648081361964
  258     -1.918364634194      2.713927834117      0.651673484617
  258      1.917113099641      8.137420427561      0.659212416246
  258     -1.915183138492     -8.134553441875      0.652355589792
  258      5.758369161163      2.706962342919      0.645600049404
  258     -5.753045040683     -2.711362742534      0.652903299601
  258      5.752470311089     -2.714957677754      0.651657073784
  258     -5.752634660513      2.713940804723      0.650692605271
  258      5.747857944365     -8.135113552905      0.683144012014
  258     -5.750352770133     -8.133762749053      0.667060273386
    8      0.000853311019      4.061273714542      0.693830841299
    8     -0.000899429800     -4.056842715918      0.678056763093
    8     -0.005185663997     -6.790414581764      0.678588925641
    8      0.029427241830      6.784243806767      0.726511438387
    8      0.001341889995     -1.362627163932      0.692845571293
    8      0.000967222950      1.364898247341      0.692095185821
    8      3.831376882308      4.058055481208      0.699539920902
    8     -3.837601473240     -4.056084461270      0.688924036992
    8      3.836792920060     -4.069573153889      0.690460927003
    8     -3.835171598634      4.061308547597      0.692963735609
    8      3.819726289128     -6.803789276754      0.701231701140
    8     -3.820533870930      6.793641005500      0.677057263567
    8      3.822664586332      6.767942886367      0.695028245938
    8     -3.830859634235     -6.785582078965      0.692586674202
    8      3.834861997728     -1.366831776894      0.691840208641
    8     -3.833895111061      1.366699559293      0.692160902400
    8      3.835654235922      1.362895162584      0.693206961986
    8     -3.837130561049     -1.361141966616      0.692403669651
    8     -7.666899553314      4.056897268280      0.680465945514
    8      7.671866640919     -4.056931745274      0.692396647497
    8      7.678664438002     -6.792818419574      0.695507487725
    8      7.644276741825      6.791331632800      0.717802587790
    8     -7.668918889198     -1.365811827897      0.691419111836
    8     -7.671545831930      1.363082167246      0.692273885293
  258     -0.001063158792     -0.000231567272     -1.135982005644
  258      0.002649710852      5.424590577577     -1.131219888485
  258     -0.000569133218     -5.424431734991     -1.139450030844
  258      3.836237617017     -0.001616751699     -1.134714040084
  258     -3.837039199240      0.001910142598     -1.134832761780
  258      3.836064649912      5.425537389045     -1.140844702399
  258     -3.836475918881     -5.425039093428     -1.134646029324
  258      3.835519745115     -5.427574272122     -1.132705359274
  258     -3.835198895450      5.427045649597     -1.133064047489
  258     -7.670241349200     -0.002512804296     -1.134757047405
  258      7.669282308495      5.429643174498     -1.131219986194
  258      7.670694504793     -5.428874676010     -1.131713811705
    8      1.917953807171      1.344904998451     -1.165117623046
    8     -1.917986896160     -1.340725709508     -1.167360131370
    8      1.918293709940     -1.343444557427     -1.167701458881
    8     -1.916816782137      1.346680272306     -1.165631898215
    8      1.914908973093      6.771609742827     -1.162547717157
    8     -1.920731969079     -6.769483543802     -1.169869439048
    8      1.919367738735     -6.772676361577     -1.161755138870
    8     -1.899069747038      6.768870662052     -1.160366346363
    8      1.920524877253     -4.081072423141     -1.168744848586
    8     -1.915984162422      4.082165032532     -1.164696869897
    8      1.919618274141      4.080047391283     -1.164667197564
    8     -1.920287624043     -4.078746194772     -1.169608689473
    8      5.754280594703      1.342877420538     -1.166968689481
    8     -5.752046846442     -1.344056312980     -1.165819698923
    8      5.753555657353     -1.345299987714     -1.164716908732
    8     -5.754064016920      1.344956049787     -1.165415319931
    8      5.749269679333      6.773369911329     -1.154740789239
    8     -5.751577227495     -6.769636341773     -1.164088521091
    8      5.749853897496     -6.772956325835     -1.148090791051
    8     -5.764249410339      6.770014133933     -1.153786151006
    8      5.753381116573     -4.081845149156     -1.166049206125
    8     -5.750870484979      4.082838895249     -1.167125510959
    8      5.748615651128      4.081627149981     -1.165700352573
    8     -5.755857857399     -4.080875187864     -1.164587426787
  258      1.917351449727      2.711932409571     -3.054428675311
  258     -1.918952331325     -2.712381738378     -3.054471483980
  258      1.918547762615     -2.712728302520     -3.053915868252
  258     -1.917920176277      2.713077418465     -3.052328052866
  258      1.917421693807     -8.136485146423     -3.051402190226
  258     -1.917491236010     -8.136791244739     -3.052509413876
  258      5.754387729711      2.711966842173     -3.054558066101
  258     -5.754175629035     -2.713389537539     -3.052157960240
  258      5.753959936409     -2.713569723320     -3.052348475400
  258     -5.753798833004      2.713641466717     -3.052072568590
  258      5.753397931629     -8.136112451406     -3.044338401667
  258     -5.754124679603     -8.136423394766     -3.047807442628
    8     -0.000231315766     -1.318061901533     -3.044739351147
    8      0.000717564940      1.318518235917     -3.044469598041
    8      0.001127082467      4.106887064423     -3.042375461311
    8      0.000138283227     -4.106310798314     -3.046396614915
    8      0.000942866490     -6.744292156292     -3.045448844397
    8      0.001993350934      6.741312609169     -3.044936984684
    8      3.836402400288     -1.318894477896     -3.044718382567
    8     -3.835919821968      1.320196502638     -3.044100435805
    8      3.835435966311      1.317903701363     -3.044317746460
    8     -3.835696813621     -1.316921757916     -3.044838075473
    8      3.835153142223      4.106065254859     -3.045605726284
    8     -3.837125631303     -4.105721494209     -3.045504820785
    8      3.836205522606     -4.108358725432     -3.044723566510
    8     -3.834843145679      4.107903870578     -3.045267781398
    8      3.837466055238     -6.744130342361     -3.041729506295
    8     -3.835948003511      6.743789101481     -3.038429084562
    8      3.835841483347      6.742298321585     -3.042246816018
    8     -3.836699735748     -6.743514254718     -3.045847322515
    8      7.671684165436     -1.319522943927     -3.044164673854
    8     -7.671732711322      1.317959061653     -3.044633399341
    8      7.670404254304      4.107902457167     -3.042442288419
    8      7.671319404539     -4.108385877009     -3.044228816887
    8      7.668776673493     -6.744410728638     -3.040445634650
    8      7.669386911105      6.743200323948     -3.041610951342
  258      0.000000000000      0.000000000000     -4.794687825205
  258      0.000000000000      5.424570039800     -4.794687825205
  258      0.000000000000     -5.424570039800     -4.794687825205
  258      3.835750260160      0.000000000000     -4.794687825205
  258     -3.835750260160      0.000000000000     -4.794687825205
  258      3.835750260160      5.424570039800     -4.794687825205
  258     -3.835750260160     -5.424570039800     -4.794687825205
  258      3.835750260160     -5.424570039800     -4.794687825205
  258     -3.835750260160      5.424570039800     -4.794687825205
  258      7.671500520300      0.000000000000     -4.794687825205
  258      7.671500520300      5.424570039800     -4.794687825205
  258      7.671500520300     -5.424570039800     -4.794687825205
    8      1.917875130080      1.356142509950     -4.794687825205
    8     -1.917875130080     -1.356142509950     -4.794687825205
    8      1.917875130080     -1.356142509950     -4.794687825205
    8     -1.917875130080      1.356142509950     -4.794687825205
    8      1.917875130080      6.780712549750     -4.794687825205
    8     -1.917875130080     -6.780712549750     -4.794687825205
    8      1.917875130080     -6.780712549750     -4.794687825205
    8     -1.917875130080      6.780712549750     -4.794687825205
    8      1.917875130080     -4.068427529850     -4.794687825205
    8     -1.917875130080      4.068427529850     -4.794687825205
    8      1.917875130080      4.068427529850     -4.794687825205
    8     -1.917875130080     -4.068427529850     -4.794687825205
    8      5.753625390240      1.356142509950     -4.794687825205
    8     -5.753625390240     -1.356142509950     -4.794687825205
    8      5.753625390240     -1.356142509950     -4.794687825205
    8     -5.753625390240      1.356142509950     -4.794687825205
    8      5.753625390240      6.780712549750     -4.794687825205
    8     -5.753625390240     -6.780712549750     -4.794687825205
    8      5.753625390240     -6.780712549750     -4.794687825205
    8     -5.753625390240      6.780712549750     -4.794687825205
    8      5.753625390240     -4.068427529850     -4.794687825205
    8     -5.753625390240      4.068427529850     -4.794687825205
    8      5.753625390240      4.068427529850     -4.794687825205
    8     -5.753625390240     -4.068427529850     -4.794687825205
   14      7.366009328010     -7.406659893774      7.312233155734
    8      6.875431581711     -5.822137111532      7.343923012353
    8      7.586319868319     -7.829386040908      8.894050957673
    8     -6.398943982143     -7.537952355586      6.718384172011
    6      5.798406004429     -5.357999177646      6.529339404048
    6     -5.419750814250     -6.530122645048      7.085785247092
    6     -8.851952750164     -7.665170072712      9.790025252397
    6      5.343370241217     -4.027187414477      7.108157976553
    6     -5.621082545292     -5.242598386019      6.304055803740
    6     -8.551766845157     -8.398896242457     11.083308193955
    1      4.451035873609     -3.660968324829      6.585301586016
    1     -4.770208041088     -4.574399000354      6.487461313007
    1     -9.373413938074     -8.269703274604     11.802003505365
    1      5.107485490578     -4.133875491325      8.170806811588
    1      6.154457596133     -3.282339689376      7.046340024010
    1      4.964575183836     -6.075202388642      6.527850832247
    1      6.137681305142     -5.267046320608      5.486878730173
    1      6.923965145014      6.802385444996     10.897727544093
    1     -7.630342967258      8.254020176691     11.537207160888
    1     -9.018065824641     -6.592308075130      9.978577136684
    1      5.566362137133     -8.058996180944      9.337084133490
    1     -5.465118150739     -6.369519918077      8.171308270509
    1     -4.444613135717     -6.962486392965      6.827913098950
    1     -6.569440441795     -4.767091589761      6.554380420910
    1     -5.622675682419     -5.441937741944      5.232190020594
    8      6.298309700662     -8.275988686991      6.520029592657
    6      3.750287403208      6.078323605276      5.970729642322
    6      2.318905727453      5.556385040951      6.165875249986
    1      1.857095483672      5.341963468707      5.200507733319
    1      4.014796248422      6.817950376990      6.745211937693
    1      4.470191988498      5.255061919711      6.039943399367
    1      2.278332554242      4.649431521475      6.784350086144
    1      1.657346440077      6.292593762707      6.646373115351
    0    0
