   2   1   1 E -4.5963138884843E+04 DE 1.1E-06(  7)
  0.153430010406E+02  0.000000000000E+00  0.000000000000E+00
  0.000000000000E+00  0.162737101194E+02  0.000000000000E+00
  0.000000000000E+00  0.000000000000E+00  0.500000000000E+03
    1
  0.100000000000E+01  0.000000000000E+00  0.000000000000E+00
  0.000000000000E+00  0.100000000000E+01  0.000000000000E+00
  0.000000000000E+00  0.000000000000E+00  0.100000000000E+01
  0.000000000000E+00  0.000000000000E+00  0.000000000000E+00
  249
  258      1.913238296293      2.692781835953      4.265138313973
  258     -1.912859299558     -2.702100658813      4.261127785575
  258      1.916221170637     -2.720705357079      4.260773331993
  258     -1.926566328155      2.714221853584      4.264420881046
  258      1.825745078364     -8.078877038376      4.284467733685
  258     -1.948690618123     -8.127187526910      4.264700020283
  258      5.771685674380      2.706659483789      4.258685902914
  258     -5.752004879203     -2.698170832559      4.275698986405
  258      5.757422450412     -2.706246288221      4.259374475129
  258     -5.750551942594      2.720171903241      4.266896088840
  258      5.816120308949     -8.112375385116      4.338563619209
  258     -5.751759233843     -8.136604492433      4.299407918815
    8     -0.010058517345      3.986680245842      4.376908778371
    8      0.002368154015     -3.976303337761      4.368403535556
    8     -0.005043494619     -6.841263293752      4.403725013311
    8     -0.019649557350      6.892468728772      4.371477203632
    8      0.002224388099     -1.434536986380      4.373041544742
    8      0.011093496999      1.444263891695      4.376040082085
    8      3.850884833414      3.940792043648      4.286664179235
    8     -3.772068875432     -3.950042994366      4.335635182586
    8      3.798407302284     -4.032341649148      4.354577082487
    8     -3.833744555229      3.986772308158      4.372295919238
    8      3.766763437666     -6.990497003845      4.312441031785
    8     -3.826246399489      6.876145096187      4.376498827401
    8      3.857709806746      6.685707524805      4.694462706128
    8     -3.787510574102     -6.851183993367      4.372380132508
    8      3.842974983431     -1.471750148691      4.376128497770
    8     -3.831987436184      1.451104175542      4.378804829633
    8      3.819034561942      1.418267087829      4.389929463464
    8     -3.855201476465     -1.422466343226      4.381771678559
    8      7.657270712234      3.986403426529      4.375657510149
    8     -7.674655388227     -3.934651946657      4.333183220557
    8     -7.679106687847     -6.832039200021      4.300812819585
    8     -7.605797543896      6.888626607530      4.257600556375
    8      7.681121188132     -1.420997265292      4.380555876847
    8     -7.672758451533      1.448968261407      4.371380089928
  258     -0.001104449967     -0.001408466907      2.594905792489
  258     -0.000568233023      5.422684692258      2.607689845285
  258     -0.016392218210     -5.403301289527      2.578714025174
  258      3.836521838695     -0.001400829875      2.599397662915
  258     -3.838002444982      0.003546145633      2.598222851034
  258      3.835830890779      5.393137947715      2.566781916499
  258     -3.835130398958     -5.414589689558      2.593319929030
  258      3.833675400328     -5.437302224296      2.598409941568
  258     -3.836524970484      5.430002027629      2.594556703550
  258     -7.666358740157      0.000177934674      2.597864470692
  258     -7.668389668278      5.428905143747      2.592984017353
  258     -7.665434650349     -5.417766087674      2.592035035088
    8      1.918607764892      1.369525989426      2.534165678323
    8     -1.921464238927     -1.355596153084      2.538393105079
    8      1.921057277451     -1.361258339573      2.540268647134
    8     -1.916841716639      1.368795706155      2.541346329698
    8      1.987719029808      6.808295824030      2.619308539727
    8     -1.908930391062     -6.784892013380      2.531920444145
    8      1.868382146420     -6.776467245560      2.529036633166
    8     -1.918892857583      6.790120612875      2.536111846969
    8      1.907549756644     -4.054165848897      2.525210780336
    8     -1.911622882045      4.062289280330      2.539813588169
    8      1.905492220840      4.067979464675      2.538023197275
    8     -1.903998185689     -4.048713316706      2.518560880409
    8      5.749475762322      1.366419938670      2.541319048567
    8     -5.755179525554     -1.364031160064      2.534120239861
    8      5.756890362538     -1.352569026869      2.535022283626
    8     -5.750787760553      1.366735540382      2.543401205983
    8      5.668243485352      6.773423855587      2.591754956076
    8     -5.731518888210     -6.775889595089      2.542808439252
    8      5.747329049135     -6.748940776010      2.528911727870
    8     -5.718005730071      6.772062769708      2.504429313602
    8      5.741203455642     -4.046665995036      2.540389306900
    8     -5.756886079073      4.052907053131      2.543193163176
    8      5.764974525772      4.056036112141      2.518395106716
    8     -5.739172935861     -4.050927083303      2.551003948602
  258      1.913942105719      2.707852976116      0.647258855351
  258     -1.920350104948     -2.706470249937      0.645365012779
  258      1.920224421020     -2.712483312176      0.648682403915
  258     -1.918441554008      2.714336538235      0.651461088030
  258      1.918108058546      8.137570971740      0.659351900242
  258     -1.914937882415     -8.134359484234      0.651410754591
  258      5.758452085420      2.706879443443      0.646296439459
  258     -5.752831061927     -2.710592435031      0.653126892453
  258      5.752973581829     -2.713732699817      0.651405893738
  258     -5.752619830060      2.714240288840      0.651338889566
  258      5.749199025583     -8.135410304487      0.683369896094
  258     -5.749731057857     -8.133054291248      0.668336733671
    8     -0.000595704627      4.062221045197      0.694509428500
    8      0.000528037483     -4.054658659577      0.678421846309
    8     -0.006606621381     -6.788952602936      0.677349352149
    8      0.032053172389      6.784339214823      0.727211606176
    8     -0.000333402397     -1.361186454950      0.692928583466
    8      0.000224552037      1.365876866650      0.691725934133
    8      3.831357507104      4.057053989108      0.700548959975
    8     -3.837862220940     -4.054870302246      0.689120931120
    8      3.834500443273     -4.068416777565      0.689327741239
    8     -3.836479924092      4.063320898806      0.693469869237
    8      3.822033689012     -6.803187595528      0.702386048078
    8     -3.819692276200      6.794569380279      0.676699248441
    8      3.821862851854      6.768855383538      0.693952213833
    8     -3.827416190019     -6.784552071841      0.691455148575
    8      3.837020803749     -1.366056688935      0.694250060629
    8     -3.835617277078      1.368382837118      0.692822860224
    8      3.835177550682      1.361823146033      0.690718786995
    8     -3.835671857216     -1.359182550571      0.689902685959
    8     -7.664733868119      4.058329825353      0.679583785972
    8      7.675129105912     -4.055619860553      0.692547763582
    8      7.675046814543     -6.793016402086      0.694154282569
    8      7.645154200852      6.792664602418      0.718411618000
    8     -7.672090455271     -1.363687449735      0.689434606569
    8     -7.671106660705      1.364186924471      0.694801937040
  258     -0.000618441514     -0.000057933379     -1.136043245056
  258      0.002764652608      5.425060711636     -1.131221545814
  258      0.000022324216     -5.424390578438     -1.139660972181
  258      3.836463083326     -0.001569062403     -1.134691043946
  258     -3.836628491043      0.002447134386     -1.134815355853
  258      3.836804918417      5.425274435820     -1.140258461839
  258     -3.836332482607     -5.424873523687     -1.134629531607
  258      3.836426610678     -5.427208823122     -1.132362815058
  258     -3.835640741062      5.427143987747     -1.133128970278
  258     -7.669809282954     -0.002086809738     -1.134526849603
  258      7.669788730343      5.430025650660     -1.130806518254
  258      7.671493486710     -5.428610262610     -1.131251401746
    8      1.916721703292      1.345240012591     -1.166247820024
    8     -1.917317641393     -1.341037850428     -1.169244584197
    8      1.918464369754     -1.343815963464     -1.165989252028
    8     -1.917387999458      1.346395301029     -1.164598653115
    8      1.915061338786      6.770885789424     -1.164313263465
    8     -1.920146412463     -6.769797997323     -1.172127142407
    8      1.920433292435     -6.773877650972     -1.160662496449
    8     -1.897818745374      6.768690687557     -1.160042921453
    8      1.920579340610     -4.081861848987     -1.169783189900
    8     -1.916853902616      4.081026322415     -1.164246471904
    8      1.919281423655      4.080102483222     -1.163879601522
    8     -1.919860684951     -4.078815553995     -1.168320963325
    8      5.755257618752      1.343044066093     -1.166912955554
    8     -5.753487567427     -1.343481962209     -1.165702410200
    8      5.751639789447     -1.346310950213     -1.166222687926
    8     -5.754331737393      1.345677427112     -1.165221175137
    8      5.749441195897      6.772603017737     -1.154274596924
    8     -5.751686051466     -6.769034931596     -1.162519328066
    8      5.748267260931     -6.773839703322     -1.149760014005
    8     -5.763053692265      6.770116646519     -1.154010217672
    8      5.755073331772     -4.082970219818     -1.163845631113
    8     -5.750372908207      4.082558449472     -1.168279682732
    8      5.748759465016      4.080981462442     -1.164368701284
    8     -5.755147146908     -4.079904922033     -1.165767036914
  258      1.917798741830      2.711865151552     -3.054449792685
  258     -1.918812226409     -2.712185824053     -3.054488089734
  258      1.918619218887     -2.712901984952     -3.053514180758
  258     -1.917808698693      2.713239418691     -3.052467874304
  258      1.917959738937     -8.136530511169     -3.051225681768
  258     -1.917122779846     -8.136785188169     -3.052728694017
  258      5.754758870253      2.712317774561     -3.053998561822
  258     -5.753785056957     -2.713198308498     -3.051846714898
  258      5.754087354720     -2.713870794403     -3.052511737645
  258     -5.753991669493      2.713526735072     -3.051962454482
  258      5.753645252927     -8.135903482508     -3.044509425833
  258     -5.754085332427     -8.136250951239     -3.047520856560
    8      0.000832184485     -1.317774224035     -3.044982695616
    8     -0.000070347756      1.318892610653     -3.044744929713
    8      0.001080267464      4.107260114416     -3.041910413610
    8     -0.000036864189     -4.105682138306     -3.046324643316
    8      0.001966398225     -6.743645039795     -3.045259506327
    8      0.001849424925      6.741806752049     -3.044968334506
    8      3.835669327265     -1.317663939487     -3.044684428051
    8     -3.835505239202      1.319807962317     -3.044000482879
    8      3.835973247608      1.319162540685     -3.043924394449
    8     -3.836355339343     -1.317520261025     -3.044650015546
    8      3.835288704357      4.106572643343     -3.045310423755
    8     -3.836318025222     -4.105842249635     -3.045573385888
    8      3.837225596973     -4.106937578209     -3.044342220995
    8     -3.834287022641      4.107811205938     -3.045642251500
    8      3.837007345550     -6.743057762176     -3.042149892757
    8     -3.835240821755      6.743934879306     -3.038193677569
    8      3.836642323331      6.742301986327     -3.042297766430
    8     -3.837285917127     -6.743511480478     -3.045464706018
    8      7.671210148643     -1.318525740713     -3.043856231351
    8     -7.671348514544      1.318906470147     -3.044894830811
    8      7.670054439007      4.108528422033     -3.042305389672
    8      7.671030187817     -4.108304743058     -3.044411689659
    8      7.669373861575     -6.744222638862     -3.039874878000
    8      7.669786051816      6.743516818145     -3.040880337889
  258      0.000000000000      0.000000000000     -4.794687825205
  258      0.000000000000      5.424570039800     -4.794687825205
  258      0.000000000000     -5.424570039800     -4.794687825205
  258      3.835750260160      0.000000000000     -4.794687825205
  258     -3.835750260160      0.000000000000     -4.794687825205
  258      3.835750260160      5.424570039800     -4.794687825205
  258     -3.835750260160     -5.424570039800     -4.794687825205
  258      3.835750260160     -5.424570039800     -4.794687825205
  258     -3.835750260160      5.424570039800     -4.794687825205
  258      7.671500520300      0.000000000000     -4.794687825205
  258      7.671500520300      5.424570039800     -4.794687825205
  258      7.671500520300     -5.424570039800     -4.794687825205
    8      1.917875130080      1.356142509950     -4.794687825205
    8     -1.917875130080     -1.356142509950     -4.794687825205
    8      1.917875130080     -1.356142509950     -4.794687825205
    8     -1.917875130080      1.356142509950     -4.794687825205
    8      1.917875130080      6.780712549750     -4.794687825205
    8     -1.917875130080     -6.780712549750     -4.794687825205
    8      1.917875130080     -6.780712549750     -4.794687825205
    8     -1.917875130080      6.780712549750     -4.794687825205
    8      1.917875130080     -4.068427529850     -4.794687825205
    8     -1.917875130080      4.068427529850     -4.794687825205
    8      1.917875130080      4.068427529850     -4.794687825205
    8     -1.917875130080     -4.068427529850     -4.794687825205
    8      5.753625390240      1.356142509950     -4.794687825205
    8     -5.753625390240     -1.356142509950     -4.794687825205
    8      5.753625390240     -1.356142509950     -4.794687825205
    8     -5.753625390240      1.356142509950     -4.794687825205
    8      5.753625390240      6.780712549750     -4.794687825205
    8     -5.753625390240     -6.780712549750     -4.794687825205
    8      5.753625390240     -6.780712549750     -4.794687825205
    8     -5.753625390240      6.780712549750     -4.794687825205
    8      5.753625390240     -4.068427529850     -4.794687825205
    8     -5.753625390240      4.068427529850     -4.794687825205
    8      5.753625390240      4.068427529850     -4.794687825205
    8     -5.753625390240     -4.068427529850     -4.794687825205
   14      7.379037975049     -7.390419784500      7.309431148454
    8      6.893720624335     -5.803615436528      7.327720169494
    8      7.599857668180     -7.788852280618      8.899084837055
    8     -6.385136753782     -7.539337051767      6.719049027740
    6      5.805427331828     -5.345748825543      6.526119994460
    6     -5.399492916940     -6.538636183606      7.090931461294
    6     -8.810566922918     -7.535108007881      9.813220414379
    6      5.350075057610     -4.017005543050      7.111195815304
    6     -5.595444543789     -5.244293982065      6.316755524634
    6     -8.586027968255     -8.342619803976     11.077629069253
    1      4.452935461927     -3.648880482409      6.596563682721
    1     -4.742227946664     -4.578994477660      6.502301285109
    1     -9.373461571399     -8.130261789124     11.818016886390
    1      5.122015594207     -4.128751454295      8.174863229775
    1      6.160279839096     -3.270851666985      7.048715207901
    1      4.974278067267     -6.066548740471      6.533175089754
    1      6.131288376307     -5.254951549542      5.478943829247
    1      6.743279397927      6.856490718522     10.858727653492
    1     -7.614016256534      8.170035821090     11.520243352427
    1     -8.856187871596     -6.453121956227     10.039569346906
    1      5.558981893903     -7.809414784878      9.361973520644
    1     -5.443197978777     -6.386480798599      8.177859505603
    1     -4.427341565160     -6.975514884230      6.828381540469
    1     -6.543203509518     -4.766468868680      6.569735614602
    1     -5.597072363420     -5.439490387316      5.243261699634
    8      6.309114530911     -8.263053048922      6.522544684814
    6      3.740603801344      6.077654816819      5.968683836106
    6      2.306024028678      5.559525644351      6.153753735550
    1      1.850432677362      5.346441810195      5.185756477325
    1      3.999712720054      6.820153316962      6.743000305703
    1      4.462075980851      5.255216270051      6.046430272476
    1      2.258471413690      4.654665389429      6.772009446910
    1      1.643520541858      6.296779272694      6.627232079996
    0    0
