   2   1   1 E -4.5963139183522E+04 DE-1.1E-05(  4)
  0.153430010406E+02  0.000000000000E+00  0.000000000000E+00
  0.000000000000E+00  0.162737101194E+02  0.000000000000E+00
  0.000000000000E+00  0.000000000000E+00  0.500000000000E+03
    1
  0.100000000000E+01  0.000000000000E+00  0.000000000000E+00
  0.000000000000E+00  0.100000000000E+01  0.000000000000E+00
  0.000000000000E+00  0.000000000000E+00  0.100000000000E+01
  0.000000000000E+00  0.000000000000E+00  0.000000000000E+00
  249
  258      1.912653532541      2.693686515743      4.265690629115
  258     -1.913561661251     -2.702212087935      4.261404134352
  258      1.916524764194     -2.721229257441      4.260899947650
  258     -1.927425561863      2.713516795346      4.264966544054
  258      1.824487437614     -8.079643069196      4.284603219267
  258     -1.949570063349     -8.127137225582      4.267010468804
  258      5.770196023511      2.704961403827      4.258536567876
  258     -5.751945253197     -2.698774005294      4.275889530474
  258      5.757743128677     -2.706364377845      4.260834901471
  258     -5.753422771910      2.719588067444      4.266156986375
  258      5.814737098891     -8.113171440962      4.338060814933
  258     -5.752252608983     -8.138309982130      4.299396267343
    8     -0.008329995369      3.987345214166      4.375550398420
    8      0.001001803343     -3.976920610036      4.368631257400
    8     -0.005578049622     -6.842514915083      4.407293123703
    8     -0.020052317687      6.892594272034      4.366429321082
    8      0.002359651405     -1.434383627429      4.372689130443
    8      0.008715598381      1.444791212723      4.377976401358
    8      3.850015518743      3.941350579768      4.290491487870
    8     -3.776185300412     -3.950384232479      4.332708255277
    8      3.793695927990     -4.030297591866      4.356803556680
    8     -3.832250381852      3.985532707677      4.371514010523
    8      3.767898184286     -6.988726922079      4.307398721743
    8     -3.826495870329      6.875085882687      4.379912237887
    8      3.856057233101      6.689878209993      4.699427712902
    8     -3.787273698468     -6.852581418742      4.370713574301
    8      3.844328726318     -1.469168834096      4.376755503138
    8     -3.832625347653      1.449412871844      4.377817784439
    8      3.823335417717      1.419823173742      4.387455860004
    8     -3.850582330805     -1.423725390588      4.384884742514
    8      7.656834494843      3.986091962050      4.373723564466
    8     -7.672764369545     -3.933989647507      4.335531249709
    8     -7.682237930143     -6.833258691910      4.304436166164
    8     -7.606425625823      6.887024167790      4.257175076854
    8      7.674236255943     -1.420718493784      4.379009565015
    8     -7.667551270511      1.448622712677      4.373925984324
  258     -0.001125471825     -0.001885762935      2.595614345957
  258     -0.001207474035      5.422739813187      2.607442688615
  258     -0.016727436082     -5.403479734047      2.579490089843
  258      3.836317662455     -0.002710082206      2.599217538539
  258     -3.838183898565      0.003690082178      2.598786732908
  258      3.835683166420      5.392794632607      2.566931758515
  258     -3.835577356844     -5.415858732900      2.593639075072
  258      3.832633523564     -5.438052371319      2.599011297737
  258     -3.836385821638      5.429286210323      2.595118045845
  258     -7.666619801465     -0.000760612205      2.596487191817
  258     -7.669328203866      5.428228421341      2.592497350305
  258     -7.665346702290     -5.418672446288      2.592344738742
    8      1.917595412682      1.369210287607      2.536320763011
    8     -1.921047584010     -1.355524812743      2.537728699215
    8      1.921399225405     -1.361273402901      2.540471807693
    8     -1.916760130689      1.369363947340      2.541236954535
    8      1.987741349131      6.808464298816      2.618578540251
    8     -1.908462290730     -6.784905397579      2.532546825580
    8      1.866836643153     -6.776759107306      2.530419731045
    8     -1.920953597905      6.790621716439      2.536991520399
    8      1.906780936290     -4.054140830790      2.524199386348
    8     -1.910834798183      4.062820715580      2.539542563508
    8      1.906970354531      4.067282886881      2.538138825208
    8     -1.904463524494     -4.048778054103      2.518817105786
    8      5.753383612731      1.365840173443      2.541920044311
    8     -5.753916052231     -1.362645680904      2.539041720233
    8      5.754732449574     -1.353439167497      2.532190533140
    8     -5.751623972417      1.367595167197      2.540306009405
    8      5.667034600419      6.773306077455      2.591596596230
    8     -5.733455719342     -6.774989449848      2.546537815214
    8      5.748185678610     -6.748721482948      2.525638777994
    8     -5.717932902330      6.772853895636      2.505435703149
    8      5.740710259972     -4.047714116257      2.544198896692
    8     -5.756980537796      4.053997650417      2.542381932757
    8      5.762059042966      4.055474579688      2.519304485803
    8     -5.741410793058     -4.049468015570      2.549434206111
  258      1.913905477525      2.707588378415      0.647484110297
  258     -1.921037789941     -2.706541460432      0.646020247770
  258      1.919256970356     -2.712676964346      0.648460642008
  258     -1.918620852687      2.713992958370      0.651849217714
  258      1.917002384284      8.137477094082      0.659050987310
  258     -1.915460056124     -8.134465079302      0.652600777410
  258      5.758189213289      2.706839374672      0.646173539458
  258     -5.753126976155     -2.711096990223      0.653227241560
  258      5.752276379430     -2.714747617012      0.651962461506
  258     -5.752674961956      2.714116020649      0.651017258604
  258      5.747946870256     -8.135249341422      0.683256842761
  258     -5.750303554356     -8.133632971270      0.667179836402
    8      0.000502753326      4.061373122566      0.694022736798
    8     -0.000997481614     -4.056399118582      0.678326473378
    8     -0.005636806559     -6.790067932170      0.678377768019
    8      0.029565846606      6.784179942549      0.726591741691
    8      0.000849132272     -1.362414161448      0.692839397680
    8      0.000568966184      1.365048442863      0.692024342479
    8      3.831173948915      4.057659526882      0.699526565267
    8     -3.837683412183     -4.055937248039      0.689047434856
    8      3.836498053425     -4.069375182307      0.690519499870
    8     -3.835520420809      4.061504187319      0.693253340332
    8      3.819685437444     -6.803835752438      0.701313142421
    8     -3.820411146223      6.793627157292      0.677489743708
    8      3.822390682800      6.768080016756      0.694826008611
    8     -3.830530304154     -6.785408616719      0.692488768131
    8      3.834919903592     -1.366655358984      0.692156866585
    8     -3.834199414896      1.366879935402      0.692378878830
    8      3.835654915624      1.362652119735      0.693250921980
    8     -3.837371600755     -1.360786270326      0.691893407224
    8     -7.666491055372      4.056921608059      0.680516811232
    8      7.671794719799     -4.056635499886      0.692299994783
    8      7.678301709426     -6.793007869444      0.695350837685
    8      7.644473704472      6.791630033489      0.718075709340
    8     -7.669215161191     -1.365349706125      0.691386449983
    8     -7.671794256342      1.363129785308      0.692554784612
  258     -0.001084082710     -0.000209965778     -1.135839127034
  258      0.002465183471      5.424633969687     -1.131135508984
  258     -0.000699856248     -5.424416003901     -1.139346532918
  258      3.836213299525     -0.001626702062     -1.134550136858
  258     -3.837078507183      0.002053967657     -1.134678840799
  258      3.836166347171      5.425352272132     -1.140519017829
  258     -3.836567354125     -5.424893602140     -1.134522413204
  258      3.835592850013     -5.427452187161     -1.132455608277
  258     -3.835299951867      5.427049360787     -1.132931350343
  258     -7.670279255097     -0.002448650204     -1.134706824384
  258      7.669326247668      5.429623482390     -1.130995598753
  258      7.670782865064     -5.428827163785     -1.131382089484
    8      1.917816279088      1.345045009379     -1.165180181116
    8     -1.918079249345     -1.340646065439     -1.167522787081
    8      1.918152986632     -1.343421579515     -1.167390324238
    8     -1.916905413242      1.346877842172     -1.165516169123
    8      1.914869095160      6.771394738331     -1.162998394900
    8     -1.920765313575     -6.769433234118     -1.169879631685
    8      1.919360756739     -6.772876511930     -1.161827548085
    8     -1.899026728739      6.769128001990     -1.160322354147
    8      1.920606196755     -4.081100651441     -1.168604925715
    8     -1.916319400569      4.082067444048     -1.164456471884
    8      1.919306572645      4.080028174944     -1.164553845746
    8     -1.920323545463     -4.078505509866     -1.169397304000
    8      5.754129699916      1.343160256761     -1.166963194777
    8     -5.752509459609     -1.343954155992     -1.165748026377
    8      5.753342042735     -1.345329175200     -1.164636378999
    8     -5.754015542628      1.345207738674     -1.165356831253
    8      5.749271342795      6.773274811059     -1.154644314009
    8     -5.751639437341     -6.769588830292     -1.164063316376
    8      5.749564559268     -6.772887207951     -1.148208702289
    8     -5.763910892002      6.769996923176     -1.153970201067
    8      5.753447467770     -4.081790294913     -1.165843739373
    8     -5.750883609889      4.082855997011     -1.167252526208
    8      5.748817629662      4.081556983427     -1.165153042782
    8     -5.755712193720     -4.080572148139     -1.164497916652
  258      1.917447579501      2.711905794463     -3.054404909930
  258     -1.918932625081     -2.712268820600     -3.054389339864
  258      1.918525516459     -2.712765877352     -3.053694515707
  258     -1.917959425305      2.713075394689     -3.052309671840
  258      1.917509361059     -8.136489963737     -3.051377710927
  258     -1.917382858393     -8.136718568895     -3.052360909946
  258      5.754444001365      2.712145270347     -3.054240761378
  258     -5.754114826180     -2.713341741342     -3.051982012995
  258      5.753923663250     -2.713633021845     -3.052254703457
  258     -5.753901817965      2.713614011580     -3.052048409409
  258      5.753539819004     -8.136036398125     -3.044418400865
  258     -5.754090685961     -8.136361808612     -3.047733334819
    8     -0.000152979200     -1.318059852082     -3.044701322076
    8      0.000645708373      1.318654973539     -3.044512295468
    8      0.000988827295      4.106872599859     -3.042302140334
    8      0.000228117271     -4.106160086729     -3.046246864814
    8      0.000936074206     -6.744265096684     -3.045240399387
    8      0.001958416897      6.741440492270     -3.044854880795
    8      3.836372927182     -1.318806799949     -3.044449531599
    8     -3.835802161457      1.320188549236     -3.044053061995
    8      3.835536739058      1.318092180304     -3.044265305511
    8     -3.835827429874     -1.317079307186     -3.044761901841
    8      3.835293524271      4.105834434654     -3.045432968828
    8     -3.837074183960     -4.105694206650     -3.045440192282
    8      3.836223922701     -4.108180844497     -3.044700719038
    8     -3.834712578035      4.107740835035     -3.045256522702
    8      3.837513724182     -6.744220641423     -3.041636526931
    8     -3.835769177997      6.743841108402     -3.038334736440
    8      3.836059082621      6.742082317531     -3.042302850394
    8     -3.836639119508     -6.743610132203     -3.045678319195
    8      7.671492773203     -1.319259899682     -3.043980554083
    8     -7.671597503612      1.318227293428     -3.044588298025
    8      7.670374259778      4.107862101940     -3.042360807486
    8      7.671431913222     -4.108296789040     -3.044200978283
    8      7.668802129701     -6.744410955616     -3.040308367105
    8      7.669469527044      6.743173236966     -3.041347868613
  258      0.000000000000      0.000000000000     -4.794687825205
  258      0.000000000000      5.424570039800     -4.794687825205
  258      0.000000000000     -5.424570039800     -4.794687825205
  258      3.835750260160      0.000000000000     -4.794687825205
  258     -3.835750260160      0.000000000000     -4.794687825205
  258      3.835750260160      5.424570039800     -4.794687825205
  258     -3.835750260160     -5.424570039800     -4.794687825205
  258      3.835750260160     -5.424570039800     -4.794687825205
  258     -3.835750260160      5.424570039800     -4.794687825205
  258      7.671500520300      0.000000000000     -4.794687825205
  258      7.671500520300      5.424570039800     -4.794687825205
  258      7.671500520300     -5.424570039800     -4.794687825205
    8      1.917875130080      1.356142509950     -4.794687825205
    8     -1.917875130080     -1.356142509950     -4.794687825205
    8      1.917875130080     -1.356142509950     -4.794687825205
    8     -1.917875130080      1.356142509950     -4.794687825205
    8      1.917875130080      6.780712549750     -4.794687825205
    8     -1.917875130080     -6.780712549750     -4.794687825205
    8      1.917875130080     -6.780712549750     -4.794687825205
    8     -1.917875130080      6.780712549750     -4.794687825205
    8      1.917875130080     -4.068427529850     -4.794687825205
    8     -1.917875130080      4.068427529850     -4.794687825205
    8      1.917875130080      4.068427529850     -4.794687825205
    8     -1.917875130080     -4.068427529850     -4.794687825205
    8      5.753625390240      1.356142509950     -4.794687825205
    8     -5.753625390240     -1.356142509950     -4.794687825205
    8      5.753625390240     -1.356142509950     -4.794687825205
    8     -5.753625390240      1.356142509950     -4.794687825205
    8      5.753625390240      6.780712549750     -4.794687825205
    8     -5.753625390240     -6.780712549750     -4.794687825205
    8      5.753625390240     -6.780712549750     -4.794687825205
    8     -5.753625390240      6.780712549750     -4.794687825205
    8      5.753625390240     -4.068427529850     -4.794687825205
    8     -5.753625390240      4.068427529850     -4.794687825205
    8      5.753625390240      4.068427529850     -4.794687825205
    8     -5.753625390240     -4.068427529850     -4.794687825205
   14      7.367028236472     -7.409089208693      7.313823958080
    8      6.874060208967     -5.824908709319      7.349570339438
    8      7.586964631235     -7.833336514034      8.896065199206
    8     -6.397884261675     -7.539610986589      6.718174533786
    6      5.798758195747     -5.359484811390      6.533941177278
    6     -5.418112034509     -6.532065274583      7.085745397631
    6     -8.856827602710     -7.679012700298      9.786364986729
    6      5.344370062839     -4.026885406351      7.111230093133
    6     -5.620898595409     -5.243442523165      6.305031696034
    6     -8.548285334304     -8.394233699438     11.088757979251
    1      4.452847865928     -3.659018359352      6.586964754180
    1     -4.769503475724     -4.575124627429      6.485968497553
    1     -9.374376487905     -8.270054018677     11.800786693283
    1      5.106424984939     -4.132440520012      8.173716703661
    1      6.157017358234     -3.283052812076      7.050368369086
    1      4.962846983683     -6.075207307648      6.531274485328
    1      6.139645690070     -5.270666102838      5.490972890253
    1      6.945430542897      6.808501148189     10.914619703296
    1     -7.635173639637      8.278614012306     11.545937195930
    1     -9.042693453310     -6.605705195550      9.964494972977
    1      5.567589934423     -8.094825179072      9.331539064525
    1     -5.461440605997     -6.372958795119      8.171740632068
    1     -4.443434961207     -6.964060542404      6.825174839422
    1     -6.568597918472     -4.767467566626      6.558038099761
    1     -5.624178186582     -5.443034778101      5.232858493944
    8      6.299067026725     -8.277261704759      6.520194907460
    6      3.745798819184      6.078540337921      5.972744181388
    6      2.313679607855      5.556011676638      6.164428003136
    1      1.853658142587      5.345818914133      5.197191928441
    1      4.008199478555      6.819677344148      6.746908460915
    1      4.466887072817      5.256275203291      6.044293585146
    1      2.272574631632      4.645509059435      6.778679436777
    1      1.651161838326      6.290261335680      6.647399224277
    0    0
