   2   1   1 E -4.5963139247514E+04 DE-7.8E-06(  4)
  0.153430010406E+02  0.000000000000E+00  0.000000000000E+00
  0.000000000000E+00  0.162737101194E+02  0.000000000000E+00
  0.000000000000E+00  0.000000000000E+00  0.500000000000E+03
    1
  0.100000000000E+01  0.000000000000E+00  0.000000000000E+00
  0.000000000000E+00  0.100000000000E+01  0.000000000000E+00
  0.000000000000E+00  0.000000000000E+00  0.100000000000E+01
  0.000000000000E+00  0.000000000000E+00  0.000000000000E+00
  249
  258      1.913003479974      2.693311913078      4.265444221242
  258     -1.913401929748     -2.702698558322      4.261387370074
  258      1.916423767513     -2.721136569464      4.260978253298
  258     -1.926701738939      2.713817433318      4.264934300540
  258      1.825331814992     -8.079621619290      4.284786744324
  258     -1.948563944686     -8.127220591085      4.267505768255
  258      5.772007805260      2.706336834381      4.258785296653
  258     -5.752208523385     -2.698273676042      4.276021002065
  258      5.757575453888     -2.706393258770      4.261071596110
  258     -5.751819889446      2.719317822846      4.266522789080
  258      5.815233157486     -8.113815352850      4.338369272633
  258     -5.751290229572     -8.137949346332      4.298481028458
    8     -0.009341991832      3.986946309067      4.376459747347
    8      0.001583512785     -3.977221347163      4.368592815876
    8     -0.005594901959     -6.842925207188      4.407884417590
    8     -0.019371692984      6.891996169345      4.365925313640
    8      0.002884970970     -1.434896602592      4.372716662795
    8      0.009690098160      1.444388187081      4.376874299700
    8      3.851434009648      3.941094706891      4.287701848851
    8     -3.772791086119     -3.950474701716      4.333579316712
    8      3.796111513362     -4.031594451575      4.356217903032
    8     -3.831698892011      3.985772650332      4.371719953357
    8      3.767494772902     -6.990390667511      4.308795003956
    8     -3.825030803782      6.875087619856      4.381770433343
    8      3.857719442836      6.689371198662      4.698642699952
    8     -3.789479674240     -6.853296030795      4.367156744708
    8      3.844517935336     -1.470805872694      4.376909022362
    8     -3.833498055412      1.449930475803      4.378011709815
    8      3.820376343577      1.419279195060      4.388822211854
    8     -3.851869917349     -1.423601180304      4.383940507387
    8      7.655143247812      3.986312831581      4.375058970414
    8     -7.672823142594     -3.934177714445      4.334812829189
    8     -7.681178293851     -6.832746498089      4.305552160680
    8     -7.605769510064      6.887664926624      4.255634246054
    8      7.676448654135     -1.420801298132      4.379852649473
    8     -7.668998352648      1.449046986246      4.372401723106
  258     -0.000945279272     -0.001954880530      2.595435105638
  258     -0.000622443008      5.422792393704      2.607363696315
  258     -0.016281983583     -5.403645281854      2.579403434873
  258      3.836716210669     -0.001957090090      2.599529457763
  258     -3.837946143889      0.003421226809      2.598562124971
  258      3.836263648565      5.392637366246      2.566695860969
  258     -3.835199768591     -5.415393634572      2.593146192040
  258      3.833300046801     -5.437980924985      2.599320745311
  258     -3.835798619907      5.429580481847      2.595402721526
  258     -7.666561611520     -0.000529777773      2.596694575982
  258     -7.668652160096      5.428341126892      2.592006691110
  258     -7.665353014631     -5.418610002352      2.592798214641
    8      1.918326759862      1.369505850500      2.535105302416
    8     -1.920901451979     -1.355605691772      2.537762915618
    8      1.921397865662     -1.361180573575      2.540802491478
    8     -1.916767467254      1.368932350562      2.541566895928
    8      1.988896943110      6.808837061842      2.618564358988
    8     -1.907311562795     -6.784912870694      2.533142419656
    8      1.867099985952     -6.776652348951      2.530487357824
    8     -1.920858054960      6.790727155025      2.537303162877
    8      1.907674519748     -4.054497173173      2.525069698243
    8     -1.910533176926      4.062602962670      2.539372635942
    8      1.906394001514      4.068191143242      2.538180702761
    8     -1.903856344318     -4.049091407435      2.517870497937
    8      5.751543264242      1.365847316253      2.542048782045
    8     -5.754269459222     -1.362862381651      2.537710281647
    8      5.755596004662     -1.353648027677      2.533214616151
    8     -5.751291677456      1.367295442210      2.541060995711
    8      5.667020971746      6.773470771794      2.592006256155
    8     -5.734634301285     -6.775362318271      2.543796081310
    8      5.748721906177     -6.749348087868      2.527410937961
    8     -5.716130992492      6.771997840732      2.505020566820
    8      5.741289444880     -4.047988199782      2.542840419598
    8     -5.757206872718      4.053521830735      2.544065759194
    8      5.763815778918      4.055802158950      2.517828802864
    8     -5.740263587031     -4.050026811610      2.550459407841
  258      1.914060050506      2.707573495150      0.647305998552
  258     -1.920427925437     -2.706628422038      0.645725937892
  258      1.919784995492     -2.712718790038      0.648616453169
  258     -1.918435367454      2.714010601804      0.651788290133
  258      1.917572278340      8.137495441274      0.659497878791
  258     -1.915048877954     -8.134419158014      0.652807898164
  258      5.758367850745      2.706590875126      0.646232453141
  258     -5.752911442458     -2.711095295001      0.653208630141
  258      5.752763118992     -2.714502860793      0.651994983650
  258     -5.752427819187      2.714106186387      0.651130145026
  258      5.748470238129     -8.135405917911      0.683445995630
  258     -5.749937915232     -8.133443324483      0.667286029352
    8      0.000280296900      4.061661877606      0.693849244124
    8      0.000298458479     -4.055911485805      0.678452453338
    8     -0.005726980293     -6.789692311830      0.678027591880
    8      0.030361420963      6.784369400289      0.727004756651
    8      0.000638514057     -1.362042953445      0.692784672289
    8      0.000456907369      1.365466124498      0.691872096749
    8      3.831193153222      4.057156019232      0.699782624640
    8     -3.838087941604     -4.055692565979      0.689029371651
    8      3.835601613562     -4.069118595884      0.690103374603
    8     -3.836210109024      4.062121737301      0.694088779407
    8      3.820746454920     -6.803606481198      0.702762344715
    8     -3.819818908661      6.793770237594      0.676585648374
    8      3.822452063074      6.768436969553      0.693609945504
    8     -3.828806550907     -6.785433045742      0.692338443371
    8      3.835678365324     -1.366542290059      0.693350898916
    8     -3.834486655994      1.367259129243      0.692500557268
    8      3.835767799205      1.362142608225      0.691934190719
    8     -3.836934902960     -1.360394581462      0.691213232427
    8     -7.664964221176      4.057537039910      0.679709102545
    8      7.673595227111     -4.056370690125      0.692557081174
    8      7.676325311495     -6.793024944859      0.693759800228
    8      7.644709516914      6.792086780843      0.719128908518
    8     -7.670071586711     -1.364652102744      0.690723660567
    8     -7.671833883992      1.363616773210      0.693470401408
  258     -0.000685770993     -0.000235841204     -1.135894894761
  258      0.002583684308      5.424917074681     -1.131201736466
  258     -0.000322495569     -5.424516078311     -1.139390785499
  258      3.836426777245     -0.001801801718     -1.134573957575
  258     -3.836832988599      0.002140685811     -1.134778900023
  258      3.836389942026      5.425273764239     -1.140491184568
  258     -3.836400850677     -5.424909464954     -1.134686816802
  258      3.835897477737     -5.427452348773     -1.132294504871
  258     -3.835312325272      5.427056679521     -1.132841024403
  258     -7.670086140731     -0.002464247791     -1.134659336413
  258      7.669443687834      5.429775739991     -1.131162898488
  258      7.670918386970     -5.428955620242     -1.131274453088
    8      1.917244699265      1.344785714544     -1.165634163694
    8     -1.917886168747     -1.340855886513     -1.168147260850
    8      1.918531848605     -1.343910010780     -1.166844300142
    8     -1.916983418478      1.346691843621     -1.165302891996
    8      1.914536198660      6.771022042596     -1.163497778317
    8     -1.920513619908     -6.769600866397     -1.170566795797
    8      1.920148263877     -6.773389706012     -1.161121431690
    8     -1.898337775103      6.769057022217     -1.160211542305
    8      1.920548372284     -4.081543916641     -1.169363833875
    8     -1.916876674092      4.081643423355     -1.164131879383
    8      1.919459946376      4.079776395298     -1.164454172271
    8     -1.920083732368     -4.078688075071     -1.168782439776
    8      5.754676304370      1.342964454458     -1.167303422828
    8     -5.752981714135     -1.343910867945     -1.165764018907
    8      5.752716947722     -1.346050528513     -1.165024009842
    8     -5.754191130690      1.345225987882     -1.165034023483
    8      5.749878979754      6.772669967435     -1.154609820152
    8     -5.751183433172     -6.769565014274     -1.163293870287
    8      5.748277240012     -6.773728485505     -1.149491117153
    8     -5.764165722846      6.769815382263     -1.153835419104
    8      5.754179531812     -4.082505287452     -1.164814101223
    8     -5.750253209361      4.082360797725     -1.167938496746
    8      5.748966149410      4.081042222561     -1.164846251513
    8     -5.755391676590     -4.080386373156     -1.165476573710
  258      1.917608849988      2.711922375251     -3.054428522703
  258     -1.918713117639     -2.712281466902     -3.054524913264
  258      1.918692113606     -2.712822622037     -3.053623651007
  258     -1.917841021550      2.713094989384     -3.052310610007
  258      1.917764955309     -8.136505475635     -3.051270939081
  258     -1.917297758645     -8.136790989441     -3.052191306044
  258      5.754556696372      2.712169215117     -3.054101117344
  258     -5.754012764787     -2.713357331065     -3.051987245750
  258      5.754100240748     -2.713779807496     -3.052321827926
  258     -5.753960444738      2.713525465409     -3.052011742174
  258      5.753514545277     -8.136041151302     -3.044364341229
  258     -5.753996176558     -8.136390429437     -3.047805259072
    8      0.000187207756     -1.317745867685     -3.044692156375
    8      0.000357381779      1.318876291535     -3.044626280924
    8      0.000920892009      4.107224084223     -3.041970489953
    8     -0.000027405070     -4.105799289053     -3.046305716187
    8      0.001372614934     -6.743825938231     -3.045025654458
    8      0.001873279759      6.741690654156     -3.045203583070
    8      3.836126868323     -1.318342764027     -3.044611304621
    8     -3.835770144315      1.320122035798     -3.043939241295
    8      3.835613627038      1.318412651073     -3.044070853350
    8     -3.836075885961     -1.317211128129     -3.044692357020
    8      3.835282445411      4.105984612245     -3.045463184922
    8     -3.836586693589     -4.105895574204     -3.045595849976
    8      3.836754173977     -4.107749693949     -3.044416855529
    8     -3.834466123778      4.107910936878     -3.045545168422
    8      3.836984759410     -6.743835162913     -3.042081818625
    8     -3.835794659037      6.743939307145     -3.038039355427
    8      3.836171482719      6.741963372175     -3.042041932832
    8     -3.836993725673     -6.743782630354     -3.045684651115
    8      7.671260091550     -1.318885856314     -3.043963022094
    8     -7.671380895975      1.318516916367     -3.044760059758
    8      7.670212678475      4.108274211770     -3.042283252079
    8      7.671020024540     -4.108101683559     -3.044275008087
    8      7.669134071521     -6.744216137473     -3.039938845811
    8      7.669602653478      6.743352697424     -3.041319990651
  258      0.000000000000      0.000000000000     -4.794687825205
  258      0.000000000000      5.424570039800     -4.794687825205
  258      0.000000000000     -5.424570039800     -4.794687825205
  258      3.835750260160      0.000000000000     -4.794687825205
  258     -3.835750260160      0.000000000000     -4.794687825205
  258      3.835750260160      5.424570039800     -4.794687825205
  258     -3.835750260160     -5.424570039800     -4.794687825205
  258      3.835750260160     -5.424570039800     -4.794687825205
  258     -3.835750260160      5.424570039800     -4.794687825205
  258      7.671500520300      0.000000000000     -4.794687825205
  258      7.671500520300      5.424570039800     -4.794687825205
  258      7.671500520300     -5.424570039800     -4.794687825205
    8      1.917875130080      1.356142509950     -4.794687825205
    8     -1.917875130080     -1.356142509950     -4.794687825205
    8      1.917875130080     -1.356142509950     -4.794687825205
    8     -1.917875130080      1.356142509950     -4.794687825205
    8      1.917875130080      6.780712549750     -4.794687825205
    8     -1.917875130080     -6.780712549750     -4.794687825205
    8      1.917875130080     -6.780712549750     -4.794687825205
    8     -1.917875130080      6.780712549750     -4.794687825205
    8      1.917875130080     -4.068427529850     -4.794687825205
    8     -1.917875130080      4.068427529850     -4.794687825205
    8      1.917875130080      4.068427529850     -4.794687825205
    8     -1.917875130080     -4.068427529850     -4.794687825205
    8      5.753625390240      1.356142509950     -4.794687825205
    8     -5.753625390240     -1.356142509950     -4.794687825205
    8      5.753625390240     -1.356142509950     -4.794687825205
    8     -5.753625390240      1.356142509950     -4.794687825205
    8      5.753625390240      6.780712549750     -4.794687825205
    8     -5.753625390240     -6.780712549750     -4.794687825205
    8      5.753625390240     -6.780712549750     -4.794687825205
    8     -5.753625390240      6.780712549750     -4.794687825205
    8      5.753625390240     -4.068427529850     -4.794687825205
    8     -5.753625390240      4.068427529850     -4.794687825205
    8      5.753625390240      4.068427529850     -4.794687825205
    8     -5.753625390240     -4.068427529850     -4.794687825205
   14      7.368673003590     -7.409398665651      7.312489037036
    8      6.875683253700     -5.825149043048      7.346484441977
    8      7.591158529953     -7.831110638212      8.894956749876
    8     -6.395648995974     -7.538043209275      6.718327801741
    6      5.799432236204     -5.360833015371      6.531648178305
    6     -5.417286506842     -6.528708135880      7.085276254473
    6     -8.864488885075     -7.723985159784      9.776935446960
    6      5.344428738961     -4.029033736054      7.109575603941
    6     -5.621527547122     -5.241053093909      6.303675312868
    6     -8.466002483140     -8.238634951828     11.147746824631
    1      4.453313478354     -3.661306231001      6.585129626416
    1     -4.770887813613     -4.571760958454      6.484555466036
    1     -9.310809938177     -8.169496656098     11.845736762125
    1      5.106275620518     -4.135258743564      8.172002216832
    1      6.156736233496     -3.284871980759      7.049505781268
    1      4.964528473956     -6.077508214077      6.529846264983
    1      6.139122624517     -5.271190527211      5.488709250402
    1      7.193901552575      6.988881899416     11.091074071476
    1     -7.632615802342      8.619241376248     11.553508981244
    1     -9.193368359485     -6.671678527801      9.837380232808
    1      5.627045565065     -8.305764062846      9.380602275694
    1     -5.461367013899     -6.368871750308      8.171134474343
    1     -4.441907311681     -6.959688482860      6.825499436640
    1     -6.569953647976     -4.766198787067      6.555998696410
    1     -5.624784577671     -5.441505631010      5.231780978881
    8      6.301231211428     -8.279582506869      6.521003829860
    6      3.748435269765      6.078017056655      5.971656095019
    6      2.317393422059      5.552391487166      6.163154682781
    1      1.857056376093      5.343522004868      5.195830505510
    1      4.008538008814      6.819738549902      6.746005113792
    1      4.471414164678      5.257507682682      6.045343161573
    1      2.278173705962      4.640596369925      6.775336134553
    1      1.653884375712      6.284359840616      6.648025796876
    0    0
