   2   1   1 E -4.5963138989869E+04 DE-1.5E-07(  6)
  0.153430010406E+02  0.000000000000E+00  0.000000000000E+00
  0.000000000000E+00  0.162737101194E+02  0.000000000000E+00
  0.000000000000E+00  0.000000000000E+00  0.500000000000E+03
    1
  0.100000000000E+01  0.000000000000E+00  0.000000000000E+00
  0.000000000000E+00  0.100000000000E+01  0.000000000000E+00
  0.000000000000E+00  0.000000000000E+00  0.100000000000E+01
  0.000000000000E+00  0.000000000000E+00  0.000000000000E+00
  249
  258      1.913383008308      2.692924349114      4.265639710791
  258     -1.913063096833     -2.701947861408      4.261379512776
  258      1.916006143727     -2.720929303377      4.260936725056
  258     -1.926699989542      2.714247602700      4.264742680511
  258      1.824836768956     -8.078554709312      4.284392431413
  258     -1.949233557718     -8.127124005591      4.264775643689
  258      5.771607023466      2.706468014775      4.258644800007
  258     -5.751994858869     -2.698286166976      4.275914393868
  258      5.757274193200     -2.706729010302      4.260200010252
  258     -5.750871451420      2.720184617752      4.267086953806
  258      5.814728340687     -8.113066260479      4.338581849893
  258     -5.751928722279     -8.136853095867      4.300018149815
    8     -0.010349452827      3.987057554399      4.377096945789
    8      0.001995047624     -3.976427469651      4.368491899647
    8     -0.005483902196     -6.841193218212      4.403773422342
    8     -0.020245935582      6.892852147888      4.370966692533
    8      0.002192082064     -1.434758778638      4.373203149059
    8      0.010786740617      1.444457586471      4.376593619357
    8      3.851052245299      3.940934957726      4.287199672431
    8     -3.772865620434     -3.950247418387      4.336211342812
    8      3.797699237594     -4.032416862703      4.354788284812
    8     -3.833878290761      3.986635574553      4.372384042923
    8      3.766192393507     -6.990549665361      4.311593138141
    8     -3.826682235361      6.876108039700      4.376674192739
    8      3.858176709738      6.687559081635      4.696921626578
    8     -3.787661768294     -6.851385630867      4.373011881673
    8      3.842754600805     -1.471595695505      4.376551144385
    8     -3.832021560920      1.450815977259      4.379066712554
    8      3.819472108507      1.418522681075      4.390009462618
    8     -3.854799506434     -1.422708612722      4.381972871627
    8      7.657525312537      3.986129539256      4.375481784004
    8     -7.675286698609     -3.934665707635      4.333799185752
    8     -7.679673407219     -6.832533963169      4.301832035055
    8     -7.606403595591      6.888299654893      4.257537522310
    8      7.680980729098     -1.421094221184      4.380958310967
    8     -7.672567037719      1.448845521405      4.371655994988
  258     -0.001136451372     -0.001374117497      2.595159307247
  258     -0.000883301998      5.422733368922      2.607896102512
  258     -0.016761427366     -5.403208886142      2.578931072220
  258      3.836470512603     -0.001662164041      2.599790722735
  258     -3.838142282629      0.003665538695      2.598452964785
  258      3.835650234994      5.393178794477      2.566919052077
  258     -3.835419416562     -5.414619576860      2.593623484017
  258      3.833218669582     -5.437430650190      2.598386552069
  258     -3.836718521938      5.429974352578      2.594713348759
  258     -7.666465617402      0.000044698124      2.598167280276
  258     -7.668540361977      5.428647853140      2.593066073064
  258     -7.665676500523     -5.418127817802      2.592438473193
    8      1.918488528154      1.369555881492      2.534592123399
    8     -1.921407784769     -1.355417936949      2.538569779115
    8      1.921077777410     -1.361260186051      2.540478210840
    8     -1.916851437129      1.369013716363      2.541540139743
    8      1.987330648758      6.808386618890      2.619211050821
    8     -1.909302568525     -6.784828882462      2.532088601829
    8      1.867887181532     -6.776331716764      2.528788613708
    8     -1.919383180817      6.790263466681      2.536238735482
    8      1.907159760121     -4.054159596774      2.525168237240
    8     -1.911734603604      4.062524597178      2.539911745941
    8      1.905436185012      4.067909488537      2.538352341747
    8     -1.904465355142     -4.048564031325      2.519008232734
    8      5.749733195236      1.366390915997      2.541545751281
    8     -5.755107148906     -1.364061444012      2.534491972651
    8      5.756764445549     -1.352796171224      2.535348387470
    8     -5.750805731792      1.366804975496      2.543364475980
    8      5.667674426963      6.773149355657      2.591720313142
    8     -5.731610891167     -6.776006267992      2.543596214499
    8      5.747020764908     -6.749031350919      2.528779695308
    8     -5.718184119631      6.772079879051      2.504832784411
    8      5.740753831033     -4.046771262292      2.540857992347
    8     -5.756971621997      4.052965290689      2.543152302368
    8      5.764543202378      4.055826605437      2.518739709054
    8     -5.739458027841     -4.050962823282      2.551108146650
  258      1.913939305422      2.707846574541      0.647509863475
  258     -1.920533279423     -2.706477746471      0.645593436152
  258      1.920038876139     -2.712465018096      0.648951512689
  258     -1.918541541871      2.714318643681      0.651640385870
  258      1.917712327810      8.137565950665      0.659309719493
  258     -1.915134962417     -8.134377959321      0.651609126642
  258      5.758346652033      2.706809069757      0.646418324831
  258     -5.753036901423     -2.710625409502      0.653380694441
  258      5.752859631030     -2.713837007356      0.651630478355
  258     -5.752770986331      2.714137035867      0.651500178858
  258      5.748915850716     -8.135496196245      0.683429191587
  258     -5.749927516067     -8.133154335658      0.668536901382
    8     -0.000546532568      4.062140563233      0.694529041135
    8      0.000110389764     -4.054723702321      0.678489286544
    8     -0.007014721673     -6.789073042756      0.677432636750
    8      0.031665490215      6.784314498917      0.727289019551
    8     -0.000238336305     -1.361365346363      0.693235282124
    8      0.000124316371      1.365783578842      0.691901040116
    8      3.831143071344      4.057160647378      0.700649023004
    8     -3.837801906294     -4.054775701653      0.689262631878
    8      3.834388782804     -4.068452042155      0.689534542061
    8     -3.836519559202      4.063269137598      0.693485221171
    8      3.821651340934     -6.803345689874      0.702293629381
    8     -3.819964859671      6.794571074311      0.676850176839
    8      3.821708553393      6.768842743275      0.694003662538
    8     -3.827719789347     -6.784632184590      0.691709370843
    8      3.836868409876     -1.366062118223      0.694157502673
    8     -3.835555739645      1.368475751684      0.692793334998
    8      3.835192170609      1.361909973785      0.691084571853
    8     -3.835734842647     -1.359163465729      0.690169864946
    8     -7.665230135540      4.058080990618      0.679727574010
    8      7.674724849234     -4.055762638515      0.692886743259
    8      7.675251779806     -6.793242739645      0.694615347073
    8      7.644997643190      6.792338120490      0.718432562033
    8     -7.672051859582     -1.363853363906      0.689563131137
    8     -7.671151949174      1.364031057226      0.694807425616
  258     -0.000707636788     -0.000074981386     -1.135869853532
  258      0.002579933804      5.425040157215     -1.131163452485
  258     -0.000164410614     -5.424349676241     -1.139468238425
  258      3.836360204833     -0.001580552308     -1.134516318348
  258     -3.836737861981      0.002406225915     -1.134676512889
  258      3.836647056658      5.425216760267     -1.140211958533
  258     -3.836451412986     -5.424971251476     -1.134419456898
  258      3.836224819268     -5.427223400773     -1.132288035847
  258     -3.835723182374      5.427164197590     -1.133015634299
  258     -7.669959043953     -0.002140340127     -1.134404481282
  258      7.669726260772      5.429994168559     -1.130811182443
  258      7.671321793608     -5.428700295609     -1.131141861506
    8      1.916748217957      1.345334827752     -1.165995715295
    8     -1.917280810328     -1.341077530895     -1.169017424051
    8      1.918243082317     -1.343746007752     -1.166021628131
    8     -1.917345435515      1.346373919162     -1.164650659258
    8      1.914871503641      6.770958948360     -1.164232217519
    8     -1.920433864615     -6.769895975536     -1.172092758000
    8      1.920165458745     -6.773808658678     -1.160710342652
    8     -1.898032004353      6.768658054957     -1.159958829682
    8      1.920508284268     -4.081795690129     -1.169586114064
    8     -1.916904834519      4.080971932276     -1.164215398484
    8      1.919302495405      4.080103302334     -1.163910682501
    8     -1.919959996414     -4.078856080915     -1.168395778775
    8      5.755122938237      1.343004716690     -1.166762771470
    8     -5.753408709355     -1.343571143245     -1.165615526110
    8      5.751671840310     -1.346334581990     -1.166143273863
    8     -5.754369268483      1.345661741498     -1.165203602049
    8      5.749352874085      6.772634398029     -1.154379287090
    8     -5.751770348501     -6.769153245248     -1.162470845244
    8      5.748297527719     -6.773856934275     -1.149507007554
    8     -5.763183635687      6.770105434458     -1.154018597056
    8      5.754962443115     -4.082973472269     -1.163773707291
    8     -5.750630014916      4.082528892825     -1.168107827844
    8      5.748546976606      4.080841384519     -1.164385090435
    8     -5.755374190546     -4.080056961115     -1.165439043251
  258      1.917728504818      2.711839012453     -3.054394530135
  258     -1.918884145045     -2.712209076578     -3.054401480086
  258      1.918524197257     -2.712884164927     -3.053414393756
  258     -1.917851108266      2.713235636724     -3.052441736670
  258      1.917811242402     -8.136519267700     -3.051237090715
  258     -1.917254083423     -8.136765925292     -3.052701937727
  258      5.754716410381      2.712292056285     -3.054013858498
  258     -5.753823984821     -2.713246625744     -3.051776484845
  258      5.753999153996     -2.713863464563     -3.052450248689
  258     -5.753994172525      2.713506722020     -3.051918752657
  258      5.753529280827     -8.135921863419     -3.044491428667
  258     -5.754145024305     -8.136254660744     -3.047458157595
    8      0.000730617672     -1.317882934693     -3.044987773191
    8      0.000017378664      1.318866386176     -3.044651692950
    8      0.001034163790      4.107108188210     -3.041881523875
    8     -0.000033919457     -4.105777483140     -3.046262174887
    8      0.001822635757     -6.743765607837     -3.045223436172
    8      0.001768055261      6.741755399427     -3.044879520578
    8      3.835661384497     -1.317750411126     -3.044579974764
    8     -3.835556820311      1.319904441140     -3.043941843108
    8      3.835916866441      1.319180483812     -3.043867151355
    8     -3.836335347513     -1.317467521414     -3.044581702367
    8      3.835245036204      4.106578164545     -3.045376344967
    8     -3.836483812905     -4.105756343362     -3.045456662430
    8      3.837167017010     -4.107008018585     -3.044273302014
    8     -3.834404886287      4.107776380622     -3.045553284481
    8      3.836999288078     -6.743091156737     -3.042009957586
    8     -3.835297476312      6.743982470779     -3.038208497590
    8      3.836518851504      6.742383554672     -3.042285587882
    8     -3.837365602721     -6.743443946736     -3.045405373442
    8      7.671204729563     -1.318657149916     -3.043833027879
    8     -7.671426371151      1.318887309412     -3.044833854061
    8      7.669978355677      4.108401009812     -3.042286676672
    8      7.671011269395     -4.108424322608     -3.044303836844
    8      7.669270587132     -6.744353791079     -3.039805750362
    8      7.669743035665      6.743473916288     -3.040894866936
  258      0.000000000000      0.000000000000     -4.794687825205
  258      0.000000000000      5.424570039800     -4.794687825205
  258      0.000000000000     -5.424570039800     -4.794687825205
  258      3.835750260160      0.000000000000     -4.794687825205
  258     -3.835750260160      0.000000000000     -4.794687825205
  258      3.835750260160      5.424570039800     -4.794687825205
  258     -3.835750260160     -5.424570039800     -4.794687825205
  258      3.835750260160     -5.424570039800     -4.794687825205
  258     -3.835750260160      5.424570039800     -4.794687825205
  258      7.671500520300      0.000000000000     -4.794687825205
  258      7.671500520300      5.424570039800     -4.794687825205
  258      7.671500520300     -5.424570039800     -4.794687825205
    8      1.917875130080      1.356142509950     -4.794687825205
    8     -1.917875130080     -1.356142509950     -4.794687825205
    8      1.917875130080     -1.356142509950     -4.794687825205
    8     -1.917875130080      1.356142509950     -4.794687825205
    8      1.917875130080      6.780712549750     -4.794687825205
    8     -1.917875130080     -6.780712549750     -4.794687825205
    8      1.917875130080     -6.780712549750     -4.794687825205
    8     -1.917875130080      6.780712549750     -4.794687825205
    8      1.917875130080     -4.068427529850     -4.794687825205
    8     -1.917875130080      4.068427529850     -4.794687825205
    8      1.917875130080      4.068427529850     -4.794687825205
    8     -1.917875130080     -4.068427529850     -4.794687825205
    8      5.753625390240      1.356142509950     -4.794687825205
    8     -5.753625390240     -1.356142509950     -4.794687825205
    8      5.753625390240     -1.356142509950     -4.794687825205
    8     -5.753625390240      1.356142509950     -4.794687825205
    8      5.753625390240      6.780712549750     -4.794687825205
    8     -5.753625390240     -6.780712549750     -4.794687825205
    8      5.753625390240     -6.780712549750     -4.794687825205
    8     -5.753625390240      6.780712549750     -4.794687825205
    8      5.753625390240     -4.068427529850     -4.794687825205
    8     -5.753625390240      4.068427529850     -4.794687825205
    8      5.753625390240      4.068427529850     -4.794687825205
    8     -5.753625390240     -4.068427529850     -4.794687825205
   14      7.370559974534     -7.395651452992      7.312376003356
    8      6.880143115257     -5.810078053864      7.340229508628
    8      7.593153168324     -7.803719905608      8.899162897988
    8     -6.394250638096     -7.534835920412      6.717945677610
    6      5.798365266307     -5.347191782215      6.532569047936
    6     -5.411623755608     -6.530829964563      7.089448687276
    6     -8.816807147192     -7.557875274996      9.812279568090
    6      5.349920982727     -4.013609229637      7.112075445963
    6     -5.608281785222     -5.239953022750      6.310067855787
    6     -8.584430610555     -8.358529112598     11.080465497251
    1      4.457480007335     -3.642067295942      6.592045760699
    1     -4.754899174343     -4.574542353486      6.493081122173
    1     -9.372745192709     -8.150912104647     11.817296363249
    1      5.116563479418     -4.119795828631      8.175661913174
    1      6.164732775320     -3.272218229891      7.049158627827
    1      4.962081219352     -6.062595780008      6.538121696404
    1      6.130248645798     -5.261375249159      5.486560842540
    1      6.757693278653      6.840245230621     10.866313597236
    1     -7.616252373625      8.168286713587     11.526592431322
    1     -8.870889960840     -6.477996775993     10.034731553099
    1      5.557247936912     -7.840996394801      9.360061464154
    1     -5.457703489414     -6.374314782369      8.175844016400
    1     -4.437804592363     -6.965929024828      6.830401191024
    1     -6.555305524146     -4.760865906437      6.561747528139
    1     -5.610141797222     -5.438563784160      5.237397862686
    8      6.303451510671     -8.267820896317      6.521573016272
    6      3.746863574227      6.077478276165      5.970915927217
    6      2.314191496626      5.556502675787      6.163243459316
    1      1.854023989084      5.345505371966      5.196503614228
    1      4.010052796985      6.819121990771      6.744713080623
    1      4.467074668460      5.254035737119      6.043740010788
    1      2.272434577610      4.647286705375      6.778486402418
    1      1.652011625394      6.291392991312      6.644658353274
    0    0
