   2   1   1 E -4.5963139199573E+04 DE-3.6E-06(  4)
  0.153430010406E+02  0.000000000000E+00  0.000000000000E+00
  0.000000000000E+00  0.162737101194E+02  0.000000000000E+00
  0.000000000000E+00  0.000000000000E+00  0.500000000000E+03
    1
  0.100000000000E+01  0.000000000000E+00  0.000000000000E+00
  0.000000000000E+00  0.100000000000E+01  0.000000000000E+00
  0.000000000000E+00  0.000000000000E+00  0.100000000000E+01
  0.000000000000E+00  0.000000000000E+00  0.000000000000E+00
  249
  258      1.912270484749      2.693914713506      4.265681410648
  258     -1.913452629227     -2.702701646366      4.261498391847
  258      1.916368639888     -2.721285271411      4.261044935410
  258     -1.927536579970      2.713902247167      4.264975744308
  258      1.824926695913     -8.079281498191      4.283981863450
  258     -1.949160392194     -8.127186381833      4.267344038661
  258      5.770739674525      2.705946682642      4.258997115325
  258     -5.751996779506     -2.699182201992      4.276413728709
  258      5.757638446643     -2.705812583635      4.261101799129
  258     -5.752767265975      2.718666227919      4.266325664559
  258      5.814824859069     -8.114052668866      4.337391968152
  258     -5.752515488885     -8.138059366950      4.297978878527
    8     -0.007526065154      3.986921088446      4.376362795202
    8      0.001598801995     -3.976351412904      4.369136585330
    8     -0.006552970876     -6.842606237807      4.406861062737
    8     -0.019944204987      6.892049137425      4.366248423175
    8      0.001622014249     -1.433853652205      4.372690773601
    8      0.009614112513      1.444911265827      4.377612685284
    8      3.851337767089      3.942307375516      4.288821096583
    8     -3.775382248465     -3.950756716143      4.333508385031
    8      3.794585525822     -4.031500197838      4.356207015185
    8     -3.831337088640      3.985723132810      4.372212209710
    8      3.767248956856     -6.990055839753      4.310097397344
    8     -3.825919126770      6.875177413627      4.381216860107
    8      3.858083677702      6.690300726989      4.696870538528
    8     -3.788856910505     -6.852890538299      4.368010696685
    8      3.844084702794     -1.470157200502      4.377255211685
    8     -3.833155506134      1.449914387122      4.377574175288
    8      3.822338246886      1.419792929688      4.388693130291
    8     -3.851245009258     -1.423637173256      4.384999962221
    8      7.656008596103      3.985676790915      4.373262725831
    8     -7.670276653146     -3.935049924346      4.336701118587
    8     -7.682743151314     -6.833134703478      4.304440856936
    8     -7.605090531110      6.886769687063      4.256576172849
    8      7.672365470915     -1.421635914313      4.378761329590
    8     -7.667500754947      1.448468801174      4.373405920543
  258     -0.001502009226     -0.001909937409      2.595931665055
  258     -0.001246897019      5.422851375694      2.607261692855
  258     -0.016960750970     -5.403622442408      2.579289476216
  258      3.836011187305     -0.001707545793      2.599731858055
  258     -3.838191690225      0.003136259739      2.598971320829
  258      3.835574289209      5.392410673360      2.567047942676
  258     -3.835903784891     -5.415814105308      2.593389486906
  258      3.833136323995     -5.437769637835      2.599366645769
  258     -3.836417115660      5.429592411868      2.595866779072
  258     -7.667171048325     -0.000695186093      2.596022954622
  258     -7.668943563167      5.427720666684      2.592207640790
  258     -7.665515994643     -5.418092915244      2.592829322944
    8      1.917436828291      1.369426050634      2.535498227921
    8     -1.921892835569     -1.356109763888      2.537598254438
    8      1.921239450560     -1.361502172172      2.540780131724
    8     -1.916703065464      1.368899342868      2.541552424678
    8      1.987688190752      6.808297812607      2.618394246102
    8     -1.908013087055     -6.785055663251      2.532282328665
    8      1.866897431159     -6.777092160314      2.530127789258
    8     -1.920834671722      6.790784539297      2.537349386212
    8      1.906952026006     -4.054403435943      2.524496427771
    8     -1.910857156310      4.062354119538      2.539807109522
    8      1.906632887843      4.067912878819      2.537736897817
    8     -1.904211821377     -4.049104804312      2.518812407330
    8      5.752703041763      1.366007268673      2.543521225498
    8     -5.754136574271     -1.362459166404      2.539698755585
    8      5.754295204165     -1.353117942204      2.532144090776
    8     -5.751647946233      1.367487682468      2.540612918007
    8      5.667800854272      6.772826346061      2.591296385184
    8     -5.734169244113     -6.775364044453      2.544163108239
    8      5.747382262402     -6.749089532121      2.525862376123
    8     -5.717179183220      6.772327978862      2.504590589063
    8      5.741989270123     -4.047249041320      2.544443834741
    8     -5.756476527861      4.053769162173      2.543257540240
    8      5.763272099262      4.055173434395      2.517959377716
    8     -5.740966032006     -4.049324010928      2.549387292619
  258      1.913700721511      2.707507484534      0.647494075195
  258     -1.920812802434     -2.706649069432      0.645919426269
  258      1.919425818677     -2.712692554204      0.648921898667
  258     -1.918709619390      2.713968157410      0.651978215637
  258      1.917419527997      8.137548684988      0.658820648710
  258     -1.915577101869     -8.134497791142      0.652853491362
  258      5.758075449801      2.706444443810      0.646772657902
  258     -5.752932944527     -2.710911851245      0.653586772130
  258      5.752131896086     -2.714676186410      0.652167913357
  258     -5.752422066077      2.714198171051      0.651255943754
  258      5.748426899333     -8.135633150095      0.683238791517
  258     -5.750152925428     -8.133731335977      0.666857938221
    8      0.000113515274      4.061525868843      0.694244159257
    8     -0.000446061803     -4.055757104395      0.678649853057
    8     -0.005459390702     -6.789458643239      0.678009555097
    8      0.030409929677      6.784096991093      0.726443967605
    8      0.000154795536     -1.362093123244      0.692535252150
    8      0.000425175680      1.365317660329      0.691727560711
    8      3.831228930687      4.056569472040      0.698920775519
    8     -3.837707400878     -4.056120975989      0.689079547875
    8      3.836629654969     -4.069420238571      0.690704534861
    8     -3.835937992674      4.061480688177      0.693596122650
    8      3.819857588561     -6.803912866100      0.701601135440
    8     -3.819645909156      6.793112208951      0.677758989446
    8      3.822152237870      6.768154349727      0.694370169916
    8     -3.829575753490     -6.785633912596      0.691679577033
    8      3.835171738781     -1.366949964747      0.692742776264
    8     -3.834563054779      1.366689555813      0.692778400689
    8      3.836090656345      1.361736404186      0.693038360706
    8     -3.837873662538     -1.360623153162      0.690761416117
    8     -7.664930664333      4.056975630247      0.680035659985
    8      7.672056863616     -4.056513554300      0.691756658087
    8      7.677203549597     -6.793344000049      0.694594177913
    8      7.644934440345      6.792125908985      0.718057710418
    8     -7.669439238728     -1.364923285221      0.691361964054
    8     -7.672361793301      1.363062855161      0.692658031404
  258     -0.000802283680     -0.000289874841     -1.135693756962
  258      0.002471256018      5.424706339539     -1.131149858199
  258     -0.000616489690     -5.424529342898     -1.139396691423
  258      3.836387165486     -0.001882909393     -1.134480137066
  258     -3.836939593823      0.002211144256     -1.134551213192
  258      3.836488635612      5.425096016744     -1.140148928403
  258     -3.836573110819     -5.424740483594     -1.134661199437
  258      3.835997635890     -5.427412950326     -1.132101526108
  258     -3.835325684056      5.426846951247     -1.132860804701
  258     -7.670164297023     -0.002571118839     -1.134862074795
  258      7.669381749106      5.429453691630     -1.130915228697
  258      7.671024791748     -5.428885816515     -1.130771458210
    8      1.917757883412      1.345149865474     -1.165563389012
    8     -1.918178901756     -1.340480717474     -1.168106425052
    8      1.918237375439     -1.343565710188     -1.166813187465
    8     -1.917028141278      1.347226313620     -1.165242913505
    8      1.915053517066      6.770874115890     -1.163890579710
    8     -1.920339452023     -6.769197869758     -1.170012917842
    8      1.919650012406     -6.773376882758     -1.162012234644
    8     -1.898675230406      6.769607710781     -1.160397028713
    8      1.920991127426     -4.081345834999     -1.168565290121
    8     -1.916695792541      4.081975966265     -1.164093413718
    8      1.918717229528      4.079975711138     -1.164373778934
    8     -1.920129480140     -4.078145245176     -1.169007863645
    8      5.753936852962      1.343661775751     -1.167409695442
    8     -5.753544531072     -1.343792659419     -1.165830006174
    8      5.753126957114     -1.345451762886     -1.164479442114
    8     -5.753815522721      1.345502487727     -1.165260359589
    8      5.749234831328      6.773133060385     -1.154639576923
    8     -5.751813947370     -6.769537174123     -1.164317861131
    8      5.748867688458     -6.772883878261     -1.148823648425
    8     -5.763188979829      6.769826832058     -1.154338704049
    8      5.753577548505     -4.081784420608     -1.165991302972
    8     -5.750523763516      4.082681365734     -1.167929905203
    8      5.749643187633      4.081590062102     -1.164477252180
    8     -5.755199251082     -4.080056873513     -1.164672451176
  258      1.917707743670      2.711893149213     -3.054344738202
  258     -1.918763821737     -2.712116788655     -3.054330674107
  258      1.918651169567     -2.712925894049     -3.053402590525
  258     -1.917931736508      2.713030722549     -3.052241060559
  258      1.917843509463     -8.136507426948     -3.051309566081
  258     -1.917131132196     -8.136709801385     -3.052085518398
  258      5.754535203724      2.712388591871     -3.053716396820
  258     -5.754016637403     -2.713333036690     -3.051737231496
  258      5.753985248469     -2.713897057952     -3.052151154036
  258     -5.754104911993      2.713496315660     -3.052013854488
  258      5.753780888806     -8.135896314971     -3.044483901369
  258     -5.754003130463     -8.136352391040     -3.047796917375
    8      0.000155096470     -1.317929028757     -3.044610471144
    8      0.000444948097      1.318837106960     -3.044572795719
    8      0.000830989055      4.107048132884     -3.042177631379
    8      0.000407198713     -4.105866842208     -3.046039037627
    8      0.001073891048     -6.743986573810     -3.044989820194
    8      0.001923999104      6.741703681063     -3.044992156104
    8      3.836344989771     -1.318655115665     -3.044108861641
    8     -3.835572258946      1.319859221757     -3.044012072819
    8      3.835698543788      1.318216546610     -3.044301093368
    8     -3.836141288416     -1.317534036994     -3.044657319081
    8      3.835450599797      4.105330507758     -3.045029131545
    8     -3.836777513969     -4.106031407276     -3.045466094248
    8      3.836243026727     -4.108025016948     -3.044804766756
    8     -3.834330367481      4.107387359450     -3.045349820847
    8      3.837492569224     -6.744403529017     -3.041721444471
    8     -3.835495411289      6.743698388535     -3.038233422485
    8      3.836428332366      6.741422357774     -3.042474514861
    8     -3.836531866609     -6.744059077539     -3.045504429846
    8      7.671091897853     -1.318727616061     -3.043850270652
    8     -7.671300520850      1.318619869307     -3.044550599853
    8      7.670351851858      4.107947297399     -3.042386875449
    8      7.671532076692     -4.108153738775     -3.044211812244
    8      7.668794589349     -6.744304959401     -3.040146379509
    8      7.669599592265      6.743107699157     -3.040984751197
  258      0.000000000000      0.000000000000     -4.794687825205
  258      0.000000000000      5.424570039800     -4.794687825205
  258      0.000000000000     -5.424570039800     -4.794687825205
  258      3.835750260160      0.000000000000     -4.794687825205
  258     -3.835750260160      0.000000000000     -4.794687825205
  258      3.835750260160      5.424570039800     -4.794687825205
  258     -3.835750260160     -5.424570039800     -4.794687825205
  258      3.835750260160     -5.424570039800     -4.794687825205
  258     -3.835750260160      5.424570039800     -4.794687825205
  258      7.671500520300      0.000000000000     -4.794687825205
  258      7.671500520300      5.424570039800     -4.794687825205
  258      7.671500520300     -5.424570039800     -4.794687825205
    8      1.917875130080      1.356142509950     -4.794687825205
    8     -1.917875130080     -1.356142509950     -4.794687825205
    8      1.917875130080     -1.356142509950     -4.794687825205
    8     -1.917875130080      1.356142509950     -4.794687825205
    8      1.917875130080      6.780712549750     -4.794687825205
    8     -1.917875130080     -6.780712549750     -4.794687825205
    8      1.917875130080     -6.780712549750     -4.794687825205
    8     -1.917875130080      6.780712549750     -4.794687825205
    8      1.917875130080     -4.068427529850     -4.794687825205
    8     -1.917875130080      4.068427529850     -4.794687825205
    8      1.917875130080      4.068427529850     -4.794687825205
    8     -1.917875130080     -4.068427529850     -4.794687825205
    8      5.753625390240      1.356142509950     -4.794687825205
    8     -5.753625390240     -1.356142509950     -4.794687825205
    8      5.753625390240     -1.356142509950     -4.794687825205
    8     -5.753625390240      1.356142509950     -4.794687825205
    8      5.753625390240      6.780712549750     -4.794687825205
    8     -5.753625390240     -6.780712549750     -4.794687825205
    8      5.753625390240     -6.780712549750     -4.794687825205
    8     -5.753625390240      6.780712549750     -4.794687825205
    8      5.753625390240     -4.068427529850     -4.794687825205
    8     -5.753625390240      4.068427529850     -4.794687825205
    8      5.753625390240      4.068427529850     -4.794687825205
    8     -5.753625390240     -4.068427529850     -4.794687825205
   14      7.367693335622     -7.411192572472      7.313818288786
    8      6.873832111501     -5.826985292112      7.351680981747
    8      7.588922535186     -7.838074751596      8.895342915449
    8     -6.396463391911     -7.539046310967      6.719438546293
    6      5.800541152821     -5.360796321445      6.534619045035
    6     -5.419043070688     -6.528583006391      7.086957016802
    6     -8.859006046377     -7.701416199567      9.783158036172
    6      5.348327573246     -4.027752745717      7.111131436168
    6     -5.624439148959     -5.241144556441      6.304467745616
    6     -8.534754967376     -8.388098184320     11.097273786882
    1      4.459155124661     -3.657728361973      6.584668676242
    1     -4.775638233097     -4.569556170423      6.486918271105
    1     -9.365767316513     -8.279386348926     11.805095174799
    1      5.107123718650     -4.133381734525      8.173187563743
    1      6.162569398025     -3.285273539095      7.052958919508
    1      4.963536983902     -6.075401083974      6.531809201980
    1      6.141537879431     -5.272218140923      5.491776934357
    1      6.990290840063      6.819619979335     10.940428296474
    1     -7.637911739314      8.316528349634     11.550160858693
    1     -9.074884857213     -6.631183165818      9.945703393280
    1      5.578501686550     -8.147272225883      9.332584220079
    1     -5.463847536432     -6.368739220535      8.173051076275
    1     -4.442724078011     -6.958463869763      6.827695686191
    1     -6.574816991817     -4.768079039243      6.554162735495
    1     -5.624196330426     -5.442021324424      5.232357570836
    8      6.301169473107     -8.279270849278      6.518397620075
    6      3.749208404939      6.080848450554      5.971103358191
    6      2.319590822812      5.551505378754      6.163805477468
    1      1.858363079165      5.342472776332      5.196742340283
    1      4.006982711830      6.825287329391      6.743858019215
    1      4.474385472304      5.262499543300      6.048339695425
    1      2.283888575164      4.638477474067      6.775018702825
    1      1.654408810302      6.281210756127      6.650786827939
    0    0
