   2   1   1 E -4.5963137370510E+04 DE-3.7E-06(  9)
  0.153430010406E+02  0.000000000000E+00  0.000000000000E+00
  0.000000000000E+00  0.162737101194E+02  0.000000000000E+00
  0.000000000000E+00  0.000000000000E+00  0.500000000000E+03
    1
  0.100000000000E+01  0.000000000000E+00  0.000000000000E+00
  0.000000000000E+00  0.100000000000E+01  0.000000000000E+00
  0.000000000000E+00  0.000000000000E+00  0.100000000000E+01
  0.000000000000E+00  0.000000000000E+00  0.000000000000E+00
  249
  258      1.913014555874      2.692667386343      4.265909044633
  258     -1.913715897588     -2.701391667469      4.260840972050
  258      1.917041815186     -2.721645930477      4.260740956005
  258     -1.926782556407      2.713410030807      4.264907761715
  258      1.825484299613     -8.078672288786      4.283316468740
  258     -1.949005667765     -8.126441790679      4.268562226884
  258      5.770305965420      2.706085395632      4.259510087464
  258     -5.750791243367     -2.700759904592      4.277073948807
  258      5.759805513225     -2.703631609122      4.259361881765
  258     -5.753379781014      2.719362518404      4.266205703610
  258      5.816694539925     -8.112610793245      4.342767117368
  258     -5.751671597330     -8.138606572848      4.295507228525
    8     -0.006819772117      3.987295671004      4.377670711703
    8      0.002683444311     -3.977380601083      4.368853510364
    8     -0.005035363090     -6.842138826241      4.408943994992
    8     -0.018767687935      6.892765612747      4.362199623313
    8      0.003057992528     -1.435444529704      4.371073335744
    8      0.008859612801      1.444079697227      4.378650081320
    8      3.847568140116      3.941615538342      4.291671751958
    8     -3.777053812787     -3.951747554649      4.334198741688
    8      3.792153931620     -4.029578469785      4.354875020056
    8     -3.829988586476      3.983823310427      4.371865745592
    8      3.769970156517     -6.987881885991      4.309891022348
    8     -3.826905017680      6.874671899489      4.385708756608
    8      3.855459623205      6.689590843667      4.694894197182
    8     -3.787278607726     -6.853806977450      4.362467200200
    8      3.846413005425     -1.468171466662      4.377299026773
    8     -3.833225566788      1.447655131132      4.377522696077
    8      3.823365448039      1.420529985361      4.387538523421
    8     -3.847394363747     -1.425469458304      4.384994998618
    8      7.655816036015      3.986360268409      4.373351651275
    8     -7.666178698890     -3.933242015410      4.337527437029
    8     -7.683098452017     -6.829714855862      4.302611772782
    8     -7.608695167731      6.889495742972      4.255086849776
    8      7.669023396056     -1.420192461705      4.378093061070
    8     -7.664655104079      1.449279180428      4.373745917449
  258     -0.000632909690     -0.001789419698      2.595038910600
  258     -0.000466068873      5.422367243538      2.607707600845
  258     -0.016277486899     -5.402969058271      2.579664660410
  258      3.836612526400     -0.002421060147      2.599674808552
  258     -3.838408437911      0.003918818111      2.598948819290
  258      3.834788461156      5.393513239518      2.568552830068
  258     -3.835012778856     -5.415055866397      2.591355300226
  258      3.834383459643     -5.437640707757      2.599302764516
  258     -3.835688177214      5.429166115765      2.595844922807
  258     -7.666726315523     -0.000252969857      2.595032229259
  258     -7.670184989691      5.427741268578      2.591909496948
  258     -7.665061218829     -5.418690328959      2.592347575544
    8      1.917558745829      1.369091978975      2.535126416293
    8     -1.920668182738     -1.354614912274      2.536668844420
    8      1.924009929375     -1.361126467458      2.540178689879
    8     -1.916151188467      1.369758089858      2.541697771955
    8      1.989324439645      6.808522902684      2.617349784757
    8     -1.905716724315     -6.784390422553      2.532359077717
    8      1.867749243078     -6.775749021224      2.529726358810
    8     -1.922600088872      6.791868556805      2.538608025699
    8      1.905765124365     -4.054098130747      2.523039810584
    8     -1.909566451387      4.063607944197      2.539227997093
    8      1.906765088702      4.067442572885      2.539122183383
    8     -1.904724345968     -4.048133868464      2.519760351193
    8      5.754647009110      1.366373103797      2.544471392646
    8     -5.753134146964     -1.362109005856      2.542319263258
    8      5.754495820601     -1.352674568654      2.528947098028
    8     -5.750633289306      1.368531530132      2.538886894657
    8      5.665241972824      6.773427037459      2.594938786592
    8     -5.733671861027     -6.774366756741      2.543399931864
    8      5.747906817073     -6.748994632604      2.526802231458
    8     -5.717083204025      6.771355250153      2.504602865791
    8      5.743044930540     -4.047366589404      2.545388942965
    8     -5.756497915012      4.055205611934      2.544024734312
    8      5.760323173111      4.055479839921      2.520272282708
    8     -5.739430281423     -4.049003794344      2.548227701555
  258      1.914300255810      2.708058279624      0.647756144762
  258     -1.920400652848     -2.706547566420      0.645338809421
  258      1.920249924330     -2.712189272944      0.648897515407
  258     -1.918413000639      2.713821903894      0.651783807804
  258      1.917446734509      8.137930730159      0.658481621979
  258     -1.914605180376     -8.134595159196      0.653809314806
  258      5.757697483122      2.706722370460      0.646784099113
  258     -5.752951711095     -2.710305279531      0.653755619231
  258      5.752801863516     -2.714447646025      0.651082498107
  258     -5.752484288853      2.714435370308      0.651286324011
  258      5.748088612737     -8.135461790683      0.684789463342
  258     -5.750176442234     -8.133840370736      0.665910189632
    8      0.001478489085      4.060990393559      0.693510321132
    8     -0.001877922080     -4.055753442207      0.677516838161
    8     -0.005563311586     -6.789350455842      0.677464688594
    8      0.030102604999      6.783894933471      0.727036354603
    8      0.002097915978     -1.362877971368      0.693602606685
    8      0.000025963290      1.364361602202      0.691930532531
    8      3.830370863609      4.057439200005      0.700036411859
    8     -3.835636528178     -4.055311203563      0.687777802505
    8      3.838016170184     -4.069251050267      0.691432154968
    8     -3.836123761732      4.061921237196      0.694231661997
    8      3.820061875050     -6.804062525257      0.701761608998
    8     -3.819997431485      6.793172009649      0.678143951042
    8      3.823767532158      6.768867302712      0.694800947442
    8     -3.828990725184     -6.786367237368      0.691289286982
    8      3.835439384953     -1.366630590792      0.689901136422
    8     -3.833287913240      1.367818908638      0.691613426974
    8      3.837235493164      1.361614905640      0.694303749284
    8     -3.837949295599     -1.359825731522      0.691477991663
    8     -7.666943174795      4.056517914498      0.681835770858
    8      7.671623878356     -4.055964766558      0.692213265498
    8      7.678364667072     -6.794141764118      0.695570142660
    8      7.644868347036      6.790580622062      0.718755424437
    8     -7.667412693114     -1.364696125092      0.690905702586
    8     -7.672369775707      1.362851711237      0.692515893236
  258     -0.000633377285     -0.000020081569     -1.135888946689
  258      0.002462656705      5.424804418544     -1.131208847108
  258     -0.000326881915     -5.424101494138     -1.139170184792
  258      3.836456412874     -0.001701781391     -1.134769922215
  258     -3.836922532599      0.002279417678     -1.134617393663
  258      3.836545503711      5.425385277308     -1.139777094936
  258     -3.836270742247     -5.425350707534     -1.135071495329
  258      3.836146977310     -5.427415856720     -1.132318881098
  258     -3.834990764004      5.427216814976     -1.132662195768
  258     -7.670143735828     -0.002027394758     -1.135545727183
  258      7.669302713095      5.429757531031     -1.131162034945
  258      7.671052660893     -5.428843160080     -1.131066774519
    8      1.918460311677      1.346213892860     -1.164522614646
    8     -1.917213258442     -1.340358000171     -1.167469958351
    8      1.916511839403     -1.342897068693     -1.168322631058
    8     -1.916309157543      1.346899991996     -1.165997218852
    8      1.915277155416      6.771435632781     -1.163160966387
    8     -1.920744490522     -6.769488962119     -1.170660920728
    8      1.919847314379     -6.772579114893     -1.161796218686
    8     -1.898575440416      6.769233468263     -1.159840642931
    8      1.922192389687     -4.080853767918     -1.167997346848
    8     -1.916932007403      4.081946314965     -1.163751255970
    8      1.919573401112      4.081008562730     -1.164739763330
    8     -1.920046824882     -4.078430902808     -1.170517585531
    8      5.753800241577      1.343845486509     -1.167418769241
    8     -5.752677501214     -1.343901255309     -1.166458266451
    8      5.754141262362     -1.345153942295     -1.165110979580
    8     -5.753575215800      1.345894850059     -1.165026941571
    8      5.749823732843      6.773486254163     -1.154644502580
    8     -5.751811403285     -6.769652611837     -1.164637896575
    8      5.749635568131     -6.772622630838     -1.147133201784
    8     -5.763087358007      6.769808167811     -1.154542191184
    8      5.754021547869     -4.081784235374     -1.166499162136
    8     -5.751746390340      4.083261237198     -1.167041935530
    8      5.748793773589      4.081498069441     -1.163789780101
    8     -5.755749918575     -4.080585478943     -1.162800082532
  258      1.917643269451      2.711948163503     -3.054211677935
  258     -1.918916012052     -2.712072607654     -3.054528909268
  258      1.918237490078     -2.712826887973     -3.053391422828
  258     -1.917931896711      2.713075510819     -3.052388068552
  258      1.917766176922     -8.136373451926     -3.051431793751
  258     -1.917207243675     -8.136638313663     -3.052227845799
  258      5.754479855477      2.712647567879     -3.053926767975
  258     -5.753866205936     -2.713497886005     -3.051642910339
  258      5.753823483200     -2.713922536308     -3.052645805684
  258     -5.753925584434      2.713552664545     -3.051956853881
  258      5.753382836900     -8.135915115803     -3.044081296331
  258     -5.754227709423     -8.136312472811     -3.048310610970
    8     -0.000490831769     -1.318367745050     -3.045624072798
    8      0.001086442485      1.318421238420     -3.044405029783
    8      0.000760006095      4.106443679807     -3.041890774966
    8      0.000831575789     -4.106398644451     -3.046146482501
    8      0.001298431753     -6.744466631484     -3.045436955179
    8      0.002169712623      6.741086814533     -3.044699665213
    8      3.836555043660     -1.318843651230     -3.043974936645
    8     -3.835724301107      1.320088383227     -3.044023956059
    8      3.835434673588      1.318181279385     -3.044336710370
    8     -3.835833450521     -1.317154936891     -3.044641900400
    8      3.835607546763      4.106201820449     -3.045491153002
    8     -3.837565178835     -4.105419596288     -3.045375784211
    8      3.836236991826     -4.108316373191     -3.045290456890
    8     -3.834709139878      4.107697208989     -3.044983608931
    8      3.837794245051     -6.744337081275     -3.041195981547
    8     -3.835424886731      6.743786697825     -3.038397777566
    8      3.836349448028      6.742126168251     -3.042243700884
    8     -3.836651026491     -6.743331313227     -3.045856384752
    8      7.671415317991     -1.319030118692     -3.044042152256
    8     -7.671251251554      1.318656442021     -3.044482165990
    8      7.669858307733      4.107745623404     -3.042075968445
    8      7.671988452285     -4.108851037761     -3.044196297106
    8      7.668524933476     -6.744913530737     -3.040115134306
    8      7.669641934277      6.742688523149     -3.041082916382
  258      0.000000000000      0.000000000000     -4.794687825205
  258      0.000000000000      5.424570039800     -4.794687825205
  258      0.000000000000     -5.424570039800     -4.794687825205
  258      3.835750260160      0.000000000000     -4.794687825205
  258     -3.835750260160      0.000000000000     -4.794687825205
  258      3.835750260160      5.424570039800     -4.794687825205
  258     -3.835750260160     -5.424570039800     -4.794687825205
  258      3.835750260160     -5.424570039800     -4.794687825205
  258     -3.835750260160      5.424570039800     -4.794687825205
  258      7.671500520300      0.000000000000     -4.794687825205
  258      7.671500520300      5.424570039800     -4.794687825205
  258      7.671500520300     -5.424570039800     -4.794687825205
    8      1.917875130080      1.356142509950     -4.794687825205
    8     -1.917875130080     -1.356142509950     -4.794687825205
    8      1.917875130080     -1.356142509950     -4.794687825205
    8     -1.917875130080      1.356142509950     -4.794687825205
    8      1.917875130080      6.780712549750     -4.794687825205
    8     -1.917875130080     -6.780712549750     -4.794687825205
    8      1.917875130080     -6.780712549750     -4.794687825205
    8     -1.917875130080      6.780712549750     -4.794687825205
    8      1.917875130080     -4.068427529850     -4.794687825205
    8     -1.917875130080      4.068427529850     -4.794687825205
    8      1.917875130080      4.068427529850     -4.794687825205
    8     -1.917875130080     -4.068427529850     -4.794687825205
    8      5.753625390240      1.356142509950     -4.794687825205
    8     -5.753625390240     -1.356142509950     -4.794687825205
    8      5.753625390240     -1.356142509950     -4.794687825205
    8     -5.753625390240      1.356142509950     -4.794687825205
    8      5.753625390240      6.780712549750     -4.794687825205
    8     -5.753625390240     -6.780712549750     -4.794687825205
    8      5.753625390240     -6.780712549750     -4.794687825205
    8     -5.753625390240      6.780712549750     -4.794687825205
    8      5.753625390240     -4.068427529850     -4.794687825205
    8     -5.753625390240      4.068427529850     -4.794687825205
    8      5.753625390240      4.068427529850     -4.794687825205
    8     -5.753625390240     -4.068427529850     -4.794687825205
   14      7.370903471050     -7.375948036659      7.313340447763
    8      6.889221409022     -5.787919789428      7.309999643541
    8      7.611298551282     -7.732918363889      8.908370184527
    8     -6.397315265256     -7.538175588880      6.706539570961
    6      5.792730534207     -5.340483230066      6.514045300863
    6     -5.407577258887     -6.542033024570      7.072911994585
    6     -8.553354792469     -7.181340099512      9.936614866530
    6      5.322354892349     -4.021918244336      7.110396889011
    6     -5.606157050700     -5.246181398309      6.301188290534
    6     -8.508898003159     -8.095513275301     11.150468946892
    1      4.427839903410     -3.655365613252      6.591426938880
    1     -4.744497287635     -4.588141214416      6.468857253739
    1     -9.089180667227     -7.649316682857     11.980145657423
    1      5.086043427757     -4.146410747964      8.171421631530
    1      6.127540518420     -3.268798375204      7.062806313824
    1      4.971254302172     -6.072235168059      6.518403507001
    1      6.117393312502     -5.240956753669      5.467534215083
    1      6.406554573961      7.183606978893     10.915004450630
    1     -7.464810865071      8.030157863396     11.485306431841
    1     -8.187008204175     -6.165000522597     10.198091245507
    1      5.741466854584     -7.057422064202      9.589452029879
    1     -5.440733582985     -6.391643115854      8.160957891859
    1     -4.437187291547     -6.978996342602      6.802853897602
    1     -6.544472851180     -4.759266387251      6.571120273468
    1     -5.632552732162     -5.442278252465      5.228818379420
    8      6.311093868359     -8.261491338157      6.531337850950
    6      3.754303163491      6.083249012431      5.972103666655
    6      2.318783591592      5.587008797448      6.186288968845
    1      1.836717332012      5.387327303945      5.223076684421
    1      4.042424535964      6.818162862795      6.742762561881
    1      4.460013065962      5.246991291097      6.035070822509
    1      2.269931411942      4.680643498655      6.812913177710
    1      1.677173429838      6.340692814864      6.678483201585
    0    0
