   2   1   1 E -4.5963139229545E+04 DE 7.5E-06(  3)
  0.153430010406E+02  0.000000000000E+00  0.000000000000E+00
  0.000000000000E+00  0.162737101194E+02  0.000000000000E+00
  0.000000000000E+00  0.000000000000E+00  0.500000000000E+03
    1
  0.100000000000E+01  0.000000000000E+00  0.000000000000E+00
  0.000000000000E+00  0.100000000000E+01  0.000000000000E+00
  0.000000000000E+00  0.000000000000E+00  0.100000000000E+01
  0.000000000000E+00  0.000000000000E+00  0.000000000000E+00
  249
  258      1.912363186100      2.693508006328      4.265383142311
  258     -1.913327863748     -2.702597851181      4.261281513528
  258      1.916605749244     -2.721436418638      4.260974213769
  258     -1.927378102632      2.713861277083      4.264705376163
  258      1.825303405711     -8.079479761729      4.284698565132
  258     -1.948832590265     -8.127174228504      4.267747920701
  258      5.770981639957      2.705713269354      4.258808248666
  258     -5.751863524968     -2.698813341046      4.276185807970
  258      5.758036468146     -2.705590334065      4.260772353346
  258     -5.752785997467      2.718903905168      4.266322582351
  258      5.814906424112     -8.113517148647      4.337817911289
  258     -5.751840569124     -8.138258695604      4.297946435841
    8     -0.008145009290      3.987074822839      4.376225508205
    8      0.002350143797     -3.976746485685      4.368865083273
    8     -0.005650599848     -6.842253817106      4.407547757348
    8     -0.019715265719      6.892413952570      4.366286223966
    8      0.001715522259     -1.434639373504      4.372115234178
    8      0.010164706207      1.444481890493      4.377191329225
    8      3.851701636266      3.941187426828      4.288017361293
    8     -3.775257286653     -3.950672360630      4.333532663585
    8      3.795648602346     -4.031548405152      4.355920480275
    8     -3.831007878485      3.985463564967      4.372063487578
    8      3.767521719790     -6.989982358636      4.309994437759
    8     -3.825610372155      6.874941692387      4.381941386867
    8      3.857687984041      6.688581762029      4.698115031077
    8     -3.788955593519     -6.853304293715      4.366786802731
    8      3.844113733381     -1.470705259399      4.377129941473
    8     -3.833396219461      1.449674973559      4.377587476150
    8      3.820862110288      1.419313838036      4.388693958856
    8     -3.851018811801     -1.423691086758      4.384716012385
    8      7.655404808477      3.986069917952      4.374268421822
    8     -7.670543513760     -3.934956673453      4.336088915767
    8     -7.681049930803     -6.832988260165      4.304915683010
    8     -7.605325175057      6.887412128392      4.255612781685
    8      7.672895418095     -1.421658650241      4.378400554807
    8     -7.667361298832      1.448508229957      4.373086211173
  258     -0.001103030024     -0.001976687069      2.595523103592
  258     -0.000846503140      5.422938173650      2.607130505041
  258     -0.016323751059     -5.403734835082      2.579362420480
  258      3.836199646163     -0.002048642819      2.599680449681
  258     -3.838031725446      0.003266341080      2.598729032845
  258      3.835905660861      5.392640199290      2.566699300293
  258     -3.835351222321     -5.415474289010      2.592783881552
  258      3.833436482724     -5.437636936674      2.599097965224
  258     -3.836126003611      5.429472654654      2.595381693778
  258     -7.666851736327     -0.000694013124      2.595441487075
  258     -7.669095683450      5.427842667961      2.592046145367
  258     -7.665233199442     -5.418315652961      2.592908459723
    8      1.918234924506      1.369001769624      2.535177079149
    8     -1.921559007208     -1.355906344923      2.537421491821
    8      1.921422122383     -1.361647985026      2.540706569173
    8     -1.916541118842      1.368886863767      2.541783788172
    8      1.988436450782      6.808392685264      2.618623012651
    8     -1.907656434741     -6.784961382407      2.532770302691
    8      1.867819427292     -6.776647951732      2.531001946647
    8     -1.920577923181      6.790644224538      2.537618735213
    8      1.907354012139     -4.054817798165      2.524501298449
    8     -1.910512472306      4.062602477195      2.539565598022
    8      1.907028455419      4.067650646412      2.537656180970
    8     -1.904071702843     -4.049273930190      2.518982035034
    8      5.752499026957      1.366083529923      2.543639164498
    8     -5.753855935756     -1.362351076957      2.539457133969
    8      5.754383848969     -1.353236311920      2.532045399595
    8     -5.751681097090      1.367307191828      2.540155587625
    8      5.668026449968      6.773051498254      2.591458967892
    8     -5.734229534320     -6.774806353945      2.543674297448
    8      5.747738872192     -6.748901424438      2.527101879842
    8     -5.716378103179      6.772229394549      2.504385301111
    8      5.742415901794     -4.047636747731      2.543678881122
    8     -5.756569789976      4.053523373432      2.543942241333
    8      5.763082033480      4.055618636713      2.517674860647
    8     -5.740551677037     -4.049607176144      2.549229692152
  258      1.913982731394      2.707640290615      0.647335000692
  258     -1.920447028226     -2.706714229560      0.645672372920
  258      1.919721795433     -2.712706632229      0.648660029376
  258     -1.918380193753      2.714056465965      0.651675701617
  258      1.917648832286      8.137570230717      0.659225062536
  258     -1.915157729481     -8.134494116042      0.653083401867
  258      5.758099009425      2.706624723591      0.646095111317
  258     -5.752813639534     -2.710812968360      0.653318880238
  258      5.752341373120     -2.714510124887      0.651665331520
  258     -5.752407229622      2.714047658982      0.651118442660
  258      5.748608175893     -8.135509171875      0.683226255553
  258     -5.750226096800     -8.133701395104      0.666897868662
    8      0.000176218164      4.061561087661      0.694209859315
    8     -0.000445946695     -4.055618080894      0.678495901787
    8     -0.005273526477     -6.789431548444      0.678575196827
    8      0.030567081826      6.784290102752      0.726760055803
    8      0.000385332048     -1.362034942105      0.693014545602
    8      0.000522083814      1.365244691379      0.691763787772
    8      3.831144218080      4.056631838317      0.698924109078
    8     -3.837289278307     -4.055833917427      0.688979538409
    8      3.836676926278     -4.069563291879      0.690912979900
    8     -3.836041843646      4.061820829520      0.693703925601
    8      3.819968000021     -6.803679813766      0.702023700876
    8     -3.819300435002      6.793309185486      0.677384321611
    8      3.822456298369      6.768222904178      0.694434367054
    8     -3.829118006866     -6.786054040492      0.691441948564
    8      3.835125099680     -1.367202476602      0.692461693511
    8     -3.834260518747      1.367015904913      0.692725037503
    8      3.836473473438      1.361302652921      0.692984943767
    8     -3.837624562009     -1.360523025965      0.690960572950
    8     -7.664967331660      4.057211531800      0.680105778573
    8      7.672702217181     -4.056542434014      0.692080769364
    8      7.676569049146     -6.793149153127      0.694917264804
    8      7.644892557198      6.791732222365      0.717879346556
    8     -7.669423612941     -1.365042757892      0.691314000888
    8     -7.672603268069      1.363140847921      0.692944040010
  258     -0.000731561841     -0.000228505742     -1.135875367588
  258      0.002616861553      5.424910235200     -1.131330590517
  258     -0.000394878039     -5.424561412468     -1.139419692099
  258      3.836331002677     -0.001838843947     -1.134643824240
  258     -3.836746438652      0.002220414504     -1.134771470967
  258      3.836402955988      5.425351475603     -1.140495578323
  258     -3.836389145236     -5.425102880422     -1.134853395212
  258      3.836003022086     -5.427481288058     -1.132397037457
  258     -3.835280487173      5.427019620109     -1.132812483273
  258     -7.670083306106     -0.002473752387     -1.135006466457
  258      7.669435607288      5.429586649810     -1.131302502513
  258      7.671145094364     -5.428704761718     -1.130761132145
    8      1.917784522618      1.345399510283     -1.165412886154
    8     -1.917821511225     -1.340528477970     -1.168193443963
    8      1.917855263582     -1.343425802448     -1.166891401795
    8     -1.917213259455      1.346929339596     -1.165147181680
    8      1.915032940588      6.771213622320     -1.163540425908
    8     -1.920069981781     -6.769130715957     -1.170551662289
    8      1.919653126499     -6.773361425430     -1.161528336210
    8     -1.898471916416      6.769435199701     -1.160035181612
    8      1.921011968768     -4.081424489189     -1.168700675209
    8     -1.916420586179      4.081902761377     -1.164149546883
    8      1.918888520349      4.080244161831     -1.164353200489
    8     -1.920027143609     -4.078462824639     -1.169068449716
    8      5.754060187748      1.343559806197     -1.167570515936
    8     -5.753565090167     -1.343663260986     -1.166089462375
    8      5.753225291026     -1.345313159943     -1.164707511043
    8     -5.753987508049      1.345470137998     -1.164962714672
    8      5.749210877598      6.773399646920     -1.154768079678
    8     -5.751995946147     -6.769306729811     -1.164189258429
    8      5.748608045519     -6.773050098829     -1.148667301592
    8     -5.763229235426      6.770062046781     -1.153838184919
    8      5.753632003992     -4.082009487849     -1.166172145236
    8     -5.750550925781      4.082715001431     -1.167923413886
    8      5.749507428514      4.081652662502     -1.164791128268
    8     -5.755269315845     -4.080120041558     -1.164596541439
  258      1.917609754338      2.711927239061     -3.054397142874
  258     -1.918851476436     -2.712221505713     -3.054489198046
  258      1.918555369181     -2.712894330049     -3.053619018731
  258     -1.917851392696      2.713180206772     -3.052410575809
  258      1.917726685968     -8.136495257086     -3.051339322973
  258     -1.917310927241     -8.136840036943     -3.052138601543
  258      5.754488925953      2.712156323703     -3.054239756332
  258     -5.753975098399     -2.713397985999     -3.051933089262
  258      5.754053792385     -2.713869643533     -3.052506908816
  258     -5.753930143616      2.713551164017     -3.051992883052
  258      5.753473860564     -8.135849476595     -3.044397675741
  258     -5.754139394543     -8.136378401383     -3.047991738592
    8      0.000204612128     -1.318025282065     -3.044904434343
    8      0.000330749478      1.318570156578     -3.044463513299
    8      0.000948779164      4.107068797661     -3.042124115396
    8      0.000226684390     -4.105954256337     -3.046147714780
    8      0.001321827586     -6.743841724206     -3.045327205950
    8      0.001783355435      6.741579716548     -3.045103779816
    8      3.836148141737     -1.318559226782     -3.044264004619
    8     -3.835731200443      1.319587047917     -3.044081039076
    8      3.835474878655      1.318135038973     -3.044377714816
    8     -3.836179927345     -1.317693806672     -3.044586773523
    8      3.835196179529      4.105840576550     -3.045160522574
    8     -3.836781443302     -4.106246005744     -3.045497813721
    8      3.836333483334     -4.107946963848     -3.044812040234
    8     -3.834425595431      4.107555722980     -3.045341392825
    8      3.837216200833     -6.743910861862     -3.041916025106
    8     -3.835580514568      6.743532363644     -3.038309021536
    8      3.836164359292      6.741716583555     -3.042410954199
    8     -3.836919488461     -6.743935504030     -3.045654857153
    8      7.671142520839     -1.318860005186     -3.044229946311
    8     -7.671386417739      1.318502429169     -3.044583118140
    8      7.670254855810      4.108224302944     -3.042533864539
    8      7.671372661867     -4.108309098061     -3.044191216800
    8      7.668724123676     -6.744318479748     -3.040131137613
    8      7.669655654392      6.743230177510     -3.041108998034
  258      0.000000000000      0.000000000000     -4.794687825205
  258      0.000000000000      5.424570039800     -4.794687825205
  258      0.000000000000     -5.424570039800     -4.794687825205
  258      3.835750260160      0.000000000000     -4.794687825205
  258     -3.835750260160      0.000000000000     -4.794687825205
  258      3.835750260160      5.424570039800     -4.794687825205
  258     -3.835750260160     -5.424570039800     -4.794687825205
  258      3.835750260160     -5.424570039800     -4.794687825205
  258     -3.835750260160      5.424570039800     -4.794687825205
  258      7.671500520300      0.000000000000     -4.794687825205
  258      7.671500520300      5.424570039800     -4.794687825205
  258      7.671500520300     -5.424570039800     -4.794687825205
    8      1.917875130080      1.356142509950     -4.794687825205
    8     -1.917875130080     -1.356142509950     -4.794687825205
    8      1.917875130080     -1.356142509950     -4.794687825205
    8     -1.917875130080      1.356142509950     -4.794687825205
    8      1.917875130080      6.780712549750     -4.794687825205
    8     -1.917875130080     -6.780712549750     -4.794687825205
    8      1.917875130080     -6.780712549750     -4.794687825205
    8     -1.917875130080      6.780712549750     -4.794687825205
    8      1.917875130080     -4.068427529850     -4.794687825205
    8     -1.917875130080      4.068427529850     -4.794687825205
    8      1.917875130080      4.068427529850     -4.794687825205
    8     -1.917875130080     -4.068427529850     -4.794687825205
    8      5.753625390240      1.356142509950     -4.794687825205
    8     -5.753625390240     -1.356142509950     -4.794687825205
    8      5.753625390240     -1.356142509950     -4.794687825205
    8     -5.753625390240      1.356142509950     -4.794687825205
    8      5.753625390240      6.780712549750     -4.794687825205
    8     -5.753625390240     -6.780712549750     -4.794687825205
    8      5.753625390240     -6.780712549750     -4.794687825205
    8     -5.753625390240      6.780712549750     -4.794687825205
    8      5.753625390240     -4.068427529850     -4.794687825205
    8     -5.753625390240      4.068427529850     -4.794687825205
    8      5.753625390240      4.068427529850     -4.794687825205
    8     -5.753625390240     -4.068427529850     -4.794687825205
   14      7.367939134599     -7.411261962027      7.313098647215
    8      6.875372323951     -5.827223286332      7.350050601767
    8      7.588144334265     -7.839059319724      8.894021773723
    8     -6.396806691963     -7.540434228202      6.718057948365
    6      5.801324540041     -5.360707126398      6.532826084923
    6     -5.417084074473     -6.532569411315      7.085048072480
    6     -8.864906065203     -7.719729575142      9.777808272270
    6      5.346384439381     -4.028539779126      7.110226261325
    6     -5.620960088929     -5.243821581431      6.305325776111
    6     -8.517245067165     -8.372171086939     11.103427496766
    1      4.454537275885     -3.661835382663      6.586103504886
    1     -4.769873338689     -4.575246076922      6.486541669712
    1     -9.356148705814     -8.285660723677     11.806329425971
    1      5.108938302546     -4.133762315205      8.172803977570
    1      6.158366051939     -3.284164472852      7.048584904834
    1      4.965789999336     -6.076434690331      6.528503034956
    1      6.144133920360     -5.270427436987      5.490951165262
    1      7.053026151397      6.837955664310     10.964062907362
    1     -7.637728365551      8.378342311914     11.552547354741
    1     -9.114498932604     -6.653837081643      9.919697884341
    1      5.588156047855     -8.203167307845      9.336050919150
    1     -5.459600395745     -6.373934815369      8.171093257896
    1     -4.442492492907     -6.964369315115      6.823722645073
    1     -6.568795352274     -4.768793332188      6.559111517350
    1     -5.625313233526     -5.442466249045      5.233155917943
    8      6.299841352383     -8.278868817615      6.519221577621
    6      3.747944375470      6.078431500160      5.971601817280
    6      2.316615589998      5.553812845436      6.163283068320
    1      1.855613990396      5.345180027750      5.196201950824
    1      4.008109646124      6.820749061356      6.745273966542
    1      4.470897007076      5.257927260722      6.045779112423
    1      2.277032939768      4.642103574866      6.775199080211
    1      1.653896144961      6.286042878273      6.648344911920
    0    0
