   2   1   1 E -4.5963139220824E+04 DE-7.2E-06(  4)
  0.153430010406E+02  0.000000000000E+00  0.000000000000E+00
  0.000000000000E+00  0.162737101194E+02  0.000000000000E+00
  0.000000000000E+00  0.000000000000E+00  0.500000000000E+03
    1
  0.100000000000E+01  0.000000000000E+00  0.000000000000E+00
  0.000000000000E+00  0.100000000000E+01  0.000000000000E+00
  0.000000000000E+00  0.000000000000E+00  0.100000000000E+01
  0.000000000000E+00  0.000000000000E+00  0.000000000000E+00
  249
  258      1.912828749491      2.693022744130      4.265503926661
  258     -1.913507730094     -2.702712715569      4.261402648555
  258      1.916202788821     -2.721332410445      4.260837770459
  258     -1.927123980615      2.713833794115      4.264860662383
  258      1.825151478394     -8.079679582045      4.284642454273
  258     -1.949021476052     -8.127392845554      4.267584013654
  258      5.771728335567      2.705904259465      4.258947306878
  258     -5.752269284349     -2.698817817112      4.276277575848
  258      5.757438693762     -2.706571045013      4.260787684583
  258     -5.752336641429      2.718757574034      4.266526055266
  258      5.814545554769     -8.113982968346      4.337761367663
  258     -5.751563760771     -8.138256947859      4.298177578620
    8     -0.009306895444      3.986975631074      4.376401921810
    8      0.002329226936     -3.977166620219      4.368846106700
    8     -0.005781871082     -6.842690070538      4.407321597742
    8     -0.020014527592      6.892196070347      4.366057094781
    8      0.001828275127     -1.434988141839      4.372329061198
    8      0.010596239934      1.444170594043      4.377074789485
    8      3.852134813504      3.940427840382      4.287089638040
    8     -3.774128970177     -3.951042426362      4.334260649412
    8      3.796340247207     -4.032206634394      4.355825221097
    8     -3.831357493453      3.985214503590      4.372095548211
    8      3.767084917699     -6.990660401008      4.309549723471
    8     -3.825581255843      6.874848118156      4.381903332434
    8      3.857372949158      6.688957651487      4.698238277051
    8     -3.789811696379     -6.853314837584      4.367180753733
    8      3.843851649515     -1.471269485533      4.376905503840
    8     -3.833681408232      1.449476084570      4.378115848874
    8      3.819491296926      1.418665360505      4.389170395290
    8     -3.851966848495     -1.423791864516      4.384323042778
    8      7.654846453230      3.985826459982      4.375075015795
    8     -7.672462330022     -3.935191384719      4.335396807173
    8     -7.680325745814     -6.833272801149      4.305092400145
    8     -7.606038598412      6.887376154924      4.254794983792
    8      7.674722053573     -1.421882412222      4.379180332647
    8     -7.668320172459      1.448431708314      4.372662167842
  258     -0.001191626213     -0.001981912121      2.595383736492
  258     -0.000904828063      5.422729756474      2.607308612869
  258     -0.016402434712     -5.403836768902      2.579374239244
  258      3.836365140195     -0.001962160376      2.599742435230
  258     -3.838118916047      0.003249356736      2.598788480522
  258      3.835953340937      5.392352267307      2.566794049474
  258     -3.835463518484     -5.415484444290      2.593010531970
  258      3.833096532175     -5.437852981328      2.598902857752
  258     -3.836171323257      5.429320345988      2.595204173399
  258     -7.666852912759     -0.000926104818      2.595813294594
  258     -7.669049885190      5.427791118387      2.591859995942
  258     -7.665527827418     -5.418801601599      2.593043905557
    8      1.918274720988      1.369304821671      2.534569536845
    8     -1.921697925963     -1.355976967746      2.537678462447
    8      1.921261622029     -1.361454870471      2.540752771162
    8     -1.916782269968      1.368905226960      2.541815060717
    8      1.988302179565      6.808236187200      2.618507110199
    8     -1.908010752800     -6.785283665470      2.532973729684
    8      1.867476416018     -6.776847115027      2.530473879887
    8     -1.921036638386      6.790457105340      2.537449634359
    8      1.907250229163     -4.054528099324      2.524551426989
    8     -1.910929462246      4.062353312568      2.539470512009
    8      1.906366413983      4.067631544961      2.538135766509
    8     -1.904164763867     -4.049335138407      2.518739517722
    8      5.751549575223      1.365808310331      2.543034141888
    8     -5.754370055842     -1.362980455534      2.538678894840
    8      5.754710615848     -1.353840020946      2.532808859165
    8     -5.751620535889      1.366886917308      2.540527326558
    8      5.667235270716      6.773021473859      2.591438707597
    8     -5.734252683407     -6.775356377353      2.543033475919
    8      5.747964442966     -6.749334360522      2.527962945514
    8     -5.716221958242      6.771814724072      2.504374857393
    8      5.741749690755     -4.047811413374      2.542517757418
    8     -5.756894390430      4.053103776840      2.544401850522
    8      5.763868930334      4.055518095357      2.517813364015
    8     -5.740264525734     -4.049924044366      2.550305042683
  258      1.913936917759      2.707710679784      0.647445890269
  258     -1.920472101518     -2.706782678950      0.645793098706
  258      1.919803098395     -2.712617770141      0.648636785487
  258     -1.918421877803      2.713975455040      0.651703048793
  258      1.917608355518      8.137366682205      0.659388733842
  258     -1.915274407176     -8.134537143694      0.652981811559
  258      5.758061269678      2.706570589663      0.646163793848
  258     -5.752916531200     -2.711081726446      0.653430038471
  258      5.752394663934     -2.714570759648      0.651793020802
  258     -5.752423499499      2.713925419930      0.651183616167
  258      5.748520454335     -8.135494217177      0.683154387080
  258     -5.750303929531     -8.133624996192      0.667052297773
    8     -0.000045006125      4.061527247363      0.694038102923
    8     -0.000450920815     -4.055489458343      0.678378083600
    8     -0.005766586190     -6.789390697614      0.678418429976
    8      0.030398131758      6.784223988802      0.726801130159
    8      0.000300388871     -1.361820696697      0.693159113251
    8      0.000114147773      1.365342675242      0.691806920941
    8      3.831015817750      4.056536371540      0.699555421520
    8     -3.837845557312     -4.055834649629      0.688968648142
    8      3.835958708427     -4.069331129460      0.690469325720
    8     -3.836458651213      4.062254056423      0.693864622138
    8      3.820639305330     -6.803693260867      0.702087203494
    8     -3.819417154789      6.793662848996      0.676869081216
    8      3.822277036282      6.768021022360      0.693953944256
    8     -3.828852040634     -6.785982868822      0.691442637626
    8      3.835243015435     -1.367113228158      0.692618779118
    8     -3.834507069383      1.367394302850      0.692736301017
    8      3.836341013032      1.361390168579      0.692253978559
    8     -3.837332800324     -1.360376832045      0.691050972733
    8     -7.664711831048      4.057233250197      0.679942728451
    8      7.673611701947     -4.056531646727      0.692359595310
    8      7.675618646647     -6.793379547680      0.694309980682
    8      7.644825333985      6.791604718169      0.718046857799
    8     -7.670006266930     -1.365074194187      0.691122070423
    8     -7.672589064171      1.363199357751      0.693562046381
  258     -0.000749883424     -0.000231198617     -1.135925210810
  258      0.002609712780      5.424887724471     -1.131274627651
  258     -0.000311728975     -5.424577964093     -1.139351867807
  258      3.836373458831     -0.001737356602     -1.134552106464
  258     -3.836698540528      0.002051917909     -1.134679630449
  258      3.836435545916      5.425270764367     -1.140478822162
  258     -3.836332800435     -5.425242333768     -1.134724902859
  258      3.835989630007     -5.427512359404     -1.132400185565
  258     -3.835357069211      5.427049994017     -1.132879739706
  258     -7.670008393620     -0.002447283612     -1.134858313314
  258      7.669494494431      5.429485532493     -1.131258580985
  258      7.671171134912     -5.428672838131     -1.130867098158
    8      1.917552883286      1.345296533077     -1.165507550051
    8     -1.917671669389     -1.340827322856     -1.168195561552
    8      1.917782684359     -1.343517505048     -1.166868266857
    8     -1.917484848044      1.346553931662     -1.165161176283
    8      1.914821842614      6.771170470686     -1.163492953919
    8     -1.919993340367     -6.769430838537     -1.170954980773
    8      1.919780386882     -6.773546197738     -1.161125458200
    8     -1.898306153024      6.769015536612     -1.160150362559
    8      1.920786530312     -4.081547302280     -1.169008604263
    8     -1.916655981158      4.081524449437     -1.164260234736
    8      1.919110772548      4.080211593242     -1.164303754710
    8     -1.920213707736     -4.078655639406     -1.168826136501
    8      5.754475087727      1.343274533469     -1.167532787127
    8     -5.753473476504     -1.343761447542     -1.165980986718
    8      5.753028974877     -1.345588178563     -1.164958967631
    8     -5.754321258700      1.345279830875     -1.164783226269
    8      5.749474895169      6.772900385564     -1.154734500637
    8     -5.752026983704     -6.769265187679     -1.163778102942
    8      5.748366442352     -6.773671232242     -1.149380089056
    8     -5.763403332609      6.769990867953     -1.153944081322
    8      5.753846265175     -4.082534250944     -1.165417451327
    8     -5.750460553774      4.082486562611     -1.168071902502
    8      5.749149727056      4.081393710721     -1.164560155633
    8     -5.755244213188     -4.080188978985     -1.164961857948
  258      1.917606463779      2.711868719481     -3.054357154320
  258     -1.918851339440     -2.712333364517     -3.054408716897
  258      1.918577379307     -2.712893990081     -3.053608406365
  258     -1.917830899543      2.713205357982     -3.052379300510
  258      1.917696913882     -8.136491220716     -3.051257661993
  258     -1.917323034597     -8.136804299651     -3.052151049307
  258      5.754523067642      2.712066380015     -3.054272364956
  258     -5.753937317103     -2.713385201682     -3.051838668780
  258      5.754021499943     -2.713865817843     -3.052387187614
  258     -5.753831593038      2.713514240509     -3.051954658805
  258      5.753540571212     -8.135994514382     -3.044364630928
  258     -5.754198473220     -8.136394309761     -3.047991750904
    8      0.000293827237     -1.317972721444     -3.044949368479
    8      0.000215418005      1.318718706116     -3.044402751437
    8      0.000989656955      4.106858383997     -3.042096367491
    8     -0.000048548507     -4.105898639734     -3.046106345819
    8      0.001593276619     -6.743865160835     -3.045348921704
    8      0.001802300063      6.741540360364     -3.045119517091
    8      3.836108227425     -1.318360351020     -3.044336061910
    8     -3.835910626661      1.319594464053     -3.043988976353
    8      3.835548206234      1.318513310005     -3.044275995052
    8     -3.836137502105     -1.317623790451     -3.044531443929
    8      3.835291736783      4.106112561735     -3.045180628048
    8     -3.836687623978     -4.106167087601     -3.045501949408
    8      3.836585800233     -4.107600846527     -3.044599193250
    8     -3.834449733935      4.107471669400     -3.045509452195
    8      3.836971485028     -6.743642690674     -3.042006281928
    8     -3.835580833479      6.743694089549     -3.038148557160
    8      3.836206756309      6.742122943348     -3.042313493281
    8     -3.836984078761     -6.743878470755     -3.045598374408
    8      7.671181011145     -1.318915872186     -3.044129529307
    8     -7.671326207139      1.318594384453     -3.044617718630
    8      7.670143883824      4.108144935116     -3.042446937637
    8      7.671193761636     -4.108305454833     -3.044173199174
    8      7.668929929740     -6.744327307350     -3.040081136890
    8      7.669735093511      6.743288243081     -3.041213471208
  258      0.000000000000      0.000000000000     -4.794687825205
  258      0.000000000000      5.424570039800     -4.794687825205
  258      0.000000000000     -5.424570039800     -4.794687825205
  258      3.835750260160      0.000000000000     -4.794687825205
  258     -3.835750260160      0.000000000000     -4.794687825205
  258      3.835750260160      5.424570039800     -4.794687825205
  258     -3.835750260160     -5.424570039800     -4.794687825205
  258      3.835750260160     -5.424570039800     -4.794687825205
  258     -3.835750260160      5.424570039800     -4.794687825205
  258      7.671500520300      0.000000000000     -4.794687825205
  258      7.671500520300      5.424570039800     -4.794687825205
  258      7.671500520300     -5.424570039800     -4.794687825205
    8      1.917875130080      1.356142509950     -4.794687825205
    8     -1.917875130080     -1.356142509950     -4.794687825205
    8      1.917875130080     -1.356142509950     -4.794687825205
    8     -1.917875130080      1.356142509950     -4.794687825205
    8      1.917875130080      6.780712549750     -4.794687825205
    8     -1.917875130080     -6.780712549750     -4.794687825205
    8      1.917875130080     -6.780712549750     -4.794687825205
    8     -1.917875130080      6.780712549750     -4.794687825205
    8      1.917875130080     -4.068427529850     -4.794687825205
    8     -1.917875130080      4.068427529850     -4.794687825205
    8      1.917875130080      4.068427529850     -4.794687825205
    8     -1.917875130080     -4.068427529850     -4.794687825205
    8      5.753625390240      1.356142509950     -4.794687825205
    8     -5.753625390240     -1.356142509950     -4.794687825205
    8      5.753625390240     -1.356142509950     -4.794687825205
    8     -5.753625390240      1.356142509950     -4.794687825205
    8      5.753625390240      6.780712549750     -4.794687825205
    8     -5.753625390240     -6.780712549750     -4.794687825205
    8      5.753625390240     -6.780712549750     -4.794687825205
    8     -5.753625390240      6.780712549750     -4.794687825205
    8      5.753625390240     -4.068427529850     -4.794687825205
    8     -5.753625390240      4.068427529850     -4.794687825205
    8      5.753625390240      4.068427529850     -4.794687825205
    8     -5.753625390240     -4.068427529850     -4.794687825205
   14      7.368154673604     -7.412730162888      7.313465021689
    8      6.875079439150     -5.828637501484      7.351175480015
    8      7.588851265509     -7.841206016414      8.894367475533
    8     -6.396155848265     -7.539857669649      6.718913739627
    6      5.801160010425     -5.362226573667      6.534206896936
    6     -5.418316162501     -6.529971931014      7.085727756855
    6     -8.866866186887     -7.728827777672      9.776395981436
    6      5.347489093729     -4.029497716124      7.110849561666
    6     -5.623484363495     -5.242234852211      6.304425332095
    6     -8.504834157911     -8.343860678286     11.115608019592
    1      4.456833534798     -3.661552909163      6.585553000090
    1     -4.773557752632     -4.572142823721      6.485985882240
    1     -9.346262723007     -8.265218534881     11.816527356054
    1      5.108431026935     -4.134362085368      8.173217671180
    1      6.160446224229     -3.286075207141      7.050245571542
    1      4.964903670683     -6.077391747207      6.530973169255
    1      6.142897241057     -5.272684598694      5.491851354402
    1      7.093539697096      6.871326209936     10.998017728402
    1     -7.639936616289      8.438209200868     11.555213826461
    1     -9.141611814845     -6.666465678712      9.896158048405
    1      5.598732960478     -8.242765733639      9.343661066975
    1     -5.462095041308     -6.370278669627      8.171651709007
    1     -4.442666725476     -6.960353247929      6.825723645082
    1     -6.572501895974     -4.768331396712      6.556436107233
    1     -5.625983215476     -5.442195087755      5.232394263206
    8      6.300543074151     -8.280628688367      6.519370010728
    6      3.748683515195      6.077117186777      5.971244343051
    6      2.317450123362      5.552592063595      6.163829062281
    1      1.856593493048      5.342707810786      5.196830354772
    1      4.010561506862      6.818082612522      6.745689667260
    1      4.470175908485      5.255198402322      6.042880227850
    1      2.278098504764      4.641502169741      6.777324858770
    1      1.654208053850      6.285421988589      6.648115601149
    0    0
