   2   1   1 E -4.5963139228132E+04 DE-8.6E-06(  4)
  0.153430010406E+02  0.000000000000E+00  0.000000000000E+00
  0.000000000000E+00  0.162737101194E+02  0.000000000000E+00
  0.000000000000E+00  0.000000000000E+00  0.500000000000E+03
    1
  0.100000000000E+01  0.000000000000E+00  0.000000000000E+00
  0.000000000000E+00  0.100000000000E+01  0.000000000000E+00
  0.000000000000E+00  0.000000000000E+00  0.100000000000E+01
  0.000000000000E+00  0.000000000000E+00  0.000000000000E+00
  249
  258      1.913356408803      2.692948024096      4.265481975297
  258     -1.913469112337     -2.702574214912      4.261376696183
  258      1.916147295224     -2.721092016597      4.260871480918
  258     -1.926847409083      2.713854046419      4.264827084485
  258      1.825152894788     -8.079750658723      4.284386437888
  258     -1.948990862907     -8.127403635687      4.267402871157
  258      5.771727467852      2.705958005991      4.258931466610
  258     -5.752471231273     -2.698690226152      4.276112363338
  258      5.757237411785     -2.706918601306      4.260903388930
  258     -5.752183039756      2.718777816988      4.266446331304
  258      5.814631892724     -8.113894452105      4.337690791928
  258     -5.751566073147     -8.138345577583      4.298278427667
    8     -0.009612174511      3.986900917464      4.376305921251
    8      0.002073932666     -3.977222296870      4.368878491331
    8     -0.005825973852     -6.842856924912      4.407490266380
    8     -0.019911644154      6.892070546166      4.365762108192
    8      0.002145915919     -1.434881217065      4.372615862953
    8      0.010638419800      1.444155294311      4.377027750365
    8      3.852056204519      3.940431498822      4.287012941985
    8     -3.773899308774     -3.951306800674      4.334214184110
    8      3.796488163886     -4.032113916384      4.356046861420
    8     -3.831501270638      3.985149910454      4.371886034558
    8      3.767093468526     -6.990406833630      4.308757072649
    8     -3.825531893319      6.874792352555      4.381714503004
    8      3.857265634029      6.688840006082      4.698381920802
    8     -3.790074507818     -6.853342753355      4.367552156883
    8      3.844001754149     -1.471200611582      4.376981765615
    8     -3.833729018807      1.449437120288      4.378164225760
    8      3.819362195849      1.418469208965      4.389168646127
    8     -3.852163718548     -1.423808885811      4.384096107678
    8      7.654603080694      3.985695059076      4.375271712651
    8     -7.673397131983     -3.934925588776      4.334988244876
    8     -7.680304795733     -6.833244036835      4.305110039409
    8     -7.606281896883      6.887244043547      4.254768989138
    8      7.675719143473     -1.421558945501      4.379642674541
    8     -7.668821519881      1.448491671818      4.372508290698
  258     -0.001158681113     -0.001971734439      2.595338448554
  258     -0.000807629565      5.422657160836      2.607311477375
  258     -0.016511874828     -5.403646246982      2.579499990292
  258      3.836545992589     -0.001988123073      2.599723244296
  258     -3.838105574234      0.003277575378      2.598758218006
  258      3.836027426570      5.392356786457      2.566640996679
  258     -3.835594981925     -5.415565414061      2.593219968460
  258      3.832923322171     -5.437723229657      2.598719816425
  258     -3.836076279681      5.429220702247      2.595093400193
  258     -7.666814660547     -0.000974943582      2.596142780463
  258     -7.668955675581      5.427906693047      2.591768464555
  258     -7.665599597339     -5.418951282987      2.592865309664
    8      1.918223633677      1.369469115660      2.534493353436
    8     -1.921551368538     -1.355878617322      2.537824131336
    8      1.921307248061     -1.361249238215      2.540852580720
    8     -1.916835985965      1.368913703949      2.541780147080
    8      1.988418195499      6.808335197742      2.618281947829
    8     -1.908111477585     -6.785212282422      2.533175464256
    8      1.867146554774     -6.776724238231      2.530201853699
    8     -1.921191992687      6.790448507930      2.537323841444
    8      1.907284947840     -4.054237036994      2.524643098616
    8     -1.910998449131      4.062265612527      2.539336121033
    8      1.906177769012      4.067821754291      2.538237855734
    8     -1.904108682929     -4.049247665932      2.518491136855
    8      5.751279470963      1.365561153004      2.542571081086
    8     -5.754523311890     -1.363126618166      2.538285245074
    8      5.754941421032     -1.354024299602      2.533127435741
    8     -5.751572492134      1.366778384297      2.540735553545
    8      5.666690107546      6.773217798333      2.591463508227
    8     -5.734358383107     -6.775602776813      2.543106758868
    8      5.748306020203     -6.749259782710      2.527837881906
    8     -5.716268505349      6.771650425535      2.504614167717
    8      5.741241030743     -4.047961758458      2.542135815641
    8     -5.757104899141      4.053060881652      2.544404995774
    8      5.764114465706      4.055511308435      2.517919100271
    8     -5.740278716861     -4.050038518700      2.550772895932
  258      1.913928286535      2.707695356534      0.647348096183
  258     -1.920501957309     -2.706748554934      0.645867631916
  258      1.919884332124     -2.712706401193      0.648596082870
  258     -1.918418782467      2.713927893730      0.651714048451
  258      1.917638373192      8.137253235375      0.659304972741
  258     -1.915284785523     -8.134518230874      0.652887438626
  258      5.758113393748      2.706554499699      0.646178468057
  258     -5.752948057954     -2.711245548703      0.653353686796
  258      5.752380974215     -2.714731957553      0.651932254282
  258     -5.752408740635      2.713916367616      0.651119515954
  258      5.748395214610     -8.135353724971      0.682978972892
  258     -5.750272332686     -8.133565771944      0.667097684994
    8      0.000018828987      4.061508429565      0.693830918187
    8     -0.000381362400     -4.055649507436      0.678409922660
    8     -0.005931631719     -6.789447760116      0.678265019103
    8      0.030246978263      6.784222206177      0.726740850575
    8      0.000422773696     -1.361830631439      0.693142135667
    8      0.000047207885      1.365369912159      0.691805051040
    8      3.831038670417      4.056695194811      0.699853374718
    8     -3.838217639468     -4.055870125182      0.689017582145
    8      3.835633791751     -4.069215679103      0.690192471814
    8     -3.836498597802      4.062343276190      0.693917829513
    8      3.820956274916     -6.803609906302      0.702004798936
    8     -3.819614681894      6.793797828951      0.676653754946
    8      3.822235815952      6.767981270050      0.693566823746
    8     -3.828896109434     -6.785733687934      0.691666896905
    8      3.835316567129     -1.367054109428      0.692762840475
    8     -3.834575088003      1.367449760474      0.692684406533
    8      3.836127883213      1.361623973718      0.691897246125
    8     -3.837218228591     -1.360389161920      0.691231660829
    8     -7.664704006951      4.057226522307      0.679844840548
    8      7.673877975491     -4.056550625836      0.692432316267
    8      7.675552484662     -6.793351353460      0.693931226785
    8      7.644788858940      6.791668675558      0.718291025706
    8     -7.670130868081     -1.365068995492      0.691076248599
    8     -7.672423219077      1.363237355374      0.693726874766
  258     -0.000766866791     -0.000253224859     -1.135972738393
  258      0.002598643831      5.424840455749     -1.131254139975
  258     -0.000315580768     -5.424567989134     -1.139355694427
  258      3.836415707071     -0.001751676006     -1.134561712284
  258     -3.836726722659      0.001956412149     -1.134672408257
  258      3.836435921288      5.425244927069     -1.140580012042
  258     -3.836297829239     -5.425138125099     -1.134693385248
  258      3.835918273194     -5.427514725731     -1.132467382346
  258     -3.835336227744      5.427060366083     -1.132943979358
  258     -7.670000030138     -0.002449894983     -1.134777024074
  258      7.669500113558      5.429453976391     -1.131240302014
  258      7.671069237184     -5.428674859124     -1.131098435485
    8      1.917447377635      1.345044992317     -1.165548156911
    8     -1.917705460240     -1.340950498347     -1.168057636447
    8      1.917964637718     -1.343687855206     -1.166953969026
    8     -1.917492496430      1.346433368841     -1.165254899799
    8      1.914710401743      6.771118089612     -1.163466945695
    8     -1.920048278373     -6.769572843583     -1.170838288916
    8      1.919842170157     -6.773548803044     -1.161049088630
    8     -1.898296242999      6.768831917232     -1.160276931609
    8      1.920637715554     -4.081637605411     -1.169161095935
    8     -1.916799466092      4.081460832506     -1.164305051312
    8      1.919273192191      4.080087835084     -1.164410637142
    8     -1.920347887708     -4.078689291137     -1.168739553066
    8      5.754698350560      1.343049352269     -1.167477617255
    8     -5.753220804812     -1.343839089154     -1.165858737824
    8      5.752937840378     -1.345786703743     -1.164989875750
    8     -5.754436631345      1.345130586775     -1.164773493765
    8      5.749666532641      6.772622621147     -1.154735268988
    8     -5.751858750840     -6.769306305550     -1.163592444196
    8      5.748395071281     -6.773893368922     -1.149772967197
    8     -5.763647132714      6.769885649933     -1.154009341325
    8      5.753882839402     -4.082763847217     -1.165076176702
    8     -5.750384230666      4.082393267512     -1.168053939093
    8      5.748971754364      4.081262391729     -1.164546618986
    8     -5.755242252557     -4.080255799197     -1.165267529179
  258      1.917585790862      2.711842852054     -3.054368809145
  258     -1.918816557570     -2.712362960943     -3.054389841858
  258      1.918629509656     -2.712906636436     -3.053642376503
  258     -1.917836134906      2.713186546423     -3.052317354202
  258      1.917686103865     -8.136504642268     -3.051279331387
  258     -1.917296086650     -8.136753162714     -3.052180322127
  258      5.754537594455      2.712056332844     -3.054244097470
  258     -5.753950234584     -2.713342452442     -3.051847617762
  258      5.753994473409     -2.713840804584     -3.052291901965
  258     -5.753805734206      2.713508747374     -3.051976967436
  258      5.753610366371     -8.136069578401     -3.044396261678
  258     -5.754163210476     -8.136380343586     -3.047977038544
    8      0.000236294671     -1.317861394435     -3.044891762434
    8      0.000265301459      1.318793866580     -3.044431845627
    8      0.000975650085      4.106854228874     -3.042129456558
    8     -0.000130211428     -4.105924028766     -3.046129035108
    8      0.001557835117     -6.743926405219     -3.045307062567
    8      0.001887367673      6.741478049368     -3.045148490030
    8      3.836165702616     -1.318317882049     -3.044449532327
    8     -3.835985553528      1.319702476303     -3.043941234736
    8      3.835595228147      1.318561129372     -3.044240821615
    8     -3.836046384309     -1.317397475256     -3.044596264131
    8      3.835366349367      4.106207031985     -3.045270929666
    8     -3.836655994296     -4.106041694367     -3.045584076318
    8      3.836657676414     -4.107580679301     -3.044542956343
    8     -3.834478328318      4.107560248183     -3.045595660883
    8      3.836893032320     -6.743593669173     -3.042075502624
    8     -3.835595159003      6.743799562717     -3.038074689671
    8      3.836187681087      6.742247107641     -3.042291047407
    8     -3.836896748268     -6.743798221771     -3.045598370086
    8      7.671245088795     -1.318935621142     -3.044046012183
    8     -7.671328747052      1.318528076034     -3.044673880638
    8      7.670124571844      4.108115917097     -3.042381246558
    8      7.671091660506     -4.108247276838     -3.044195281790
    8      7.669066054096     -6.744214589723     -3.040116962705
    8      7.669732959791      6.743254927196     -3.041339290330
  258      0.000000000000      0.000000000000     -4.794687825205
  258      0.000000000000      5.424570039800     -4.794687825205
  258      0.000000000000     -5.424570039800     -4.794687825205
  258      3.835750260160      0.000000000000     -4.794687825205
  258     -3.835750260160      0.000000000000     -4.794687825205
  258      3.835750260160      5.424570039800     -4.794687825205
  258     -3.835750260160     -5.424570039800     -4.794687825205
  258      3.835750260160     -5.424570039800     -4.794687825205
  258     -3.835750260160      5.424570039800     -4.794687825205
  258      7.671500520300      0.000000000000     -4.794687825205
  258      7.671500520300      5.424570039800     -4.794687825205
  258      7.671500520300     -5.424570039800     -4.794687825205
    8      1.917875130080      1.356142509950     -4.794687825205
    8     -1.917875130080     -1.356142509950     -4.794687825205
    8      1.917875130080     -1.356142509950     -4.794687825205
    8     -1.917875130080      1.356142509950     -4.794687825205
    8      1.917875130080      6.780712549750     -4.794687825205
    8     -1.917875130080     -6.780712549750     -4.794687825205
    8      1.917875130080     -6.780712549750     -4.794687825205
    8     -1.917875130080      6.780712549750     -4.794687825205
    8      1.917875130080     -4.068427529850     -4.794687825205
    8     -1.917875130080      4.068427529850     -4.794687825205
    8      1.917875130080      4.068427529850     -4.794687825205
    8     -1.917875130080     -4.068427529850     -4.794687825205
    8      5.753625390240      1.356142509950     -4.794687825205
    8     -5.753625390240     -1.356142509950     -4.794687825205
    8      5.753625390240     -1.356142509950     -4.794687825205
    8     -5.753625390240      1.356142509950     -4.794687825205
    8      5.753625390240      6.780712549750     -4.794687825205
    8     -5.753625390240     -6.780712549750     -4.794687825205
    8      5.753625390240     -6.780712549750     -4.794687825205
    8     -5.753625390240      6.780712549750     -4.794687825205
    8      5.753625390240     -4.068427529850     -4.794687825205
    8     -5.753625390240      4.068427529850     -4.794687825205
    8      5.753625390240      4.068427529850     -4.794687825205
    8     -5.753625390240     -4.068427529850     -4.794687825205
   14      7.367936329421     -7.412529743442      7.313329211491
    8      6.874726457485     -5.828451524331      7.350169020929
    8      7.588623808853     -7.839989723159      8.894362146943
    8     -6.396295414724     -7.539558441901      6.718995217259
    6      5.800124571309     -5.362592831168      6.533835362338
    6     -5.418794127473     -6.529371218356      7.085760010723
    6     -8.867241738026     -7.730097946403      9.775591179502
    6      5.345918832451     -4.030092849590      7.110631940551
    6     -5.623973453759     -5.241845829702      6.304101641500
    6     -8.495275537642     -8.320920826566     11.123447142187
    1      4.455148755146     -3.662374668068      6.585352495160
    1     -4.774347913562     -4.571521114884      6.486135223252
    1     -9.337578372339     -8.245480334857     11.823227667103
    1      5.106848154781     -4.135164937392      8.172929153939
    1      6.158673054487     -3.286472216148      7.050164524657
    1      4.964338341557     -6.078245502948      6.530825951095
    1      6.141394228600     -5.272718120337      5.491355318361
    1      7.120048348077      6.896616563815     11.021257598207
    1     -7.638649177158      8.481060694432     11.555540788689
    1     -9.156157279921     -6.669821332403      9.880557995999
    1      5.605221677060     -8.261780825118      9.350695851429
    1     -5.462972026807     -6.369337749633      8.171571970772
    1     -4.443040030735     -6.959623452471      6.826106275290
    1     -6.573296653224     -4.768246603022      6.555390577000
    1     -5.625591689731     -5.442006575837      5.232067375352
    8      6.300661443635     -8.280916454624      6.519323472925
    6      3.748617121111      6.076725951269      5.971243760270
    6      2.317170366725      5.553030481778      6.164065882334
    1      1.856170373945      5.342360204856      5.197323432488
    1      4.011240685457      6.817108714921      6.745955581867
    1      4.469650485223      5.254372265899      6.042134823033
    1      2.277312129166      4.642821181980      6.778649787545
    1      1.654308297854      6.286727638109      6.647365525095
    0    0
