   2   1   1 E -4.5963138762463E+04 DE-1.8E-06(  6)
  0.153430010406E+02  0.000000000000E+00  0.000000000000E+00
  0.000000000000E+00  0.162737101194E+02  0.000000000000E+00
  0.000000000000E+00  0.000000000000E+00  0.500000000000E+03
    1
  0.100000000000E+01  0.000000000000E+00  0.000000000000E+00
  0.000000000000E+00  0.100000000000E+01  0.000000000000E+00
  0.000000000000E+00  0.000000000000E+00  0.100000000000E+01
  0.000000000000E+00  0.000000000000E+00  0.000000000000E+00
  249
  258      1.911920635023      2.692704342980      4.265364389119
  258     -1.913056054487     -2.704278934490      4.261474956828
  258      1.915703903335     -2.721128617509      4.260570584164
  258     -1.927226859475      2.713734110015      4.264771030500
  258      1.825359838051     -8.080015444428      4.285567149519
  258     -1.948379725209     -8.127569771972      4.265882981111
  258      5.772203776688      2.706230628536      4.259009754299
  258     -5.753365820372     -2.697877702907      4.276570119764
  258      5.756064971540     -2.704475150689      4.259925950082
  258     -5.751102323137      2.719242767057      4.266714303671
  258      5.815542278269     -8.114023043198      4.338736528626
  258     -5.752667606426     -8.137804608888      4.298493480057
    8     -0.009189654698      3.985794286033      4.376660045238
    8      0.002459213442     -3.976829296390      4.369011255033
    8     -0.006842643986     -6.842655875320      4.405148673568
    8     -0.020329734138      6.891209660120      4.371432080074
    8      0.001570426196     -1.434514183920      4.373182592015
    8      0.010663454724      1.443695596515      4.375925108087
    8      3.852495238552      3.939463307687      4.284035666386
    8     -3.769284429390     -3.949288623759      4.333261494118
    8      3.798074090885     -4.032622185500      4.355107999577
    8     -3.833276800611      3.986809986333      4.372626818157
    8      3.765552922365     -6.991343176460      4.312708353660
    8     -3.825649589570      6.875719747589      4.377647397539
    8      3.860347861431      6.686001913615      4.697586698331
    8     -3.789199210513     -6.852157980587      4.369841489932
    8      3.843420514352     -1.472511787474      4.377131885123
    8     -3.832823840913      1.451569978924      4.378811284789
    8      3.818057464441      1.417299273695      4.390584619492
    8     -3.856653554446     -1.421955147327      4.384103388139
    8      7.654309727485      3.986380788293      4.375965895645
    8     -7.671928519930     -3.934481306059      4.334032217994
    8     -7.679325362185     -6.833986900001      4.302348627748
    8     -7.605701615059      6.886445596997      4.259202611837
    8      7.677005946140     -1.421063142146      4.380674131478
    8     -7.672624042912      1.449188162156      4.371380348424
  258     -0.001642423169     -0.002391277989      2.595439420914
  258     -0.000738770415      5.423251172156      2.607263020451
  258     -0.015885157719     -5.404598085118      2.578594228908
  258      3.835834355519     -0.000503167022      2.598793282148
  258     -3.838010918228      0.002273467291      2.598872701025
  258      3.835878988334      5.391868596048      2.566621238937
  258     -3.835231714932     -5.415950241076      2.593792281273
  258      3.833385022913     -5.437652208179      2.599831296201
  258     -3.836297114622      5.429562239914      2.595075900261
  258     -7.666461344297      0.000007369672      2.596731489649
  258     -7.669172443730      5.427987905324      2.592742060261
  258     -7.665625538918     -5.417492245326      2.593044137217
    8      1.918707431353      1.369333153539      2.533882836905
    8     -1.922388094005     -1.357248698420      2.538525108535
    8      1.919651169658     -1.361633411785      2.540747848159
    8     -1.917324661259      1.367671075558      2.541669251246
    8      1.987190080813      6.807810324794      2.620050660924
    8     -1.908374908186     -6.785851129346      2.532008795846
    8      1.868227747550     -6.777499970303      2.530626195473
    8     -1.918349913343      6.789201422610      2.536275284851
    8      1.908193138728     -4.054883987018      2.525577785224
    8     -1.911556782474      4.061267698873      2.540489324927
    8      1.905656060090      4.068457286978      2.537759741130
    8     -1.902535149277     -4.050513113854      2.517126616765
    8      5.748726829252      1.366003543121      2.540392926467
    8     -5.755807772187     -1.363714242495      2.535727764285
    8      5.755481732245     -1.352611943047      2.534106979328
    8     -5.751758570931      1.366179861234      2.542988775089
    8      5.667853642097      6.773483360822      2.591017015096
    8     -5.733909754772     -6.776085375304      2.542516429475
    8      5.747102231561     -6.749377535062      2.530419182748
    8     -5.718349442854      6.770601358950      2.504206345301
    8      5.742033063106     -4.047998834503      2.541136800136
    8     -5.757370909412      4.051861210596      2.544715039111
    8      5.765958553833      4.056025699397      2.516617411672
    8     -5.739325743415     -4.051040090336      2.552073803889
  258      1.913428457782      2.707744846747      0.647070707776
  258     -1.920177078078     -2.706992934490      0.645680478480
  258      1.919939961126     -2.712895945307      0.648408301878
  258     -1.918556748844      2.714166917954      0.651876805765
  258      1.917911131921      8.137847473820      0.659881214776
  258     -1.915682225651     -8.134462392379      0.651574940557
  258      5.758221253846      2.706672933155      0.646336776259
  258     -5.752587928964     -2.711201457964      0.653665612807
  258      5.752512047880     -2.714033091438      0.651477415687
  258     -5.752376905622      2.714115507743      0.651205775346
  258      5.748674753336     -8.135072902394      0.683267670404
  258     -5.750074931432     -8.133338600858      0.668038514986
    8     -0.001260158628      4.062202342317      0.694817727340
    8      0.001339257490     -4.055035771172      0.678580938139
    8     -0.005280800830     -6.789088006525      0.677682503530
    8      0.031604052397      6.784841708229      0.726842146086
    8     -0.000933278311     -1.361043564436      0.692188090136
    8      0.000536910558      1.366296223531      0.692009236002
    8      3.831483562573      4.056236647750      0.699757879365
    8     -3.839178872216     -4.056169377136      0.689649909866
    8      3.835026674868     -4.068615640988      0.689771166380
    8     -3.836436627799      4.062347592097      0.693998359090
    8      3.821547335423     -6.802638959845      0.702645911936
    8     -3.819462877201      6.794158885065      0.676794647545
    8      3.821104187007      6.768306373735      0.694000060134
    8     -3.828281932293     -6.785580871438      0.691585932409
    8      3.836154013642     -1.366647331390      0.694919115189
    8     -3.835958231234      1.367009920716      0.693684043915
    8      3.834697813975      1.361723908335      0.690369341474
    8     -3.836629079875     -1.360621846559      0.690597247444
    8     -7.663127984222      4.058308509476      0.679146223435
    8      7.675300190846     -4.055775162940      0.692054791343
    8      7.673540359999     -6.792611910484      0.693347137250
    8      7.644496650634      6.793071998370      0.718130179197
    8     -7.671862305310     -1.364184951353      0.690604530087
    8     -7.671685268809      1.364371167982      0.694478789082
  258     -0.000657348929     -0.000218671567     -1.135989450425
  258      0.002808964258      5.425029776061     -1.131116009660
  258     -0.000251437509     -5.424531375708     -1.139862996341
  258      3.836431189349     -0.001726423020     -1.134845421263
  258     -3.836577174121      0.002126684981     -1.134658409894
  258      3.836433874682      5.425604157569     -1.140516577075
  258     -3.836604124429     -5.424793619090     -1.134741994362
  258      3.836228267211     -5.427378605498     -1.132164639590
  258     -3.835662696026      5.426923694174     -1.133179720205
  258     -7.669622741034     -0.002427970530     -1.134561613595
  258      7.669373335553      5.429715454481     -1.130796740855
  258      7.671327301883     -5.428703062759     -1.131063324976
    8      1.916534777174      1.344688388473     -1.166812806492
    8     -1.918253076865     -1.340874527739     -1.169108339087
    8      1.919078653809     -1.344102755689     -1.165610729183
    8     -1.917884046086      1.346648230265     -1.164055202686
    8      1.914735474024      6.770722006257     -1.163983187257
    8     -1.919823463063     -6.769300610310     -1.171077767898
    8      1.920367046475     -6.773846470145     -1.160652116266
    8     -1.898092840473      6.768926240175     -1.160337187932
    8      1.920149686617     -4.081812990840     -1.170001933826
    8     -1.916879713993      4.081622658233     -1.164082543689
    8      1.918539381626      4.079949079099     -1.163606468612
    8     -1.920283872078     -4.078731127178     -1.167568847391
    8      5.755064029629      1.343071831960     -1.167487528955
    8     -5.753941703138     -1.343484316044     -1.165400007564
    8      5.751667603550     -1.346033316221     -1.165414203968
    8     -5.754497693445      1.345341513064     -1.164991378466
    8      5.748943165161      6.772567595997     -1.154012515717
    8     -5.752040720617     -6.769017507140     -1.162528910291
    8      5.747645001042     -6.773935866372     -1.150816979851
    8     -5.763402136273      6.770022385984     -1.153479178658
    8      5.754334325302     -4.082633168734     -1.164576907741
    8     -5.749490837149      4.082315572323     -1.168630727588
    8      5.749358523922      4.081578612789     -1.164662441579
    8     -5.754770871068     -4.079734793467     -1.166347258906
  258      1.917712651102      2.712041985528     -3.054502189511
  258     -1.918828373487     -2.712261972979     -3.054530893718
  258      1.918784782040     -2.712873003469     -3.053851118402
  258     -1.917867149013      2.713175565039     -3.052263543603
  258      1.917898069942     -8.136390811971     -3.051111940140
  258     -1.917331545580     -8.136847373821     -3.052556977427
  258      5.754486407023      2.712152861000     -3.054026235020
  258     -5.754051790044     -2.713183701506     -3.051893998765
  258      5.754208290328     -2.713930123932     -3.052383379345
  258     -5.754188261860      2.713579218974     -3.052027957844
  258      5.753787808892     -8.135938764262     -3.044325380547
  258     -5.754105441872     -8.136351759363     -3.047742566750
    8      0.000755906083     -1.317301965204     -3.044425611661
    8     -0.000649788715      1.319296633412     -3.044606263407
    8      0.000919379295      4.107603353107     -3.042011980285
    8     -0.000643186512     -4.105182340661     -3.046250557033
    8      0.001777742407     -6.743263735084     -3.045268642210
    8      0.001580351517      6.742239286777     -3.045566099476
    8      3.835620904136     -1.317722874985     -3.044960860098
    8     -3.835668976969      1.319558997691     -3.043881204958
    8      3.835755233606      1.318938479524     -3.043988997323
    8     -3.836619612325     -1.317776042762     -3.044610453185
    8      3.834880157288      4.105949699706     -3.044878345966
    8     -3.836030474673     -4.106392525922     -3.045641096224
    8      3.836747928124     -4.107048063094     -3.044383578992
    8     -3.834107404802      4.107600659998     -3.045905834231
    8      3.836415573848     -6.743489773219     -3.042612537137
    8     -3.835800634326      6.743845205322     -3.037926749406
    8      3.836334917861      6.741999488022     -3.042321382704
    8     -3.837247104903     -6.744339947836     -3.045471600668
    8      7.671013668498     -1.318420431260     -3.043817128144
    8     -7.671387590395      1.318842387403     -3.044733065770
    8      7.670294167698      4.108555932194     -3.042416220060
    8      7.670700474721     -4.107737355075     -3.044452428350
    8      7.669309485412     -6.743889206776     -3.040083599824
    8      7.669551644071      6.743768482703     -3.041083945495
  258      0.000000000000      0.000000000000     -4.794687825205
  258      0.000000000000      5.424570039800     -4.794687825205
  258      0.000000000000     -5.424570039800     -4.794687825205
  258      3.835750260160      0.000000000000     -4.794687825205
  258     -3.835750260160      0.000000000000     -4.794687825205
  258      3.835750260160      5.424570039800     -4.794687825205
  258     -3.835750260160     -5.424570039800     -4.794687825205
  258      3.835750260160     -5.424570039800     -4.794687825205
  258     -3.835750260160      5.424570039800     -4.794687825205
  258      7.671500520300      0.000000000000     -4.794687825205
  258      7.671500520300      5.424570039800     -4.794687825205
  258      7.671500520300     -5.424570039800     -4.794687825205
    8      1.917875130080      1.356142509950     -4.794687825205
    8     -1.917875130080     -1.356142509950     -4.794687825205
    8      1.917875130080     -1.356142509950     -4.794687825205
    8     -1.917875130080      1.356142509950     -4.794687825205
    8      1.917875130080      6.780712549750     -4.794687825205
    8     -1.917875130080     -6.780712549750     -4.794687825205
    8      1.917875130080     -6.780712549750     -4.794687825205
    8     -1.917875130080      6.780712549750     -4.794687825205
    8      1.917875130080     -4.068427529850     -4.794687825205
    8     -1.917875130080      4.068427529850     -4.794687825205
    8      1.917875130080      4.068427529850     -4.794687825205
    8     -1.917875130080     -4.068427529850     -4.794687825205
    8      5.753625390240      1.356142509950     -4.794687825205
    8     -5.753625390240     -1.356142509950     -4.794687825205
    8      5.753625390240     -1.356142509950     -4.794687825205
    8     -5.753625390240      1.356142509950     -4.794687825205
    8      5.753625390240      6.780712549750     -4.794687825205
    8     -5.753625390240     -6.780712549750     -4.794687825205
    8      5.753625390240     -6.780712549750     -4.794687825205
    8     -5.753625390240      6.780712549750     -4.794687825205
    8      5.753625390240     -4.068427529850     -4.794687825205
    8     -5.753625390240      4.068427529850     -4.794687825205
    8      5.753625390240      4.068427529850     -4.794687825205
    8     -5.753625390240     -4.068427529850     -4.794687825205
   14      7.367345365496     -7.392890229138      7.309836065743
    8      6.880178478626     -5.806413807658      7.324520995448
    8      7.589383503247     -7.786316432894      8.899775877341
    8     -6.398243372285     -7.538609341151      6.715443220043
    6      5.791527803406     -5.352056017605      6.520858017413
    6     -5.412973272551     -6.537704448870      7.084879541490
    6     -8.776236620553     -7.448740014195      9.833122005278
    6      5.331039192993     -4.024675078809      7.104493823629
    6     -5.607543117190     -5.244846432334      6.308262038402
    6     -8.601293098485     -8.282716972337     11.089024391042
    1      4.438469705783     -3.657532425746      6.582627983875
    1     -4.750197126337     -4.584163513705      6.488073682320
    1     -9.348418708769     -8.000266944363     11.844675046364
    1      5.094503067353     -4.137866479534      8.166485878855
    1      6.140120997516     -3.276754736780      7.048223891635
    1      4.962468130953     -6.075007858707      6.526542909958
    1      6.120869286388     -5.262253041474      5.474937067489
    1      6.624999479495      6.923459791251     10.866024194756
    1     -7.602602496735      8.139736618764     11.517101161790
    1     -8.720359373515     -6.371596439455     10.067986025133
    1      5.566498301137     -7.629464123335      9.395625298725
    1     -5.455755547365     -6.381984299288      8.171429742343
    1     -4.440522424463     -6.974094845003      6.823288608462
    1     -6.550959808446     -4.761998853947      6.564974899886
    1     -5.617443196933     -5.441242452174      5.235543735300
    8      6.300109216198     -8.268128707602      6.523409516796
    6      3.750046310276      6.078676506997      5.971888782346
    6      2.320217512332      5.549268777604      6.162523468611
    1      1.858047218076      5.344042392755      5.195221352343
    1      4.004621516536      6.824873594938      6.743585881424
    1      4.478038703535      5.263087907153      6.053278768719
    1      2.283392009156      4.634483054674      6.770623043284
    1      1.656176242778      6.278005799008      6.651301738247
    0    0
