   2   1   1 E -4.5963138798981E+04 DE-1.5E-06(  7)
  0.153430010406E+02  0.000000000000E+00  0.000000000000E+00
  0.000000000000E+00  0.162737101194E+02  0.000000000000E+00
  0.000000000000E+00  0.000000000000E+00  0.500000000000E+03
    1
  0.100000000000E+01  0.000000000000E+00  0.000000000000E+00
  0.000000000000E+00  0.100000000000E+01  0.000000000000E+00
  0.000000000000E+00  0.000000000000E+00  0.100000000000E+01
  0.000000000000E+00  0.000000000000E+00  0.000000000000E+00
  249
  258      1.912044520956      2.692689192942      4.265566622082
  258     -1.913384304465     -2.703811410177      4.261696412395
  258      1.915233489850     -2.720980191796      4.260781887713
  258     -1.927322967785      2.713962505224      4.264885860969
  258      1.824572859401     -8.079569522936      4.285416433251
  258     -1.949268459611     -8.127484919655      4.265644619790
  258      5.771931724493      2.706454680163      4.259050583520
  258     -5.753596362548     -2.697664223796      4.276616440185
  258      5.755706067171     -2.705005917588      4.260318578210
  258     -5.751011131567      2.719431639693      4.267073686248
  258      5.814957256942     -8.113547874021      4.338792570694
  258     -5.753021435999     -8.137208738448      4.299190349450
    8     -0.010010324735      3.985952458761      4.377080078273
    8      0.002041186587     -3.976539635928      4.368973951903
    8     -0.007389664927     -6.842255846376      4.404498577470
    8     -0.021099190080      6.891632937742      4.372004378188
    8      0.001269833360     -1.434515232102      4.373378330827
    8      0.010652326501      1.443790433334      4.376062492471
    8      3.852175168265      3.939847261432      4.284389200733
    8     -3.770243640491     -3.949536950200      4.334779395456
    8      3.798170716057     -4.032951194368      4.355036919340
    8     -3.833843664886      3.987015629345      4.372919957167
    8      3.764646056995     -6.991172979327      4.313200246327
    8     -3.826480956872      6.876084295993      4.377323992997
    8      3.859243337767      6.685673341569      4.698305068920
    8     -3.789712182226     -6.851601118512      4.371558974221
    8      3.842564260242     -1.472498996156      4.377190919082
    8     -3.832749019208      1.451593146500      4.379156767617
    8      3.817750331277      1.417495699172      4.390857360139
    8     -3.857217501948     -1.421863261865      4.383549965719
    8      7.654798598496      3.986161730074      4.376081886007
    8     -7.673616824476     -3.934440654067      4.333975163357
    8     -7.679379368948     -6.833256795578      4.301965527195
    8     -7.605617848047      6.886951520726      4.259193107069
    8      7.678096864141     -1.421029090658      4.381150296470
    8     -7.673616345138      1.449116475140      4.371262091479
  258     -0.001891117580     -0.002135540338      2.595462197993
  258     -0.001234988974      5.423215213679      2.607485036080
  258     -0.016624129979     -5.404175775944      2.578703629824
  258      3.835669433949     -0.000428600102      2.599162149195
  258     -3.838282003672      0.002525754323      2.598871408812
  258      3.835387738801      5.392037546692      2.566673920189
  258     -3.835771809078     -5.415542994788      2.594207960127
  258      3.832951834710     -5.437419262540      2.599504941129
  258     -3.836696443321      5.429880267034      2.595226793091
  258     -7.666814143897      0.000166177068      2.597380969377
  258     -7.669052311933      5.428140102991      2.593008454698
  258     -7.666017062272     -5.417310618638      2.593000640949
    8      1.918427118417      1.369489820780      2.533931217966
    8     -1.922618160260     -1.356934878821      2.538796356855
    8      1.919479624027     -1.361483543757      2.540803167350
    8     -1.917481943859      1.367850973425      2.541810130723
    8      1.986528147374      6.808031107940      2.619914745967
    8     -1.909320386323     -6.785589984830      2.532305746962
    8      1.867777676108     -6.777197375852      2.530111073597
    8     -1.918854921762      6.789510855510      2.536363272321
    8      1.907701468240     -4.054628133195      2.525855532358
    8     -1.912075174568      4.061511893852      2.540594432421
    8      1.905024610367      4.068428023251      2.537938343624
    8     -1.903337471802     -4.050084175585      2.517747969508
    8      5.748192452245      1.366181844899      2.540703927296
    8     -5.756138528037     -1.363897614488      2.534999629293
    8      5.755600153048     -1.352485237559      2.534963816433
    8     -5.751731292251      1.366239153997      2.543607795136
    8      5.667490789793      6.773140954502      2.591081391945
    8     -5.733575685743     -6.776164656042      2.542692499193
    8      5.746447165992     -6.749005844366      2.530025547495
    8     -5.718702385248      6.770964077232      2.504541883229
    8      5.741291278171     -4.047535422374      2.540872354011
    8     -5.757383122899      4.052101059000      2.544576558869
    8      5.765839034057      4.055905101186      2.517137773652
    8     -5.739574257524     -4.051049795577      2.552326956827
  258      1.913265624065      2.707803567395      0.647199464257
  258     -1.920497342937     -2.706861228413      0.645748631400
  258      1.919716267471     -2.712684761790      0.648668513617
  258     -1.918762224909      2.714280936082      0.651885445668
  258      1.917597069160      8.137833925758      0.659685275766
  258     -1.916019118556     -8.134413225213      0.651584348734
  258      5.758055740349      2.706671263631      0.646565498408
  258     -5.752897393540     -2.710974082725      0.653748724202
  258      5.752361470689     -2.713816035944      0.651559111654
  258     -5.752595812342      2.714224047070      0.651364687526
  258      5.748557817427     -8.135184189298      0.683083137617
  258     -5.750161999558     -8.133186095705      0.668409327859
    8     -0.001530178751      4.062326513351      0.694931277062
    8      0.000918906387     -4.054693464970      0.678781777878
    8     -0.006221067908     -6.788874137287      0.677503724898
    8      0.031511529072      6.784774243833      0.727028089611
    8     -0.001221711206     -1.360934026641      0.692477268491
    8      0.000133280312      1.366303917340      0.692055349535
    8      3.831174259196      4.056313797384      0.700127653323
    8     -3.839281857488     -4.055826309082      0.689834254364
    8      3.834315564888     -4.068403540592      0.689644009646
    8     -3.836722760231      4.062813022319      0.694029003383
    8      3.821507577128     -6.802672308210      0.702612194176
    8     -3.819795368438      6.794453839868      0.676990716635
    8      3.820805166480      6.768491289309      0.693784685618
    8     -3.828261212030     -6.785210425304      0.691771122706
    8      3.836303138480     -1.366341825757      0.695178204774
    8     -3.836220901665      1.367469956779      0.693659136758
    8      3.834474638587      1.361732967034      0.690373757038
    8     -3.836474856665     -1.360136858407      0.690356464258
    8     -7.663458584909      4.058396338158      0.679273036525
    8      7.675221308846     -4.055598624440      0.692312052454
    8      7.673383138764     -6.792722140524      0.693459967671
    8      7.644573467232      6.793164799827      0.718274843327
    8     -7.672472052826     -1.363842963039      0.690330548084
    8     -7.671660167666      1.364419807216      0.694919143224
  258     -0.000788516675     -0.000152938295     -1.135923872964
  258      0.002557733015      5.425063856585     -1.131094745992
  258     -0.000445909635     -5.424449770881     -1.139785090871
  258      3.836279245694     -0.001647259462     -1.134739853018
  258     -3.836676810465      0.002242646308     -1.134629000104
  258      3.836390514937      5.425462990769     -1.140397472685
  258     -3.836771774003     -5.424792884558     -1.134598071051
  258      3.836096968588     -5.427274607035     -1.132175733916
  258     -3.835848480965      5.427025911781     -1.133133449863
  258     -7.669747860597     -0.002293483093     -1.134471545168
  258      7.669435106410      5.429795729402     -1.130694444741
  258      7.671295465180     -5.428639239895     -1.131051573324
    8      1.916298727672      1.344841218682     -1.166721068232
    8     -1.918175974094     -1.340941861946     -1.169177090758
    8      1.918755507990     -1.344045358752     -1.165402918263
    8     -1.917931695948      1.346582164852     -1.163978746512
    8      1.914576024579      6.770688149237     -1.164278575340
    8     -1.920196041389     -6.769423662263     -1.171345884634
    8      1.920195062893     -6.773922989113     -1.160552060232
    8     -1.898195697953      6.768865253363     -1.160188300045
    8      1.919996817531     -4.081846047641     -1.169953554910
    8     -1.917123805352      4.081427982109     -1.163978918124
    8      1.918473622196      4.079971976087     -1.163535562253
    8     -1.920408744396     -4.078762164181     -1.167476229785
    8      5.755030829656      1.343072190232     -1.167286328797
    8     -5.754087531153     -1.343464966804     -1.165338877757
    8      5.751294807241     -1.346177845628     -1.165646778367
    8     -5.754574297809      1.345507344420     -1.165013104849
    8      5.748890856148      6.772457929260     -1.153995287706
    8     -5.752127164920     -6.768974068527     -1.162250084098
    8      5.747494016954     -6.773970514429     -1.150758525336
    8     -5.763306035152      6.770065931681     -1.153535607514
    8      5.754455613950     -4.082785012760     -1.164174561126
    8     -5.749759617692      4.082412216627     -1.168554543489
    8      5.749064695579      4.081369629850     -1.164346393830
    8     -5.754951011360     -4.079696043225     -1.166179870717
  258      1.917698762133      2.711992349679     -3.054499868916
  258     -1.918919597298     -2.712224133886     -3.054502346269
  258      1.918621057859     -2.712859234280     -3.053724232505
  258     -1.917915527372      2.713217346871     -3.052300753188
  258      1.917818271861     -8.136429221993     -3.051172562825
  258     -1.917379416161     -8.136818819270     -3.052627264881
  258      5.754509343838      2.712236411713     -3.053937211485
  258     -5.754026885577     -2.713158478131     -3.051841953021
  258      5.754098573219     -2.713924966851     -3.052428353180
  258     -5.754228685103      2.713586333962     -3.052001725134
  258      5.753735582816     -8.135949998109     -3.044481468701
  258     -5.754158873631     -8.136308651974     -3.047634881199
    8      0.000759493033     -1.317364944128     -3.044520925208
    8     -0.000678841980      1.319261220302     -3.044636107242
    8      0.000845151694      4.107559269576     -3.041943852222
    8     -0.000678008383     -4.105209451607     -3.046216522197
    8      0.001756954089     -6.743296846416     -3.045224306252
    8      0.001506114522      6.742184263479     -3.045441560375
    8      3.835463594388     -1.317587304799     -3.044867915271
    8     -3.835615530382      1.319599566689     -3.043865316348
    8      3.835783622080      1.319112376142     -3.043898195147
    8     -3.836695627842     -1.317763083240     -3.044587934277
    8      3.834910529000      4.106100061388     -3.044934187361
    8     -3.836124630323     -4.106264279744     -3.045558644389
    8      3.836801683708     -4.106885079784     -3.044305565363
    8     -3.834142100683      4.107673474062     -3.045852771051
    8      3.836378114268     -6.743333897454     -3.042534234173
    8     -3.835709395930      6.743900547154     -3.037937118725
    8      3.836392601343      6.742053600175     -3.042361301876
    8     -3.837391520675     -6.744125442061     -3.045389700368
    8      7.670943512911     -1.318336214805     -3.043728732494
    8     -7.671388671143      1.318945483139     -3.044755404609
    8      7.670175912439      4.108582199960     -3.042329630725
    8      7.670705488821     -4.107844759159     -3.044436079828
    8      7.669320790469     -6.743943940125     -3.039997629297
    8      7.669567428936      6.743715113840     -3.040948851473
  258      0.000000000000      0.000000000000     -4.794687825205
  258      0.000000000000      5.424570039800     -4.794687825205
  258      0.000000000000     -5.424570039800     -4.794687825205
  258      3.835750260160      0.000000000000     -4.794687825205
  258     -3.835750260160      0.000000000000     -4.794687825205
  258      3.835750260160      5.424570039800     -4.794687825205
  258     -3.835750260160     -5.424570039800     -4.794687825205
  258      3.835750260160     -5.424570039800     -4.794687825205
  258     -3.835750260160      5.424570039800     -4.794687825205
  258      7.671500520300      0.000000000000     -4.794687825205
  258      7.671500520300      5.424570039800     -4.794687825205
  258      7.671500520300     -5.424570039800     -4.794687825205
    8      1.917875130080      1.356142509950     -4.794687825205
    8     -1.917875130080     -1.356142509950     -4.794687825205
    8      1.917875130080     -1.356142509950     -4.794687825205
    8     -1.917875130080      1.356142509950     -4.794687825205
    8      1.917875130080      6.780712549750     -4.794687825205
    8     -1.917875130080     -6.780712549750     -4.794687825205
    8      1.917875130080     -6.780712549750     -4.794687825205
    8     -1.917875130080      6.780712549750     -4.794687825205
    8      1.917875130080     -4.068427529850     -4.794687825205
    8     -1.917875130080      4.068427529850     -4.794687825205
    8      1.917875130080      4.068427529850     -4.794687825205
    8     -1.917875130080     -4.068427529850     -4.794687825205
    8      5.753625390240      1.356142509950     -4.794687825205
    8     -5.753625390240     -1.356142509950     -4.794687825205
    8      5.753625390240     -1.356142509950     -4.794687825205
    8     -5.753625390240      1.356142509950     -4.794687825205
    8      5.753625390240      6.780712549750     -4.794687825205
    8     -5.753625390240     -6.780712549750     -4.794687825205
    8      5.753625390240     -6.780712549750     -4.794687825205
    8     -5.753625390240      6.780712549750     -4.794687825205
    8      5.753625390240     -4.068427529850     -4.794687825205
    8     -5.753625390240      4.068427529850     -4.794687825205
    8      5.753625390240      4.068427529850     -4.794687825205
    8     -5.753625390240     -4.068427529850     -4.794687825205
   14      7.367039848662     -7.388899246773      7.309716004525
    8      6.873960708279     -5.804412323728      7.327300512510
    8      7.593127764872     -7.784794971969      8.898816312018
    8     -6.398886053600     -7.528582783520      6.713910195574
    6      5.782529456199     -5.352495853534      6.526003754631
    6     -5.416447199973     -6.523480350905      7.080735862690
    6     -8.786366087040     -7.474219174637      9.823833433537
    6      5.326534091057     -4.021057096883      7.104240554589
    6     -5.613120313799     -5.235471572837      6.296570787169
    6     -8.585661551542     -8.293611852552     11.088034573140
    1      4.429119526708     -3.658639408000      6.587419530541
    1     -4.758077659189     -4.571376872584      6.474605249186
    1     -9.344589901111     -8.032205488835     11.836717572538
    1      5.099313528347     -4.126202342768      8.169112036954
    1      6.134479454031     -3.273045822953      7.034767929816
    1      4.952603839710     -6.074291638745      6.539622722723
    1      6.107402632610     -5.268769920351      5.478151269838
    1      6.679658747143      6.906441535733     10.874383065182
    1     -7.594008390070      8.167053098095     11.520225038467
    1     -8.768281396983     -6.392200917408     10.048450109456
    1      5.563772792732     -7.693209573924      9.382536886691
    1     -5.461875852441     -6.361972765467      8.166389588648
    1     -4.442389875479     -6.958837527255      6.823531247156
    1     -6.558034907835     -4.753729316326      6.549488740648
    1     -5.619764546199     -5.437634172137      5.225008581449
    8      6.301381531872     -8.266288295546      6.523077608138
    6      3.751310853919      6.079691977619      5.973385856397
    6      2.321202827099      5.552333499905      6.167476346473
    1      1.859340335558      5.343715432296      5.201041215220
    1      4.009348290512      6.826546083588      6.742949509576
    1      4.477452883972      5.262628958003      6.053051063644
    1      2.284620904153      4.639394136120      6.777706972170
    1      1.657297321919      6.282330917582      6.654154761644
    0    0
