   2   1   1 E -4.5963138403913E+04 DE-5.6E-06(  4)
  0.153430010406E+02  0.000000000000E+00  0.000000000000E+00
  0.000000000000E+00  0.162737101194E+02  0.000000000000E+00
  0.000000000000E+00  0.000000000000E+00  0.500000000000E+03
    1
  0.100000000000E+01  0.000000000000E+00  0.000000000000E+00
  0.000000000000E+00  0.100000000000E+01  0.000000000000E+00
  0.000000000000E+00  0.000000000000E+00  0.100000000000E+01
  0.000000000000E+00  0.000000000000E+00  0.000000000000E+00
  249
  258      1.912684179792      2.694984439102      4.265158028326
  258     -1.912653349866     -2.703011961273      4.260986062554
  258      1.916815017622     -2.720402254661      4.260313000144
  258     -1.926710135191      2.714157904322      4.264742666952
  258      1.826815364359     -8.080172615894      4.286246662840
  258     -1.947436426291     -8.127080373639      4.267402680703
  258      5.772283187229      2.706167913817      4.258822235684
  258     -5.751515206564     -2.698915213082      4.276367804774
  258      5.758404682307     -2.702887822086      4.259991361456
  258     -5.751919815171      2.719742168827      4.266118456863
  258      5.817836956037     -8.112587197998      4.342480756545
  258     -5.750638102981     -8.138056036358      4.297145449816
    8     -0.007170891623      3.987621915534      4.376074498551
    8      0.002955916311     -3.976523848145      4.369097549957
    8     -0.004815040109     -6.842942996471      4.408452687261
    8     -0.018489331904      6.891844934337      4.366412545260
    8      0.002718147699     -1.433495909044      4.372472996981
    8      0.010108804610      1.445320135950      4.376663170069
    8      3.852588106042      3.941631656130      4.287374030832
    8     -3.770888719067     -3.949420539962      4.331191522770
    8      3.794433704569     -4.029690451760      4.354149453697
    8     -3.830882767918      3.986426171875      4.371760148002
    8      3.768199721458     -6.989792374886      4.311903455680
    8     -3.824198473764      6.875267973319      4.381239190436
    8      3.858623972590      6.690272511959      4.699325791776
    8     -3.786812321625     -6.853198028836      4.364229903858
    8      3.846263221118     -1.469496851272      4.377352800396
    8     -3.832727183197      1.450630786127      4.377920039528
    8      3.821500818154      1.419735516560      4.388596087430
    8     -3.851264835411     -1.422875297679      4.385482883433
    8      7.654799447323      3.987094491783      4.375327820588
    8     -7.666989886787     -3.933157444995      4.335503500477
    8     -7.679859592926     -6.832146929810      4.304405472061
    8     -7.605794392720      6.887942294774      4.257930957360
    8      7.672772761322     -1.420168977570      4.378965125072
    8     -7.667396998426      1.449395991020      4.372779947556
  258     -0.000798770264     -0.001509080287      2.595552187295
  258     -0.000007230332      5.423624356239      2.607033077927
  258     -0.014973292191     -5.403842633638      2.579262040101
  258      3.836521702855     -0.000474146261      2.599085040446
  258     -3.837378458715      0.003359427698      2.599045091683
  258      3.837679133494      5.393381139569      2.567015468908
  258     -3.834002755026     -5.415634871435      2.592194070424
  258      3.834165843901     -5.437731243254      2.600464343475
  258     -3.835360481126      5.429901757000      2.595213514921
  258     -7.665751534133      0.000030222124      2.595441306069
  258     -7.668850840086      5.428756423940      2.592375334461
  258     -7.664651103271     -5.417666146723      2.593168573496
    8      1.919079999499      1.370141220835      2.535520732768
    8     -1.921116884497     -1.355727947859      2.537567379219
    8      1.921589079261     -1.360575605991      2.540842103486
    8     -1.916432660843      1.369307297492      2.541481690124
    8      1.989557586135      6.809028857508      2.619451357840
    8     -1.905983573155     -6.785181014233      2.531978773789
    8      1.868637147530     -6.777073750822      2.532354760767
    8     -1.919816343381      6.790276357021      2.537288290665
    8      1.907990257628     -4.054398512808      2.523992251569
    8     -1.909992259077      4.062604148600      2.539738847324
    8      1.907531506115      4.068587702924      2.537180247567
    8     -1.901986648226     -4.049377150521      2.517187044858
    8      5.752383571466      1.366923051017      2.542354288553
    8     -5.754052485350     -1.362240231461      2.539613195730
    8      5.754887476284     -1.352600104525      2.531468611215
    8     -5.751312734570      1.367571217648      2.540392038815
    8      5.669303253514      6.774966712556      2.593535151922
    8     -5.733823400762     -6.774584674110      2.542728105321
    8      5.748642700036     -6.749854156762      2.529973633019
    8     -5.716376451318      6.771819557929      2.504551107081
    8      5.743308358109     -4.047439317697      2.543773528811
    8     -5.756794536779      4.053435367254      2.544722528264
    8      5.764552164688      4.056770073358      2.517459149716
    8     -5.739091945378     -4.049291937549      2.549526956696
  258      1.914382307408      2.708193156003      0.647334077999
  258     -1.919718953954     -2.706468174629      0.645673145523
  258      1.920306786302     -2.712621285685      0.648233486871
  258     -1.918053883005      2.714355082246      0.651762743431
  258      1.918345990902      8.137849320556      0.660138610206
  258     -1.914605429386     -8.134167630877      0.652603788138
  258      5.758635202910      2.707331278801      0.645983910727
  258     -5.752102010719     -2.710920928915      0.653235039881
  258      5.752867863216     -2.714305143298      0.651679233844
  258     -5.751959882108      2.714429402342      0.650971768934
  258      5.749014864101     -8.134782537010      0.684989516383
  258     -5.749895499430     -8.133250212079      0.666780243200
    8      0.000315566945      4.061981697024      0.693993067288
    8      0.000802424852     -4.055660661845      0.677992397355
    8     -0.003777783899     -6.789465883066      0.678784954297
    8      0.030805876861      6.784823414748      0.726774114203
    8      0.000725805639     -1.361434975616      0.692715358738
    8      0.001130090839      1.365942057112      0.691908071341
    8      3.832216588124      4.057291747112      0.699019786836
    8     -3.837332128306     -4.055876568595      0.688576917052
    8      3.837293109768     -4.069202070547      0.690857209427
    8     -3.835752731973      4.062091902374      0.694091200217
    8      3.820982125200     -6.803231035023      0.702833164965
    8     -3.819057887616      6.793642882919      0.676939425031
    8      3.823168767965      6.768229035285      0.694810096950
    8     -3.828656498721     -6.785734676179      0.691257704024
    8      3.835092543913     -1.366612861732      0.692825024065
    8     -3.834124943487      1.366957321406      0.692944758032
    8      3.836345853163      1.362475757552      0.692214285902
    8     -3.837234888075     -1.360634778826      0.691615639856
    8     -7.664079862161      4.058054639245      0.679959537050
    8      7.673742369492     -4.056165250468      0.691935023914
    8      7.676130604371     -6.792283056203      0.694707151619
    8      7.644613916365      6.792349809501      0.718647454308
    8     -7.669022633442     -1.364696621747      0.691471287189
    8     -7.671942386502      1.363926046035      0.693001842763
  258     -0.000378798839      0.000024275043     -1.135897691613
  258      0.003140639085      5.425150293265     -1.131268317555
  258      0.000107167727     -5.424364666214     -1.139517838072
  258      3.836661315365     -0.001415516730     -1.134616564164
  258     -3.836440263219      0.002287088772     -1.134656917714
  258      3.836788631258      5.425873609721     -1.140433985391
  258     -3.835875857222     -5.424631181600     -1.135038820475
  258      3.836306854556     -5.427422330787     -1.132044852666
  258     -3.835020030015      5.427199677003     -1.132860861672
  258     -7.669745854912     -0.002298538057     -1.134746506756
  258      7.669474405236      5.429914618601     -1.131119274991
  258      7.671227176040     -5.428652346807     -1.130884203747
    8      1.917787603469      1.345163641539     -1.165592775011
    8     -1.917820017852     -1.340347673476     -1.168115602269
    8      1.918891274882     -1.343343307182     -1.166967296553
    8     -1.917108668884      1.347225045494     -1.165069874279
    8      1.915236387836      6.771440883160     -1.162876529873
    8     -1.919265885094     -6.768937887085     -1.170345082102
    8      1.920409996527     -6.773120685590     -1.161325583769
    8     -1.898194203602      6.769525606111     -1.160327242787
    8      1.921218050245     -4.081224984289     -1.169085139377
    8     -1.916208024808      4.082241984351     -1.164341974659
    8      1.919374099451      4.080170315931     -1.164381971899
    8     -1.919750227788     -4.078224204748     -1.168986889755
    8      5.754691845208      1.343589083366     -1.167296112180
    8     -5.752882994004     -1.343419823140     -1.165912553917
    8      5.753513554395     -1.345061382675     -1.164561101203
    8     -5.753995420056      1.345446266112     -1.164870996578
    8      5.749770796799      6.773401128953     -1.154290584477
    8     -5.751659478489     -6.769120923136     -1.163873291574
    8      5.748712117543     -6.773163572493     -1.149070540904
    8     -5.763704434769      6.770341339021     -1.153534576625
    8      5.753852865522     -4.081804030710     -1.165766088947
    8     -5.749752370903      4.082694245088     -1.167923292740
    8      5.749948458105      4.081962210700     -1.165260490404
    8     -5.754791212760     -4.079908321837     -1.165624649501
  258      1.917748509214      2.712063420918     -3.054414765838
  258     -1.918558400292     -2.712222477145     -3.054523875503
  258      1.919070761020     -2.712814141260     -3.053802446707
  258     -1.917664731620      2.713228950326     -3.052311642324
  258      1.917955745605     -8.136406078185     -3.051113781988
  258     -1.917098129827     -8.136758628618     -3.052082149830
  258      5.754623188640      2.712070105617     -3.054339219343
  258     -5.753921775479     -2.713262824156     -3.051970032685
  258      5.754324045866     -2.713720024366     -3.052381513887
  258     -5.753734739223      2.713662364097     -3.052030465010
  258      5.753701503934     -8.135871191911     -3.043875770921
  258     -5.753970319390     -8.136367550061     -3.047969086230
    8      0.000461877552     -1.317630235084     -3.044548314125
    8      0.000360996223      1.318970074666     -3.044469433588
    8      0.001161304183      4.107349326759     -3.042172365447
    8      0.000212603364     -4.105670498113     -3.046220893209
    8      0.001588517004     -6.743655156251     -3.045173524215
    8      0.001988544108      6.741838098906     -3.045182128185
    8      3.836340122916     -1.318436999928     -3.044485964210
    8     -3.835696926016      1.319833642266     -3.043990756503
    8      3.835707764865      1.318324493631     -3.044340662883
    8     -3.835911571171     -1.317353147669     -3.044642019737
    8      3.835353864340      4.105861135686     -3.045084234099
    8     -3.836317391469     -4.106178962569     -3.045744671428
    8      3.836742229633     -4.107847362198     -3.044597285387
    8     -3.834323777544      4.107736686473     -3.045454284874
    8      3.837260336390     -6.743841605624     -3.042051222641
    8     -3.835662292089      6.743759305355     -3.038039473186
    8      3.836238380037      6.741889712600     -3.042155940125
    8     -3.836687531983     -6.744034216396     -3.045626495924
    8      7.671359038357     -1.318880573614     -3.044192050927
    8     -7.671331742566      1.318444488264     -3.044597079108
    8      7.670619106459      4.108362657767     -3.042518330291
    8      7.671176730130     -4.107960752798     -3.044233751717
    8      7.669081859172     -6.744028158543     -3.040032131040
    8      7.669805683445      6.743495783899     -3.041244076379
  258      0.000000000000      0.000000000000     -4.794687825205
  258      0.000000000000      5.424570039800     -4.794687825205
  258      0.000000000000     -5.424570039800     -4.794687825205
  258      3.835750260160      0.000000000000     -4.794687825205
  258     -3.835750260160      0.000000000000     -4.794687825205
  258      3.835750260160      5.424570039800     -4.794687825205
  258     -3.835750260160     -5.424570039800     -4.794687825205
  258      3.835750260160     -5.424570039800     -4.794687825205
  258     -3.835750260160      5.424570039800     -4.794687825205
  258      7.671500520300      0.000000000000     -4.794687825205
  258      7.671500520300      5.424570039800     -4.794687825205
  258      7.671500520300     -5.424570039800     -4.794687825205
    8      1.917875130080      1.356142509950     -4.794687825205
    8     -1.917875130080     -1.356142509950     -4.794687825205
    8      1.917875130080     -1.356142509950     -4.794687825205
    8     -1.917875130080      1.356142509950     -4.794687825205
    8      1.917875130080      6.780712549750     -4.794687825205
    8     -1.917875130080     -6.780712549750     -4.794687825205
    8      1.917875130080     -6.780712549750     -4.794687825205
    8     -1.917875130080      6.780712549750     -4.794687825205
    8      1.917875130080     -4.068427529850     -4.794687825205
    8     -1.917875130080      4.068427529850     -4.794687825205
    8      1.917875130080      4.068427529850     -4.794687825205
    8     -1.917875130080     -4.068427529850     -4.794687825205
    8      5.753625390240      1.356142509950     -4.794687825205
    8     -5.753625390240     -1.356142509950     -4.794687825205
    8      5.753625390240     -1.356142509950     -4.794687825205
    8     -5.753625390240      1.356142509950     -4.794687825205
    8      5.753625390240      6.780712549750     -4.794687825205
    8     -5.753625390240     -6.780712549750     -4.794687825205
    8      5.753625390240     -6.780712549750     -4.794687825205
    8     -5.753625390240      6.780712549750     -4.794687825205
    8      5.753625390240     -4.068427529850     -4.794687825205
    8     -5.753625390240      4.068427529850     -4.794687825205
    8      5.753625390240      4.068427529850     -4.794687825205
    8     -5.753625390240     -4.068427529850     -4.794687825205
   14      7.374820670894     -7.381655084555      7.309170664793
    8      6.888841246596     -5.795035653898      7.313623274294
    8      7.615267509303     -7.750402609082      8.903237368887
    8     -6.392750733343     -7.539125782723      6.708102849123
    6      5.795355151868     -5.345136847120      6.515747368983
    6     -5.402265330976     -6.543715296621      7.080290250774
    6     -8.656816337434     -7.290724427190      9.879722672408
    6      5.331108707750     -4.021305951616      7.105003348314
    6     -5.598485449658     -5.245916645663      6.312225322646
    6     -8.554052002699     -8.165807719900     11.116088946939
    1      4.437844528117     -3.653415729722      6.584671635575
    1     -4.737293928994     -4.588894502052      6.485159494047
    1     -9.212028404576     -7.789062269828     11.910226039430
    1      5.094956941733     -4.139832708703      8.166560911265
    1      6.139268502124     -3.272021955665      7.052922019996
    1      4.969773961443     -6.072141865871      6.522938230756
    1      6.120570860054     -5.252835244449      5.468699909583
    1      6.500739205580      7.076522631405     10.886682279523
    1     -7.526556695329      8.093477119825     11.495790890906
    1     -8.438618280628     -6.237572139985     10.126798788679
    1      5.653909020156     -7.315958648635      9.483430311769
    1     -5.439859504033     -6.396512538789      8.168087556206
    1     -4.432343894471     -6.981345341188      6.810973405190
    1     -6.537524389649     -4.760756348343      6.580681731915
    1     -5.619822844572     -5.436949256152      5.238987993976
    8      6.307231954591     -8.262683560474      6.531809038321
    6      3.755580600433      6.079401244664      5.973134902667
    6      2.324792873460      5.556411511760      6.174165505143
    1      1.855141734843      5.351669780362      5.210122063662
    1      4.022861498942      6.821216654156      6.744551589509
    1      4.477764127652      5.257680936937      6.042668633154
    1      2.290805907796      4.642634063389      6.782745504525
    1      1.667083029882      6.287657162329      6.667497953173
    0    0
