   2   1   1 E -4.5963139195529E+04 DE-2.3E-06(  6)
  0.153430010406E+02  0.000000000000E+00  0.000000000000E+00
  0.000000000000E+00  0.162737101194E+02  0.000000000000E+00
  0.000000000000E+00  0.000000000000E+00  0.500000000000E+03
    1
  0.100000000000E+01  0.000000000000E+00  0.000000000000E+00
  0.000000000000E+00  0.100000000000E+01  0.000000000000E+00
  0.000000000000E+00  0.000000000000E+00  0.100000000000E+01
  0.000000000000E+00  0.000000000000E+00  0.000000000000E+00
  249
  258      1.912577283252      2.693944541175      4.265833341377
  258     -1.913524928517     -2.702435955139      4.261515545545
  258      1.916545253923     -2.721311554973      4.261081745751
  258     -1.927483536590      2.713658482759      4.265040484177
  258      1.824672436129     -8.079604650823      4.284362017440
  258     -1.949411177693     -8.127197317472      4.267200795079
  258      5.770416768691      2.705269131483      4.258693399692
  258     -5.751849225973     -2.699100785666      4.276175675935
  258      5.757816013395     -2.706316925384      4.261149217525
  258     -5.753296350000      2.719202815590      4.266148600402
  258      5.814905971193     -8.113504856975      4.337802482903
  258     -5.752300559671     -8.138349830362      4.298747620537
    8     -0.007858701413      3.987290400354      4.375796959045
    8      0.001144876801     -3.976782491784      4.368889942029
    8     -0.005922994362     -6.842687356983      4.407310122822
    8     -0.019997875250      6.892366108067      4.365998513499
    8      0.002125018046     -1.434153742406      4.372770854949
    8      0.008935719046      1.444947865940      4.378069775283
    8      3.850676659530      3.941896965137      4.290111079473
    8     -3.776114759663     -3.950625760559      4.332833445221
    8      3.793776846595     -4.030681455443      4.356884026219
    8     -3.831786148168      3.985530533581      4.371682541365
    8      3.767903994472     -6.989170707547      4.308151307820
    8     -3.826231615426      6.875017538292      4.380481413449
    8      3.856939450936      6.691087835197      4.697938005755
    8     -3.787725255320     -6.852831406601      4.369568524085
    8      3.844404052445     -1.469373368590      4.377087024328
    8     -3.832799784010      1.449507903257      4.377661338978
    8      3.823415080996      1.419998637283      4.387834408567
    8     -3.850460597085     -1.423833711063      4.385171170744
    8      7.656660187338      3.985903383394      4.373316751840
    8     -7.671601385678     -3.934496753119      4.336222331051
    8     -7.682562861616     -6.833348959867      4.304506994944
    8     -7.605833985285      6.886816857873      4.256940807337
    8      7.673227116672     -1.421132467048      4.378922519051
    8     -7.667100006041      1.448538922486      4.373911669901
  258     -0.001236670896     -0.001909036985      2.595839884299
  258     -0.001211525768      5.422767920873      2.607363300843
  258     -0.016805658022     -5.403578198114      2.579465805980
  258      3.836257784468     -0.002420181295      2.599458241445
  258     -3.838152144029      0.003482583135      2.598916314856
  258      3.835711810176      5.392628027945      2.567018734379
  258     -3.835684107681     -5.415977761370      2.593551343084
  258      3.832828483397     -5.438056151917      2.599225552514
  258     -3.836342801726      5.429330593257      2.595396960926
  258     -7.666778942917     -0.000818994557      2.596281814903
  258     -7.669172363223      5.427991034712      2.592364916053
  258     -7.665322928317     -5.418587022143      2.592511449597
    8      1.917490322678      1.369302703194      2.536218560346
    8     -1.921302846722     -1.355749261802      2.537679484400
    8      1.921415785015     -1.361354743067      2.540663027122
    8     -1.916694595482      1.369234453296      2.541352227546
    8      1.987786012271      6.808377026260      2.618455537535
    8     -1.908212333894     -6.784998057130      2.532410651773
    8      1.866794044527     -6.776957084415      2.530353853462
    8     -1.920983863837      6.790696624764      2.537110837443
    8      1.906829048865     -4.054244996407      2.524292310530
    8     -1.910759172078      4.062669748204      2.539609467822
    8      1.907000892123      4.067496329443      2.538035126121
    8     -1.904363886409     -4.048917476601      2.518837877367
    8      5.753483464247      1.365848420328      2.542567471609
    8     -5.753851027554     -1.362528825291      2.539658005734
    8      5.754509401497     -1.353400994877      2.532062270542
    8     -5.751620581891      1.367602376147      2.540233389959
    8      5.667311859491      6.773078723032      2.591533630305
    8     -5.733746780061     -6.775136895437      2.545825960954
    8      5.748019779384     -6.748927188826      2.525432369055
    8     -5.717615265546      6.772675838652      2.505113778656
    8      5.741206249497     -4.047642019434      2.544591639129
    8     -5.756745567489      4.053988846466      2.542572036355
    8      5.762425244850      4.055322839896      2.518879924549
    8     -5.741330602200     -4.049355821865      2.549318027381
  258      1.913868235029      2.707543049055      0.647525265518
  258     -1.920977569172     -2.706594059021      0.646035200734
  258      1.919291409031     -2.712708305563      0.648646567344
  258     -1.918634258735      2.713954010236      0.651930822043
  258      1.917143500718      8.137465835615      0.658922520748
  258     -1.915490009665     -8.134504944266      0.652724426426
  258      5.758187934665      2.706687473930      0.646420136005
  258     -5.753027618790     -2.711092409167      0.653377173264
  258      5.752222003529     -2.714823220399      0.652120072210
  258     -5.752539808165      2.714136583224      0.651081551234
  258      5.748091135780     -8.135422999223      0.683246571750
  258     -5.750230836784     -8.133731932744      0.666940619094
    8      0.000483092634      4.061365546450      0.694078743721
    8     -0.000851387091     -4.056298823072      0.678447943083
    8     -0.005464303826     -6.789931489808      0.678266800338
    8      0.029768228487      6.784103545640      0.726461304987
    8      0.000701883867     -1.362381966903      0.692717679789
    8      0.000574142489      1.365093737641      0.691951738672
    8      3.831251215813      4.057297653032      0.699255708214
    8     -3.837646224470     -4.056103261791      0.689035949723
    8      3.836722292803     -4.069473430622      0.690662282267
    8     -3.835565569073      4.061347386262      0.693336190260
    8      3.819653692220     -6.803948400568      0.701329827561
    8     -3.820134095351      6.793340313825      0.677612291418
    8      3.822386627370      6.768024453620      0.694722917478
    8     -3.830337700713     -6.785540814368      0.692214406682
    8      3.834932817708     -1.366806459848      0.692275223518
    8     -3.834212362581      1.366689847620      0.692499461821
    8      3.835889816116      1.362377382509      0.693368448244
    8     -3.837630297805     -1.360844779319      0.691596008311
    8     -7.665985331266      4.056834140236      0.680404209195
    8      7.671705390458     -4.056680635796      0.692057837396
    8      7.678194363249     -6.793170402728      0.695094502635
    8      7.644650949699      6.791734169838      0.718049204458
    8     -7.669055942961     -1.365314983318      0.691522979574
    8     -7.671987257092      1.363016710652      0.692440506399
  258     -0.000984978167     -0.000256002540     -1.135766586433
  258      0.002486946873      5.424612143672     -1.131130405215
  258     -0.000683947427     -5.424473808170     -1.139358811626
  258      3.836300452915     -0.001733184806     -1.134499728431
  258     -3.837033050406      0.002077684931     -1.134621803762
  258      3.836290680598      5.425238444302     -1.140375705228
  258     -3.836556963232     -5.424836156469     -1.134582879762
  258      3.835730577407     -5.427467922565     -1.132326618812
  258     -3.835252820921      5.426947056430     -1.132913685420
  258     -7.670233077828     -0.002528273010     -1.134771048698
  258      7.669343550529      5.429516065511     -1.130960326560
  258      7.670860064342     -5.428884341955     -1.131183316063
    8      1.917903520053      1.345053372393     -1.165248229523
    8     -1.918149266870     -1.340563483563     -1.167622683973
    8      1.918208730253     -1.343459479707     -1.167258105145
    8     -1.916881642086      1.347035846112     -1.165481051524
    8      1.914976616021      6.771205148188     -1.163260169301
    8     -1.920615849584     -6.769339027349     -1.169783726325
    8      1.919439314887     -6.773011885162     -1.161997970334
    8     -1.898934789033      6.769325223124     -1.160403111237
    8      1.920783196641     -4.081150133424     -1.168505453258
    8     -1.916398787349      4.082094413927     -1.164345011343
    8      1.919126635867      4.079992140407     -1.164527694387
    8     -1.920251757024     -4.078344127824     -1.169333716693
    8      5.754019955829      1.343346351016     -1.167119608061
    8     -5.752794837266     -1.343939614464     -1.165771783198
    8      5.753406042083     -1.345324316229     -1.164454473744
    8     -5.753880920655      1.345272175707     -1.165342079029
    8      5.749281626679      6.773233153940     -1.154655109644
    8     -5.751659743416     -6.769628681360     -1.164295774189
    8      5.749445362334     -6.772834920520     -1.148340190962
    8     -5.763662532466      6.769894949219     -1.154149773935
    8      5.753425004812     -4.081716813942     -1.166018939924
    8     -5.750754980459      4.082803228156     -1.167442940386
    8      5.749164294869      4.081603240436     -1.164928610841
    8     -5.755520686628     -4.080430297241     -1.164491734399
  258      1.917544472108      2.711900346465     -3.054378854820
  258     -1.918858150615     -2.712214411179     -3.054361051940
  258      1.918584236838     -2.712821483330     -3.053593084106
  258     -1.917944928783      2.713037981300     -3.052274445492
  258      1.917634021511     -8.136501733170     -3.051366405897
  258     -1.917271739712     -8.136709858633     -3.052243874156
  258      5.754478532101      2.712234742598     -3.054039799102
  258     -5.754082154797     -2.713347874344     -3.051898602308
  258      5.753950784330     -2.713720642699     -3.052184888615
  258     -5.753959727108      2.713569463108     -3.052049008602
  258      5.753655978470     -8.136003220109     -3.044448956340
  258     -5.754038813203     -8.136370091857     -3.047773196172
    8     -0.000092189105     -1.318033337128     -3.044635897304
    8      0.000640205478      1.318709759488     -3.044522436419
    8      0.000940519316      4.106906494132     -3.042279627740
    8      0.000340047693     -4.106081657523     -3.046162838396
    8      0.000936078190     -6.744216020635     -3.045141940224
    8      0.001985742284      6.741507898806     -3.044890133394
    8      3.836436248147     -1.318833334746     -3.044292218664
    8     -3.835714550521      1.320095475795     -3.044040235933
    8      3.835596286617      1.318064003541     -3.044290159078
    8     -3.835888136401     -1.317218934886     -3.044732602163
    8      3.835387351427      4.105581375417     -3.045277259192
    8     -3.836997193918     -4.105794834444     -3.045446471037
    8      3.836178763472     -4.108205609840     -3.044766137253
    8     -3.834575425840      4.107593869559     -3.045266057154
    8      3.837575213024     -6.744391562820     -3.041628866326
    8     -3.835674945138      6.743778200586     -3.038308274529
    8      3.836194364505      6.741805981135     -3.042360353572
    8     -3.836516133340     -6.743790919351     -3.045639196085
    8      7.671381868759     -1.319110048023     -3.043915234545
    8     -7.671482040213      1.318325522606     -3.044548260526
    8      7.670405162021      4.107836048527     -3.042361308550
    8      7.671525677234     -4.108237091229     -3.044197619506
    8      7.668779802477     -6.744391922827     -3.040292259879
    8      7.669508477481      6.743110711055     -3.041233756636
  258      0.000000000000      0.000000000000     -4.794687825205
  258      0.000000000000      5.424570039800     -4.794687825205
  258      0.000000000000     -5.424570039800     -4.794687825205
  258      3.835750260160      0.000000000000     -4.794687825205
  258     -3.835750260160      0.000000000000     -4.794687825205
  258      3.835750260160      5.424570039800     -4.794687825205
  258     -3.835750260160     -5.424570039800     -4.794687825205
  258      3.835750260160     -5.424570039800     -4.794687825205
  258     -3.835750260160      5.424570039800     -4.794687825205
  258      7.671500520300      0.000000000000     -4.794687825205
  258      7.671500520300      5.424570039800     -4.794687825205
  258      7.671500520300     -5.424570039800     -4.794687825205
    8      1.917875130080      1.356142509950     -4.794687825205
    8     -1.917875130080     -1.356142509950     -4.794687825205
    8      1.917875130080     -1.356142509950     -4.794687825205
    8     -1.917875130080      1.356142509950     -4.794687825205
    8      1.917875130080      6.780712549750     -4.794687825205
    8     -1.917875130080     -6.780712549750     -4.794687825205
    8      1.917875130080     -6.780712549750     -4.794687825205
    8     -1.917875130080      6.780712549750     -4.794687825205
    8      1.917875130080     -4.068427529850     -4.794687825205
    8     -1.917875130080      4.068427529850     -4.794687825205
    8      1.917875130080      4.068427529850     -4.794687825205
    8     -1.917875130080     -4.068427529850     -4.794687825205
    8      5.753625390240      1.356142509950     -4.794687825205
    8     -5.753625390240     -1.356142509950     -4.794687825205
    8      5.753625390240     -1.356142509950     -4.794687825205
    8     -5.753625390240      1.356142509950     -4.794687825205
    8      5.753625390240      6.780712549750     -4.794687825205
    8     -5.753625390240     -6.780712549750     -4.794687825205
    8      5.753625390240     -6.780712549750     -4.794687825205
    8     -5.753625390240      6.780712549750     -4.794687825205
    8      5.753625390240     -4.068427529850     -4.794687825205
    8     -5.753625390240      4.068427529850     -4.794687825205
    8      5.753625390240      4.068427529850     -4.794687825205
    8     -5.753625390240     -4.068427529850     -4.794687825205
   14      7.367701030491     -7.410120640617      7.313816105540
    8      6.874980042199     -5.825556884377      7.351552734141
    8      7.588218154356     -7.837237422080      8.895042549419
    8     -6.396813343279     -7.539036873013      6.719124918170
    6      5.801927611936     -5.357723413150      6.534434465127
    6     -5.418232613697     -6.529852783567      7.086428427917
    6     -8.860052211227     -7.698156243716      9.782397138154
    6      5.350278777840     -4.024277454639      7.111112918507
    6     -5.622083732456     -5.241938170503      6.304431295390
    6     -8.538302125141     -8.394919745854     11.092815781920
    1      4.458410074642     -3.655919019023      6.587967182266
    1     -4.771333789859     -4.572586888374      6.484951092513
    1     -9.371616490990     -8.284779287637     11.800381429159
    1      5.113712042486     -4.128797045487      8.174080273954
    1      6.163567650143     -3.281215503933      7.048371478505
    1      4.964276468786     -6.071463442689      6.531132592401
    1      6.143383655002     -5.268991279956      5.491655935873
    1      6.982126077553      6.809275347488     10.927892252797
    1     -7.636564447751      8.303090696014     11.550697628523
    1     -9.069581523619     -6.626051080753      9.950737138949
    1      5.573839442276     -8.136780287313      9.328769889691
    1     -5.462061663189     -6.370039001780      8.172392709279
    1     -4.442816576149     -6.960977984689      6.826586711317
    1     -6.570309910013     -4.766520360202      6.556582874847
    1     -5.624706194417     -5.442616415533      5.232401487035
    8      6.300285062616     -8.278119518597      6.519324846512
    6      3.748870236983      6.079863336490      5.971478596459
    6      2.318558812517      5.553105847579      6.164719031184
    1      1.857436618083      5.342880507242      5.197924112490
    1      4.009640331928      6.822283555341      6.744921755742
    1      4.471655104924      5.259390294610      6.044685544444
    1      2.281284873884      4.641336722386      6.777840073983
    1      1.654479294051      6.284877310166      6.650168177853
    0    0
