   2   1   1 E -4.5963138617027E+04 DE-1.9E-06(  6)
  0.153430010406E+02  0.000000000000E+00  0.000000000000E+00
  0.000000000000E+00  0.162737101194E+02  0.000000000000E+00
  0.000000000000E+00  0.000000000000E+00  0.500000000000E+03
    1
  0.100000000000E+01  0.000000000000E+00  0.000000000000E+00
  0.000000000000E+00  0.100000000000E+01  0.000000000000E+00
  0.000000000000E+00  0.000000000000E+00  0.100000000000E+01
  0.000000000000E+00  0.000000000000E+00  0.000000000000E+00
  249
  258      1.912435812874      2.693341402272      4.265209899417
  258     -1.912367152635     -2.704369349638      4.260871684581
  258      1.916507709490     -2.721136337189      4.260255986407
  258     -1.926767511342      2.713675783455      4.264652313700
  258      1.826738449480     -8.080481790275      4.285207588591
  258     -1.946921595229     -8.127612469486      4.265934402962
  258      5.772540076691      2.705928583605      4.258730789661
  258     -5.752454698546     -2.698499459556      4.276413823266
  258      5.757131879175     -2.703916424195      4.259554334111
  258     -5.751144000567      2.719107306006      4.266330216912
  258      5.816275567933     -8.114485002294      4.339315394727
  258     -5.751551256838     -8.138702226680      4.297607433416
    8     -0.007704709521      3.986238973645      4.376170403413
    8      0.003126413354     -3.977021999557      4.368767311222
    8     -0.005425306001     -6.843051635009      4.406045418298
    8     -0.018817257996      6.891114458980      4.369686075607
    8      0.002292306670     -1.434353598268      4.372731660811
    8      0.010913347416      1.444021832177      4.376039218754
    8      3.853241423183      3.939666104056      4.284124688384
    8     -3.768509865797     -3.949203372999      4.331151233557
    8      3.797387386440     -4.031858469099      4.355003817910
    8     -3.832133334101      3.986544192766      4.372089980683
    8      3.767084067197     -6.991492090554      4.311716815813
    8     -3.824150733308      6.875162479140      4.378132459316
    8      3.862345384613      6.687261142209      4.692485397474
    8     -3.787538231634     -6.853076595412      4.366761290239
    8      3.844900459182     -1.472005164921      4.377047081527
    8     -3.832664033355      1.451325628576      4.378333884381
    8      3.819250345742      1.417618028304      4.389895873323
    8     -3.854806492481     -1.422396855189      4.384607420499
    8      7.654244191688      3.986671326137      4.375656869818
    8     -7.669302904889     -3.934515874318      4.334443265928
    8     -7.679302504779     -6.834641209009      4.303505862980
    8     -7.605893816217      6.886101347188      4.259076991808
    8      7.675673570746     -1.421057651338      4.379930865787
    8     -7.670556807017      1.449091801566      4.371751810053
  258     -0.001037362772     -0.002447514905      2.595367648610
  258      0.000184185011      5.423358753953      2.606913380385
  258     -0.014828187214     -5.404792600075      2.578402772307
  258      3.836331615030     -0.000719588988      2.598533306882
  258     -3.837449400756      0.002219195213      2.598810718440
  258      3.836923177371      5.392089431556      2.566554751027
  258     -3.834173475162     -5.416248741753      2.592810359159
  258      3.834105269412     -5.438009819100      2.600077314387
  258     -3.835559308848      5.429281886593      2.594739203528
  258     -7.665827505397     -0.000265328978      2.595937475117
  258     -7.669113153191      5.427957996083      2.592402475819
  258     -7.664895584273     -5.417826663479      2.593180129122
    8      1.919193065845      1.369329370661      2.534174693346
    8     -1.921696556616     -1.357210147646      2.537982816860
    8      1.920416989950     -1.361640471547      2.540650318655
    8     -1.916823169144      1.367835681525      2.541445942207
    8      1.988554767090      6.807793219029      2.619939248696
    8     -1.906786399125     -6.785938895388      2.531465001453
    8      1.868909958967     -6.777710517833      2.531156821078
    8     -1.917873646707      6.789131349847      2.536158013388
    8      1.908647170756     -4.054996032095      2.524855774149
    8     -1.910549528817      4.061330175558      2.540105498278
    8      1.906887232267      4.068532700116      2.537473592402
    8     -1.901516643794     -4.050621522103      2.516425566828
    8      5.750145522705      1.365890885906      2.540522304205
    8     -5.754957823127     -1.363404701806      2.537045597875
    8      5.755537043675     -1.352832190261      2.532919235597
    8     -5.751490615536      1.366300523879      2.541950788190
    8      5.668604795012      6.774078406927      2.591461302292
    8     -5.733837261145     -6.775803327208      2.542382871735
    8      5.748153880130     -6.750027049702      2.530789037696
    8     -5.717426362276      6.770486593344      2.503818316281
    8      5.743131570648     -4.048301481679      2.542014686324
    8     -5.757091246308      4.051913597139      2.544645351190
    8      5.765877836401      4.056230706191      2.516255368332
    8     -5.738800288766     -4.050846409789      2.551308940964
  258      1.913938450433      2.707760182476      0.646954794051
  258     -1.919671140360     -2.706992688727      0.645522907328
  258      1.920361283525     -2.713084816492      0.648072070973
  258     -1.918110838698      2.714066955226      0.651757307143
  258      1.918499968200      8.137801918062      0.660032521065
  258     -1.914894571576     -8.134452230727      0.651600579535
  258      5.758615872115      2.706766393631      0.645983228152
  258     -5.752092287084     -2.711422722107      0.653433036779
  258      5.752870069485     -2.714366645673      0.651515456900
  258     -5.751987627477      2.714023207642      0.650954477509
  258      5.748991226194     -8.134975617087      0.683824775206
  258     -5.749816319839     -8.133500410912      0.667420058165
    8     -0.000496986710      4.062019981303      0.694497629054
    8      0.001736658340     -4.055481889546      0.678167491975
    8     -0.003969860775     -6.789376942249      0.677924487214
    8      0.031773594390      6.784828852832      0.726544360038
    8     -0.000192752606     -1.361253619461      0.691981023308
    8      0.001176920679      1.366196094596      0.691900709914
    8      3.832069536101      4.056402622263      0.699271797632
    8     -3.838540649146     -4.056377082191      0.689147324965
    8      3.836255570695     -4.068964508179      0.690067658794
    8     -3.835910024591      4.061849562779      0.693873281616
    8      3.821655226909     -6.802773524829      0.702661245956
    8     -3.818929042097      6.793739914877      0.676494314825
    8      3.821948221728      6.768110133222      0.694350312149
    8     -3.828141043814     -6.785926985705      0.691214933946
    8      3.835989061048     -1.367001258244      0.694273395333
    8     -3.835234983384      1.366605409194      0.693493969151
    8      3.835389577654      1.361806276408      0.690694834344
    8     -3.836721211816     -1.361066965160      0.690949782850
    8     -7.662965015398      4.058154044918      0.679132614997
    8      7.675228367111     -4.056042695352      0.691875182379
    8      7.674360553173     -6.792532359456      0.693598087938
    8      7.644572723756      6.792792290566      0.718119080969
    8     -7.670648773381     -1.364689834601      0.691002508738
    8     -7.671614617529      1.364174450226      0.693766669189
  258     -0.000396329088     -0.000248478883     -1.136079778779
  258      0.003252703904      5.424999088384     -1.131228062856
  258      0.000153404843     -5.424610258633     -1.139942755836
  258      3.836719725177     -0.001784194115     -1.134921349021
  258     -3.836391115528      0.002038354145     -1.134720521094
  258      3.836668193265      5.425775303594     -1.140642785289
  258     -3.836221211432     -5.424767717965     -1.134970769818
  258      3.836511476321     -5.427507678081     -1.132132809823
  258     -3.835281476468      5.426850303113     -1.133231253848
  258     -7.669455604634     -0.002559017164     -1.134691810812
  258      7.669414143668      5.429682825781     -1.130978987501
  258      7.671428639195     -5.428756321316     -1.131010336884
    8      1.917109811718      1.344633038112     -1.166673353264
    8     -1.918128131670     -1.340727244445     -1.168897614653
    8      1.919433403920     -1.344047569699     -1.166108732521
    8     -1.917597445822      1.346775633371     -1.164369453826
    8      1.915139155319      6.770879379335     -1.163513032778
    8     -1.919248188458     -6.769165828622     -1.170814162193
    8      1.920677159269     -6.773703868512     -1.160898343558
    8     -1.897871226318      6.769061189795     -1.160520605354
    8      1.920609507806     -4.081708019252     -1.169907684564
    8     -1.916418237577      4.081852689047     -1.164305594616
    8      1.918915806674      4.079964928407     -1.163867694199
    8     -1.919948066441     -4.078617091370     -1.168017153795
    8      5.755144130511      1.343129065112     -1.167632077675
    8     -5.753529158899     -1.343525218739     -1.165575601584
    8      5.752444477094     -1.345786647728     -1.165052284085
    8     -5.754252620224      1.345184295212     -1.164968555332
    8      5.749256004542      6.772843425083     -1.154079703334
    8     -5.751785908869     -6.769089568841     -1.163041294795
    8      5.748124127359     -6.773761004817     -1.150408931116
    8     -5.763473898268      6.770026352714     -1.153490379384
    8      5.754258519991     -4.082392591216     -1.165071223124
    8     -5.749252864410      4.082266090857     -1.168606459899
    8      5.749806731546      4.081805480926     -1.165109702589
    8     -5.754559321831     -4.079840485322     -1.166339469717
  258      1.917792592481      2.712071354560     -3.054496436679
  258     -1.918649531588     -2.712289484096     -3.054569570805
  258      1.919043796661     -2.712907982551     -3.053959340800
  258     -1.917745041449      2.713123593255     -3.052264766566
  258      1.918063097683     -8.136380588744     -3.051058881237
  258     -1.917162899624     -8.136866576717     -3.052435817446
  258      5.754553089108      2.712050667759     -3.054180579910
  258     -5.754011030816     -2.713245184488     -3.051948560797
  258      5.754370897417     -2.713918470434     -3.052325248224
  258     -5.754017126022      2.713563955833     -3.052063465958
  258      5.753860205450     -8.135893543040     -3.044069912452
  258     -5.753998208827     -8.136389653139     -3.047881605257
    8      0.000742156569     -1.317336254118     -3.044404179764
    8     -0.000354754072      1.319227657139     -3.044582701240
    8      0.001109660946      4.107565014604     -3.042120843717
    8     -0.000339081997     -4.105300544269     -3.046310861429
    8      0.001834453416     -6.743347358225     -3.045319553473
    8      0.001813534291      6.742178592721     -3.045607120497
    8      3.835966123201     -1.317999477016     -3.044961177882
    8     -3.835704828437      1.319578984173     -3.043935387227
    8      3.835784295727      1.318652525743     -3.044148733199
    8     -3.836360967602     -1.317710622856     -3.044641528655
    8      3.835030598340      4.105823079438     -3.044894928312
    8     -3.835984384407     -4.106465627106     -3.045746791182
    8      3.836779415998     -4.107363502306     -3.044485324778
    8     -3.834095237683      4.107541602130     -3.045888571987
    8      3.836721371745     -6.743675853411     -3.042548674202
    8     -3.835782680726      6.743765887762     -3.037983873449
    8      3.836337392366      6.741949313800     -3.042246333041
    8     -3.836966209022     -6.744459600596     -3.045599814335
    8      7.671208997374     -1.318606695221     -3.043970603056
    8     -7.671342001399      1.318663598722     -3.044710269039
    8      7.670493856441      4.108482922852     -3.042532486306
    8      7.670846203396     -4.107721056475     -3.044406547813
    8      7.669303188961     -6.743872312676     -3.040129309349
    8      7.669630625338      6.743770993319     -3.041239950199
  258      0.000000000000      0.000000000000     -4.794687825205
  258      0.000000000000      5.424570039800     -4.794687825205
  258      0.000000000000     -5.424570039800     -4.794687825205
  258      3.835750260160      0.000000000000     -4.794687825205
  258     -3.835750260160      0.000000000000     -4.794687825205
  258      3.835750260160      5.424570039800     -4.794687825205
  258     -3.835750260160     -5.424570039800     -4.794687825205
  258      3.835750260160     -5.424570039800     -4.794687825205
  258     -3.835750260160      5.424570039800     -4.794687825205
  258      7.671500520300      0.000000000000     -4.794687825205
  258      7.671500520300      5.424570039800     -4.794687825205
  258      7.671500520300     -5.424570039800     -4.794687825205
    8      1.917875130080      1.356142509950     -4.794687825205
    8     -1.917875130080     -1.356142509950     -4.794687825205
    8      1.917875130080     -1.356142509950     -4.794687825205
    8     -1.917875130080      1.356142509950     -4.794687825205
    8      1.917875130080      6.780712549750     -4.794687825205
    8     -1.917875130080     -6.780712549750     -4.794687825205
    8      1.917875130080     -6.780712549750     -4.794687825205
    8     -1.917875130080      6.780712549750     -4.794687825205
    8      1.917875130080     -4.068427529850     -4.794687825205
    8     -1.917875130080      4.068427529850     -4.794687825205
    8      1.917875130080      4.068427529850     -4.794687825205
    8     -1.917875130080     -4.068427529850     -4.794687825205
    8      5.753625390240      1.356142509950     -4.794687825205
    8     -5.753625390240     -1.356142509950     -4.794687825205
    8      5.753625390240     -1.356142509950     -4.794687825205
    8     -5.753625390240      1.356142509950     -4.794687825205
    8      5.753625390240      6.780712549750     -4.794687825205
    8     -5.753625390240     -6.780712549750     -4.794687825205
    8      5.753625390240     -6.780712549750     -4.794687825205
    8     -5.753625390240      6.780712549750     -4.794687825205
    8      5.753625390240     -4.068427529850     -4.794687825205
    8     -5.753625390240      4.068427529850     -4.794687825205
    8      5.753625390240      4.068427529850     -4.794687825205
    8     -5.753625390240     -4.068427529850     -4.794687825205
   14      7.362403056499     -7.391597627480      7.310840619044
    8      6.875074592349     -5.805418898156      7.323505431561
    8      7.581923618712     -7.779986922621      8.902002078310
    8     -6.401946983094     -7.537824897975      6.717273833338
    6      5.797810663120     -5.349026808404      6.506643339514
    6     -5.418095103490     -6.535749657128      7.088085536784
    6     -8.763420971654     -7.407536672867      9.850679765642
    6      5.320078728991     -4.032271745280      7.100796131966
    6     -5.611245383319     -5.244466026568      6.308822442470
    6     -8.622244170344     -8.265299518050     11.092355865619
    1      4.433488869592     -3.663075939981      6.570092208517
    1     -4.749182437705     -4.587885888332      6.479889378999
    1     -9.340149075441     -7.951535797632     11.864078421798
    1      5.068119229799     -4.161131111992      8.157938181935
    1      6.126262159335     -3.279297444071      7.067684642671
    1      4.973109238052     -6.077502827374      6.489253023127
    1      6.144014708811     -5.244621505823      5.467032166976
    1      6.539040921658      6.954455911299     10.858713325463
    1     -7.612302977463      8.094256097465     11.503214641271
    1     -8.653950207866     -6.337230581849     10.100984056342
    1      5.567328353367     -7.533919649747      9.423019843780
    1     -5.463389245777     -6.378270917647      8.174322608044
    1     -4.444845425211     -6.972384765600      6.829314931553
    1     -6.550853088304     -4.755650795002      6.568995936762
    1     -5.628982454038     -5.445550894579      5.237038874352
    8      6.298763432827     -8.268930840752      6.525062992755
    6      3.752489017635      6.078677440370      5.967097445192
    6      2.323746667968      5.546721554768      6.158116091609
    1      1.860747484108      5.340557749809      5.191553430883
    1      4.006225499602      6.823629633847      6.741162195911
    1      4.481045211006      5.263120481274      6.048560513882
    1      2.287881510035      4.633355696157      6.768239728303
    1      1.659674943127      6.275630122718      6.646980037082
    0    0
