   2   1   1 E -4.5963138027345E+04 DE-8.4E-06(  6)
  0.153430010406E+02  0.000000000000E+00  0.000000000000E+00
  0.000000000000E+00  0.162737101194E+02  0.000000000000E+00
  0.000000000000E+00  0.000000000000E+00  0.500000000000E+03
    1
  0.100000000000E+01  0.000000000000E+00  0.000000000000E+00
  0.000000000000E+00  0.100000000000E+01  0.000000000000E+00
  0.000000000000E+00  0.000000000000E+00  0.100000000000E+01
  0.000000000000E+00  0.000000000000E+00  0.000000000000E+00
  249
  258      1.912591285954      2.695157470087      4.266099533771
  258     -1.913349486128     -2.701664761645      4.260828513207
  258      1.916669204665     -2.720579651273      4.260475609935
  258     -1.926990858814      2.714494202846      4.264931627069
  258      1.825701487386     -8.078567611443      4.284858061628
  258     -1.948693033791     -8.126060239338      4.268011162918
  258      5.771284588372      2.706333488468      4.259437712036
  258     -5.751252698517     -2.699328520480      4.276305694953
  258      5.758829460260     -2.702737824568      4.260189947838
  258     -5.752912336417      2.720013549766      4.266185052624
  258      5.817192913783     -8.111406634745      4.342601823735
  258     -5.751653701253     -8.137332050975      4.296322244890
    8     -0.007096860778      3.988754060956      4.377175125079
    8      0.002551552637     -3.976553029831      4.368956273677
    8     -0.005257183788     -6.842069728915      4.408859475410
    8     -0.018865571545      6.893152005928      4.363656189814
    8      0.002774723087     -1.433813939093      4.371896589504
    8      0.009020344637      1.445774243575      4.377799391237
    8      3.850044548937      3.942190329719      4.291490278912
    8     -3.774140617423     -3.950093977497      4.332169250941
    8      3.792275386282     -4.028952753847      4.354016895126
    8     -3.830485829125      3.985694737269      4.371895469063
    8      3.768714889769     -6.987711329217      4.310514419641
    8     -3.826095190574      6.875775936109      4.384195919191
    8      3.868451197355      6.681449264071      4.707799560103
    8     -3.787301608169     -6.852931595935      4.362823769204
    8      3.846184357061     -1.467960038694      4.377600954022
    8     -3.833088573438      1.449483478392      4.377708744723
    8      3.822620624260      1.420976971392      4.388306677034
    8     -3.848857748699     -1.423669491700      4.385297657669
    8      7.655258889895      3.987040815747      4.374522380096
    8     -7.666679525721     -3.932403597677      4.336406195409
    8     -7.682053373580     -6.829944825882      4.303361125209
    8     -7.607564913931      6.889810730627      4.255927666872
    8      7.670141117915     -1.419640539288      4.378352437521
    8     -7.665695227077      1.449622605280      4.373357794937
  258     -0.000938537389     -0.000959246749      2.595441831666
  258     -0.000559755140      5.423811948256      2.607384841139
  258     -0.015844862384     -5.402975973091      2.579533568961
  258      3.836353866611     -0.000861226862      2.599688816410
  258     -3.837990400274      0.004268514483      2.598999356228
  258      3.836385352922      5.394532076274      2.567909044304
  258     -3.834635575931     -5.414914964763      2.591535592963
  258      3.833896294138     -5.437305243785      2.599864474638
  258     -3.835703221314      5.430235976569      2.595708937273
  258     -7.666370462929      0.000288845896      2.595208537473
  258     -7.669561798196      5.429029006284      2.592117224674
  258     -7.665192597428     -5.417811947983      2.592653910593
    8      1.918168696263      1.370529485327      2.536116912885
    8     -1.920942108651     -1.354517573162      2.537026489230
    8      1.922662033455     -1.360195421212      2.540727919866
    8     -1.916388558727      1.370345459757      2.541676851330
    8      1.989196862057      6.809919354088      2.618239782612
    8     -1.906028191053     -6.784365339724      2.532192131797
    8      1.867878758790     -6.775961869657      2.531290680005
    8     -1.921839568957      6.791763789850      2.538134498816
    8      1.906721223653     -4.053870459813      2.523316072087
    8     -1.909934056627      4.063852411601      2.539583859312
    8      1.907073298627      4.068691672649      2.538132198694
    8     -1.903515760232     -4.048203687968      2.518391739643
    8      5.753624758600      1.367409005775      2.543975815131
    8     -5.753705743802     -1.361590287966      2.541084927289
    8      5.754256611204     -1.352347160894      2.530194889409
    8     -5.751141468636      1.368645204357      2.539408938284
    8      5.667454451429      6.775149750488      2.594490930655
    8     -5.734034249513     -6.773976680537      2.543009580887
    8      5.748047367653     -6.749020956764      2.528142416641
    8     -5.716866439289      6.772541754662      2.504955202458
    8      5.742709358209     -4.046830634868      2.544741015123
    8     -5.756786725618      4.054943110294      2.544512629106
    8      5.762290706999      4.056751275632      2.519209040330
    8     -5.739574839985     -4.048427120077      2.548236272246
  258      1.914303735323      2.708656987942      0.647683282311
  258     -1.920147954986     -2.706143861979      0.645455021736
  258      1.920083216430     -2.712072944978      0.648566918844
  258     -1.918357115335      2.714558602035      0.651779935299
  258      1.917649208173      8.138207561398      0.659388208407
  258     -1.914790157620     -8.134024836386      0.653379504273
  258      5.758054079333      2.707548883077      0.646379883070
  258     -5.752679243191     -2.710256292753      0.653275713422
  258      5.752599222099     -2.714118231899      0.651319140622
  258     -5.752339972742      2.714827858032      0.651095419829
  258      5.748377783488     -8.134713406834      0.685154010862
  258     -5.750312936386     -8.133148456784      0.666264962475
    8      0.000817620822      4.061955933142      0.693713137598
    8     -0.000751909285     -4.055491970778      0.677706423786
    8     -0.004813727681     -6.789201449264      0.678363794080
    8      0.029980640079      6.784729355773      0.726979317087
    8      0.001378666164     -1.361832786386      0.693333427415
    8      0.000421993399      1.365552184477      0.691947368340
    8      3.831261428672      4.057976112265      0.699504670839
    8     -3.836413830765     -4.055273392481      0.687965449489
    8      3.837558863489     -4.069036464733      0.691250986122
    8     -3.836033938448      4.062446946757      0.694219456234
    8      3.820229817483     -6.803410145828      0.702348512368
    8     -3.819711723898      6.793771183656      0.677637438250
    8      3.823529886137      6.768910588014      0.694854228463
    8     -3.829157780034     -6.785721441493      0.691284730681
    8      3.834802449971     -1.366213152237      0.691207480388
    8     -3.833632132837      1.367758585517      0.692197190748
    8      3.836804235837      1.362684422417      0.693572434192
    8     -3.837769531871     -1.359838752219      0.691563269806
    8     -7.665788441603      4.057650218783      0.680971296749
    8      7.672204231338     -4.055909720569      0.691965295058
    8      7.677247305129     -6.792822205615      0.695277529279
    8      7.644490523572      6.791837443702      0.718834738053
    8     -7.668192202183     -1.364417234180      0.691211045098
    8     -7.672359545874      1.363679773038      0.692635212584
  258     -0.000568667683      0.000272463815     -1.135823230070
  258      0.002632499166      5.425262848607     -1.131232105590
  258     -0.000241066923     -5.424035220444     -1.139249623905
  258      3.836412320213     -0.001210561220     -1.134573842894
  258     -3.836741380297      0.002538218040     -1.134681332970
  258      3.836587359515      5.425867342371     -1.140030378189
  258     -3.836053297330     -5.424782700225     -1.135102721088
  258      3.836015552590     -5.427209135302     -1.132157237495
  258     -3.835070043206      5.427514452702     -1.132647215289
  258     -7.670143041943     -0.001940840644     -1.135115573843
  258      7.669320521018      5.430103366646     -1.131148708240
  258      7.670929975392     -5.428584346309     -1.130985679027
    8      1.918116697667      1.346006700146     -1.164802120202
    8     -1.917525393142     -1.340125413283     -1.167684250028
    8      1.917615039515     -1.342765286608     -1.167711394931
    8     -1.916717582865      1.347432763551     -1.165665715779
    8      1.915092291424      6.771817246433     -1.162916238938
    8     -1.920078144091     -6.769004363879     -1.170420634505
    8      1.919941949361     -6.772594263838     -1.161695683113
    8     -1.898614538752      6.769708957458     -1.160055354962
    8      1.921696050175     -4.080769983976     -1.168417720025
    8     -1.916594925261      4.082386308242     -1.164058006601
    8      1.919463248433      4.080740311302     -1.164645803794
    8     -1.919911343232     -4.078055669699     -1.169937998815
    8      5.754041918825      1.344049515902     -1.167223029510
    8     -5.752744248881     -1.343447797173     -1.166304773554
    8      5.753895886847     -1.344767407180     -1.164734402178
    8     -5.753860543425      1.345920000049     -1.164982600715
    8      5.749802847523      6.773787848113     -1.154500510397
    8     -5.751848590882     -6.769249663859     -1.164427928201
    8      5.749063164731     -6.772655062492     -1.147959726053
    8     -5.763655932607      6.770418115342     -1.153980334469
    8      5.753685529194     -4.081460949961     -1.166317133080
    8     -5.750868225056      4.083234531634     -1.167337797989
    8      5.749365402618      4.081918523588     -1.164603262966
    8     -5.755392800196     -4.080050232114     -1.164357627455
  258      1.917647535084      2.712098334477     -3.054291964868
  258     -1.918730299571     -2.712070183632     -3.054507748750
  258      1.918668214701     -2.712693367076     -3.053545891998
  258     -1.917800695289      2.713324507416     -3.052352755084
  258      1.917743322095     -8.136325495232     -3.051279589924
  258     -1.917214921212     -8.136604158867     -3.052029980200
  258      5.754519330834      2.712411257484     -3.054185875276
  258     -5.753935000083     -2.713277765097     -3.051871995333
  258      5.754016260126     -2.713650694632     -3.052534997144
  258     -5.753798361634      2.713749062898     -3.051983847747
  258      5.753447809066     -8.135815226579     -3.043958198044
  258     -5.754161816296     -8.136269978157     -3.048107900761
    8     -0.000024521702     -1.317956599281     -3.045046504900
    8      0.000828331356      1.318785801443     -3.044428902509
    8      0.000932876854      4.106992763495     -3.042073857201
    8      0.000553960588     -4.105983406054     -3.046167747783
    8      0.001321867189     -6.744023563434     -3.045236768026
    8      0.002011307695      6.741507782818     -3.044833672925
    8      3.836455636327     -1.318633401517     -3.044124247256
    8     -3.835725747338      1.320117567230     -3.044044971527
    8      3.835539743636      1.318330276082     -3.044395272199
    8     -3.835815576419     -1.317092206779     -3.044690930616
    8      3.835497829205      4.106090185617     -3.045301997400
    8     -3.836989531267     -4.105699897874     -3.045621904015
    8      3.836491129243     -4.108054639503     -3.044896678566
    8     -3.834606184098      4.107874659521     -3.045127946127
    8      3.837549723345     -6.743989693032     -3.041575029200
    8     -3.835588157337      6.743864276619     -3.038190616704
    8      3.836189794996      6.742055295136     -3.042225409387
    8     -3.836695746653     -6.743523995956     -3.045698931988
    8      7.671310530702     -1.318938332011     -3.044231772017
    8     -7.671359767930      1.318581804395     -3.044543951833
    8      7.670260667676      4.108142409956     -3.042316780320
    8      7.671523595812     -4.108329178885     -3.044201511905
    8      7.668709708365     -6.744392741403     -3.040036062651
    8      7.669720492007      6.743150126887     -3.041165682606
  258      0.000000000000      0.000000000000     -4.794687825205
  258      0.000000000000      5.424570039800     -4.794687825205
  258      0.000000000000     -5.424570039800     -4.794687825205
  258      3.835750260160      0.000000000000     -4.794687825205
  258     -3.835750260160      0.000000000000     -4.794687825205
  258      3.835750260160      5.424570039800     -4.794687825205
  258     -3.835750260160     -5.424570039800     -4.794687825205
  258      3.835750260160     -5.424570039800     -4.794687825205
  258     -3.835750260160      5.424570039800     -4.794687825205
  258      7.671500520300      0.000000000000     -4.794687825205
  258      7.671500520300      5.424570039800     -4.794687825205
  258      7.671500520300     -5.424570039800     -4.794687825205
    8      1.917875130080      1.356142509950     -4.794687825205
    8     -1.917875130080     -1.356142509950     -4.794687825205
    8      1.917875130080     -1.356142509950     -4.794687825205
    8     -1.917875130080      1.356142509950     -4.794687825205
    8      1.917875130080      6.780712549750     -4.794687825205
    8     -1.917875130080     -6.780712549750     -4.794687825205
    8      1.917875130080     -6.780712549750     -4.794687825205
    8     -1.917875130080      6.780712549750     -4.794687825205
    8      1.917875130080     -4.068427529850     -4.794687825205
    8     -1.917875130080      4.068427529850     -4.794687825205
    8      1.917875130080      4.068427529850     -4.794687825205
    8     -1.917875130080     -4.068427529850     -4.794687825205
    8      5.753625390240      1.356142509950     -4.794687825205
    8     -5.753625390240     -1.356142509950     -4.794687825205
    8      5.753625390240     -1.356142509950     -4.794687825205
    8     -5.753625390240      1.356142509950     -4.794687825205
    8      5.753625390240      6.780712549750     -4.794687825205
    8     -5.753625390240     -6.780712549750     -4.794687825205
    8      5.753625390240     -6.780712549750     -4.794687825205
    8     -5.753625390240      6.780712549750     -4.794687825205
    8      5.753625390240     -4.068427529850     -4.794687825205
    8     -5.753625390240      4.068427529850     -4.794687825205
    8      5.753625390240      4.068427529850     -4.794687825205
    8     -5.753625390240     -4.068427529850     -4.794687825205
   14      7.372679992155     -7.379265160669      7.311397225043
    8      6.882721057401     -5.793568532577      7.315323553648
    8      7.619834846649     -7.742410259019      8.905052467408
    8     -6.394973741890     -7.538421428712      6.709007110486
    6      5.796152024244     -5.344043459721      6.507151026054
    6     -5.403456529957     -6.545037906301      7.082166157009
    6     -8.593836921293     -7.227955407279      9.907293982237
    6      5.331834525872     -4.015637800913      7.086041970977
    6     -5.596655257744     -5.248294827648      6.311085543370
    6     -8.533948302970     -8.126090705453     11.129973538274
    1      4.441806838260     -3.649237989798      6.559359593823
    1     -4.734586954837     -4.592014219162      6.482862423677
    1     -9.137884549786     -7.707014873389     11.946478698549
    1      5.091164942708     -4.127597837054      8.147385513893
    1      6.141173116717     -3.267902412903      7.032304348828
    1      4.968375525946     -6.068643160789      6.513433783840
    1      6.127799530702     -5.259025095287      5.461474197037
    1      6.431882394594      7.144943943365     10.896348564167
    1     -7.500887426102      8.044382520368     11.481926136151
    1     -8.288975202632     -6.198102789196     10.163351075242
    1      5.709143692860     -7.164402826511      9.535332698082
    1     -5.443988466519     -6.395491870848      8.169589034154
    1     -4.433108596584     -6.984531757538      6.816646780757
    1     -6.535707199621     -4.760523331139      6.576432678385
    1     -5.617372790351     -5.443910778524      5.238395892942
    8      6.309030561003     -8.262327450427      6.531723944922
    6      3.756296461166      6.068292403746      5.979695474494
    6      2.321801834096      5.551725919352      6.170814965882
    1      1.864934729103      5.327304929352      5.205338656788
    1      4.024223339610      6.805546576222      6.755624116262
    1      4.470940971787      5.240815528664      6.042837195335
    1      2.276870498331      4.649646884760      6.794892414265
    1      1.660633164131      6.292910944393      6.640983493535
    0    0
