   2   1   1 E -4.5963139162913E+04 DE-5.2E-07(  6)
  0.153430010406E+02  0.000000000000E+00  0.000000000000E+00
  0.000000000000E+00  0.162737101194E+02  0.000000000000E+00
  0.000000000000E+00  0.000000000000E+00  0.500000000000E+03
    1
  0.100000000000E+01  0.000000000000E+00  0.000000000000E+00
  0.000000000000E+00  0.100000000000E+01  0.000000000000E+00
  0.000000000000E+00  0.000000000000E+00  0.100000000000E+01
  0.000000000000E+00  0.000000000000E+00  0.000000000000E+00
  249
  258      1.912409908246      2.693469472541      4.265442038875
  258     -1.913321957386     -2.702569713985      4.261316825745
  258      1.916583746779     -2.721436745388      4.261027824889
  258     -1.927352944645      2.713883322825      4.264749452338
  258      1.825319111353     -8.079462304463      4.284774307682
  258     -1.948842071215     -8.127164858720      4.267760445944
  258      5.771044440424      2.705724208843      4.258838098426
  258     -5.751859057982     -2.698796570562      4.276217508387
  258      5.758020760239     -2.705653998777      4.260794407571
  258     -5.752738987051      2.718939459641      4.266392794897
  258      5.814924833242     -8.113522314872      4.337897750659
  258     -5.751809926161     -8.138229428371      4.298008225383
    8     -0.008289432852      3.987105457488      4.376274564521
    8      0.002400039154     -3.976785718478      4.368878585915
    8     -0.005607297708     -6.842223711186      4.407536568023
    8     -0.019744863269      6.892467042436      4.366339631556
    8      0.001706303510     -1.434705978815      4.372143258009
    8      0.010249836301      1.444460375970      4.377185932249
    8      3.851744088918      3.941086466396      4.287938735526
    8     -3.775185867129     -3.950690007918      4.333646621415
    8      3.795783785517     -4.031606695820      4.355911677541
    8     -3.831032957660      3.985459194370      4.372090008013
    8      3.767507626358     -6.990058915827      4.310052797954
    8     -3.825626263923      6.874948505576      4.381971282272
    8      3.857736853155      6.688616006686      4.698109501874
    8     -3.789024818441     -6.853299094220      4.366796522353
    8      3.844067130376     -1.470787383763      4.377149329346
    8     -3.833417342722      1.449679407343      4.377671927161
    8      3.820650968368      1.419234434013      4.388811075278
    8     -3.851087601112     -1.423689045777      4.384670119869
    8      7.655370479337      3.986091901485      4.374396692977
    8     -7.670707038643     -3.934969238788      4.336023127547
    8     -7.680855963653     -6.832998212483      4.304978212811
    8     -7.605380007779      6.887469782211      4.255520950101
    8      7.673130100407     -1.421677595385      4.378482144921
    8     -7.667455427486      1.448507175328      4.373038132464
  258     -0.001088478260     -0.001952809926      2.595524096942
  258     -0.000841899167      5.422941486925      2.607176863056
  258     -0.016303341722     -5.403740056762      2.579396166105
  258      3.836208725783     -0.002052797196      2.599737633902
  258     -3.838024800542      0.003294621746      2.598753609378
  258      3.835920084061      5.392668143364      2.566726810896
  258     -3.835332034225     -5.415423506797      2.592791302534
  258      3.833439732941     -5.437630762277      2.599091849176
  258     -3.836125304722      5.429482305914      2.595368964943
  258     -7.666822074391     -0.000682106378      2.595487148478
  258     -7.669105771573      5.427846505453      2.592062917064
  258     -7.665235211164     -5.418345130301      2.592959728923
    8      1.918285333535      1.369006867755      2.535130937819
    8     -1.921553304125     -1.355879749172      2.537469134597
    8      1.921417563045     -1.361646455667      2.540740494091
    8     -1.916552456808      1.368906657841      2.541832936306
    8      1.988455213549      6.808398213606      2.618671941151
    8     -1.907674701370     -6.784969014418      2.532819760969
    8      1.867861870411     -6.776632063116      2.531013174929
    8     -1.920580948288      6.790639697218      2.537637823969
    8      1.907352874785     -4.054812443741      2.524543788128
    8     -1.910536802324      4.062616114927      2.539574205394
    8      1.906976845856      4.067646079546      2.537716153388
    8     -1.904084839748     -4.049256330419      2.519027617643
    8      5.752387544728      1.366105604717      2.543674951590
    8     -5.753869264097     -1.362388847565      2.539378368176
    8      5.754429929151     -1.353245047774      2.532157951181
    8     -5.751660926781      1.367282373387      2.540209344646
    8      5.668003799346      6.773061204379      2.591499144844
    8     -5.734206123936     -6.774812757130      2.543589036939
    8      5.747760793721     -6.748928857789      2.527295860225
    8     -5.716333905005      6.772217438404      2.504384897984
    8      5.742399877013     -4.047636164023      2.543552310929
    8     -5.756596478889      4.053485502769      2.544035306874
    8      5.763142316067      4.055638131160      2.517686380552
    8     -5.740483349055     -4.049638642792      2.549313340426
  258      1.913992545591      2.707667462625      0.647364920650
  258     -1.920425102724     -2.706711172537      0.645683490538
  258      1.919747524787     -2.712697276502      0.648684467258
  258     -1.918368092270      2.714072528857      0.651680847682
  258      1.917664392376      8.137564035742      0.659283715140
  258     -1.915138722139     -8.134485075882      0.653102344797
  258      5.758099228406      2.706645605739      0.646089867636
  258     -5.752811899588     -2.710805363758      0.653338122874
  258      5.752359934259     -2.714485855089      0.651669011264
  258     -5.752410100715      2.714044251037      0.651144861382
  258      5.748629977014     -8.135499284313      0.683263316543
  258     -5.750235556810     -8.133681950790      0.666955153014
    8      0.000149662925      4.061572191203      0.694222808957
    8     -0.000447806544     -4.055569605091      0.678495124892
    8     -0.005317416704     -6.789412957595      0.678603238856
    8      0.030586517908      6.784301311799      0.726808554590
    8      0.000378573882     -1.361998118733      0.693080002220
    8      0.000490537958      1.365265392786      0.691787743720
    8      3.831128471283      4.056635373949      0.698990800679
    8     -3.837287378781     -4.055786050938      0.688981637993
    8      3.836611431632     -4.069539595177      0.690909015647
    8     -3.836090408844      4.061898122337      0.693733466131
    8      3.820033619250     -6.803658845206      0.702075515521
    8     -3.819280335944      6.793366445069      0.677350597065
    8      3.822457978431      6.768227498728      0.694434221707
    8     -3.829040048379     -6.786061617286      0.691430599335
    8      3.835148192754     -1.367200565026      0.692488906763
    8     -3.834270077665      1.367100529348      0.692741531942
    8      3.836488286073      1.361278612747      0.692946927370
    8     -3.837568413059     -1.360473171319      0.690969806493
    8     -7.664948983401      4.057241694095      0.680111953422
    8      7.672827223068     -4.056518637756      0.692136333704
    8      7.676439306656     -6.793151253616      0.694927309343
    8      7.644888905952      6.791706075708      0.717888254349
    8     -7.669487756573     -1.365024989382      0.691293351914
    8     -7.672613322859      1.363172709364      0.693042965899
  258     -0.000726939670     -0.000219879555     -1.135874062772
  258      0.002624900829      5.424929520728     -1.131325162767
  258     -0.000371032877     -5.424561573926     -1.139401938740
  258      3.836329697908     -0.001824713383     -1.134627827332
  258     -3.836725968489      0.002222342157     -1.134765137792
  258      3.836409788883      5.425363046373     -1.140495685285
  258     -3.836375240651     -5.425133382199     -1.134838950948
  258      3.836013871314     -5.427480959375     -1.132397340432
  258     -3.835289329105      5.427041175532     -1.132802105056
  258     -7.670068688118     -0.002456237357     -1.134990310113
  258      7.669448592978      5.429599426609     -1.131306310227
  258      7.671166962243     -5.428680842797     -1.130744215404
    8      1.917767015576      1.345426842436     -1.165405369165
    8     -1.917777560491     -1.340550248644     -1.168205641734
    8      1.917819612110     -1.343420883626     -1.166864719025
    8     -1.917247864908      1.346889279386     -1.165124697767
    8      1.915023976100      6.771234131453     -1.163519185277
    8     -1.920044974413     -6.769150214442     -1.170633984713
    8      1.919668551115     -6.773385484921     -1.161455968306
    8     -1.898438149451      6.769402864796     -1.160006328727
    8      1.921000852180     -4.081436651926     -1.168719880141
    8     -1.916422853182      4.081859954173     -1.164152872624
    8      1.918914250912      4.080266233680     -1.164330800245
    8     -1.920028859584     -4.078487964632     -1.169041087001
    8      5.754102352008      1.343545720183     -1.167560815811
    8     -5.753570974572     -1.343649691686     -1.166090152127
    8      5.753203604395     -1.345327759650     -1.164741068505
    8     -5.754020785616      1.345474089195     -1.164923824230
    8      5.749226128563      6.773391529247     -1.154759452050
    8     -5.752016766818     -6.769280577936     -1.164127839139
    8      5.748571990121     -6.773098189402     -1.148679112261
    8     -5.763226512734      6.770085736627     -1.153809557586
    8      5.753667640931     -4.082055957678     -1.166098560832
    8     -5.750550277582      4.082705608681     -1.167933476871
    8      5.749474430209      4.081635182247     -1.164775482806
    8     -5.755268536276     -4.080110755403     -1.164603859085
  258      1.917609387467      2.711925138634     -3.054395549995
  258     -1.918860043152     -2.712230055675     -3.054486804456
  258      1.918547797882     -2.712893273834     -3.053620025243
  258     -1.917845462788      2.713196086617     -3.052422661071
  258      1.917719703758     -8.136491897853     -3.051331436361
  258     -1.917320422785     -8.136842728146     -3.052140581925
  258      5.754493278807      2.712139633664     -3.054269497893
  258     -5.753963978297     -2.713398655269     -3.051930254973
  258      5.754057141083     -2.713867291758     -3.052516821501
  258     -5.753910748839      2.713554752498     -3.051985664893
  258      5.753463005990     -8.135843650866     -3.044386167910
  258     -5.754155215804     -8.136374143915     -3.047993838015
    8      0.000222042690     -1.318035458862     -3.044920752536
    8      0.000313111945      1.318568557715     -3.044445899064
    8      0.000958908837      4.107047682855     -3.042107214456
    8      0.000205536391     -4.105946562918     -3.046140589282
    8      0.001364758067     -6.743838171756     -3.045342436918
    8      0.001771823659      6.741579159512     -3.045098649514
    8      3.836126063200     -1.318533277473     -3.044260999683
    8     -3.835749433237      1.319576274742     -3.044071312801
    8      3.835471911549      1.318176273486     -3.044360219541
    8     -3.836181238309     -1.317712232719     -3.044563196350
    8      3.835190348414      4.105893079539     -3.045159316041
    8     -3.836773798193     -4.106244025127     -3.045487687846
    8      3.836366231590     -4.107894269416     -3.044782075175
    8     -3.834430765176      4.107553635762     -3.045345901225
    8      3.837189581615     -6.743851460152     -3.041924279026
    8     -3.835575241026      6.743539995580     -3.038294990183
    8      3.836160769709      6.741777690103     -3.042391888638
    8     -3.836958058062     -6.743926328770     -3.045650504316
    8      7.671146018912     -1.318869150370     -3.044232383488
    8     -7.671389091306      1.318516665943     -3.044577863821
    8      7.670239898573      4.108234653944     -3.042528655060
    8      7.671352868318     -4.108314184007     -3.044180322078
    8      7.668735599742     -6.744327525609     -3.040112332742
    8      7.669668763539      6.743256684891     -3.041105745675
  258      0.000000000000      0.000000000000     -4.794687825205
  258      0.000000000000      5.424570039800     -4.794687825205
  258      0.000000000000     -5.424570039800     -4.794687825205
  258      3.835750260160      0.000000000000     -4.794687825205
  258     -3.835750260160      0.000000000000     -4.794687825205
  258      3.835750260160      5.424570039800     -4.794687825205
  258     -3.835750260160     -5.424570039800     -4.794687825205
  258      3.835750260160     -5.424570039800     -4.794687825205
  258     -3.835750260160      5.424570039800     -4.794687825205
  258      7.671500520300      0.000000000000     -4.794687825205
  258      7.671500520300      5.424570039800     -4.794687825205
  258      7.671500520300     -5.424570039800     -4.794687825205
    8      1.917875130080      1.356142509950     -4.794687825205
    8     -1.917875130080     -1.356142509950     -4.794687825205
    8      1.917875130080     -1.356142509950     -4.794687825205
    8     -1.917875130080      1.356142509950     -4.794687825205
    8      1.917875130080      6.780712549750     -4.794687825205
    8     -1.917875130080     -6.780712549750     -4.794687825205
    8      1.917875130080     -6.780712549750     -4.794687825205
    8     -1.917875130080      6.780712549750     -4.794687825205
    8      1.917875130080     -4.068427529850     -4.794687825205
    8     -1.917875130080      4.068427529850     -4.794687825205
    8      1.917875130080      4.068427529850     -4.794687825205
    8     -1.917875130080     -4.068427529850     -4.794687825205
    8      5.753625390240      1.356142509950     -4.794687825205
    8     -5.753625390240     -1.356142509950     -4.794687825205
    8      5.753625390240     -1.356142509950     -4.794687825205
    8     -5.753625390240      1.356142509950     -4.794687825205
    8      5.753625390240      6.780712549750     -4.794687825205
    8     -5.753625390240     -6.780712549750     -4.794687825205
    8      5.753625390240     -6.780712549750     -4.794687825205
    8     -5.753625390240      6.780712549750     -4.794687825205
    8      5.753625390240     -4.068427529850     -4.794687825205
    8     -5.753625390240      4.068427529850     -4.794687825205
    8      5.753625390240      4.068427529850     -4.794687825205
    8     -5.753625390240     -4.068427529850     -4.794687825205
   14      7.367951159608     -7.411052140178      7.313038160078
    8      6.875210518473     -5.827040140093      7.349797540098
    8      7.588386742915     -7.838599612866      8.893980648426
    8     -6.396815961097     -7.540107950235      6.718005263492
    6      5.800902154914     -5.360843719156      6.532745060681
    6     -5.417284575599     -6.532151647049      7.085144517318
    6     -8.864965407021     -7.719874711464      9.777670221767
    6      5.345862164582     -4.028751905659      7.110143761755
    6     -5.621216827079     -5.243536602037      6.305288068313
    6     -8.516290611096     -8.369429033728     11.104174653461
    1      4.454250530623     -3.661970203528      6.585732829018
    1     -4.770375499682     -4.574750191973      6.486803033777
    1     -9.355297814184     -8.283631246426     11.806946477502
    1      5.108064134577     -4.134117241342      8.172628340042
    1      6.157870224826     -3.284394271554      7.048877337119
    1      4.965501375096     -6.076717777921      6.528713441019
    1      6.143405802950     -5.270556746693      5.490785361736
    1      7.056124629433      6.841180855524     10.966364475476
    1     -7.637901183047      8.383570210759     11.552616717176
    1     -9.116546498556     -6.654329519565      9.917935653301
    1      5.589057226645     -8.205916782712      9.336559684092
    1     -5.460105017408     -6.373408656596      8.171159329704
    1     -4.442566227899     -6.963797304817      6.824080748094
    1     -6.569315700673     -4.768739442858      6.558648473685
    1     -5.625083420845     -5.442335746011      5.233131346577
    8      6.299951507840     -8.278871295622      6.519281623678
    6      3.747888086995      6.078182293024      5.971465803122
    6      2.316524750983      5.553640189533      6.162902964950
    1      1.855791973539      5.344870652634      5.195750195581
    1      4.008135342167      6.820223814478      6.745379132541
    1      4.470568817964      5.257450725480      6.045339216702
    1      2.276729637831      4.642023653482      6.774977863095
    1      1.653693447783      6.285970938932      6.647700822971
    0    0
