   2   1   1 E -4.5963139230517E+04 DE-1.6E-06(  6)
  0.153430010406E+02  0.000000000000E+00  0.000000000000E+00
  0.000000000000E+00  0.162737101194E+02  0.000000000000E+00
  0.000000000000E+00  0.000000000000E+00  0.500000000000E+03
    1
  0.100000000000E+01  0.000000000000E+00  0.000000000000E+00
  0.000000000000E+00  0.100000000000E+01  0.000000000000E+00
  0.000000000000E+00  0.000000000000E+00  0.100000000000E+01
  0.000000000000E+00  0.000000000000E+00  0.000000000000E+00
  249
  258      1.912275535569      2.693612812074      4.265478582191
  258     -1.913371078048     -2.702637977995      4.261354742000
  258      1.916562434546     -2.721396914365      4.261003763397
  258     -1.927448812272      2.713848978770      4.264806471280
  258      1.825172952554     -8.079407797566      4.284534081348
  258     -1.948895661692     -8.127154172962      4.267749487795
  258      5.770860520317      2.705757658315      4.258896441640
  258     -5.751920776957     -2.698871538316      4.276248683436
  258      5.757942058867     -2.705540148047      4.260863494429
  258     -5.752835228453      2.718803116719      4.266350116906
  258      5.814781807704     -8.113593773888      4.337684727475
  258     -5.752066368461     -8.138193547829      4.298005869648
    8     -0.007825236687      3.986981495125      4.376292584886
    8      0.002124302649     -3.976582885883      4.368970095473
    8     -0.005928448594     -6.842321736904      4.407458266590
    8     -0.019739447497      6.892285753680      4.366335508878
    8      0.001688216145     -1.434372533213      4.372272364712
    8      0.009962609441      1.444588477255      4.377343147241
    8      3.851588396861      3.941537685992      4.288304996534
    8     -3.775341473529     -3.950622640931      4.333449952896
    8      3.795267510809     -4.031475697419      4.356038350399
    8     -3.831058589858      3.985526266371      4.372157352406
    8      3.767418940008     -6.989899738392      4.310012108664
    8     -3.825680196008      6.875011412755      4.381894199395
    8      3.857795045276      6.688859100480      4.697747041716
    8     -3.788891316398     -6.853178910540      4.367142647304
    8      3.844143149490     -1.470513858069      4.377180548726
    8     -3.833338344788      1.449743604181      4.377545806467
    8      3.821397053721      1.419473994617      4.388644992771
    8     -3.851034998679     -1.423643899548      4.384873784027
    8      7.655554155582      3.985948444989      4.373970374299
    8     -7.670318701922     -3.934933415277      4.336345387174
    8     -7.681697905324     -6.832969242416      4.304841355066
    8     -7.605246415562      6.887227072760      4.256056522974
    8      7.672488268590     -1.421601534628      4.378429701551
    8     -7.667312408466      1.448507559626      4.373251016375
  258     -0.001218878833     -0.001986807156      2.595677156254
  258     -0.000946905632      5.422928506696      2.607196255102
  258     -0.016503084108     -5.403689687033      2.579366548725
  258      3.836138215903     -0.001959972603      2.599689910416
  258     -3.838085207951      0.003209566272      2.598815519421
  258      3.835804577198      5.392555297014      2.566818743322
  258     -3.835510432320     -5.415576372133      2.592977070899
  258      3.833355034734     -5.437651872310      2.599213731410
  258     -3.836204612076      5.429501520169      2.595609658952
  258     -7.666975756472     -0.000694302566      2.595574641658
  258     -7.669067042841      5.427819577924      2.592150961122
  258     -7.665318976781     -5.418197130696      2.592898948289
    8      1.917987714155      1.369083125884      2.535350583912
    8     -1.921657504918     -1.355972350798      2.537463725363
    8      1.921374224405     -1.361615437633      2.540745463642
    8     -1.916572731607      1.368859339197      2.541749907360
    8      1.988231378030      6.808367088056      2.618606281046
    8     -1.907724613328     -6.784949922350      2.532681182788
    8      1.867550660509     -6.776752009167      2.530850141474
    8     -1.920630637753      6.790693274240      2.537633083278
    8      1.907261736500     -4.054727002609      2.524510660455
    8     -1.910573897931      4.062530374226      2.539689540500
    8      1.906983879452      4.067732930456      2.537684273920
    8     -1.904093265806     -4.049248604655      2.518943804073
    8      5.752652757722      1.366035001952      2.543641619245
    8     -5.753916629674     -1.362297265407      2.539641666907
    8      5.754293603667     -1.353174305176      2.532000595728
    8     -5.751706176673      1.367381113865      2.540276247838
    8      5.667978917251      6.772996478818      2.591458793717
    8     -5.734262552390     -6.774912144355      2.543932160161
    8      5.747591078240     -6.748896411205      2.526671870956
    8     -5.716619315027      6.772272599821      2.504533201620
    8      5.742325881896     -4.047525593576      2.544019656706
    8     -5.756525740322      4.053625538191      2.543779765061
    8      5.763070667162      4.055500799358      2.517769623903
    8     -5.740720259524     -4.049482697321      2.549221978192
  258      1.913899001847      2.707582967835      0.647382456118
  258     -1.920558614395     -2.706696457713      0.645753570377
  258      1.919621711464     -2.712708560989      0.648731845926
  258     -1.918474963977      2.714026526150      0.651792934525
  258      1.917572606870      8.137585936939      0.659121345904
  258     -1.915285549451     -8.134493117930      0.653073991244
  258      5.758085221746      2.706562340435      0.646303564431
  258     -5.752850062393     -2.710828713727      0.653401070102
  258      5.752262592469     -2.714562776859      0.651808741807
  258     -5.752413809547      2.714095009214      0.651174779909
  258      5.748534501584     -8.135537720394      0.683238143643
  258     -5.750212082220     -8.133716464394      0.666890258076
    8      0.000180571395      4.061551244163      0.694263715089
    8     -0.000442215833     -4.055685177417      0.678577247516
    8     -0.005279003342     -6.789441883477      0.678460250804
    8      0.030520004315      6.784248878633      0.726696228854
    8      0.000322309232     -1.362078274030      0.692866873136
    8      0.000528977463      1.365253438740      0.691768908929
    8      3.831170351825      4.056606445863      0.698892034172
    8     -3.837391484582     -4.055937718501      0.689041713654
    8      3.836719579417     -4.069541616102      0.690903310692
    8     -3.835981453449      4.061665947660      0.693708990336
    8      3.819855773494     -6.803744259847      0.701919053718
    8     -3.819401527246      6.793208937069      0.677576831833
    8      3.822364070682      6.768219676746      0.694470732002
    8     -3.829295592363     -6.785943701193      0.691556965718
    8      3.835114470589     -1.367144929170      0.692543219038
    8     -3.834335555231      1.366860303077      0.692771675785
    8      3.836370141920      1.361416430668      0.693069166826
    8     -3.837757877206     -1.360585460485      0.690926975675
    8     -7.664962425014      4.057135230319      0.680126337806
    8      7.672415821697     -4.056543758635      0.691974238065
    8      7.676818527475     -6.793186038338      0.694875727543
    8      7.644899676133      6.791871343153      0.717970553063
    8     -7.669374878873     -1.365012540691      0.691378997651
    8     -7.672549890307      1.363101378658      0.692820004617
  258     -0.000753207946     -0.000249288047     -1.135815585255
  258      0.002570262991      5.424851628036     -1.131265995018
  258     -0.000476439630     -5.424549958072     -1.139415093638
  258      3.836342748015     -0.001865102860     -1.134609053185
  258     -3.836816057229      0.002222255598     -1.134708705621
  258      3.836411177790      5.425285915215     -1.140389448547
  258     -3.836455404685     -5.424980225954     -1.134803609234
  258      3.835987797231     -5.427459835769     -1.132309478522
  258     -3.835290048912      5.426963460981     -1.132800904487
  258     -7.670120601187     -0.002511139846     -1.134972943623
  258      7.669402247573      5.429550289001     -1.131181159228
  258      7.671087484775     -5.428767560456     -1.130753275946
    8      1.917786658269      1.345326822112     -1.165437461841
    8     -1.917956966878     -1.340493109386     -1.168145741641
    8      1.917978842565     -1.343468832278     -1.166871142915
    8     -1.917141725185      1.347056970223     -1.165158023695
    8      1.915039997196      6.771117902685     -1.163620982013
    8     -1.920159950113     -6.769124158068     -1.170307149128
    8      1.919629202009     -6.773348694213     -1.161686479954
    8     -1.898556011037      6.769525040481     -1.160106659116
    8      1.921015738577     -4.081385910049     -1.168630907854
    8     -1.916492057685      4.081965430241     -1.164092105689
    8      1.918805855148      4.080159646398     -1.164347540660
    8     -1.920054261857     -4.078350477909     -1.169050507157
    8      5.753980549240      1.343616299232     -1.167530264124
    8     -5.753576793749     -1.343703893443     -1.166005272734
    8      5.753213625334     -1.345332369434     -1.164596798949
    8     -5.753917648172      1.345491150105     -1.165042193641
    8      5.749182917020      6.773357994240     -1.154713046306
    8     -5.751941374235     -6.769390151551     -1.164253294290
    8      5.748681355764     -6.772966573635     -1.148674436047
    8     -5.763220593207      6.769990556892     -1.153943144797
    8      5.753574678697     -4.081892844912     -1.166196393396
    8     -5.750546706121      4.082714726631     -1.167889847721
    8      5.749579169282      4.081654867092     -1.164703131150
    8     -5.755256636290     -4.080092031763     -1.164588522299
  258      1.917633688893      2.711925205318     -3.054386349089
  258     -1.918823125561     -2.712185523235     -3.054458197315
  258      1.918584435604     -2.712902486427     -3.053569263132
  258     -1.917877165467      2.713131755853     -3.052356211516
  258      1.917762908199     -8.136500458680     -3.051340319678
  258     -1.917263453636     -8.136805665494     -3.052114485447
  258      5.754493020627      2.712233238379     -3.054083375999
  258     -5.753999624417     -2.713381035836     -3.051891432014
  258      5.754033874839     -2.713880832270     -3.052418430027
  258     -5.753997595217      2.713537090296     -3.052004586095
  258      5.753553335619     -8.135863380981     -3.044428332606
  258     -5.754096333099     -8.136374435858     -3.047935490213
    8      0.000175116045     -1.317993373125     -3.044803654372
    8      0.000367368652      1.318647152743     -3.044491513742
    8      0.000905428613      4.107087889850     -3.042130911868
    8      0.000287510553     -4.105930204452     -3.046115669886
    8      0.001216115214     -6.743881517275     -3.045213136473
    8      0.001821315410      6.741618599397     -3.045071732760
    8      3.836213372691     -1.318608848806     -3.044216602642
    8     -3.835676105555      1.319668402940     -3.044057968019
    8      3.835528244084      1.318120545328     -3.044364389327
    8     -3.836180834478     -1.317648869325     -3.044612598101
    8      3.835254907680      4.105657800144     -3.045109264100
    8     -3.836790292595     -4.106195437416     -3.045489428813
    8      3.836271958427     -4.108009655042     -3.044831613658
    8     -3.834396457055      4.107513405581     -3.045317823555
    8      3.837297913174     -6.744095833637     -3.041849917989
    8     -3.835570550193      6.743566364939     -3.038286695115
    8      3.836224041741      6.741583031863     -3.042428054198
    8     -3.836796663153     -6.743989817819     -3.045610665272
    8      7.671117448544     -1.318816376011     -3.044123712540
    8     -7.671366322363      1.318530900707     -3.044565053898
    8      7.670286110855      4.108147679744     -3.042486195694
    8      7.671422254747     -4.108255564803     -3.044195644480
    8      7.668718013024     -6.744312050478     -3.040141090053
    8      7.669622025848      6.743177902478     -3.041057119645
  258      0.000000000000      0.000000000000     -4.794687825205
  258      0.000000000000      5.424570039800     -4.794687825205
  258      0.000000000000     -5.424570039800     -4.794687825205
  258      3.835750260160      0.000000000000     -4.794687825205
  258     -3.835750260160      0.000000000000     -4.794687825205
  258      3.835750260160      5.424570039800     -4.794687825205
  258     -3.835750260160     -5.424570039800     -4.794687825205
  258      3.835750260160     -5.424570039800     -4.794687825205
  258     -3.835750260160      5.424570039800     -4.794687825205
  258      7.671500520300      0.000000000000     -4.794687825205
  258      7.671500520300      5.424570039800     -4.794687825205
  258      7.671500520300     -5.424570039800     -4.794687825205
    8      1.917875130080      1.356142509950     -4.794687825205
    8     -1.917875130080     -1.356142509950     -4.794687825205
    8      1.917875130080     -1.356142509950     -4.794687825205
    8     -1.917875130080      1.356142509950     -4.794687825205
    8      1.917875130080      6.780712549750     -4.794687825205
    8     -1.917875130080     -6.780712549750     -4.794687825205
    8      1.917875130080     -6.780712549750     -4.794687825205
    8     -1.917875130080      6.780712549750     -4.794687825205
    8      1.917875130080     -4.068427529850     -4.794687825205
    8     -1.917875130080      4.068427529850     -4.794687825205
    8      1.917875130080      4.068427529850     -4.794687825205
    8     -1.917875130080     -4.068427529850     -4.794687825205
    8      5.753625390240      1.356142509950     -4.794687825205
    8     -5.753625390240     -1.356142509950     -4.794687825205
    8      5.753625390240     -1.356142509950     -4.794687825205
    8     -5.753625390240      1.356142509950     -4.794687825205
    8      5.753625390240      6.780712549750     -4.794687825205
    8     -5.753625390240     -6.780712549750     -4.794687825205
    8      5.753625390240     -6.780712549750     -4.794687825205
    8     -5.753625390240      6.780712549750     -4.794687825205
    8      5.753625390240     -4.068427529850     -4.794687825205
    8     -5.753625390240      4.068427529850     -4.794687825205
    8      5.753625390240      4.068427529850     -4.794687825205
    8     -5.753625390240     -4.068427529850     -4.794687825205
   14      7.367413256685     -7.410960278203      7.313349308215
    8      6.874412970183     -5.826844325055      7.349854507280
    8      7.586745491525     -7.838061126070      8.894828549153
    8     -6.396961700119     -7.540283266657      6.718718247092
    6      5.800262664426     -5.360733324324      6.532691370605
    6     -5.417513600196     -6.531978849932      7.085604613356
    6     -8.865534811569     -7.714383378297      9.778587718629
    6      5.344790735400     -4.028593187307      7.109995974182
    6     -5.621110883184     -5.243617381001      6.304826037997
    6     -8.525720023639     -8.377205661431     11.100502650129
    1      4.453331512278     -3.661606408252      6.585264731428
    1     -4.770814400089     -4.574172027394      6.487182277677
    1     -9.364693135682     -8.286425672365     11.803663915499
    1      5.106384376497     -4.134125157894      8.172423016320
    1      6.156842878851     -3.284141026691      7.049344664862
    1      4.964841314841     -6.076743274804      6.528312524322
    1      6.142880238234     -5.270563135904      5.490664717558
    1      7.034500204995      6.831787500857     10.954760351550
    1     -7.642262453732      8.362068818960     11.552847647485
    1     -9.106309153509     -6.647581544640      9.926867180914
    1      5.583891589658     -8.187682681156      9.332877400335
    1     -5.460786514903     -6.372663028700      8.171609429725
    1     -4.442630762758     -6.963802139236      6.825134576045
    1     -6.569961464789     -4.769126641897      6.556538119512
    1     -5.623199092564     -5.442888820524      5.232636290247
    8      6.299770356663     -8.278859202318      6.519046383845
    6      3.748099944271      6.079085210110      5.971509447688
    6      2.317221815614      5.552960049105      6.163441622041
    1      1.855839405095      5.345163983583      5.196292125653
    1      4.007296279440      6.822187030499      6.744885997069
    1      4.472061453113      5.259498513563      6.046842345741
    1      2.278879447775      4.640256642802      6.774320702972
    1      1.654026212092      6.284106444894      6.649938606567
    0    0
