   2   1   1 E -4.5963139254275E+04 DE 1.6E-06(  6)
  0.153430010406E+02  0.000000000000E+00  0.000000000000E+00
  0.000000000000E+00  0.162737101194E+02  0.000000000000E+00
  0.000000000000E+00  0.000000000000E+00  0.500000000000E+03
    1
  0.100000000000E+01  0.000000000000E+00  0.000000000000E+00
  0.000000000000E+00  0.100000000000E+01  0.000000000000E+00
  0.000000000000E+00  0.000000000000E+00  0.100000000000E+01
  0.000000000000E+00  0.000000000000E+00  0.000000000000E+00
  249
  258      1.912928271898      2.693519681005      4.265471475116
  258     -1.913441378312     -2.702566235383      4.261274966274
  258      1.916362704291     -2.721373295333      4.260885438091
  258     -1.926830486986      2.713720982539      4.264768935513
  258      1.825050690444     -8.079418371772      4.284730289751
  258     -1.948851341150     -8.127151739448      4.267513212535
  258      5.771302053428      2.706000050267      4.258637360902
  258     -5.752194772168     -2.698636178292      4.275959335466
  258      5.757604884823     -2.706145896189      4.260899912634
  258     -5.752055311873      2.719406431200      4.266536322883
  258      5.814940387470     -8.113877942723      4.338230127630
  258     -5.751531079469     -8.137899148204      4.298616826326
    8     -0.008784881867      3.987187368296      4.376591132975
    8      0.001387025363     -3.976952756031      4.368352871273
    8     -0.005603290111     -6.842541914101      4.407665364145
    8     -0.019680234874      6.892283228362      4.366194449138
    8      0.002741257631     -1.434799725428      4.372424029667
    8      0.009368614127      1.444547065613      4.377037634413
    8      3.851109801779      3.941234322048      4.287995695384
    8     -3.773661739549     -3.950544832819      4.333806623631
    8      3.795477108883     -4.031402771237      4.355841908739
    8     -3.832082879374      3.985708519062      4.371581489229
    8      3.767466605866     -6.990421949828      4.309204634158
    8     -3.825445355165      6.875039255588      4.381697747103
    8      3.857708377849      6.689310655969      4.698283294669
    8     -3.789143798680     -6.853226834376      4.367318089200
    8      3.844285470067     -1.470616595121      4.376675044660
    8     -3.833256496147      1.450019022054      4.378060978644
    8      3.821076630152      1.419603014165      4.388577240011
    8     -3.852097604224     -1.423469718834      4.383815887786
    8      7.655578278561      3.986280392004      4.374504398940
    8     -7.672106238926     -3.934326015714      4.335064662061
    8     -7.681701697347     -6.832714821101      4.305332855888
    8     -7.605690339942      6.887848693452      4.255694573185
    8      7.675940235690     -1.421092530606      4.379415849912
    8     -7.668996743010      1.448939327466      4.372501137753
  258     -0.001064782743     -0.001941106968      2.595487797932
  258     -0.000806344823      5.422791694017      2.607215807949
  258     -0.016443676764     -5.403604980998      2.579182037105
  258      3.836457810225     -0.002135695645      2.599502024165
  258     -3.838112661844      0.003375343131      2.598468295781
  258      3.835966011639      5.392690192436      2.566727919198
  258     -3.835283286517     -5.415368883164      2.592911889789
  258      3.833449249827     -5.437978596381      2.599141834755
  258     -3.835999411552      5.429595061615      2.595380997820
  258     -7.666597309584     -0.000478714012      2.596689976902
  258     -7.668835046526      5.428067306851      2.592051854661
  258     -7.665452555996     -5.418579377347      2.592778983307
    8      1.918331020078      1.369200949192      2.535499073885
    8     -1.921068048176     -1.355469549674      2.537729806148
    8      1.921338854168     -1.361431134197      2.540512348175
    8     -1.916848188193      1.369063313917      2.541474192552
    8      1.988653650981      6.808714956906      2.618611336887
    8     -1.907491385609     -6.784915823508      2.532937108362
    8      1.867182602456     -6.776539624485      2.530534534842
    8     -1.920908264165      6.790762422123      2.537317974014
    8      1.907389400855     -4.054680301548      2.524754453289
    8     -1.910469724094      4.062782003188      2.539550041795
    8      1.906582073815      4.067794431369      2.537944923092
    8     -1.904262217812     -4.048998294906      2.518203946648
    8      5.751935075256      1.365992299856      2.542015247538
    8     -5.754302184664     -1.363010905708      2.537692316099
    8      5.755600268520     -1.353502069355      2.533213053501
    8     -5.751295416580      1.367317540646      2.541048066871
    8      5.667512590962      6.773100792496      2.591738022769
    8     -5.734627607169     -6.775208806144      2.544234176157
    8      5.748219562761     -6.749350227520      2.526961591984
    8     -5.716291726551      6.772142277806      2.504893363073
    8      5.741273275394     -4.047720138710      2.543340012579
    8     -5.757067330150      4.053482342008      2.543590723058
    8      5.763088347030      4.055730352290      2.517975265436
    8     -5.740316912140     -4.050172581105      2.549824125427
  258      1.914062038193      2.707552783232      0.647285605716
  258     -1.920630243978     -2.706597369629      0.645628875321
  258      1.919663307014     -2.712693261584      0.648647168340
  258     -1.918500171647      2.714028954294      0.651723745900
  258      1.917447823917      8.137608657137      0.659328866221
  258     -1.915181725077     -8.134507141125      0.652712496052
  258      5.758300840043      2.706583333159      0.646047821012
  258     -5.753059620023     -2.710980641559      0.653221912724
  258      5.752627561817     -2.714457373971      0.651764457670
  258     -5.752609990466      2.714037294887      0.651174204840
  258      5.748475187460     -8.135658176268      0.683370600997
  258     -5.750032802727     -8.133573871081      0.667298100338
    8      0.000246994261      4.061634569856      0.694022295729
    8      0.000117779443     -4.055796656335      0.678425538992
    8     -0.005876511465     -6.789718153598      0.677799797460
    8      0.030499253538      6.784155539764      0.727153389962
    8      0.000449993565     -1.362120589963      0.692753101463
    8      0.000528735429      1.365287277459      0.692016684627
    8      3.831054955156      4.057258155431      0.699311162071
    8     -3.837725169103     -4.055599984674      0.688836219704
    8      3.835846272111     -4.069165907174      0.690253130330
    8     -3.836070836885      4.061922255023      0.693982134472
    8      3.820199788051     -6.803511526711      0.702520420014
    8     -3.819842084030      6.793529772816      0.676699171989
    8      3.822468091380      6.768560850872      0.693712315557
    8     -3.828948446521     -6.785591543368      0.692560606290
    8      3.835790261158     -1.366443994825      0.693298009476
    8     -3.834507624430      1.367071871402      0.692470389686
    8      3.835724985426      1.362064020206      0.692294512348
    8     -3.836936913343     -1.360351171639      0.691112182719
    8     -7.665438121922      4.057547487889      0.679850738300
    8      7.672922685454     -4.056387195046      0.692629529454
    8      7.676623952570     -6.793017864882      0.694048026034
    8      7.644725294553      6.791829961978      0.718760332480
    8     -7.670170417337     -1.364613854102      0.690599058684
    8     -7.671713729478      1.363530990152      0.693238062907
  258     -0.000772327350     -0.000180354592     -1.135901386002
  258      0.002582865041      5.424835297727     -1.131345276908
  258     -0.000424901631     -5.424492244368     -1.139557583929
  258      3.836302408695     -0.001814685155     -1.134714066314
  258     -3.836921312545      0.002227861947     -1.134876431012
  258      3.836313896713      5.425303748463     -1.140469650464
  258     -3.836559490071     -5.425016430033     -1.134782431792
  258      3.835933530302     -5.427407151424     -1.132318789944
  258     -3.835337357806      5.426929272538     -1.132871149126
  258     -7.670156117285     -0.002472005537     -1.134757848495
  258      7.669458449867      5.429866654477     -1.131323461088
  258      7.670848986160     -5.429084799739     -1.131239928717
    8      1.917205746402      1.345047472597     -1.165663832513
    8     -1.917922145744     -1.340740950824     -1.168332959729
    8      1.918453415277     -1.343732250792     -1.166715179677
    8     -1.916833961245      1.346770874862     -1.165160963759
    8      1.914573403144      6.770994333840     -1.163606090083
    8     -1.920843882062     -6.769497879350     -1.170843521169
    8      1.920121543224     -6.773399779630     -1.161353881014
    8     -1.898365820231      6.769162363181     -1.160059165507
    8      1.920637049110     -4.081461080281     -1.169285569533
    8     -1.916709256257      4.081646796545     -1.164102056812
    8      1.919303590624      4.079835790796     -1.164423472406
    8     -1.919847188779     -4.078748599818     -1.168888412973
    8      5.754435696180      1.342999147619     -1.167242428982
    8     -5.753179541042     -1.343954968964     -1.165883762100
    8      5.752519644205     -1.345972549995     -1.165176119473
    8     -5.754000648315      1.345326069150     -1.165220599949
    8      5.749752637617      6.773019100735     -1.154782510443
    8     -5.751162279307     -6.769608471370     -1.163403057848
    8      5.748241967363     -6.773380922709     -1.148971363620
    8     -5.764020882032      6.769858556387     -1.153769475737
    8      5.754158645508     -4.082296846283     -1.165069001089
    8     -5.750411749612      4.082435974665     -1.167812744954
    8      5.748991783651      4.081054224484     -1.165092706076
    8     -5.755604494159     -4.080460286591     -1.164962808293
  258      1.917610782665      2.711937889179     -3.054516633101
  258     -1.918814785707     -2.712252103831     -3.054572689085
  258      1.918604727567     -2.712832172721     -3.053649499211
  258     -1.917867866442      2.713057224732     -3.052485530188
  258      1.917731134943     -8.136514905962     -3.051337784021
  258     -1.917314026858     -8.136850775123     -3.052309721100
  258      5.754549469356      2.712192764314     -3.054235188807
  258     -5.753995169384     -2.713422732682     -3.052009842384
  258      5.754033991915     -2.713849656359     -3.052526817721
  258     -5.754020049355      2.713509147636     -3.052048070100
  258      5.753364126346     -8.135954051054     -3.044491667389
  258     -5.753990721531     -8.136410811320     -3.047842151925
    8      0.000270351753     -1.317934394553     -3.044745005751
    8      0.000256058780      1.318732779820     -3.044696323199
    8      0.000933966415      4.107246678807     -3.041917713067
    8      0.000032055349     -4.105837401188     -3.046361520645
    8      0.001351446049     -6.743801027162     -3.045071594931
    8      0.001731173823      6.741785638330     -3.045169464867
    8      3.836006692764     -1.318435053363     -3.044583181588
    8     -3.835594201429      1.320075198644     -3.043988080900
    8      3.835593929323      1.318337956187     -3.044050629436
    8     -3.836224518132     -1.317364013808     -3.044621353178
    8      3.835165114632      4.105919299235     -3.045529336077
    8     -3.836671551155     -4.105908765028     -3.045346751264
    8      3.836716815061     -4.107872663519     -3.044490430860
    8     -3.834442703172      4.107918215615     -3.045417729428
    8      3.837143565468     -6.743922943179     -3.042077109810
    8     -3.835774119362      6.743899001256     -3.038168449925
    8      3.836225765228      6.741867293407     -3.042100052217
    8     -3.837146008764     -6.743655796105     -3.045822024036
    8      7.671243318259     -1.318865801730     -3.043976476690
    8     -7.671407677010      1.318570672910     -3.044678919107
    8      7.670298093908      4.108288737499     -3.042355724737
    8      7.671159452110     -4.108278496422     -3.044274689921
    8      7.668977553555     -6.744414592862     -3.039939467571
    8      7.669619787035      6.743398666973     -3.041275743182
  258      0.000000000000      0.000000000000     -4.794687825205
  258      0.000000000000      5.424570039800     -4.794687825205
  258      0.000000000000     -5.424570039800     -4.794687825205
  258      3.835750260160      0.000000000000     -4.794687825205
  258     -3.835750260160      0.000000000000     -4.794687825205
  258      3.835750260160      5.424570039800     -4.794687825205
  258     -3.835750260160     -5.424570039800     -4.794687825205
  258      3.835750260160     -5.424570039800     -4.794687825205
  258     -3.835750260160      5.424570039800     -4.794687825205
  258      7.671500520300      0.000000000000     -4.794687825205
  258      7.671500520300      5.424570039800     -4.794687825205
  258      7.671500520300     -5.424570039800     -4.794687825205
    8      1.917875130080      1.356142509950     -4.794687825205
    8     -1.917875130080     -1.356142509950     -4.794687825205
    8      1.917875130080     -1.356142509950     -4.794687825205
    8     -1.917875130080      1.356142509950     -4.794687825205
    8      1.917875130080      6.780712549750     -4.794687825205
    8     -1.917875130080     -6.780712549750     -4.794687825205
    8      1.917875130080     -6.780712549750     -4.794687825205
    8     -1.917875130080      6.780712549750     -4.794687825205
    8      1.917875130080     -4.068427529850     -4.794687825205
    8     -1.917875130080      4.068427529850     -4.794687825205
    8      1.917875130080      4.068427529850     -4.794687825205
    8     -1.917875130080     -4.068427529850     -4.794687825205
    8      5.753625390240      1.356142509950     -4.794687825205
    8     -5.753625390240     -1.356142509950     -4.794687825205
    8      5.753625390240     -1.356142509950     -4.794687825205
    8     -5.753625390240      1.356142509950     -4.794687825205
    8      5.753625390240      6.780712549750     -4.794687825205
    8     -5.753625390240     -6.780712549750     -4.794687825205
    8      5.753625390240     -6.780712549750     -4.794687825205
    8     -5.753625390240      6.780712549750     -4.794687825205
    8      5.753625390240     -4.068427529850     -4.794687825205
    8     -5.753625390240      4.068427529850     -4.794687825205
    8      5.753625390240      4.068427529850     -4.794687825205
    8     -5.753625390240     -4.068427529850     -4.794687825205
   14      7.367773233640     -7.408706927873      7.311804865934
    8      6.874930951536     -5.824447098431      7.343683096533
    8      7.590013183759     -7.828214578168      8.894711749204
    8     -6.396585916783     -7.538037318803      6.717903931137
    6      5.797395096308     -5.361135911390      6.530154407843
    6     -5.417777242637     -6.529236659285      7.085105341276
    6     -8.864878941715     -7.716586049444      9.777496466504
    6      5.342089140142     -4.029894909977      7.108779329802
    6     -5.621802444728     -5.241458213843      6.303833683107
    6     -8.458885529477     -8.204810334860     11.154388068058
    1      4.451422688517     -3.661752682915      6.583960145474
    1     -4.771162520469     -4.572342785472      6.484835252201
    1     -9.302102786054     -8.132615536052     11.853474695962
    1      5.103132885286     -4.136888353100      8.170799594212
    1      6.154501279295     -3.285876218737      7.049868048977
    1      4.963189464114     -6.078398233489      6.529231815743
    1      6.135857691192     -5.271058522539      5.486894960771
    1      7.211745040716      7.025117744537     11.113671663046
    1     -7.631125788298      8.666691410236     11.548381273035
    1     -9.203409080751     -6.666998199186      9.822084830714
    1      5.631772172142     -8.312394066868      9.392074433221
    1     -5.461776518081     -6.369621121232      8.170839219427
    1     -4.442637163083     -6.960402503397      6.825119159080
    1     -6.570148889284     -4.766614621756      6.556186555351
    1     -5.625060939084     -5.441635632697      5.231923796956
    8      6.300564645144     -8.279392199111      6.520838913200
    6      3.748468225627      6.078507037310      5.971674817936
    6      2.317660437620      5.552659560896      6.163343690229
    1      1.857289042795      5.343901599924      5.196069847699
    1      4.008297698190      6.820771590270      6.745380874111
    1      4.471596559116      5.258309581280      6.045865754696
    1      2.278955823002      4.640626524612      6.775050086298
    1      1.654160876122      6.284219382858      6.648602264883
    0    0
