   2   1   1 E -4.5963139169692E+04 DE-6.6E-06(  6)
  0.153430010406E+02  0.000000000000E+00  0.000000000000E+00
  0.000000000000E+00  0.162737101194E+02  0.000000000000E+00
  0.000000000000E+00  0.000000000000E+00  0.500000000000E+03
    1
  0.100000000000E+01  0.000000000000E+00  0.000000000000E+00
  0.000000000000E+00  0.100000000000E+01  0.000000000000E+00
  0.000000000000E+00  0.000000000000E+00  0.100000000000E+01
  0.000000000000E+00  0.000000000000E+00  0.000000000000E+00
  249
  258      1.912792831201      2.693616047303      4.265585465422
  258     -1.913557715702     -2.702308364934      4.261338271876
  258      1.916665805432     -2.721387308499      4.260787030509
  258     -1.927388458901      2.713301585285      4.264872526129
  258      1.824501845212     -8.079975856599      4.284840370026
  258     -1.949618781019     -8.127222098512      4.266953871131
  258      5.770080816720      2.704543779646      4.258250201027
  258     -5.752041462100     -2.698760353992      4.275777195984
  258      5.757794298964     -2.706535843199      4.260772299443
  258     -5.753660263679      2.719705441857      4.265922635268
  258      5.814952398043     -8.113259331566      4.338088696863
  258     -5.752262921665     -8.138761952961      4.299298422416
    8     -0.008348055698      3.987339466566      4.375230234912
    8      0.000953112205     -3.977217008336      4.368472735515
    8     -0.005270085281     -6.842579214632      4.407677144926
    8     -0.020047553155      6.892616155608      4.366301524845
    8      0.002613091057     -1.434667831688      4.372616697222
    8      0.008512887353      1.444676423624      4.378089068447
    8      3.850045722901      3.940964392161      4.290567880290
    8     -3.776444416325     -3.950389583473      4.332213738584
    8      3.793456780530     -4.030122322270      4.357021246925
    8     -3.832338697441      3.985354871323      4.371200989361
    8      3.768312197263     -6.988527996139      4.306578778094
    8     -3.826560657845      6.874865576197      4.379540914974
    8      3.856462852914      6.690007206437      4.698523512706
    8     -3.787008018579     -6.852727512232      4.370905689716
    8      3.844543212652     -1.469102047704      4.376690398827
    8     -3.832523244473      1.449196786946      4.377769103823
    8      3.823676209083      1.419771877409      4.387006398554
    8     -3.850337560494     -1.423841921664      4.385081988283
    8      7.656881131947      3.986169878945      4.373769037687
    8     -7.673153270002     -3.933889814380      4.335230465022
    8     -7.682168659572     -6.833656454905      4.304151527807
    8     -7.606715254129      6.886831245181      4.257043377273
    8      7.674260324164     -1.420646799559      4.378947387626
    8     -7.667326302777      1.448608489651      4.374100627674
  258     -0.000954331241     -0.002034495040      2.595539132293
  258     -0.001096947161      5.422677406047      2.607396880641
  258     -0.016524020527     -5.403585441978      2.579541668938
  258      3.836421619324     -0.003088761412      2.598997297642
  258     -3.838150063179      0.003690039834      2.598729925973
  258      3.835830980794      5.392754867637      2.566789207380
  258     -3.835473406046     -5.416083296249      2.593613474861
  258      3.832587622260     -5.438275803651      2.598995479566
  258     -3.836315198768      5.429068195516      2.594799680054
  258     -7.666452362312     -0.000930114604      2.596395630354
  258     -7.669450402372      5.428258778617      2.592382587145
  258     -7.665312663862     -5.418995742515      2.592147264317
    8      1.917736815646      1.369032104308      2.536568239966
    8     -1.920790775393     -1.355558263273      2.537706026911
    8      1.921459921944     -1.361370784604      2.540402702405
    8     -1.916728883896      1.369363109948      2.541163555614
    8      1.987955511227      6.808417673868      2.618633250903
    8     -1.908470403631     -6.784972676603      2.532613345832
    8      1.866986666908     -6.776770675292      2.530731432735
    8     -1.920924176694      6.790472101832      2.536865360880
    8      1.906864054040     -4.054257074358      2.524137144327
    8     -1.910697914864      4.062839595994      2.539417004993
    8      1.907303441847      4.067036026425      2.538163482133
    8     -1.904393932313     -4.048909410189      2.518708570857
    8      5.753683856532      1.365654302537      2.541413041345
    8     -5.753842174572     -1.362745618437      2.539085499924
    8      5.754739516340     -1.353701415411      2.532005500542
    8     -5.751671945712      1.367533282432      2.540017514568
    8      5.666844841340      6.773418955078      2.591518366371
    8     -5.733570420417     -6.774911901590      2.547078201611
    8      5.748528811156     -6.748712894391      2.525603848984
    8     -5.718067740738      6.772842705564      2.505419802666
    8      5.740532573926     -4.048170847329      2.544266072567
    8     -5.757087442393      4.053935751871      2.542102843369
    8      5.761688283450      4.055515413771      2.519441441039
    8     -5.741648844276     -4.049666459367      2.549405854229
  258      1.913998760865      2.707536632416      0.647460286224
  258     -1.921046441105     -2.706616342626      0.646068676274
  258      1.919235338809     -2.712788828515      0.648307353258
  258     -1.918537117949      2.713923608482      0.651815989622
  258      1.916946858091      8.137425419628      0.659164066420
  258     -1.915410608292     -8.134524360808      0.652573384518
  258      5.758236026249      2.706867023831      0.645922169740
  258     -5.753165840505     -2.711268643964      0.653121829257
  258      5.752296414745     -2.714900184684      0.651884507590
  258     -5.752693263998      2.714005095280      0.650878722478
  258      5.747800012525     -8.135173573447      0.683206043619
  258     -5.750376023409     -8.133718946081      0.667147153449
    8      0.000669805980      4.061263441840      0.693963264440
    8     -0.001084927456     -4.056711232095      0.678253717033
    8     -0.005471044222     -6.790313051268      0.678569431908
    8      0.029330912380      6.784188051395      0.726600860055
    8      0.001098463126     -1.362599648136      0.692905591585
    8      0.000719863361      1.364907058440      0.692127469945
    8      3.831207004248      4.057877031921      0.699588694534
    8     -3.837720465841     -4.056070495586      0.689063761570
    8      3.836633712347     -4.069513719237      0.690563053029
    8     -3.835330113931      4.061348422594      0.693143199898
    8      3.819601058521     -6.803850486422      0.701267503755
    8     -3.820577179156      6.793634043399      0.677355402964
    8      3.822491443777      6.767974376627      0.694997845238
    8     -3.830900236412     -6.785507640927      0.692684130075
    8      3.834774176202     -1.366771688975      0.691970623233
    8     -3.834026933699      1.366735594562      0.692286786862
    8      3.835592122036      1.362802196837      0.693355487379
    8     -3.837327753475     -1.361046663788      0.692302999678
    8     -7.666822364865      4.056818528962      0.680574817061
    8      7.671654855784     -4.056817737576      0.692428866807
    8      7.678573548363     -6.792911068073      0.695524383106
    8      7.644332901540      6.791440359469      0.717953398308
    8     -7.669035159256     -1.365665929753      0.691517146091
    8     -7.671702263045      1.363046604425      0.692398369286
  258     -0.001140758066     -0.000237722518     -1.135851780857
  258      0.002505982310      5.424579138372     -1.131119755845
  258     -0.000708563591     -5.424438225286     -1.139319673592
  258      3.836173161613     -0.001629225460     -1.134573545139
  258     -3.837104471228      0.001947545542     -1.134694549603
  258      3.836055624506      5.425434311288     -1.140658953852
  258     -3.836570667033     -5.424983716246     -1.134504978586
  258      3.835476197530     -5.427529138739     -1.132538142083
  258     -3.835259255117      5.427047491251     -1.132949125613
  258     -7.670300879469     -0.002494917919     -1.134682484362
  258      7.669285645110      5.429611316373     -1.131066299764
  258      7.670687104102     -5.428852391439     -1.131527541249
    8      1.917879873302      1.344940844172     -1.165054880074
    8     -1.918094422357     -1.340701833846     -1.167306102297
    8      1.918163657031     -1.343437309740     -1.167552261845
    8     -1.916865309247      1.346757009134     -1.165557047334
    8      1.914841864748      6.771523515433     -1.162671045201
    8     -1.920835300646     -6.769470037809     -1.169736513549
    8      1.919285785733     -6.772744652665     -1.161764271923
    8     -1.899130871310      6.768983004699     -1.160302694385
    8      1.920513013475     -4.081074288535     -1.168579832765
    8     -1.916152947043      4.082137476789     -1.164547159263
    8      1.919447733812      4.080020177734     -1.164592051977
    8     -1.920378493001     -4.078653447078     -1.169480160549
    8      5.754151521783      1.342974928252     -1.166899263376
    8     -5.752236253965     -1.344048374390     -1.165723941407
    8      5.753464046278     -1.345302956520     -1.164590052449
    8     -5.754052914969      1.345041013642     -1.165354366596
    8      5.749247534342      6.773336606099     -1.154663998117
    8     -5.751622171392     -6.769631103841     -1.164047903169
    8      5.749746360422     -6.772884313866     -1.148030832200
    8     -5.764135580843      6.770002958798     -1.153828816703
    8      5.753325366658     -4.081804492544     -1.165929198409
    8     -5.750922121896      4.082861695613     -1.167094838797
    8      5.748656713860      4.081584289710     -1.165417519679
    8     -5.755850418622     -4.080781172589     -1.164426655318
  258      1.917364374820      2.711907059419     -3.054396496083
  258     -1.918976215841     -2.712341696018     -3.054393146160
  258      1.918500972663     -2.712746240689     -3.053785086777
  258     -1.917959228468      2.713064922199     -3.052291026317
  258      1.917418683037     -8.136497157839     -3.051372129906
  258     -1.917464253379     -8.136760393075     -3.052409623753
  258      5.754393887809      2.712034114500     -3.054395377920
  258     -5.754169526592     -2.713377351857     -3.052045389236
  258      5.753914779325     -2.713591996358     -3.052269536731
  258     -5.753847728038      2.713629040728     -3.052042868228
  258      5.753452794015     -8.136088686093     -3.044361745851
  258     -5.754118310614     -8.136399742998     -3.047750151452
    8     -0.000257622919     -1.318086834104     -3.044695894627
    8      0.000692793115      1.318564271915     -3.044474036113
    8      0.001043028459      4.106854076336     -3.042343444369
    8      0.000161203019     -4.106265803536     -3.046301796172
    8      0.000884439661     -6.744324330983     -3.045332979773
    8      0.001968760201      6.741348252801     -3.044861853537
    8      3.836387838873     -1.318900304615     -3.044568159687
    8     -3.835878868649      1.320210586621     -3.044069737259
    8      3.835455261655      1.317952566025     -3.044285637162
    8     -3.835746390745     -1.316985035327     -3.044788849505
    8      3.835211872309      4.105936960620     -3.045529237696
    8     -3.837150498087     -4.105694107953     -3.045437654587
    8      3.836160771797     -4.108311226168     -3.044697961169
    8     -3.834807010190      4.107833549167     -3.045236728876
    8      3.837491102672     -6.744212782879     -3.041642482247
    8     -3.835886534742      6.743817645720     -3.038369609782
    8      3.835914092404      6.742208555234     -3.042261159567
    8     -3.836660837765     -6.743543951928     -3.045750133631
    8      7.671601158877     -1.319438392507     -3.044053477789
    8     -7.671683213551      1.318050912599     -3.044596133455
    8      7.670400333198      4.107847609552     -3.042387755425
    8      7.671385070921     -4.108347515253     -3.044194785183
    8      7.668770656664     -6.744419150153     -3.040382014629
    8      7.669409041743      6.743174267936     -3.041492716551
  258      0.000000000000      0.000000000000     -4.794687825205
  258      0.000000000000      5.424570039800     -4.794687825205
  258      0.000000000000     -5.424570039800     -4.794687825205
  258      3.835750260160      0.000000000000     -4.794687825205
  258     -3.835750260160      0.000000000000     -4.794687825205
  258      3.835750260160      5.424570039800     -4.794687825205
  258     -3.835750260160     -5.424570039800     -4.794687825205
  258      3.835750260160     -5.424570039800     -4.794687825205
  258     -3.835750260160      5.424570039800     -4.794687825205
  258      7.671500520300      0.000000000000     -4.794687825205
  258      7.671500520300      5.424570039800     -4.794687825205
  258      7.671500520300     -5.424570039800     -4.794687825205
    8      1.917875130080      1.356142509950     -4.794687825205
    8     -1.917875130080     -1.356142509950     -4.794687825205
    8      1.917875130080     -1.356142509950     -4.794687825205
    8     -1.917875130080      1.356142509950     -4.794687825205
    8      1.917875130080      6.780712549750     -4.794687825205
    8     -1.917875130080     -6.780712549750     -4.794687825205
    8      1.917875130080     -6.780712549750     -4.794687825205
    8     -1.917875130080      6.780712549750     -4.794687825205
    8      1.917875130080     -4.068427529850     -4.794687825205
    8     -1.917875130080      4.068427529850     -4.794687825205
    8      1.917875130080      4.068427529850     -4.794687825205
    8     -1.917875130080     -4.068427529850     -4.794687825205
    8      5.753625390240      1.356142509950     -4.794687825205
    8     -5.753625390240     -1.356142509950     -4.794687825205
    8      5.753625390240     -1.356142509950     -4.794687825205
    8     -5.753625390240      1.356142509950     -4.794687825205
    8      5.753625390240      6.780712549750     -4.794687825205
    8     -5.753625390240     -6.780712549750     -4.794687825205
    8      5.753625390240     -6.780712549750     -4.794687825205
    8     -5.753625390240      6.780712549750     -4.794687825205
    8      5.753625390240     -4.068427529850     -4.794687825205
    8     -5.753625390240      4.068427529850     -4.794687825205
    8      5.753625390240      4.068427529850     -4.794687825205
    8     -5.753625390240     -4.068427529850     -4.794687825205
   14      7.367506992284     -7.410865447063      7.314050722344
    8      6.875060072539     -5.826979532412      7.351277158965
    8      7.589327237843     -7.838102353645      8.895050282094
    8     -6.397681742279     -7.539643760836      6.717776817899
    6      5.800363946137     -5.361314778964      6.534716519064
    6     -5.418916015382     -6.531698805489      7.086351939570
    6     -8.851096683710     -7.684455912786      9.789902792636
    6      5.346235196088     -4.028492011363      7.111217936266
    6     -5.621578308581     -5.243296141873      6.305752597331
    6     -8.540468926583     -8.409906440005     11.086107873901
    1      4.454883033445     -3.661254096124      6.586445579801
    1     -4.772542543155     -4.572923608222      6.491320706529
    1     -9.362674673897     -8.287822802775     11.803919466705
    1      5.108332384492     -4.133125553555      8.173828110183
    1      6.158767250542     -3.284785983341      7.049561531231
    1      4.964725005971     -6.077128839918      6.531955785033
    1      6.142142020724     -5.272694946170      5.492265898740
    1      6.947333583825      6.792617150482     10.906639229745
    1     -7.623039516156      8.256427545695     11.537692380807
    1     -9.032403655041     -6.610792948940      9.972830448641
    1      5.570119700807     -8.095532939929      9.337974009750
    1     -5.464297263518     -6.372279003006      8.172197941815
    1     -4.443295919762     -6.962940886009      6.827808133488
    1     -6.571874452813     -4.770093171644      6.554902893560
    1     -5.620231369796     -5.441810270522      5.233363767439
    8      6.298727589789     -8.278018019601      6.520217018801
    6      3.747715908604      6.078594687063      5.972017988150
    6      2.315680424186      5.556940448281      6.165551329454
    1      1.854806313667      5.344644459210      5.199203932547
    1      4.011721223273      6.818995245181      6.746353883521
    1      4.468020098326      5.255431614974      6.042129059323
    1      2.274464914498      4.648298964664      6.782091583108
    1      1.653896608231      6.292535814594      6.647185800168
    0    0
