   2   1   1 E -4.5963139040160E+04 DE 5.2E-06(  3)
  0.153430010406E+02  0.000000000000E+00  0.000000000000E+00
  0.000000000000E+00  0.162737101194E+02  0.000000000000E+00
  0.000000000000E+00  0.000000000000E+00  0.500000000000E+03
    1
  0.100000000000E+01  0.000000000000E+00  0.000000000000E+00
  0.000000000000E+00  0.100000000000E+01  0.000000000000E+00
  0.000000000000E+00  0.000000000000E+00  0.100000000000E+01
  0.000000000000E+00  0.000000000000E+00  0.000000000000E+00
  249
  258      1.913778156567      2.693422970450      4.265916803108
  258     -1.912889305139     -2.701416571824      4.261540422930
  258      1.916488021935     -2.720820965297      4.261305506705
  258     -1.926651509352      2.714307407660      4.264901162092
  258      1.824640971791     -8.078509299392      4.284495119891
  258     -1.949251356545     -8.126976205250      4.265109551809
  258      5.771544896150      2.706308388880      4.258386100257
  258     -5.751530724405     -2.698067591718      4.275885485432
  258      5.757829461475     -2.706716593705      4.260617411678
  258     -5.751395521225      2.720465431761      4.267012989855
  258      5.814179369807     -8.113054183901      4.338966790702
  258     -5.751628874680     -8.137054948596      4.300692696403
    8     -0.010165095628      3.987698518370      4.376809470620
    8      0.001938980206     -3.976480605524      4.368563103484
    8     -0.005006954792     -6.841074842770      4.404446311012
    8     -0.020152546831      6.893216918446      4.370167469496
    8      0.002703880932     -1.434721157642      4.373106547788
    8      0.010433039510      1.444898409335      4.377100345584
    8      3.851127571592      3.941245008050      4.288188639241
    8     -3.773648030096     -3.949942813768      4.335811075339
    8      3.797288046013     -4.031480618378      4.355875789126
    8     -3.833709566360      3.986422374970      4.372063047804
    8      3.766797312236     -6.989961898822      4.310348793205
    8     -3.826773764497      6.876045737045      4.376901110285
    8      3.858968646655      6.690085100627      4.699602651842
    8     -3.786976315041     -6.851505715766      4.373456963299
    8      3.843318894637     -1.470666725422      4.376706783954
    8     -3.831844223739      1.450521074370      4.378891816959
    8      3.820729360356      1.419292876141      4.389314039368
    8     -3.853431194934     -1.422763589015      4.382221037470
    8      7.658102877466      3.986249371629      4.375053833873
    8     -7.675292622164     -3.934205103817      4.334127911521
    8     -7.679790259224     -6.832531174300      4.303103165268
    8     -7.606757271016      6.888280102886      4.257542790501
    8      7.680813724524     -1.420646516247      4.380742122077
    8     -7.671496728763      1.449014159075      4.371997412424
  258     -0.000736774466     -0.001171259419      2.595249224787
  258     -0.000720745698      5.422842910140      2.607965839066
  258     -0.016523638460     -5.402956074249      2.579230400558
  258      3.836812001306     -0.001976579929      2.599841041245
  258     -3.838006459013      0.004104975900      2.598466196517
  258      3.835839703775      5.393498894043      2.566959689862
  258     -3.835210710417     -5.414520058986      2.593635559067
  258      3.833193478143     -5.437411559207      2.598572342216
  258     -3.836589047049      5.429857525914      2.594603825311
  258     -7.666216956899      0.000049564297      2.598054980431
  258     -7.668693641055      5.428739091546      2.593117128909
  258     -7.665378499998     -5.418375608179      2.592578141846
    8      1.918694181443      1.369646384585      2.535160808378
    8     -1.920792678776     -1.354871636933      2.538440565331
    8      1.921543288173     -1.360961585530      2.540530830063
    8     -1.916601189537      1.369468511980      2.541476765510
    8      1.987573237295      6.808547986665      2.619073820599
    8     -1.909110268255     -6.784520394456      2.532212838255
    8      1.867836393530     -6.775941971759      2.529000862276
    8     -1.919556265090      6.790434878787      2.536257454696
    8      1.907185560582     -4.053955039262      2.525033069699
    8     -1.911403145658      4.062951833239      2.539726531696
    8      1.906062457934      4.067876570766      2.538553838052
    8     -1.904531620441     -4.048212431076      2.519259325649
    8      5.750790705612      1.366478973955      2.541324227888
    8     -5.754478301780     -1.363607896038      2.535051776681
    8      5.756834074240     -1.352760476653      2.534981071515
    8     -5.750712028150      1.367136678929      2.542667495092
    8      5.667421023939      6.773262547953      2.591870325585
    8     -5.731409339432     -6.775613227694      2.544936500611
    8      5.747454661139     -6.748770549826      2.528449836141
    8     -5.718125732328      6.772404267451      2.505282931973
    8      5.740631761183     -4.046833217014      2.541440920180
    8     -5.756993164500      4.053322809468      2.542766575507
    8      5.763813472591      4.056006082568      2.519167260991
    8     -5.739595578300     -4.050644606073      2.550732486901
  258      1.914244743517      2.708001010788      0.647564236204
  258     -1.920471028599     -2.706292494108      0.645617204826
  258      1.920082279575     -2.712308809549      0.648909741968
  258     -1.918396321245      2.714401227274      0.651626657444
  258      1.917591761196      8.137638965340      0.659304520623
  258     -1.914940025395     -8.134299920180      0.651716227304
  258      5.758425789540      2.707035370559      0.646179181886
  258     -5.753023446224     -2.710557819612      0.653269823374
  258      5.753000172314     -2.713859571604      0.651629062034
  258     -5.752794600364      2.714142935575      0.651380731259
  258      5.748741552009     -8.135343648550      0.683493937681
  258     -5.750003541051     -8.133160575899      0.668475747066
    8     -0.000040932743      4.062101891284      0.694286250943
    8     -0.000151205737     -4.054924852371      0.678342331305
    8     -0.006843592929     -6.789238066230      0.677677834231
    8      0.031288990883      6.784381187233      0.727192521186
    8      0.000372738110     -1.361517141542      0.693373162810
    8      0.000401134053      1.365684553673      0.691955502770
    8      3.831193706085      4.057683249702      0.700541411747
    8     -3.837383719577     -4.054568892316      0.689128109203
    8      3.834838130773     -4.068431947489      0.689781732588
    8     -3.836197159911      4.063102403928      0.693226532884
    8      3.821304410515     -6.803368395899      0.702118274359
    8     -3.820117974661      6.794581437173      0.676815873216
    8      3.822003568188      6.768855867873      0.694248406809
    8     -3.828131930649     -6.784659078850      0.691944846497
    8      3.836736126587     -1.365928697991      0.693578648630
    8     -3.835104086300      1.368512512333      0.692479898773
    8      3.835446544445      1.362323707951      0.691549511047
    8     -3.835693577928     -1.359161153952      0.690596216931
    8     -7.665975175452      4.057942330416      0.679902548269
    8      7.674258187173     -4.055869166167      0.693011547443
    8      7.676212355057     -6.793194734840      0.695178522751
    8      7.644880072300      6.791961928879      0.718332442434
    8     -7.671403601549     -1.364052593018      0.689667868378
    8     -7.671026209568      1.363947783552      0.694339991531
  258     -0.000686245764      0.000007820142     -1.135921671614
  258      0.002620495241      5.425052904913     -1.131225534140
  258     -0.000147713615     -5.424190837059     -1.139427472915
  258      3.836393348647     -0.001463676602     -1.134571001378
  258     -3.836771267873      0.002416259116     -1.134785177970
  258      3.836544078532      5.425352817548     -1.140346536225
  258     -3.836393805371     -5.424976703378     -1.134421299853
  258      3.836125350418     -5.427185940595     -1.132417921517
  258     -3.835617617770      5.427257916820     -1.133035078748
  258     -7.670034888164     -0.002106713337     -1.134485992831
  258      7.669667621156      5.430070753336     -1.130978016497
  258      7.671193078893     -5.428694250293     -1.131287062433
    8      1.917089656018      1.345497655936     -1.165753912797
    8     -1.917125956969     -1.340964505960     -1.168746027279
    8      1.918203364093     -1.343511449149     -1.166469391295
    8     -1.917109785392      1.346449551353     -1.164995679333
    8      1.914891332701      6.771247521031     -1.163908924729
    8     -1.920566282557     -6.769854058977     -1.171954465920
    8      1.920003698157     -6.773443790658     -1.160902298101
    8     -1.898199439490      6.768665882942     -1.159994357213
    8      1.920598075465     -4.081511751894     -1.169439194486
    8     -1.916654388386      4.081148698727     -1.164399462730
    8      1.919593211140      4.080224421808     -1.164145956948
    8     -1.919889000243     -4.078790420590     -1.168831987604
    8      5.755049103242      1.343041938528     -1.166760316294
    8     -5.752965642065     -1.343587337232     -1.165742287845
    8      5.752093648596     -1.346092345797     -1.166089272208
    8     -5.754303470326      1.345649537068     -1.165347509207
    8      5.749373298657      6.772874127450     -1.154572959620
    8     -5.751679135832     -6.769223552170     -1.162739497816
    8      5.748741724526     -6.773685345017     -1.149083576880
    8     -5.763415610197      6.770178627621     -1.154031368912
    8      5.754847350947     -4.082720315224     -1.164111518173
    8     -5.750865901813      4.082643563058     -1.167854462930
    8      5.748375246396      4.080939117864     -1.164745115654
    8     -5.755581620913     -4.080206087154     -1.165188923556
  258      1.917662838895      2.711894238706     -3.054388056690
  258     -1.918885853257     -2.712200746370     -3.054432471231
  258      1.918524005723     -2.712776031706     -3.053494259596
  258     -1.917838595284      2.713268146573     -3.052467476112
  258      1.917712012101     -8.136446545460     -3.051299223014
  258     -1.917352136415     -8.136709405563     -3.052741864068
  258      5.754671757881      2.712273233527     -3.054206427857
  258     -5.753862444406     -2.713247279198     -3.051880865973
  258      5.753984592241     -2.713739201146     -3.052469007222
  258     -5.753919538263      2.713565550826     -3.051939534039
  258      5.753412115952     -8.135918876442     -3.044450030727
  258     -5.754169666500     -8.136227706855     -3.047478670241
    8      0.000586878178     -1.317951958956     -3.045051331771
    8      0.000277118733      1.318793757090     -3.044570068697
    8      0.001111126124      4.106988214939     -3.041937623053
    8      0.000081026355     -4.105927919018     -3.046311015229
    8      0.001688437051     -6.743880755563     -3.045293464797
    8      0.001818768379      6.741651895289     -3.044830714578
    8      3.835828289453     -1.317905196118     -3.044608201397
    8     -3.835647444934      1.320084075651     -3.043950887318
    8      3.835843942803      1.319067890266     -3.043906931974
    8     -3.836160363263     -1.317227894245     -3.044621266008
    8      3.835220597646      4.106678911921     -3.045518164966
    8     -3.836679593877     -4.105591576799     -3.045435964200
    8      3.837092282054     -4.107213553118     -3.044312020996
    8     -3.834575165666      4.107852025767     -3.045439497869
    8      3.837136904785     -6.743142161887     -3.041868821682
    8     -3.835404828434      6.744028563434     -3.038314448087
    8      3.836348839669      6.742551974695     -3.042241948169
    8     -3.837327883463     -6.743282338296     -3.045485184758
    8      7.671353952848     -1.318868658547     -3.043946279482
    8     -7.671553115649      1.318764672580     -3.044787763988
    8      7.669955664602      4.108308865309     -3.042304766190
    8      7.671050827282     -4.108513289369     -3.044235784324
    8      7.669152279856     -6.744446739769     -3.039854188609
    8      7.669678123444      6.743446878401     -3.041046701201
  258      0.000000000000      0.000000000000     -4.794687825205
  258      0.000000000000      5.424570039800     -4.794687825205
  258      0.000000000000     -5.424570039800     -4.794687825205
  258      3.835750260160      0.000000000000     -4.794687825205
  258     -3.835750260160      0.000000000000     -4.794687825205
  258      3.835750260160      5.424570039800     -4.794687825205
  258     -3.835750260160     -5.424570039800     -4.794687825205
  258      3.835750260160     -5.424570039800     -4.794687825205
  258     -3.835750260160      5.424570039800     -4.794687825205
  258      7.671500520300      0.000000000000     -4.794687825205
  258      7.671500520300      5.424570039800     -4.794687825205
  258      7.671500520300     -5.424570039800     -4.794687825205
    8      1.917875130080      1.356142509950     -4.794687825205
    8     -1.917875130080     -1.356142509950     -4.794687825205
    8      1.917875130080     -1.356142509950     -4.794687825205
    8     -1.917875130080      1.356142509950     -4.794687825205
    8      1.917875130080      6.780712549750     -4.794687825205
    8     -1.917875130080     -6.780712549750     -4.794687825205
    8      1.917875130080     -6.780712549750     -4.794687825205
    8     -1.917875130080      6.780712549750     -4.794687825205
    8      1.917875130080     -4.068427529850     -4.794687825205
    8     -1.917875130080      4.068427529850     -4.794687825205
    8      1.917875130080      4.068427529850     -4.794687825205
    8     -1.917875130080     -4.068427529850     -4.794687825205
    8      5.753625390240      1.356142509950     -4.794687825205
    8     -5.753625390240     -1.356142509950     -4.794687825205
    8      5.753625390240     -1.356142509950     -4.794687825205
    8     -5.753625390240      1.356142509950     -4.794687825205
    8      5.753625390240      6.780712549750     -4.794687825205
    8     -5.753625390240     -6.780712549750     -4.794687825205
    8      5.753625390240     -6.780712549750     -4.794687825205
    8     -5.753625390240      6.780712549750     -4.794687825205
    8      5.753625390240     -4.068427529850     -4.794687825205
    8     -5.753625390240      4.068427529850     -4.794687825205
    8      5.753625390240      4.068427529850     -4.794687825205
    8     -5.753625390240     -4.068427529850     -4.794687825205
   14      7.365863423221     -7.400721262140      7.313430869252
    8      6.873602628316     -5.816635344263      7.342603918770
    8      7.586809206039     -7.812758927337      8.898534801471
    8     -6.399686535031     -7.535955451244      6.717730485665
    6      5.794396956685     -5.355686062969      6.530165016103
    6     -5.418738670124     -6.529178556731      7.085951368984
    6     -8.830901974447     -7.586115666463      9.804164985831
    6      5.340756798274     -4.022847788666      7.107552119104
    6     -5.620029773004     -5.240445884763      6.305324920223
    6     -8.580993469505     -8.368185088267     11.081166218505
    1      4.450906818669     -3.653047168092      6.582598137280
    1     -4.766830264204     -4.574454084510      6.484324911450
    1     -9.379541454765     -8.178256884017     11.810351860919
    1      5.101280155670     -4.129345708091      8.169746334614
    1      6.154440710776     -3.279982483608      7.049194961530
    1      4.960057531053     -6.072778315822      6.532137172650
    1      6.131395267735     -5.269567308335      5.486246901436
    1      6.796483703796      6.829262479297     10.875616030838
    1     -7.623776134016      8.193666383739     11.533204328841
    1     -8.915675683131     -6.506244923664     10.015960351780
    1      5.554335840690     -7.900168287259      9.348470816102
    1     -5.463059068479     -6.370620004447      8.171957656310
    1     -4.444339051032     -6.961781535152      6.825826620390
    1     -6.566047152286     -4.762171316654      6.559693345254
    1     -5.625762564597     -5.440693818059      5.233621119647
    8      6.299735005573     -8.271111491935      6.521672905368
    6      3.751867839269      6.077358385118      5.972208893797
    6      2.320727782207      5.554531317008      6.166828562657
    1      1.859232899406      5.342809858950      5.200436587807
    1      4.017042966365      6.816887494427      6.746601662427
    1      4.470211370428      5.253010765488      6.040543389575
    1      2.281413264112      4.644245838662      6.782177118313
    1      1.657876472882      6.288791965967      6.650383978075
    0    0
