   2   1   1 E -4.5963139167809E+04 DE 4.0E-06(  3)
  0.153430010406E+02  0.000000000000E+00  0.000000000000E+00
  0.000000000000E+00  0.162737101194E+02  0.000000000000E+00
  0.000000000000E+00  0.000000000000E+00  0.500000000000E+03
    1
  0.100000000000E+01  0.000000000000E+00  0.000000000000E+00
  0.000000000000E+00  0.100000000000E+01  0.000000000000E+00
  0.000000000000E+00  0.000000000000E+00  0.100000000000E+01
  0.000000000000E+00  0.000000000000E+00  0.000000000000E+00
  249
  258      1.912343566603      2.693307156611      4.265530192334
  258     -1.913431469070     -2.702690257845      4.261296768749
  258      1.916453439615     -2.721520980619      4.261007546163
  258     -1.927335550039      2.713869381982      4.264712633509
  258      1.825294561570     -8.079567851134      4.284821803226
  258     -1.948849621736     -8.127256423788      4.267683765422
  258      5.771486992270      2.705801334761      4.258904774071
  258     -5.751860142016     -2.698801918150      4.276257089612
  258      5.757921522149     -2.705944407264      4.260783128297
  258     -5.752564833530      2.718930406384      4.266434288267
  258      5.814790994733     -8.113683486907      4.337969220831
  258     -5.751567207104     -8.138224291891      4.298046809056
    8     -0.008760288719      3.987125927787      4.376287841188
    8      0.002444750737     -3.977043713174      4.368827440703
    8     -0.005554557997     -6.842353536319      4.407399208838
    8     -0.019845856208      6.892422468198      4.366277428355
    8      0.001656491266     -1.434947595918      4.372139019254
    8      0.010334639143      1.444325652397      4.377078577621
    8      3.851926274354      3.940805318272      4.287681674931
    8     -3.774686841733     -3.950691091934      4.333796838884
    8      3.796057200561     -4.031922086018      4.355885565835
    8     -3.831119647435      3.985381847588      4.372052535174
    8      3.767356501516     -6.990400287667      4.310032969066
    8     -3.825537976324      6.874906219926      4.381941890608
    8      3.857616061465      6.688732362756      4.698125822952
    8     -3.789161036976     -6.853338724663      4.366732053220
    8      3.843963498101     -1.471055095693      4.377086590143
    8     -3.833508319246      1.449615216617      4.377795821850
    8      3.820107569377      1.419001142469      4.389082165279
    8     -3.851338277250     -1.423749617036      4.384497415239
    8      7.655308640270      3.986096727521      4.374688751154
    8     -7.671163437919     -3.935119963027      4.335814722385
    8     -7.680439011293     -6.833114465524      4.305065769842
    8     -7.605571227649      6.887514478060      4.255225166130
    8      7.673716824355     -1.421817760029      4.378676389254
    8     -7.667582115350      1.448510789120      4.372884537567
  258     -0.001117629627     -0.001952687722      2.595425102338
  258     -0.000865391310      5.422895464109      2.607195514858
  258     -0.016239028649     -5.403894903845      2.579329720735
  258      3.836261999936     -0.002068859674      2.599740362182
  258     -3.838029183694      0.003292659449      2.598714157787
  258      3.835980077195      5.392634513517      2.566760380728
  258     -3.835238321586     -5.415391266160      2.592732337992
  258      3.833368121080     -5.437817237062      2.599074410627
  258     -3.836112290564      5.429437908684      2.595231791674
  258     -7.666743669771     -0.000736968114      2.595499256929
  258     -7.669092876975      5.427813557218      2.591996441835
  258     -7.665263658093     -5.418530000645      2.593037006018
    8      1.918344951099      1.369047886083      2.534928352143
    8     -1.921604594671     -1.355920772641      2.537485083251
    8      1.921351368762     -1.361634430059      2.540736032204
    8     -1.916626932293      1.368906628225      2.541809985421
    8      1.988445079956      6.808325395939      2.618687622241
    8     -1.907702686428     -6.785113615841      2.532814464772
    8      1.867878615534     -6.776745448608      2.530923794368
    8     -1.920658993268      6.790540998295      2.537549492057
    8      1.907336722500     -4.054860536539      2.524548482764
    8     -1.910648868224      4.062577402892      2.539503978217
    8      1.906786365525      4.067609858911      2.537875540538
    8     -1.904101395369     -4.049342723923      2.518934247275
    8      5.752139067066      1.366059734259      2.543507822327
    8     -5.753960716556     -1.362569468849      2.539115289707
    8      5.754544811046     -1.353437114930      2.532360313812
    8     -5.751623387199      1.367141071492      2.540240932133
    8      5.667864438739      6.773036527002      2.591506127535
    8     -5.734150626778     -6.774916130453      2.543304903416
    8      5.747818883581     -6.749134108470      2.527744616774
    8     -5.716193055762      6.772084277526      2.504285640567
    8      5.742329013979     -4.047755633867      2.543175479376
    8     -5.756663015408      4.053335284324      2.544204417070
    8      5.763415440289      4.055678317686      2.517698683934
    8     -5.740309785663     -4.049769344393      2.549562027479
  258      1.913990963051      2.707705511781      0.647390947321
  258     -1.920397303798     -2.706758421986      0.645638076690
  258      1.919770483862     -2.712658371298      0.648615294163
  258     -1.918360906637      2.714061174609      0.651627141846
  258      1.917656992231      8.137514452585      0.659387242322
  258     -1.915122369066     -8.134508353798      0.653045597302
  258      5.758115641123      2.706650843086      0.646031349653
  258     -5.752806543254     -2.710864662181      0.653324361217
  258      5.752435783800     -2.714458132224      0.651614780362
  258     -5.752403981609      2.713989770483      0.651128333473
  258      5.748637301563     -8.135526569923      0.683280309810
  258     -5.750247650595     -8.133669313189      0.666975772750
    8      0.000055406113      4.061572572269      0.694180611013
    8     -0.000453616903     -4.055517909855      0.678391722138
    8     -0.005420485630     -6.789409160839      0.678599213824
    8      0.030568108005      6.784294919929      0.726828718794
    8      0.000342275397     -1.361915500794      0.693133265207
    8      0.000373936082      1.365290547186      0.691793694752
    8      3.831092384824      4.056595126240      0.699162093563
    8     -3.837361812022     -4.055765385719      0.688912887004
    8      3.836430905071     -4.069511417723      0.690801337446
    8     -3.836221881897      4.062054567629      0.693748102626
    8      3.820212848553     -6.803689687234      0.702155512893
    8     -3.819247316565      6.793480254933      0.677133717835
    8      3.822434205369      6.768168819014      0.694353469909
    8     -3.828889329662     -6.786121728158      0.691335253303
    8      3.835179453894     -1.367188629334      0.692494118563
    8     -3.834317777728      1.367235284211      0.692723055810
    8      3.836505708156      1.361240921716      0.692754652369
    8     -3.837447754990     -1.360422543720      0.690957027934
    8     -7.664851228492      4.057273559025      0.680057584191
    8      7.673171245083     -4.056519876186      0.692228400134
    8      7.676098739030     -6.793224456292      0.694797958443
    8      7.644868548828      6.791611961147      0.717884353184
    8     -7.669646442957     -1.365045757721      0.691209676403
    8     -7.672619719609      1.363201238778      0.693229251810
  258     -0.000724161247     -0.000216893879     -1.135922221310
  258      0.002638880989      5.424944953005     -1.131348329415
  258     -0.000318757439     -5.424575966239     -1.139411839661
  258      3.836339236244     -0.001782249945     -1.134619463590
  258     -3.836685621715      0.002178761533     -1.134781041412
  258      3.836420344668      5.425361171076     -1.140516539266
  258     -3.836335265213     -5.425231279409     -1.134852562035
  258      3.836022441007     -5.427509319238     -1.132443905688
  258     -3.835310955109      5.427059417632     -1.132847077612
  258     -7.670025691350     -0.002441675316     -1.134974846227
  258      7.669476745695      5.429574675340     -1.131341862131
  258      7.671221168320     -5.428662406830     -1.130775703666
    8      1.917703817560      1.345438836971     -1.165430659394
    8     -1.917692855821     -1.340638792190     -1.168262043266
    8      1.917743047906     -1.343410554186     -1.166859461179
    8     -1.917349465396      1.346747578823     -1.165123405751
    8      1.914970428581      6.771258692913     -1.163479707324
    8     -1.919981012307     -6.769229883430     -1.170860300922
    8      1.919708219858     -6.773446543996     -1.161307371341
    8     -1.898364264269      6.769269986874     -1.160023465311
    8      1.920940711414     -4.081467084177     -1.168842622439
    8     -1.916450037472      4.081741943304     -1.164215622317
    8      1.918981314919      4.080298325236     -1.164299607740
    8     -1.920052874720     -4.078582188667     -1.169006179431
    8      5.754229714528      1.343464544060     -1.167568610449
    8     -5.753566521172     -1.343655942074     -1.166112375421
    8      5.753174282833     -1.345369673290     -1.164850599758
    8     -5.754123798185      1.345418053791     -1.164861835031
    8      5.749284482442      6.773278865488     -1.154760335925
    8     -5.752056149704     -6.769248918477     -1.164028624443
    8      5.748474120353     -6.773300658945     -1.148859040101
    8     -5.763249645986      6.770091262078     -1.153812759648
    8      5.753758651381     -4.082210318495     -1.165931509227
    8     -5.750523841012      4.082646968249     -1.168003734293
    8      5.749378227576      4.081578052311     -1.164742907298
    8     -5.755255582077     -4.080137859286     -1.164705306492
  258      1.917604052152      2.711912308915     -3.054393330353
  258     -1.918869957244     -2.712274170987     -3.054489749063
  258      1.918540941897     -2.712883047249     -3.053641693830
  258     -1.917829225308      2.713216546815     -3.052448856464
  258      1.917706256807     -8.136485239246     -3.051312258778
  258     -1.917344923749     -8.136853724501     -3.052163439006
  258      5.754501289291      2.712087312277     -3.054336302216
  258     -5.753942195993     -2.713405767594     -3.051928785538
  258      5.754064453342     -2.713861090827     -3.052528768298
  258     -5.753865403591      2.713545298132     -3.051979169413
  258      5.753448598647     -8.135886483157     -3.044371708588
  258     -5.754185786132     -8.136389997574     -3.048023092154
    8      0.000270226474     -1.318039463248     -3.044972833000
    8      0.000253911531      1.318579584353     -3.044418858528
    8      0.000988826537      4.106986143698     -3.042100976132
    8      0.000106243687     -4.105931280891     -3.046151549717
    8      0.001493091474     -6.743820330492     -3.045403497172
    8      0.001754796984      6.741571715245     -3.045123129573
    8      3.836088958129     -1.318455563903     -3.044289179438
    8     -3.835808204011      1.319534191377     -3.044064885201
    8      3.835474285490      1.318283730384     -3.044336061369
    8     -3.836179849654     -1.317732070294     -3.044539142815
    8      3.835189127041      4.106014215306     -3.045169023749
    8     -3.836738520045     -4.106258271745     -3.045498809977
    8      3.836451129500     -4.107774700464     -3.044730778660
    8     -3.834441834222      4.107528616854     -3.045405667195
    8      3.837099398677     -6.743737675817     -3.041979707526
    8     -3.835587848679      6.743563994700     -3.038270834406
    8      3.836160043975      6.741921122781     -3.042361000036
    8     -3.837023639218     -6.743917215878     -3.045663573830
    8      7.671159102661     -1.318895581972     -3.044247861349
    8     -7.671374264666      1.318538367427     -3.044589194202
    8      7.670203577932      4.108238275717     -3.042534456687
    8      7.671300676878     -4.108334235624     -3.044190764844
    8      7.668783982503     -6.744359144389     -3.040105632477
    8      7.669698227005      6.743295697163     -3.041144157264
  258      0.000000000000      0.000000000000     -4.794687825205
  258      0.000000000000      5.424570039800     -4.794687825205
  258      0.000000000000     -5.424570039800     -4.794687825205
  258      3.835750260160      0.000000000000     -4.794687825205
  258     -3.835750260160      0.000000000000     -4.794687825205
  258      3.835750260160      5.424570039800     -4.794687825205
  258     -3.835750260160     -5.424570039800     -4.794687825205
  258      3.835750260160     -5.424570039800     -4.794687825205
  258     -3.835750260160      5.424570039800     -4.794687825205
  258      7.671500520300      0.000000000000     -4.794687825205
  258      7.671500520300      5.424570039800     -4.794687825205
  258      7.671500520300     -5.424570039800     -4.794687825205
    8      1.917875130080      1.356142509950     -4.794687825205
    8     -1.917875130080     -1.356142509950     -4.794687825205
    8      1.917875130080     -1.356142509950     -4.794687825205
    8     -1.917875130080      1.356142509950     -4.794687825205
    8      1.917875130080      6.780712549750     -4.794687825205
    8     -1.917875130080     -6.780712549750     -4.794687825205
    8      1.917875130080     -6.780712549750     -4.794687825205
    8     -1.917875130080      6.780712549750     -4.794687825205
    8      1.917875130080     -4.068427529850     -4.794687825205
    8     -1.917875130080      4.068427529850     -4.794687825205
    8      1.917875130080      4.068427529850     -4.794687825205
    8     -1.917875130080     -4.068427529850     -4.794687825205
    8      5.753625390240      1.356142509950     -4.794687825205
    8     -5.753625390240     -1.356142509950     -4.794687825205
    8      5.753625390240     -1.356142509950     -4.794687825205
    8     -5.753625390240      1.356142509950     -4.794687825205
    8      5.753625390240      6.780712549750     -4.794687825205
    8     -5.753625390240     -6.780712549750     -4.794687825205
    8      5.753625390240     -6.780712549750     -4.794687825205
    8     -5.753625390240      6.780712549750     -4.794687825205
    8      5.753625390240     -4.068427529850     -4.794687825205
    8     -5.753625390240      4.068427529850     -4.794687825205
    8      5.753625390240      4.068427529850     -4.794687825205
    8     -5.753625390240     -4.068427529850     -4.794687825205
   14      7.368229487294     -7.411383334140      7.313053676156
    8      6.875525562047     -5.827413950535      7.350094383352
    8      7.589054628333     -7.839044157550      8.893882067828
    8     -6.396617328885     -7.539956104892      6.718011212872
    6      5.801325626143     -5.361093005284      6.533093356845
    6     -5.417466265436     -6.531555725358      7.084975287983
    6     -8.864968659809     -7.721728965437      9.777406139679
    6      5.347058758409     -4.028752152750      7.110256200789
    6     -5.621852607844     -5.243188304349      6.304895037238
    6     -8.512774614591     -8.361851134316     11.107269461117
    1      4.455607359796     -3.661615639629      6.585911239495
    1     -4.770849319127     -4.574449453503      6.485643285814
    1     -9.352132551528     -8.277897389361     11.809833777293
    1      5.109347237513     -4.133809883308      8.172780066421
    1      6.159369293894     -3.284783269738      7.048739849126
    1      4.965571418174     -6.076567618766      6.529564466036
    1      6.143394353670     -5.271187385144      5.491004706379
    1      7.065986249310      6.850336291900     10.974662611355
    1     -7.637938962134      8.398465214251     11.553097291300
    1     -9.122568308318     -6.657042467919      9.912067929706
    1      5.592193137221     -8.215091414244      9.338738537740
    1     -5.460251481950     -6.372666788138      8.170954480993
    1     -4.442598151735     -6.962829191951      6.823921743408
    1     -6.569667010205     -4.768257327438      6.558741369184
    1     -5.626467200028     -5.442336250300      5.232892383801
    8      6.300186711996     -8.279198279949      6.519621165975
    6      3.748147723680      6.077844269174      5.971340293470
    6      2.316817204470      5.553489650027      6.162986745773
    1      1.856320833732      5.344161937091      5.195873139427
    1      4.008965693827      6.819438551733      6.745400606207
    1      4.470217018570      5.256583475555      6.044331455943
    1      2.276889120294      4.642240631698      6.775708195741
    1      1.653838419935      6.286126495341      6.647227952045
    0    0
