   2   1   1 E -4.5963138302317E+04 DE 4.7E-06(  3)
  0.153430010406E+02  0.000000000000E+00  0.000000000000E+00
  0.000000000000E+00  0.162737101194E+02  0.000000000000E+00
  0.000000000000E+00  0.000000000000E+00  0.500000000000E+03
    1
  0.100000000000E+01  0.000000000000E+00  0.000000000000E+00
  0.000000000000E+00  0.100000000000E+01  0.000000000000E+00
  0.000000000000E+00  0.000000000000E+00  0.100000000000E+01
  0.000000000000E+00  0.000000000000E+00  0.000000000000E+00
  249
  258      1.912627520287      2.695298591688      4.264948188552
  258     -1.912899074322     -2.702582793413      4.260733010036
  258      1.916737272744     -2.720225306773      4.259832640821
  258     -1.926964226644      2.714294749622      4.264548853369
  258      1.826237651655     -8.079288892999      4.285499323138
  258     -1.947979178537     -8.126503560753      4.267318779560
  258      5.772102205029      2.706223071465      4.258465097218
  258     -5.751671281118     -2.698803696298      4.275921645722
  258      5.758442001097     -2.702600715042      4.259462685252
  258     -5.752373369131      2.719885709842      4.265868468574
  258      5.817100315513     -8.112104660090      4.342704970665
  258     -5.750926090905     -8.137398572889      4.297084662940
    8     -0.007389621248      3.988061123109      4.375900625522
    8      0.002779749493     -3.976350094305      4.368764056448
    8     -0.005052418419     -6.842514351805      4.408305218358
    8     -0.018924899419      6.892742066988      4.365051817978
    8      0.002726984080     -1.433282281433      4.372090896369
    8      0.009724563646      1.445574689816      4.376571434935
    8      3.852360487504      3.942166957847      4.287846893504
    8     -3.771724770020     -3.949363453384      4.331020455598
    8      3.793534329796     -4.029150182674      4.353281757897
    8     -3.830889962809      3.986457176688      4.371575946261
    8      3.767674400783     -6.989055542452      4.311127099456
    8     -3.824665072734      6.875714155975      4.381970996977
    8      3.858104979277      6.691033261504      4.696745754326
    8     -3.787045053080     -6.852753309140      4.363616335371
    8      3.846337842902     -1.468891534234      4.376860941847
    8     -3.832965084442      1.450451806705      4.377627576130
    8      3.821950390286      1.420232666515      4.387952979040
    8     -3.850700391663     -1.422852608776      4.385368870108
    8      7.654722229516      3.987101853734      4.374921509136
    8     -7.667021183848     -3.932638113861      4.335210552929
    8     -7.680732824293     -6.831183766327      4.304560898765
    8     -7.606392443158      6.888562705419      4.257447056687
    8      7.671801789117     -1.419865004499      4.378262694316
    8     -7.666986653057      1.449480862249      4.372605657435
  258     -0.000893540797     -0.001228860253      2.595321893889
  258     -0.000430329582      5.423974617091      2.606727391381
  258     -0.015255567496     -5.403471863478      2.579081882130
  258      3.836415884988     -0.000362971287      2.598894170697
  258     -3.837580072375      0.003734879086      2.598854135791
  258      3.837628006494      5.393918658955      2.566778714801
  258     -3.834251219189     -5.415308959923      2.591865851469
  258      3.833797220366     -5.437501187485      2.600033412329
  258     -3.835587401286      5.430241797929      2.595203460922
  258     -7.665989739215      0.000175613065      2.595061206878
  258     -7.669065600533      5.428999903273      2.592143427870
  258     -7.664990302295     -5.417424384913      2.592904333511
    8      1.918902820118      1.370392310378      2.535579091231
    8     -1.921138579055     -1.355276611349      2.537215650444
    8      1.921731728760     -1.360267844140      2.540555919262
    8     -1.916531911086      1.369745034614      2.541309417180
    8      1.989344701707      6.809721471670      2.618889709992
    8     -1.906145382473     -6.784812149621      2.531869347680
    8      1.868205489831     -6.776629400266      2.532014310377
    8     -1.920633242798      6.790818087320      2.537328546319
    8      1.907638663372     -4.054142102584      2.523371185607
    8     -1.910158375757      4.063079195499      2.539482911997
    8      1.907400571224      4.068713942117      2.536848710114
    8     -1.902337415215     -4.048945472182      2.517139678920
    8      5.752697115620      1.367267866930      2.542527798176
    8     -5.754105997574     -1.361884738443      2.539790687796
    8      5.754545666691     -1.352466486290      2.530784269712
    8     -5.751463636860      1.367944541268      2.539852649616
    8      5.669023078693      6.775307542871      2.593654028636
    8     -5.734077373850     -6.774147849295      2.542726918586
    8      5.748249307538     -6.749617553975      2.529425533264
    8     -5.716492634332      6.772351751013      2.504722985990
    8      5.742995120116     -4.047062087585      2.543713567819
    8     -5.756937302889      4.053895433079      2.544581643571
    8      5.764079849353      4.056910728199      2.517523533296
    8     -5.739432040561     -4.048766098307      2.548852343403
  258      1.914341754375      2.708356325170      0.647213745295
  258     -1.919877528204     -2.706275015764      0.645466729859
  258      1.920149934339     -2.712416379754      0.648042335029
  258     -1.918224250834      2.714510169802      0.651583686245
  258      1.918031853279      8.138055571186      0.659849275427
  258     -1.914803097955     -8.133978481640      0.652650596755
  258      5.758492464216      2.707509388874      0.645798188607
  258     -5.752316241816     -2.710692743889      0.652977820209
  258      5.752696592361     -2.714190379924      0.651444640610
  258     -5.752132023456      2.714597248857      0.650813175307
  258      5.748746079193     -8.134629149371      0.685015872478
  258     -5.750145779950     -8.133064170807      0.666528566549
    8      0.000297077406      4.062076163961      0.693701215843
    8      0.000396451270     -4.055585149616      0.677721059714
    8     -0.004045510032     -6.789330723139      0.678678889383
    8      0.030322266171      6.784956353460      0.726606810184
    8      0.000811030386     -1.361411514153      0.692699456543
    8      0.000936642551      1.365932220740      0.691719770077
    8      3.832068400342      4.057596676557      0.698779698189
    8     -3.837214866937     -4.055655411600      0.688244993263
    8      3.837304542513     -4.069140491399      0.690763609685
    8     -3.835916595629      4.062287394452      0.694004827659
    8      3.820580228770     -6.803194662423      0.702564953697
    8     -3.819324647952      6.793775504482      0.676962780452
    8      3.823229363018      6.768428596752      0.694611899465
    8     -3.828991757266     -6.785580476190      0.691137208867
    8      3.834767537220     -1.366404086190      0.692232604096
    8     -3.834030080214      1.367164590965      0.692629123272
    8      3.836438247599      1.362700808262      0.692359747340
    8     -3.837479691886     -1.360394166315      0.691521887615
    8     -7.664532906059      4.058075651739      0.679972059627
    8      7.673186106193     -4.056088966234      0.691733467059
    8      7.676297424962     -6.792171589986      0.694818042160
    8      7.644406756345      6.792350313087      0.718634642939
    8     -7.668856559371     -1.364576704578      0.691296917012
    8     -7.672155089462      1.363923286620      0.692657175665
  258     -0.000459363742      0.000130389775     -1.135977945602
  258      0.002930643532      5.425262159121     -1.131421763379
  258     -0.000050211400     -5.424231290887     -1.139566754504
  258      3.836544093447     -0.001272964806     -1.134677461004
  258     -3.836553017065      0.002397567351     -1.134778084494
  258      3.836705832560      5.425943356176     -1.140525255770
  258     -3.835935927221     -5.424563640640     -1.135175567622
  258      3.836111664392     -5.427319113478     -1.132191438346
  258     -3.835106550148      5.427362632497     -1.132878615661
  258     -7.669931457181     -0.002185224432     -1.134898697480
  258      7.669384975782      5.430024110893     -1.131267743519
  258      7.671041995672     -5.428579229324     -1.130988582685
    8      1.917841688861      1.345361441128     -1.165460033670
    8     -1.917815824964     -1.340238401249     -1.168079143611
    8      1.918641785289     -1.343124190060     -1.167285632671
    8     -1.917086506256      1.347381991946     -1.165356475099
    8      1.915091192170      6.771663511863     -1.162928912707
    8     -1.919468103253     -6.768850664949     -1.170406066538
    8      1.920187377115     -6.772922219255     -1.161604822103
    8     -1.898444265249      6.769702937024     -1.160394238704
    8      1.921260816780     -4.081035548103     -1.169054643936
    8     -1.916318413981      4.082363821240     -1.164444724166
    8      1.919365487337      4.080256933482     -1.164637701544
    8     -1.919819900307     -4.078080646318     -1.169366730405
    8      5.754481493279      1.343761215004     -1.167340627876
    8     -5.752854583018     -1.343367077261     -1.166134327648
    8      5.753638554747     -1.344867809487     -1.164625036424
    8     -5.754040428542      1.345585431188     -1.164994082108
    8      5.749762139799      6.773598450033     -1.154485637407
    8     -5.751779418734     -6.769092237338     -1.164154318941
    8      5.748690172126     -6.772985039225     -1.148903345322
    8     -5.763882179210      6.770490292658     -1.153657869648
    8      5.753661041816     -4.081607429523     -1.166062451788
    8     -5.750021496434      4.082853419580     -1.167855675886
    8      5.749858308289      4.081993331660     -1.165383223862
    8     -5.754985502347     -4.079870741199     -1.165578310676
  258      1.917696973708      2.712074276821     -3.054449906332
  258     -1.918595407858     -2.712185560897     -3.054563372139
  258      1.919014507704     -2.712760466387     -3.053800506884
  258     -1.917706059280      2.713290752078     -3.052374620419
  258      1.917844442941     -8.136375004798     -3.051202125128
  258     -1.917172566417     -8.136696798287     -3.052055852823
  258      5.754591835094      2.712106576149     -3.054417875986
  258     -5.753960743957     -2.713244930413     -3.052027127282
  258      5.754247553410     -2.713646586287     -3.052462396354
  258     -5.753734327662      2.713714654130     -3.052069459262
  258      5.753594642703     -8.135840421795     -3.043913357934
  258     -5.754047171348     -8.136332180258     -3.048022087768
    8      0.000360810119     -1.317694591620     -3.044661197440
    8      0.000489016719      1.318944237034     -3.044508533561
    8      0.001098823015      4.107302146199     -3.042244777026
    8      0.000281614566     -4.105724272551     -3.046264353896
    8      0.001453413021     -6.743710749464     -3.045204056287
    8      0.001939377104      6.741792599230     -3.045132852456
    8      3.836370698786     -1.318513600190     -3.044425582025
    8     -3.835734522361      1.319934114850     -3.044063446406
    8      3.835658171274      1.318310827332     -3.044443184075
    8     -3.835868566440     -1.317252639500     -3.044712595572
    8      3.835391176747      4.105888168155     -3.045204407762
    8     -3.836474585903     -4.106072421073     -3.045802564583
    8      3.836694503769     -4.107906036694     -3.044685025751
    8     -3.834447820178      4.107807072479     -3.045400728009
    8      3.837314780836     -6.743844131901     -3.041999355062
    8     -3.835702799028      6.743806898356     -3.038100781974
    8      3.836159664996      6.741922292872     -3.042235353056
    8     -3.836715594958     -6.743890023292     -3.045667492488
    8      7.671320503643     -1.318922347919     -3.044308167576
    8     -7.671379419360      1.318443504660     -3.044637240209
    8      7.670577054364      4.108339271681     -3.042566624540
    8      7.671197000189     -4.108002297211     -3.044257890288
    8      7.668959868210     -6.744066810488     -3.040047456319
    8      7.669782464833      6.743456198750     -3.041287398399
  258      0.000000000000      0.000000000000     -4.794687825205
  258      0.000000000000      5.424570039800     -4.794687825205
  258      0.000000000000     -5.424570039800     -4.794687825205
  258      3.835750260160      0.000000000000     -4.794687825205
  258     -3.835750260160      0.000000000000     -4.794687825205
  258      3.835750260160      5.424570039800     -4.794687825205
  258     -3.835750260160     -5.424570039800     -4.794687825205
  258      3.835750260160     -5.424570039800     -4.794687825205
  258     -3.835750260160      5.424570039800     -4.794687825205
  258      7.671500520300      0.000000000000     -4.794687825205
  258      7.671500520300      5.424570039800     -4.794687825205
  258      7.671500520300     -5.424570039800     -4.794687825205
    8      1.917875130080      1.356142509950     -4.794687825205
    8     -1.917875130080     -1.356142509950     -4.794687825205
    8      1.917875130080     -1.356142509950     -4.794687825205
    8     -1.917875130080      1.356142509950     -4.794687825205
    8      1.917875130080      6.780712549750     -4.794687825205
    8     -1.917875130080     -6.780712549750     -4.794687825205
    8      1.917875130080     -6.780712549750     -4.794687825205
    8     -1.917875130080      6.780712549750     -4.794687825205
    8      1.917875130080     -4.068427529850     -4.794687825205
    8     -1.917875130080      4.068427529850     -4.794687825205
    8      1.917875130080      4.068427529850     -4.794687825205
    8     -1.917875130080     -4.068427529850     -4.794687825205
    8      5.753625390240      1.356142509950     -4.794687825205
    8     -5.753625390240     -1.356142509950     -4.794687825205
    8      5.753625390240     -1.356142509950     -4.794687825205
    8     -5.753625390240      1.356142509950     -4.794687825205
    8      5.753625390240      6.780712549750     -4.794687825205
    8     -5.753625390240     -6.780712549750     -4.794687825205
    8      5.753625390240     -6.780712549750     -4.794687825205
    8     -5.753625390240      6.780712549750     -4.794687825205
    8      5.753625390240     -4.068427529850     -4.794687825205
    8     -5.753625390240      4.068427529850     -4.794687825205
    8      5.753625390240      4.068427529850     -4.794687825205
    8     -5.753625390240     -4.068427529850     -4.794687825205
   14      7.374611763306     -7.382579515478      7.308886819080
    8      6.887287691320     -5.796411883821      7.314778729996
    8      7.621393037294     -7.750036280540      8.903200234265
    8     -6.393681176397     -7.540614669833      6.705952700578
    6      5.792106731744     -5.346700730629      6.519286251703
    6     -5.402099202017     -6.547297485859      7.080340928986
    6     -8.635078097652     -7.273221478733      9.886356328064
    6      5.329492659673     -4.023593634256      7.111248550999
    6     -5.594632263156     -5.249453751049      6.311095433752
    6     -8.548564656879     -8.157743952991     11.117808174575
    1      4.433476382883     -3.656805586459      6.594959295834
    1     -4.733290214278     -4.592983483339      6.485926609059
    1     -9.197159721813     -7.770277428756     11.915968691172
    1      5.097897737818     -4.142390853553      8.173627811100
    1      6.136892141205     -3.273497573787      7.056015445624
    1      4.966630964638     -6.073953225236      6.528128364265
    1      6.114634807166     -5.252849251020      5.471432122377
    1      6.483875246025      7.091016208883     10.882456319296
    1     -7.519446802006      8.078196313432     11.496400633554
    1     -8.389016626990     -6.228271047426     10.138685563131
    1      5.674197953122     -7.269056272418      9.495454992537
    1     -5.442004513480     -6.400494493214      8.168114973675
    1     -4.432920663038     -6.987343634525      6.812595880483
    1     -6.533939607427     -4.762827265731      6.577250303204
    1     -5.613506618029     -5.442067141415      5.237933134421
    8      6.306158313234     -8.262686554617      6.532046017310
    6      3.757124974559      6.080540933360      5.972134761763
    6      2.327273786789      5.556917214553      6.177030319435
    1      1.858160195975      5.351460174413      5.213259745580
    1      4.024920219882      6.822085372447      6.743835037246
    1      4.477218381371      5.257233456310      6.040212781358
    1      2.295146259520      4.642356933813      6.784334065514
    1      1.667977977500      6.286212900073      6.670761150701
    0    0
