   2   1   1 E -4.5963135418567E+04 DE-4.2E-07(  7)
  0.153430010406E+02  0.000000000000E+00  0.000000000000E+00
  0.000000000000E+00  0.162737101194E+02  0.000000000000E+00
  0.000000000000E+00  0.000000000000E+00  0.500000000000E+03
    1
  0.100000000000E+01  0.000000000000E+00  0.000000000000E+00
  0.000000000000E+00  0.100000000000E+01  0.000000000000E+00
  0.000000000000E+00  0.000000000000E+00  0.100000000000E+01
  0.000000000000E+00  0.000000000000E+00  0.000000000000E+00
  249
  258      1.897967269767      2.710041880165      4.264698089772
  258     -1.930265570553      2.719550009439      4.268603995002
  258     -1.920623014121     -2.695010730383      4.263694013989
  258      1.899576691555     -2.703729938749      4.260227341077
  258      1.885637823609     -8.138519115525      4.269736388378
  258     -1.881014350195     -8.125877751475      4.264642110256
  258      5.728368798135      2.703929348926      4.343011349223
  258     -5.770011759841      2.728782195465      4.309213762485
  258     -5.748851280101     -2.719222493845      4.262677662377
  258      5.749123574039     -2.739136246517      4.267375934528
  258      5.651189059097     -8.090427732137      4.318891905472
  258     -5.635934794473     -8.074624639832      4.269923191457
    8     -0.025206535015      3.998939445131      4.363323559580
    8     -0.009482039245     -3.985027723105      4.365670201475
    8      0.000815993855     -6.858811188752      4.373120500775
    8     -0.001182255758      6.879719512633      4.417291474928
    8     -0.014546049551     -1.439502793127      4.383583395116
    8     -0.029456596849      1.446110733317      4.381338951488
    8      3.768898880936      4.016976376353      4.370730134062
    8     -3.842729833555      4.034011011141      4.404787758084
    8     -3.829395111574     -3.972380731296      4.358270614919
    8      3.858375031907     -4.009056203087      4.368254748630
    8      3.861080419789     -6.867734905314      4.469754221969
    8     -3.803052838408     -6.813398329493      4.391845257683
    8     -3.802952938337      6.913794472234      4.302354109827
    8      3.795601124950      6.914474584086      4.258419608063
    8      3.756260880210     -1.488878429790      4.324741444343
    8     -3.838890781776     -1.433521324082      4.383379265289
    8     -3.828313644285      1.469174611996      4.382402614479
    8      3.718271330102      1.441285581731      4.290136538291
    8      7.635730313721      3.951929486575      4.244170703818
    8      7.649025553473     -4.084147034419      4.376812112455
    8      7.660729313866     -7.107508628703      4.298196430643
    8      8.002430183066      6.489900302864      4.652123293779
    8      7.705861887614     -1.519922543631      4.364387966827
    8      7.770994252289      1.407222590279      4.362256913548
  258     -0.013885476880      0.010662888372      2.592574150338
  258     -0.007545438699      5.417211233663      2.589602363206
  258      0.000257218924     -5.408946217173      2.588058632548
  258      3.821374053245      0.000944129004      2.599106742894
  258     -3.845863909888      0.012603059931      2.604402270854
  258      3.825897884640      5.403054806196      2.596407654806
  258     -3.837259067502      5.418731671901      2.589268441698
  258     -3.814292320696     -5.391847536030      2.571199609363
  258      3.823207368729     -5.407143632440      2.591896936946
  258      7.670663876674      0.007199767979      2.618093833457
  258      7.675708415211      5.385537921671      2.548686145333
  258      7.667790689320     -5.438103815823      2.596929059349
    8      1.865617681540      1.366143616870      2.506924132840
    8     -1.926770121442      1.374074493343      2.533942476729
    8     -1.925759216209     -1.357315043739      2.536579356094
    8      1.881286860212     -1.366662721750      2.519322738777
    8      1.870491642430      6.795364568079      2.530500129559
    8     -1.888106237940      6.796124329579      2.533068508912
    8     -1.913812334848     -6.780477714448      2.536191727914
    8      1.935721398448     -6.788848590216      2.563325878481
    8      1.915618051747     -4.060939799852      2.535970369269
    8     -1.912705997732     -4.047589155928      2.526599980351
    8     -1.940584069295      4.065985357486      2.535470070768
    8      1.903942966930      4.065232994038      2.523749032488
    8      5.756374659367      1.336862210807      2.556601343411
    8     -5.736436453964      1.379585565658      2.533332129032
    8     -5.746868959721     -1.361260288592      2.538875274913
    8      5.750687506594     -1.379835092046      2.567716893617
    8      5.875653684203      6.824787052628      2.664503490848
    8     -5.792545730965      6.829694977853      2.551295845334
    8     -5.717350850320     -6.739059831514      2.533545761561
    8      5.700934343627     -6.776066631051      2.571286284262
    8      5.754243577436     -4.066330050302      2.525289043292
    8     -5.759784378920     -4.050908341150      2.538510659575
    8     -5.734974241828      4.079261101493      2.533307502956
    8      5.716891778762      4.112021787315      2.497541948229
  258      1.906446464522      2.709734115915      0.648493644928
  258     -1.924177089548      2.712406352501      0.647003318797
  258     -1.919498219662     -2.698525963616      0.644761124710
  258      1.912948264248     -2.704219117461      0.646691391529
  258      1.920113606832      8.136172901073      0.658068897739
  258     -1.915198509628      8.138681211709      0.649988324912
  258      5.744289876524      2.700745388500      0.682262344799
  258     -5.750817307459      2.703307119975      0.660540871805
  258     -5.760615844130     -2.704863160809      0.652969573960
  258      5.753147864496     -2.707885090535      0.655993385628
  258      5.756729678123      8.134162989867      0.674786979943
  258     -5.751904003687      8.139423358841      0.655746899483
    8     -0.013449041422      4.064708795923      0.691002476606
    8      0.001366839184     -4.056108698385      0.688405620889
    8      0.010509097272     -6.784689371450      0.702072660406
    8     -0.002438234441      6.794759952376      0.672040628396
    8     -0.014423299234     -1.360988802946      0.677898546510
    8     -0.021148853540      1.367729940166      0.672042621522
    8      3.816071186294      4.052876157249      0.675903648995
    8     -3.835639834953      4.062926429588      0.680628702760
    8     -3.837909614390     -4.052337043544      0.687202556501
    8      3.830444195736     -4.062661662326      0.693819064949
    8      3.833733161517     -6.790118848860      0.696752453312
    8     -3.827944837275     -6.784807074623      0.683359147821
    8     -3.845514422706      6.791864896449      0.710502244680
    8      3.875015398026      6.788303538735      0.741569695470
    8      3.837652223216     -1.369386553363      0.693516405454
    8     -3.839563958421     -1.360596891449      0.689018196789
    8     -3.835703808031      1.364652093721      0.686158081692
    8      3.829836466048      1.361799254771      0.696618899140
    8      7.675934310530      4.047670389052      0.694328042421
    8      7.671718175593     -4.074789052013      0.697366139963
    8      7.661230239395     -6.799118412092      0.722851682671
    8      7.661885602550      6.773694933867      0.683874254763
    8      7.663366246717     -1.369884876700      0.699394912537
    8      7.670397217420      1.358643629557      0.699731744389
  258     -0.004678791834      0.003500410307     -1.139755957721
  258     -0.001402753641      5.424786914904     -1.136321784559
  258      0.001155274908     -5.422294306692     -1.135963585822
  258      3.833873708941      0.002369912657     -1.132805437516
  258     -3.839738759054      0.001046088046     -1.135460783333
  258      3.839438249947      5.419546089023     -1.130105767441
  258     -3.839495343303      5.424562460929     -1.136189835366
  258     -3.836156935462     -5.421110675285     -1.139380490724
  258      3.836515685502     -5.424802774088     -1.132412744120
  258      7.666949847359      0.003396525152     -1.127703496751
  258      7.668068528748      5.417424606596     -1.142283451397
  258      7.668788141816     -5.423212212517     -1.131890163252
    8      1.917422726671      1.343670772182     -1.169985952691
    8     -1.926904912561      1.345970765387     -1.175434138785
    8     -1.924230453634     -1.342189140723     -1.174325648760
    8      1.918416659389     -1.343066849462     -1.166668607356
    8      1.938855913211      6.771468450140     -1.150380739912
    8     -1.929646323635      6.772516192451     -1.164180573818
    8     -1.910994195471     -6.766991850387     -1.166284444017
    8      1.917765566909     -6.770918731732     -1.162247143575
    8      1.918339796197     -4.081034331563     -1.168251695708
    8     -1.919136603654     -4.079290718891     -1.166863577780
    8     -1.918715766711      4.084758060210     -1.172724290596
    8      1.908874024936      4.084554781765     -1.172651240822
    8      5.750262430567      1.345951962887     -1.156940869886
    8     -5.757334632220      1.344457013103     -1.165019079793
    8     -5.760902240411     -1.344404770035     -1.164130928944
    8      5.752238587394     -1.345478404255     -1.164849748281
    8      5.747923884467      6.774336928376     -1.155619680785
    8     -5.753193812737      6.774260169620     -1.160382570030
    8     -5.763206159823     -6.768578354755     -1.155636873127
    8      5.758922748323     -6.776089017437     -1.146486665864
    8      5.753897574057     -4.081922576908     -1.161225902311
    8     -5.756733254305     -4.080325068089     -1.165750777681
    8     -5.757720891284      4.083159555198     -1.166666499568
    8      5.754843732907      4.079687546148     -1.155754174272
  258      1.917522061472      2.712767842895     -3.053397702543
  258     -1.919800573209      2.712834415606     -3.054251815636
  258     -1.918680442489     -2.711398043226     -3.054936217302
  258      1.918256555014     -2.711470431209     -3.053811867668
  258      1.920072979182      8.136224899086     -3.050121431985
  258     -1.917601708890      8.137094722843     -3.052664106713
  258      5.752266120617      2.710583971401     -3.045045533197
  258     -5.754717252884      2.710723572348     -3.050837496464
  258     -5.756068316913     -2.710519301167     -3.052215304644
  258      5.753318817475     -2.711095583402     -3.051325700676
  258      5.752946821204      8.136184601017     -3.046780563724
  258     -5.754992355217      8.136767779566     -3.051303838847
    8      0.000105969564     -1.319176589937     -3.046742552896
    8     -0.000706778783      1.320423031625     -3.047052709931
    8     -0.001125008302      4.108694813525     -3.049013146799
    8     -0.000188600038     -4.106639737655     -3.044732174243
    8      0.002080782271     -6.742625420074     -3.044787357358
    8      0.003169335354      6.745931164592     -3.038450515545
    8      3.835749525345     -1.318609560528     -3.044539222105
    8     -3.839461445839     -1.320202898126     -3.046154982685
    8     -3.839806082474      1.318560518657     -3.047419035077
    8      3.837287947139      1.318641100951     -3.043722444473
    8      3.837705953282      4.107822737519     -3.040154170999
    8     -3.838356844410      4.107815856278     -3.044518224808
    8     -3.836844238718     -4.107462807421     -3.045258108666
    8      3.836998629322     -4.108052502645     -3.043633427150
    8      3.838787448958     -6.743535027140     -3.039326560202
    8     -3.838113229091     -6.742911489139     -3.040919254789
    8     -3.838177118470      6.744685687540     -3.045837897123
    8      3.837471686690      6.742217670536     -3.043150699620
    8      7.669934611146     -1.318426601647     -3.044165694148
    8      7.668611226550      1.318428558363     -3.041826046970
    8      7.668794850781      4.106029365146     -3.044441347655
    8      7.669653971375     -4.108596897784     -3.042194647927
    8      7.669716453906     -6.742880049380     -3.040802791821
    8      7.670162033709      6.742332879949     -3.041185018580
  258      0.000000000000      0.000000000000     -4.794687825205
  258      0.000000000000      5.424570039800     -4.794687825205
  258      0.000000000000     -5.424570039800     -4.794687825205
  258      3.835750260160      0.000000000000     -4.794687825205
  258     -3.835750260160      0.000000000000     -4.794687825205
  258      3.835750260160      5.424570039800     -4.794687825205
  258     -3.835750260160      5.424570039800     -4.794687825205
  258     -3.835750260160     -5.424570039800     -4.794687825205
  258      3.835750260160     -5.424570039800     -4.794687825205
  258      7.671500520300      0.000000000000     -4.794687825205
  258      7.671500520300      5.424570039800     -4.794687825205
  258      7.671500520300     -5.424570039800     -4.794687825205
    8      1.917875130080      1.356142509950     -4.794687825205
    8     -1.917875130080      1.356142509950     -4.794687825205
    8     -1.917875130080     -1.356142509950     -4.794687825205
    8      1.917875130080     -1.356142509950     -4.794687825205
    8      1.917875130080      6.780712549750     -4.794687825205
    8     -1.917875130080      6.780712549750     -4.794687825205
    8     -1.917875130080     -6.780712549750     -4.794687825205
    8      1.917875130080     -6.780712549750     -4.794687825205
    8      1.917875130080     -4.068427529850     -4.794687825205
    8     -1.917875130080     -4.068427529850     -4.794687825205
    8     -1.917875130080      4.068427529850     -4.794687825205
    8      1.917875130080      4.068427529850     -4.794687825205
    8      5.753625390240      1.356142509950     -4.794687825205
    8     -5.753625390240      1.356142509950     -4.794687825205
    8     -5.753625390240     -1.356142509950     -4.794687825205
    8      5.753625390240     -1.356142509950     -4.794687825205
    8      5.753625390240      6.780712549750     -4.794687825205
    8     -5.753625390240      6.780712549750     -4.794687825205
    8     -5.753625390240     -6.780712549750     -4.794687825205
    8      5.753625390240     -6.780712549750     -4.794687825205
    8      5.753625390240     -4.068427529850     -4.794687825205
    8     -5.753625390240     -4.068427529850     -4.794687825205
    8     -5.753625390240      4.068427529850     -4.794687825205
    8      5.753625390240      4.068427529850     -4.794687825205
   14      8.156944324975      6.005879251677      6.166544273125
    8      6.692644941985      6.302619294807      6.879126066535
    8     -6.041610079827      7.115750914287      6.753219831755
    8      8.786738810791      4.526762283815      6.594384925123
    6      5.589597598157      5.487524593015      6.381543839658
    6     -4.709949460760      6.657116250636      7.137228633948
    6      8.851655779813      4.255297418429      8.015738738920
    6      4.280063914647      6.013976255818      6.913060312839
    6     -3.767237844203      7.843535383929      7.261004737443
    6      8.160567022857      2.951817070290      8.324500742497
    1      3.475210769227      5.472412473046      6.410304584040
    1     -2.735522564755      7.461135684093      7.324210025299
    1      8.204033159001      2.751472215347      9.405988615194
    1      4.223627139462    -10.389293340942      7.998084539020
    1     -3.961868788011     -7.844871858132      8.166475836123
    1      4.154763817160     -9.196687171308      6.681888298458
    1     -3.824723182787     -7.751452004031      6.403996877415
    1      5.740822500878      4.458716067866      6.704358182611
    1     -4.782749743676      6.151665585897      8.106304673948
    1      5.575689052567      5.498311278157      5.284529348610
    1     -4.353124737958      5.957447764221      6.374396399053
    1      7.122196506797      2.986599209143      7.987146093286
    1     -6.689013524875      2.119805838252      7.800823468614
    1     -5.433755626809      4.227432651961      8.307195862382
    1      8.373750911296      5.077237861075      8.567893880521
    8      5.748024352248      2.211335707614      6.469214608324
    6      6.131962579570      0.970743491711      6.990825938201
    6      5.451823242704     -0.155940151911      6.231113880620
    1      4.368466592514     -0.073094419865      6.226251869931
    1     -9.566054037801     -0.105319436180      5.187056225262
    1      5.876718546809      0.915565408073      8.066333455000
    1     -8.119809069770      0.828670661536      6.902522312621
    1      5.754306875436     -1.136521548572      6.645481858360
    0    0
