   2   1   1 E -4.5963147529619E+04 DE-3.8E-06(  7)
  0.153430010406E+02  0.000000000000E+00  0.000000000000E+00
  0.000000000000E+00  0.162737101194E+02  0.000000000000E+00
  0.000000000000E+00  0.000000000000E+00  0.500000000000E+03
    1
  0.100000000000E+01  0.000000000000E+00  0.000000000000E+00
  0.000000000000E+00  0.100000000000E+01  0.000000000000E+00
  0.000000000000E+00  0.000000000000E+00  0.100000000000E+01
  0.000000000000E+00  0.000000000000E+00  0.000000000000E+00
  249
  258      1.901856704569      2.710824555514      4.265061344135
  258     -1.923731809366      2.720756275987      4.264338370161
  258     -1.919771148273     -2.696513036814      4.264927294808
  258      1.900309488351     -2.702987077877      4.260838055848
  258      1.882912223282     -8.137570781570      4.269784234665
  258     -1.884068208680     -8.125437253683      4.267681931625
  258      5.735309246942      2.689473450787      4.355230520695
  258     -5.757013805301      2.726159460383      4.296986394302
  258     -5.748224013081     -2.720041413992      4.264749265337
  258      5.751232776418     -2.737954940527      4.267047997095
  258      5.643879796991     -8.085631942753      4.313928471085
  258     -5.638791745376     -8.080039737391      4.275112175408
    8     -0.018782479691      4.000660353199      4.364953487045
    8     -0.006511586535     -3.985396921351      4.368706337890
    8      0.001056781751     -6.858631537912      4.380789026130
    8      0.002861791813      6.880791817178      4.410178736064
    8     -0.015496679007     -1.440082730201      4.381750542947
    8     -0.020015372873      1.444900281413      4.378137089873
    8      3.778784108849      4.015606589415      4.377695896360
    8     -3.780792751802      4.012444782046      4.356769375236
    8     -3.833236678054     -3.977109852018      4.360530332991
    8      3.856285024077     -4.009029159091      4.365761065745
    8      3.862656137443     -6.863258159962      4.456087740726
    8     -3.789167956446     -6.822170563074      4.377307303782
    8     -3.811886428383      6.900905133520      4.340968797997
    8      3.800825796641      6.903172857764      4.308757782738
    8      3.756208887758     -1.488660181613      4.323163919280
    8     -3.835494776936     -1.438816970174      4.383472460716
    8     -3.849102400511      1.458207026124      4.393851711843
    8      3.725383261399      1.442981203279      4.303382587269
    8      7.600177643104      3.974442682966      4.287643209909
    8      7.653511025702     -4.085049561338      4.379579104043
    8      7.658277489050     -7.110643513755      4.313354889968
    8      8.029848000960      6.494998023718      4.666978454646
    8      7.697650721801     -1.517912591936      4.369593190441
    8      7.786776574135      1.412893674521      4.336200090464
  258     -0.011752319179      0.009824141104      2.592162846278
  258     -0.002801937818      5.416981200590      2.589265927823
  258     -0.000314769327     -5.409198911483      2.588482991422
  258      3.822729746068      0.000525957662      2.598880163258
  258     -3.843875419159      0.009282236250      2.603933514197
  258      3.832898499704      5.401487631497      2.608937021510
  258     -3.830607867813      5.423511765540      2.590952311071
  258     -3.814692494305     -5.393942845119      2.571317177806
  258      3.821073508886     -5.403843719353      2.588483148198
  258      7.673719174801      0.005835101860      2.615926618936
  258      7.669785471251      5.384554878579      2.553141846390
  258      7.670270909691     -5.438810858453      2.599614428262
    8      1.874282375376      1.366219418617      2.508400676027
    8     -1.929572521678      1.371655296235      2.536209156372
    8     -1.924954293737     -1.358946373588      2.536419274655
    8      1.882894161088     -1.365336738427      2.519367254580
    8      1.886528823434      6.796068834304      2.536557327663
    8     -1.899745856414      6.798307689268      2.541550314324
    8     -1.905101410816     -6.781316972997      2.532649902853
    8      1.934410069225     -6.788749891750      2.563103223098
    8      1.913839506324     -4.059768028228      2.533584183674
    8     -1.911519132055     -4.048465496613      2.529525123071
    8     -1.916647878190      4.069053311393      2.516799188500
    8      1.909312499360      4.066347784279      2.527176842825
    8      5.756130986091      1.331515996553      2.561140698563
    8     -5.727970444620      1.370823693100      2.507042319516
    8     -5.746852805164     -1.365148335178      2.541557721426
    8      5.750815663520     -1.382544761531      2.566138177175
    8      5.873591780151      6.816774658363      2.677527898333
    8     -5.778942442063      6.834156828245      2.545519519504
    8     -5.722708515162     -6.737407566403      2.537234461379
    8      5.702558257172     -6.778690311394      2.565639220173
    8      5.757267197307     -4.068924524094      2.525392064639
    8     -5.760306166534     -4.049605525171      2.538745780540
    8     -5.746513442513      4.089548106538      2.549465895073
    8      5.723489134874      4.102676961950      2.494921259421
  258      1.910826801039      2.710820393772      0.649650089643
  258     -1.921047807407      2.712756194261      0.646423553766
  258     -1.919171695863     -2.698377707320      0.645315728793
  258      1.913173811259     -2.703837696851      0.646422640584
  258      1.922187629789      8.135477871197      0.657467454729
  258     -1.913283914356      8.138676545226      0.651336400867
  258      5.746115932154      2.699264377881      0.683456961928
  258     -5.748304418885      2.704212092850      0.658159834918
  258     -5.759044019666     -2.705553166813      0.652524294988
  258      5.754768514939     -2.707874290259      0.654957946565
  258      5.757750486670      8.134674242652      0.675001315883
  258     -5.751242278682      8.137960417523      0.658680474471
    8     -0.002429058284      4.064687214061      0.684092639840
    8     -0.000581797151     -4.056438590726      0.687123449546
    8      0.015912227155     -6.785225573594      0.700847225463
    8     -0.001080588681      6.794265077348      0.681126951699
    8     -0.012317799830     -1.361221870786      0.679364917751
    8     -0.018978215858      1.367684854002      0.675380557741
    8      3.816623716421      4.054526102663      0.680322355079
    8     -3.840982218458      4.064228938759      0.689583922151
    8     -3.836129013131     -4.052955616548      0.688180172210
    8      3.832640925983     -4.059867817054      0.694442529835
    8      3.832367727596     -6.790278920287      0.691819224146
    8     -3.828370596447     -6.786801919225      0.687812516822
    8     -3.837134780378      6.791771945389      0.702287422294
    8      3.881585086029      6.787602372594      0.749784911132
    8      3.837839336400     -1.367812875184      0.692790133712
    8     -3.839014197104     -1.360423321134      0.689406906688
    8     -3.828689990191      1.366260242353      0.679930453941
    8      3.833420494014      1.361591124313      0.697158670484
    8      7.683400768215      4.047804255273      0.698878900233
    8      7.672780780401     -4.077009944878      0.697391908661
    8      7.662043589077     -6.802045677200      0.722675339862
    8      7.655775064227      6.769473993702      0.689188502404
    8      7.665059565789     -1.371240824811      0.698114319651
    8      7.667434306455      1.359264996024      0.697419061230
  258     -0.003139632253      0.004244811047     -1.139499986866
  258      0.001005149947      5.424637270071     -1.135944328963
  258      0.001670314450     -5.422695893000     -1.135636047375
  258      3.834893030766      0.001939249387     -1.133152498100
  258     -3.838332745045      0.001827059482     -1.135787392410
  258      3.841812223861      5.419496596446     -1.126250989075
  258     -3.837857221596      5.424493800642     -1.134838503593
  258     -3.835370442971     -5.422258886964     -1.138810344262
  258      3.837183602163     -5.424628560474     -1.133613893840
  258      7.667977695445      0.003765200264     -1.127949861827
  258      7.669445508102      5.417097783113     -1.140873227388
  258      7.670023775414     -5.424077674829     -1.130802052060
    8      1.918502987348      1.343731857914     -1.168779413900
    8     -1.922910174929      1.345848473592     -1.177511130282
    8     -1.922144700128     -1.342217793932     -1.173106739762
    8      1.917902890716     -1.343503054574     -1.167575555987
    8      1.940741550940      6.771369132292     -1.146445822466
    8     -1.922809151690      6.772768929556     -1.165604464440
    8     -1.911348570127     -6.766907131163     -1.164082594061
    8      1.918763143762     -6.771746064170     -1.164317722685
    8      1.919760474300     -4.081827863142     -1.167186549723
    8     -1.919616526202     -4.079585626517     -1.167388330407
    8     -1.920232153805      4.085660720251     -1.170306701662
    8      1.913362242474      4.084952205696     -1.175008573825
    8      5.750202749987      1.344963797022     -1.158580156435
    8     -5.756817269336      1.345688260758     -1.165542389433
    8     -5.759865666263     -1.344069700455     -1.164281991313
    8      5.753223099966     -1.345965357342     -1.164972766054
    8      5.747947988955      6.775093314506     -1.155796011094
    8     -5.756152738918      6.773346438754     -1.157715771638
    8     -5.761390674815     -6.769053134888     -1.154720651218
    8      5.760133899372     -6.776508577603     -1.145590293832
    8      5.754218072227     -4.082697037735     -1.162386868921
    8     -5.755843390413     -4.080822540098     -1.165254426786
    8     -5.755825985854      4.082806918085     -1.168239904910
    8      5.757161745534      4.079960499421     -1.152230361405
  258      1.918638941383      2.713162506922     -3.052931594947
  258     -1.918983374441      2.713026327535     -3.054603276653
  258     -1.918364489116     -2.711308067970     -3.054566665293
  258      1.918316992871     -2.711461424251     -3.053950448896
  258      1.920590739169      8.136143118309     -3.050254545160
  258     -1.917202163484      8.136886280676     -3.052168278738
  258      5.752496762244      2.710944774836     -3.045222870427
  258     -5.754329587902      2.710839376421     -3.051268300763
  258     -5.755722926089     -2.710593070295     -3.052186955712
  258      5.753862857722     -2.711209548398     -3.051771944081
  258      5.753333247719      8.136159043649     -3.046082004632
  258     -5.754657835455      8.136477929315     -3.050636090133
    8      0.000000549367     -1.319089536730     -3.046936934236
    8      0.000496745703      1.320620931058     -3.047285358710
    8     -0.001459165476      4.108843658933     -3.047897168399
    8      0.000425749954     -4.106783967987     -3.044392620275
    8      0.001562350751     -6.743112186674     -3.044743733862
    8      0.005540213926      6.745647259057     -3.038695590409
    8      3.836147701539     -1.318800168309     -3.044326718287
    8     -3.838658574742     -1.320280687047     -3.045813549012
    8     -3.839166174278      1.319062033402     -3.047665879584
    8      3.837197984427      1.318623264854     -3.043864362582
    8      3.839803093217      4.107950736936     -3.039321908919
    8     -3.837461715820      4.108797795562     -3.045111619523
    8     -3.836848155100     -4.107958587200     -3.044905322053
    8      3.836734719475     -4.107940785189     -3.044102947425
    8      3.839635143855     -6.743748301471     -3.040072774895
    8     -3.837757945912     -6.743114284131     -3.040343894454
    8     -3.838264399769      6.745127534337     -3.043641533126
    8      3.836979340928      6.741668118072     -3.042377237856
    8      7.670341978995     -1.318456722180     -3.044440152660
    8      7.668955883236      1.318614286622     -3.042225635267
    8      7.668687806947      4.106128176880     -3.043865756589
    8      7.670369064885     -4.108865428003     -3.042008428218
    8      7.670175200519     -6.743321831911     -3.040367769860
    8      7.670078238553      6.741858607879     -3.041091805232
  258      0.000000000000      0.000000000000     -4.794687825205
  258      0.000000000000      5.424570039800     -4.794687825205
  258      0.000000000000     -5.424570039800     -4.794687825205
  258      3.835750260160      0.000000000000     -4.794687825205
  258     -3.835750260160      0.000000000000     -4.794687825205
  258      3.835750260160      5.424570039800     -4.794687825205
  258     -3.835750260160      5.424570039800     -4.794687825205
  258     -3.835750260160     -5.424570039800     -4.794687825205
  258      3.835750260160     -5.424570039800     -4.794687825205
  258      7.671500520300      0.000000000000     -4.794687825205
  258      7.671500520300      5.424570039800     -4.794687825205
  258      7.671500520300     -5.424570039800     -4.794687825205
    8      1.917875130080      1.356142509950     -4.794687825205
    8     -1.917875130080      1.356142509950     -4.794687825205
    8     -1.917875130080     -1.356142509950     -4.794687825205
    8      1.917875130080     -1.356142509950     -4.794687825205
    8      1.917875130080      6.780712549750     -4.794687825205
    8     -1.917875130080      6.780712549750     -4.794687825205
    8     -1.917875130080     -6.780712549750     -4.794687825205
    8      1.917875130080     -6.780712549750     -4.794687825205
    8      1.917875130080     -4.068427529850     -4.794687825205
    8     -1.917875130080     -4.068427529850     -4.794687825205
    8     -1.917875130080      4.068427529850     -4.794687825205
    8      1.917875130080      4.068427529850     -4.794687825205
    8      5.753625390240      1.356142509950     -4.794687825205
    8     -5.753625390240      1.356142509950     -4.794687825205
    8     -5.753625390240     -1.356142509950     -4.794687825205
    8      5.753625390240     -1.356142509950     -4.794687825205
    8      5.753625390240      6.780712549750     -4.794687825205
    8     -5.753625390240      6.780712549750     -4.794687825205
    8     -5.753625390240     -6.780712549750     -4.794687825205
    8      5.753625390240     -6.780712549750     -4.794687825205
    8      5.753625390240     -4.068427529850     -4.794687825205
    8     -5.753625390240     -4.068427529850     -4.794687825205
    8     -5.753625390240      4.068427529850     -4.794687825205
    8      5.753625390240      4.068427529850     -4.794687825205
   14      8.334989965087      5.844520818264      6.100875391520
    8      6.969215114229      5.842872611509      7.001699498949
    8     -5.957046156948      7.029275185281      6.731236896634
    8      9.267578464308      4.464627706181      6.258709793626
    6      5.720359553086      5.378965180162      6.434414810909
    6     -4.629176185836      6.700299129080      7.215177359751
    6      9.541503120430      3.881196370082      7.544695397661
    6      4.550337798380      6.152775826736      7.009013929619
    6     -3.806178456198      7.969289924756      7.356329708316
    6      8.923382355200      2.496452060622      7.572314480106
    1      3.641894225385      5.774175933935      6.538989604593
    1     -2.765944361973      7.693843086210      7.619311848704
    1      8.909455904807      2.078792619017      8.588188565547
    1      4.502078294921    -10.240212189118      8.096056392010
    1     -4.193501403574     -7.644693837087      8.151197807377
    1      4.600985354212     -9.043487165596      6.797870138356
    1     -3.783670337450     -7.728170566400      6.421642324402
    1      5.607049288981      4.319350405246      6.685372969954
    1     -4.719634402823      6.206107829107      8.194419047297
    1      5.732009496078      5.473127655423      5.335707041214
    1     -4.155495371528      6.017733825111      6.499222177841
    1      7.903573759579      2.570444661618      7.186180856548
    1     -5.854919855127      1.783906807830      6.950042206172
    1     -4.708893608172      3.869100378515      7.672760360541
    1      9.113653353622      4.507661318510      8.338744238940
    8      5.895904321828      2.160488687421      6.481210156338
    6      6.144510262127      0.895369105963      7.023637088489
    6      5.396608479659     -0.172177155250      6.243175023113
    1      4.321786407091     -0.008251851482      6.210322765045
    1     -9.597880273367     -0.139205364425      5.205483711135
    1      5.852469094249      0.869876198353      8.094092711847
    1     -8.121779980239      0.648150112297      6.976537317833
    1      5.606165508879     -1.177057111194      6.659667994725
    0    0
