   2   1   1 E -4.5963144397689E+04 DE-3.9E-06(  8)
  0.153430010406E+02  0.000000000000E+00  0.000000000000E+00
  0.000000000000E+00  0.162737101194E+02  0.000000000000E+00
  0.000000000000E+00  0.000000000000E+00  0.500000000000E+03
    1
  0.100000000000E+01  0.000000000000E+00  0.000000000000E+00
  0.000000000000E+00  0.100000000000E+01  0.000000000000E+00
  0.000000000000E+00  0.000000000000E+00  0.100000000000E+01
  0.000000000000E+00  0.000000000000E+00  0.000000000000E+00
  249
  258      1.895267889094      2.708048614528      4.264625803525
  258     -1.932720457001      2.721490612067      4.265369200760
  258     -1.923308052120     -2.693371570997      4.264072355893
  258      1.896964128331     -2.704129771290      4.260425959688
  258      1.878004635227     -8.137219139703      4.270621262325
  258     -1.885390253046     -8.125489693562      4.264173057925
  258      5.724567673706      2.688411215119      4.344565197919
  258     -5.769195488294      2.738328256651      4.321327138608
  258     -5.749921460925     -2.715667076950      4.264618852900
  258      5.744709391507     -2.736778035830      4.265135829486
  258      5.640069134311     -8.085821830335      4.323359562506
  258     -5.633928487243     -8.068157737833      4.270269673579
    8     -0.023291343401      3.999705569513      4.363365835919
    8     -0.009874681064     -3.983406484584      4.367980977941
    8     -0.001622286446     -6.857157297728      4.377967206523
    8     -0.001298871392      6.881248914107      4.415763829252
    8     -0.018024236857     -1.438299387059      4.380179794210
    8     -0.030959603551      1.446354599036      4.377919186155
    8      3.767044943318      4.013606471792      4.374541998447
    8     -3.817348920339      4.026217107373      4.373642581850
    8     -3.834622608347     -3.968787518598      4.358054080457
    8      3.848021329002     -4.009380254467      4.363382744609
    8      3.866181782349     -6.862064073457      4.467290112774
    8     -3.788400820095     -6.810403926154      4.372766852969
    8     -3.814075403950      6.910851369591      4.341425849748
    8      3.792835039172      6.910703620721      4.297782605866
    8      3.761121376862     -1.490523976271      4.329857788602
    8     -3.840811168670     -1.430956221520      4.386920511230
    8     -3.839320356484      1.469637767146      4.390755196550
    8      3.716922649137      1.435786835525      4.300793654470
    8      7.593172309995      3.959672314823      4.256490631336
    8      7.650625261156     -4.086462283136      4.382122750424
    8      7.654863876475     -7.117882536826      4.302719619140
    8      8.073321065660      6.487007156028      4.642765219796
    8      7.698654045691     -1.515637913440      4.364642330330
    8      7.764096005359      1.415092905951      4.358053763294
  258     -0.017301210131      0.011317532442      2.591966771582
  258     -0.007554084888      5.415976683576      2.590213803757
  258     -0.002161226863     -5.407547189593      2.587135028860
  258      3.816198369057     -0.001212022917      2.598418298275
  258     -3.850284442880      0.017156583468      2.606956696919
  258      3.826405998778      5.402314034548      2.608111160757
  258     -3.839422649847      5.423516810106      2.594646823943
  258     -3.814303297797     -5.389015282945      2.566623124641
  258      3.819068412665     -5.407061670496      2.588709114390
  258      7.671807974631      0.010389083785      2.621150399029
  258      7.667809565613      5.388760366549      2.548951972471
  258      7.666749401444     -5.434349807468      2.598336746459
    8      1.866974552222      1.366361510936      2.507449233129
    8     -1.932790398374      1.375348217010      2.534502627141
    8     -1.929881876825     -1.354982546821      2.537154355499
    8      1.884449843559     -1.366097354436      2.522332852575
    8      1.876617873005      6.795914960850      2.536522678634
    8     -1.900020799239      6.798300929987      2.539753626134
    8     -1.907831453951     -6.780537309593      2.530239166717
    8      1.933808477176     -6.789152059133      2.565569505265
    8      1.910206610808     -4.059864199983      2.532187104695
    8     -1.913369185537     -4.044928723410      2.527584998957
    8     -1.932403846762      4.070023454690      2.526865240342
    8      1.902902861550      4.066449633067      2.524961674084
    8      5.749679826743      1.330694015078      2.556223919935
    8     -5.740516906830      1.377402693887      2.530303048127
    8     -5.746065732355     -1.358408897935      2.540779273422
    8      5.746016733836     -1.381201257414      2.565193686669
    8      5.874852735953      6.819692053828      2.682065341709
    8     -5.776152807916      6.840788953755      2.535202669679
    8     -5.721127558225     -6.729836496491      2.532368328645
    8      5.695465862336     -6.781233018756      2.571552762482
    8      5.753024901104     -4.068574398928      2.524916507513
    8     -5.763038559380     -4.044563765532      2.537990384984
    8     -5.747123285096      4.085473085869      2.549696893419
    8      5.711309867442      4.108441379487      2.490728743969
  258      1.907025176737      2.711781487959      0.649347811121
  258     -1.925651945546      2.714380938901      0.647423898402
  258     -1.921318868846     -2.695454654568      0.644494098544
  258      1.910768667701     -2.703197922642      0.645723332024
  258      1.919560079524      8.136005338932      0.657951409022
  258     -1.915599213314      8.138601551076      0.650075694208
  258      5.743207082178      2.700933365059      0.677896377974
  258     -5.752856178454      2.705342911854      0.668029195060
  258     -5.761407552811     -2.703130469699      0.653204260758
  258      5.752259189311     -2.706708855337      0.654258751895
  258      5.755641526820      8.134934185586      0.677220707647
  258     -5.751160199733      8.139972882848      0.657100529570
    8     -0.011149492498      4.065151554176      0.687841667212
    8     -0.002514718795     -4.055344806447      0.686954078652
    8      0.014025963769     -6.784836837104      0.700417575285
    8     -0.002810744881      6.793969221893      0.677999366557
    8     -0.012592325343     -1.359870204069      0.681388350033
    8     -0.023135013272      1.367942245766      0.674466108785
    8      3.813132291347      4.055459911091      0.677407407394
    8     -3.842145080959      4.066072384900      0.688908894222
    8     -3.837344918805     -4.049061017593      0.685003322912
    8      3.830055513648     -4.060674418989      0.693891799761
    8      3.831260963268     -6.790504038478      0.693959925682
    8     -3.827539521362     -6.784279931461      0.682912884375
    8     -3.839678551400      6.793105086662      0.704041980078
    8      3.877845865691      6.786910792172      0.750850770830
    8      3.833303515611     -1.367134699676      0.690379260653
    8     -3.840193755199     -1.357635296183      0.689672183098
    8     -3.837858453308      1.367578547690      0.686900088879
    8      3.828876432828      1.364622431059      0.696599617896
    8      7.676490648814      4.048803177356      0.697744442601
    8      7.669027329488     -4.073680241389      0.697207071521
    8      7.657609756027     -6.797340797871      0.724263296313
    8      7.653487501411      6.773077960820      0.685948518807
    8      7.663586087616     -1.367963767533      0.701408022038
    8      7.667955936952      1.361556644327      0.701858814941
  258     -0.005224715649      0.005230469568     -1.139519295801
  258     -0.001680316467      5.425022419201     -1.135917516507
  258      0.000205952996     -5.422234971914     -1.136345743283
  258      3.833515042486      0.003062966204     -1.132559467571
  258     -3.841445892989      0.003226355184     -1.133675924739
  258      3.838893987159      5.420668819103     -1.126933706675
  258     -3.840314587121      5.424890216962     -1.133504413916
  258     -3.836586469269     -5.420616588595     -1.140535634110
  258      3.835759366665     -5.424332457169     -1.133645880930
  258      7.666844372809      0.004931346653     -1.126770329631
  258      7.667962313924      5.417244419633     -1.141628054883
  258      7.668172620241     -5.423316288886     -1.131539843395
    8      1.915607815450      1.345147037555     -1.169230650558
    8     -1.926588639298      1.347736591596     -1.175469424277
    8     -1.923389434191     -1.340272620783     -1.173066338602
    8      1.915960773207     -1.341963074602     -1.168404715428
    8      1.939598191026      6.772403092041     -1.146808733885
    8     -1.925961098381      6.772639805108     -1.165922348643
    8     -1.911333299567     -6.766313176242     -1.165949534284
    8      1.917916764353     -6.771237733197     -1.162679034773
    8      1.917437319568     -4.081002287325     -1.168177372334
    8     -1.919544579224     -4.078035568007     -1.167878550406
    8     -1.922086091583      4.085376876550     -1.169955948576
    8      1.909305674665      4.086063447348     -1.173666855626
    8      5.749626206075      1.345789157563     -1.158065535448
    8     -5.758957258675      1.345522398387     -1.161488773177
    8     -5.760713601191     -1.342616252233     -1.163310597414
    8      5.751939818418     -1.344145442468     -1.162845611861
    8      5.745500220581      6.775254709542     -1.154399861700
    8     -5.756416912529      6.773739605403     -1.159015523808
    8     -5.764315370247     -6.767222628551     -1.155987080765
    8      5.757964490999     -6.775932823068     -1.145100898089
    8      5.753228655627     -4.080720809511     -1.162855197886
    8     -5.758201076532     -4.079017022223     -1.165367133128
    8     -5.758495107446      4.082794558851     -1.163895931166
    8      5.754227269479      4.079694420508     -1.156980920157
  258      1.917171948528      2.713358386694     -3.053181116634
  258     -1.920663959351      2.713261337698     -3.053702852223
  258     -1.919153032540     -2.710380434481     -3.054944671149
  258      1.917921280176     -2.710909943398     -3.054085283759
  258      1.919574318521      8.136397165724     -3.049853196086
  258     -1.917993130773      8.136936459775     -3.052520215866
  258      5.751768070016      2.711279123495     -3.046388627799
  258     -5.754854717938      2.711338044874     -3.049219191482
  258     -5.756609453551     -2.709912218283     -3.051720669271
  258      5.753052564704     -2.710560870427     -3.051877500678
  258      5.752423413094      8.136300461899     -3.045471298928
  258     -5.755532824302      8.136447992451     -3.051030782662
    8     -0.000826109946     -1.318397647920     -3.046874251519
    8     -0.000766931091      1.321124492387     -3.047303238672
    8     -0.002652534538      4.109314880696     -3.047729035680
    8     -0.000545697156     -4.106581698058     -3.045333623976
    8      0.001905147661     -6.743120797467     -3.044936554213
    8      0.004486928911      6.745937455533     -3.038532288306
    8      3.835974939709     -1.318307440778     -3.044240032392
    8     -3.839527173052     -1.318974058428     -3.045956119826
    8     -3.840571183153      1.319765860779     -3.046141946957
    8      3.836163774442      1.318583505319     -3.043820178942
    8      3.837471481602      4.108099768329     -3.040027610308
    8     -3.838940921115      4.108406927509     -3.044185850741
    8     -3.837550839871     -4.107078049408     -3.044969125935
    8      3.836635278163     -4.107365695555     -3.043298944973
    8      3.838548201539     -6.743023367485     -3.039613947122
    8     -3.838528358952     -6.743008419654     -3.040616026295
    8     -3.839137246585      6.744843228992     -3.044509007839
    8      3.836321873148      6.742410573916     -3.042609202168
    8      7.669660997789     -1.317970340729     -3.043082294670
    8      7.668969704277      1.318672320593     -3.041547988061
    8      7.669164207946      4.106419140631     -3.044111677650
    8      7.669735246490     -4.108060234097     -3.042515134332
    8      7.668694073262     -6.742946654371     -3.040598617133
    8      7.669254196157      6.742147895997     -3.040770387822
  258      0.000000000000      0.000000000000     -4.794687825205
  258      0.000000000000      5.424570039800     -4.794687825205
  258      0.000000000000     -5.424570039800     -4.794687825205
  258      3.835750260160      0.000000000000     -4.794687825205
  258     -3.835750260160      0.000000000000     -4.794687825205
  258      3.835750260160      5.424570039800     -4.794687825205
  258     -3.835750260160      5.424570039800     -4.794687825205
  258     -3.835750260160     -5.424570039800     -4.794687825205
  258      3.835750260160     -5.424570039800     -4.794687825205
  258      7.671500520300      0.000000000000     -4.794687825205
  258      7.671500520300      5.424570039800     -4.794687825205
  258      7.671500520300     -5.424570039800     -4.794687825205
    8      1.917875130080      1.356142509950     -4.794687825205
    8     -1.917875130080      1.356142509950     -4.794687825205
    8     -1.917875130080     -1.356142509950     -4.794687825205
    8      1.917875130080     -1.356142509950     -4.794687825205
    8      1.917875130080      6.780712549750     -4.794687825205
    8     -1.917875130080      6.780712549750     -4.794687825205
    8     -1.917875130080     -6.780712549750     -4.794687825205
    8      1.917875130080     -6.780712549750     -4.794687825205
    8      1.917875130080     -4.068427529850     -4.794687825205
    8     -1.917875130080     -4.068427529850     -4.794687825205
    8     -1.917875130080      4.068427529850     -4.794687825205
    8      1.917875130080      4.068427529850     -4.794687825205
    8      5.753625390240      1.356142509950     -4.794687825205
    8     -5.753625390240      1.356142509950     -4.794687825205
    8     -5.753625390240     -1.356142509950     -4.794687825205
    8      5.753625390240     -1.356142509950     -4.794687825205
    8      5.753625390240      6.780712549750     -4.794687825205
    8     -5.753625390240      6.780712549750     -4.794687825205
    8     -5.753625390240     -6.780712549750     -4.794687825205
    8      5.753625390240     -6.780712549750     -4.794687825205
    8      5.753625390240     -4.068427529850     -4.794687825205
    8     -5.753625390240     -4.068427529850     -4.794687825205
    8     -5.753625390240      4.068427529850     -4.794687825205
    8      5.753625390240      4.068427529850     -4.794687825205
   14      8.327005875757      5.894131045522      6.105413478994
    8      6.933605953617      5.984738680505      6.967301013016
    8     -5.945369647442      7.050192437148      6.730686091540
    8      9.195222784114      4.476471480582      6.301047912164
    6      5.719056592067      5.400628982546      6.411182384342
    6     -4.619111678567      6.702891730823      7.182666530743
    6      9.415600705472      3.975026425352      7.640181238162
    6      4.488361558894      6.095301390097      6.965449428353
    6     -3.769838123512      7.953234176196      7.328155913533
    6      8.715463948482      2.637905178939      7.742711699309
    1      3.622947568441      5.656326409511      6.470085645384
    1     -2.723092869462      7.651857367045      7.499482915502
    1      8.757520101756      2.248186134245      8.767364403543
    1      4.418604360310    -10.309351729000      8.045820923938
    1     -4.084433275348     -7.699106509203      8.173339209525
    1      4.475782359861     -9.103405890441      6.750825873957
    1     -3.792215348607     -7.700804855161      6.430133435188
    1      5.691592507114      4.331889653838      6.682126185389
    1     -4.703694340585      6.195568790261      8.150798665748
    1      5.724798988381      5.483195558972      5.307334941170
    1     -4.162694174904      6.026683360522      6.455608056826
    1      7.678510841439      2.758295164114      7.428811893752
    1     -6.167163279659      1.893392723525      7.080071073029
    1     -4.838776844251      3.902454982678      7.783432194531
    1      9.012724542213      4.685481559935      8.378891853200
    8      5.853425364405      2.166839589933      6.478056383761
    6      6.190087676053      0.896409927907      6.966671544161
    6      5.372507921798     -0.182797165300      6.258903173574
    1      4.292131967107     -0.029326786304      6.327287051662
    1     -9.721384047564     -0.157286605163      5.191207703897
    1      6.032813219649      0.853292906872      8.071411336736
    1     -8.081447703185      0.672717761964      6.771684444048
    1      5.630163322701     -1.184000393401      6.657580533740
    0    0
