   2   1   1 E -4.5963128724182E+04 DE 1.6E-06(  8)
  0.153430010406E+02  0.000000000000E+00  0.000000000000E+00
  0.000000000000E+00  0.162737101194E+02  0.000000000000E+00
  0.000000000000E+00  0.000000000000E+00  0.500000000000E+03
    1
  0.100000000000E+01  0.000000000000E+00  0.000000000000E+00
  0.000000000000E+00  0.100000000000E+01  0.000000000000E+00
  0.000000000000E+00  0.000000000000E+00  0.100000000000E+01
  0.000000000000E+00  0.000000000000E+00  0.000000000000E+00
  249
  258      1.895076071057      2.714927269819      4.265323029750
  258     -1.933349393738      2.720186437735      4.269211865348
  258     -1.920778834424     -2.693758468556      4.265053533797
  258      1.897993170782     -2.699266921013      4.261670759289
  258      1.885802790185     -8.135308909218      4.269265531657
  258     -1.883251315033     -8.126508265669      4.264952802069
  258      5.722210140087      2.715533015393      4.357236315766
  258     -5.776750896479      2.730247278618      4.307909510303
  258     -5.749444824075     -2.716980603144      4.263137171321
  258      5.751172034047     -2.733986841499      4.270216763672
  258      5.650611581157     -8.088272793234      4.313620592818
  258     -5.640662914180     -8.077244810371      4.271334834240
    8     -0.029557188154      4.000755412204      4.363086189017
    8     -0.011636968848     -3.983837420469      4.365823369513
    8     -0.002157632838     -6.858368941175      4.371203291924
    8     -0.003270757402      6.879650913561      4.418023044226
    8     -0.016525159584     -1.438939986655      4.385084103497
    8     -0.030877001322      1.448924955039      4.382385906369
    8      3.768026466525      4.024385448602      4.376123491391
    8     -3.854187762655      4.037231547150      4.413033199994
    8     -3.828802846247     -3.971493874733      4.359952571654
    8      3.865077086944     -4.004803841537      4.372817865989
    8      3.852206567197     -6.865314551606      4.468194385633
    8     -3.811131900204     -6.818622829362      4.398542367437
    8     -3.804454682601      6.915021948854      4.289809120386
    8      3.794557071655      6.915173354962      4.249202837576
    8      3.748136381922     -1.482962186861      4.321633295901
    8     -3.839288193514     -1.432036137154      4.381764888159
    8     -3.831408573948      1.472862165519      4.379702072944
    8      3.716619921459      1.449243340954      4.289699653869
    8      7.636477315028      3.958323213139      4.246350187991
    8      7.646927201078     -4.077655475870      4.375860784390
    8      7.660290848988     -7.094970184114      4.299209021900
    8      7.949329649513      6.502287985047      4.661840009603
    8      7.706775650428     -1.515152609389      4.371055751909
    8      7.774267260222      1.410536448055      4.368898936279
  258     -0.015095463891      0.013177892273      2.593102515349
  258     -0.009742559378      5.419809038509      2.589679501319
  258     -0.001079390710     -5.407050944729      2.588954494990
  258      3.821775210724      0.006982282824      2.602301317454
  258     -3.847742231083      0.013776952364      2.604821055678
  258      3.823101729723      5.405638058253      2.593535738196
  258     -3.841238895654      5.419815913499      2.588009587411
  258     -3.815995686550     -5.391557840653      2.574148221360
  258      3.822146149086     -5.403060252639      2.594135929400
  258      7.667795282892      0.012335756501      2.623354487597
  258      7.671188882483      5.386050112929      2.549499373869
  258      7.667279851116     -5.436349851210      2.596894290432
    8      1.864326540124      1.369404740450      2.507091636624
    8     -1.928116177170      1.375762345071      2.534376842735
    8     -1.926800539538     -1.354979280150      2.536115625602
    8      1.874758079465     -1.362107586874      2.516160487291
    8      1.867428857691      6.797483853958      2.528781414842
    8     -1.887714662965      6.796750901453      2.532032704308
    8     -1.918267506860     -6.779341417276      2.538287649539
    8      1.934491019914     -6.786451622031      2.563021146789
    8      1.916962445086     -4.057138671873      2.539551373668
    8     -1.913491751126     -4.046886357468      2.526952867216
    8     -1.946763388526      4.066424356458      2.537736494081
    8      1.903151456550      4.067419715937      2.524090474389
    8      5.754894135557      1.345010147610      2.564482091564
    8     -5.739140228573      1.383450501853      2.536129291691
    8     -5.750745550229     -1.358331756042      2.540439690534
    8      5.752731200458     -1.373752475368      2.573182983010
    8      5.871682300123      6.826349153553      2.655467580692
    8     -5.801292799849      6.829179396740      2.557551200574
    8     -5.718136517567     -6.741587017565      2.536258274903
    8      5.699149302554     -6.771318959684      2.568951764560
    8      5.754284758104     -4.060017341902      2.525628496860
    8     -5.760288807637     -4.049810793440      2.540556246165
    8     -5.736500795209      4.079264126325      2.533602059067
    8      5.713507199241      4.115072216949      2.501900159118
  258      1.904847948371      2.710921892423      0.649572215398
  258     -1.926535463663      2.713531574162      0.647830329645
  258     -1.919978294023     -2.697697746797      0.645729791285
  258      1.913113140213     -2.701488250580      0.648363204754
  258      1.918226452801      8.137677503769      0.658204417486
  258     -1.917232849544      8.139949856559      0.650774720952
  258      5.742949973583      2.701991798678      0.682718587248
  258     -5.753579240637      2.703535936334      0.662187051828
  258     -5.761292156584     -2.702444254332      0.653237800842
  258      5.752475129109     -2.704495442454      0.657296704705
  258      5.754491437543      8.135147226096      0.672576739411
  258     -5.754063716267      8.140032202192      0.656829407119
    8     -0.016381072548      4.066479363603      0.692680825951
    8      0.001564560081     -4.054250842716      0.688777372115
    8      0.007246327523     -6.783143852129      0.702956184185
    8     -0.004076412776      6.796713958127      0.670758399200
    8     -0.017231514653     -1.358931537840      0.676846579246
    8     -0.021627847202      1.370135589594      0.671379726703
    8      3.815524205911      4.053758328380      0.676961435002
    8     -3.836315189535      4.063574333568      0.679287240384
    8     -3.839724549408     -4.050956105315      0.689296665656
    8      3.830449831893     -4.059303728676      0.695611325342
    8      3.832910933419     -6.787213021883      0.696647563029
    8     -3.829852486647     -6.783644455138      0.684196627628
    8     -3.849504667693      6.792499214733      0.714814284294
    8      3.870660095196      6.790358535496      0.737613905730
    8      3.839674563918     -1.366126440602      0.697070801089
    8     -3.841196989664     -1.358769825516      0.690464344521
    8     -3.837413293595      1.365693293472      0.688402525381
    8      3.829675045216      1.362474282194      0.697933316648
    8      7.673975185665      4.046973983936      0.695779059276
    8      7.672650206913     -4.072125026557      0.697201397118
    8      7.660432931368     -6.798421910768      0.722116879855
    8      7.661829612894      6.772381620547      0.682847340354
    8      7.661523032646     -1.366358096457      0.700332964658
    8      7.668712468841      1.359075574146      0.701886218870
  258     -0.005452809127      0.004496443546     -1.139275001963
  258     -0.002887870898      5.425462015651     -1.136016418651
  258      0.000806871459     -5.421562641791     -1.135546056690
  258      3.832929782298      0.003301472960     -1.132109925166
  258     -3.839982090299      0.002284802651     -1.135380264277
  258      3.837760619530      5.420251628226     -1.130819922157
  258     -3.840908640799      5.424791786199     -1.135907256277
  258     -3.837151478894     -5.420313701210     -1.138280858930
  258      3.835881857219     -5.423164443345     -1.131488887453
  258      7.666506653900      0.004348387197     -1.125760227907
  258      7.667642622312      5.418508090844     -1.142097480816
  258      7.668056934616     -5.421655144305     -1.131830984708
    8      1.917494579855      1.344269999265     -1.169480871722
    8     -1.928888625081      1.346820538495     -1.174748089384
    8     -1.925561869105     -1.341357297347     -1.174170694956
    8      1.918832400218     -1.342403461551     -1.164872349401
    8      1.936949025489      6.772235895060     -1.151068170892
    8     -1.933080445111      6.773299418773     -1.162795237313
    8     -1.912385530873     -6.766464642766     -1.165627619970
    8      1.916199952074     -6.769924730942     -1.161643015454
    8      1.919123746556     -4.079913039659     -1.167582137064
    8     -1.920106261322     -4.078705552354     -1.166314911695
    8     -1.918190764741      4.085404862045     -1.173736122913
    8      1.907600239536      4.084987954444     -1.171892912118
    8      5.749561525854      1.347465789101     -1.155837392787
    8     -5.757242983002      1.346287051341     -1.164770966574
    8     -5.762328683877     -1.343477327638     -1.163103957355
    8      5.751594072533     -1.344235885917     -1.165225224682
    8      5.747352504863      6.774862336886     -1.156498744273
    8     -5.753197025359      6.774774243357     -1.160160691440
    8     -5.763585681737     -6.768189857658     -1.154923123371
    8      5.758010248840     -6.774587174414     -1.146524581130
    8      5.752887034876     -4.080684126261     -1.160596314258
    8     -5.757096682271     -4.079191348980     -1.165643543135
    8     -5.758887977556      4.083646429017     -1.165472115506
    8      5.753955612720      4.080341437823     -1.154805203266
  258      1.917110740920      2.713180013629     -3.053312991985
  258     -1.920099810713      2.713335841335     -3.053833531155
  258     -1.918873494952     -2.711002181232     -3.054635521620
  258      1.918131008232     -2.711107653899     -3.053117835928
  258      1.919328311900      8.136804328819     -3.049899906772
  258     -1.918415031597      8.137319261368     -3.052158845226
  258      5.752467805459      2.710589209261     -3.045232241215
  258     -5.755061055824      2.711213487642     -3.050427141864
  258     -5.756137864578     -2.709740873155     -3.052200701485
  258      5.753102800125     -2.710574086464     -3.051252700391
  258      5.752290014768      8.136884653347     -3.047332047483
  258     -5.755421594504      8.137038244640     -3.051088938332
    8      0.000157526952     -1.318834468072     -3.046064595246
    8     -0.000980048962      1.320525091267     -3.046626197307
    8     -0.000882309954      4.108858504026     -3.049504031610
    8     -0.000232911879     -4.106163827986     -3.043934965517
    8      0.001409613407     -6.742174043861     -3.044215905646
    8      0.001838265482      6.746152806280     -3.038007854839
    8      3.835208857467     -1.318000200806     -3.043797653729
    8     -3.840192676644     -1.319538983290     -3.045148366018
    8     -3.839981299459      1.318766641507     -3.047667593875
    8      3.837344579031      1.319145083215     -3.043332504944
    8      3.837215654592      4.108317089830     -3.039787743868
    8     -3.839111451906      4.108201108660     -3.043899576116
    8     -3.837071474620     -4.106911202445     -3.045120294893
    8      3.836575159376     -4.107595572511     -3.044092512912
    8      3.838243712825     -6.743202478581     -3.038984382371
    8     -3.838575012143     -6.742422835345     -3.040808521922
    8     -3.838713480634      6.744712355942     -3.045827927290
    8      3.836483369307      6.742628610456     -3.042832389119
    8      7.670024135087     -1.317730375947     -3.044405683604
    8      7.667891276247      1.319055954934     -3.041694960953
    8      7.668517209828      4.106618920836     -3.044501062930
    8      7.669442359475     -4.108169043441     -3.041901779625
    8      7.669111582799     -6.742567958844     -3.040305218914
    8      7.669712469794      6.742800318788     -3.041476312570
  258      0.000000000000      0.000000000000     -4.794687825205
  258      0.000000000000      5.424570039800     -4.794687825205
  258      0.000000000000     -5.424570039800     -4.794687825205
  258      3.835750260160      0.000000000000     -4.794687825205
  258     -3.835750260160      0.000000000000     -4.794687825205
  258      3.835750260160      5.424570039800     -4.794687825205
  258     -3.835750260160      5.424570039800     -4.794687825205
  258     -3.835750260160     -5.424570039800     -4.794687825205
  258      3.835750260160     -5.424570039800     -4.794687825205
  258      7.671500520300      0.000000000000     -4.794687825205
  258      7.671500520300      5.424570039800     -4.794687825205
  258      7.671500520300     -5.424570039800     -4.794687825205
    8      1.917875130080      1.356142509950     -4.794687825205
    8     -1.917875130080      1.356142509950     -4.794687825205
    8     -1.917875130080     -1.356142509950     -4.794687825205
    8      1.917875130080     -1.356142509950     -4.794687825205
    8      1.917875130080      6.780712549750     -4.794687825205
    8     -1.917875130080      6.780712549750     -4.794687825205
    8     -1.917875130080     -6.780712549750     -4.794687825205
    8      1.917875130080     -6.780712549750     -4.794687825205
    8      1.917875130080     -4.068427529850     -4.794687825205
    8     -1.917875130080     -4.068427529850     -4.794687825205
    8     -1.917875130080      4.068427529850     -4.794687825205
    8      1.917875130080      4.068427529850     -4.794687825205
    8      5.753625390240      1.356142509950     -4.794687825205
    8     -5.753625390240      1.356142509950     -4.794687825205
    8     -5.753625390240     -1.356142509950     -4.794687825205
    8      5.753625390240     -1.356142509950     -4.794687825205
    8      5.753625390240      6.780712549750     -4.794687825205
    8     -5.753625390240      6.780712549750     -4.794687825205
    8     -5.753625390240     -6.780712549750     -4.794687825205
    8      5.753625390240     -6.780712549750     -4.794687825205
    8      5.753625390240     -4.068427529850     -4.794687825205
    8     -5.753625390240     -4.068427529850     -4.794687825205
    8     -5.753625390240      4.068427529850     -4.794687825205
    8      5.753625390240      4.068427529850     -4.794687825205
   14      8.021143912255      6.072543802066      6.200873838927
    8      6.542872414629      6.510675185180      6.831732968883
    8     -6.094745644095      7.098297557943      6.767767637535
    8      8.440582380066      4.575721847055      6.772192839591
    6      5.441076701314      5.626451757219      6.458529898977
    6     -4.780638464270      6.528544395596      7.045303430811
    6      8.375352904026      4.447419960456      8.218916558574
    6      4.143828919069      6.212072269298      6.976888668004
    6     -3.763395312065      7.643529986767      7.220099849586
    6      7.814692728405      3.098502058016      8.603130174458
    1      3.316850457367      5.638393823934      6.547049890607
    1     -2.754104807239      7.203561182144      7.198935445292
    1      7.821692351779      2.993556416740      9.696583741276
    1      4.104071623510    -10.087181593401      8.073415102511
    1     -3.887095957967     -8.112423194531      8.177357871076
    1      4.020218635473     -9.021315338554      6.648636744146
    1     -3.818654331492     -7.880859259134      6.424872116083
    1      5.613238567892      4.623384840217      6.863642918957
    1     -4.832217634367      5.944260302546      7.970112399415
    1      5.389205686362      5.538785931808      5.363754641969
    1     -4.489483940973      5.870324089669      6.217907193832
    1      6.799322372318      2.990689608775      8.223907697171
    1     -6.920434284629      2.290987670401      8.178788163154
    1     -5.954763178388      4.576279433058      8.631939474487
    1      7.743274239500      5.248759805818      8.633804628701
    8      5.698910909964      2.254139342663      6.478624850522
    6      6.021478312248      1.018860611696      7.050399131230
    6      5.466290567388     -0.136165311152      6.224337924448
    1      4.386975110475     -0.094814732107      6.124264991034
    1     -9.456835416153     -0.087961739964      5.216896411365
    1      5.614656778136      0.954401845341      8.082863796647
    1     -8.222443831190      0.899810928929      7.130633477145
    1      5.765340745138     -1.103399386848      6.670101640990
    0    0
