   2   1   1 E -4.5963136076341E+04 DE-3.4E-06(  7)
  0.153430010406E+02  0.000000000000E+00  0.000000000000E+00
  0.000000000000E+00  0.162737101194E+02  0.000000000000E+00
  0.000000000000E+00  0.000000000000E+00  0.500000000000E+03
    1
  0.100000000000E+01  0.000000000000E+00  0.000000000000E+00
  0.000000000000E+00  0.100000000000E+01  0.000000000000E+00
  0.000000000000E+00  0.000000000000E+00  0.100000000000E+01
  0.000000000000E+00  0.000000000000E+00  0.000000000000E+00
  249
  258      1.898417436043      2.709455018966      4.265215809106
  258     -1.929961944836      2.720041639616      4.268655727366
  258     -1.920667317502     -2.694826038685      4.263832426856
  258      1.899750993152     -2.704322408011      4.260367167164
  258      1.885315769342     -8.138619318539      4.270255285456
  258     -1.881010511484     -8.125547721256      4.264952417344
  258      5.729540959851      2.701937761526      4.340913790827
  258     -5.768642061079      2.729817946733      4.310289814601
  258     -5.748738601922     -2.719082399908      4.263071302778
  258      5.748618525379     -2.739780526161      4.266939325764
  258      5.651065969897     -8.090245198083      4.320210124183
  258     -5.635033553369     -8.073568334648      4.269970143652
    8     -0.024353539729      3.999065239549      4.363716003183
    8     -0.009115730425     -3.984886807521      4.366035413172
    8      0.001203592449     -6.858568663553      4.373933155648
    8     -0.000814409962      6.880180040422      4.417604420331
    8     -0.014327322936     -1.439280880928      4.383558903485
    8     -0.029369438884      1.445988864059      4.381491391003
    8      3.769327637214      4.016105248211      4.370493767270
    8     -3.839709571089      4.033708308287      4.402001909742
    8     -3.829701580798     -3.971951426579      4.358251293955
    8      3.856717871425     -4.009746301946      4.367494145315
    8      3.863288746411     -6.867557787263      4.470408354975
    8     -3.800906850895     -6.811773988014      4.389905129820
    8     -3.803364229467      6.913692641236      4.307322661312
    8      3.795961695761      6.914623586285      4.262631323304
    8      3.758079476407     -1.489823170266      4.326143597790
    8     -3.838877852236     -1.433238798491      4.384263596322
    8     -3.828209920402      1.469167781462      4.383728841791
    8      3.718713279490      1.439853367450      4.291674311482
    8      7.633353203228      3.951577145308      4.243784106968
    8      7.649504676745     -4.085292797156      4.377420415193
    8      7.660233355457     -7.110136812572      4.297759267068
    8      8.015726450554      6.487033341362      4.649294225963
    8      7.705476047592     -1.520254515876      4.363565937497
    8      7.769862805455      1.407599460983      4.361589143019
  258     -0.013838764991      0.010517672466      2.592843383068
  258     -0.007154936289      5.416948933878      2.590022343693
  258      0.000429402862     -5.409000328376      2.588094032389
  258      3.821009940466     -0.000087706799      2.599070260303
  258     -3.845698101721      0.013016971196      2.604796478473
  258      3.826550573854      5.402865287113      2.597926276000
  258     -3.836723872065      5.419013818504      2.590124352120
  258     -3.813936834948     -5.391487493748      2.570586498200
  258      3.823296254010     -5.407792031457      2.591583656873
  258      7.671276393194      0.006686473043      2.617701484987
  258      7.676158663055      5.385965131523      2.548511279724
  258      7.667776622219     -5.438093971839      2.597030992039
    8      1.865888880915      1.365834421928      2.507410944297
    8     -1.926847698330      1.374178635907      2.534187689453
    8     -1.925735829810     -1.357292662970      2.537024079495
    8      1.882641485305     -1.367248934905      2.520451070638
    8      1.871386433282      6.795284642620      2.531548211192
    8     -1.888734838271      6.796375105691      2.533884653888
    8     -1.912806382093     -6.780526639934      2.535811525004
    8      1.935945739861     -6.789146101547      2.563817230762
    8      1.915181707600     -4.061390720172      2.535420015840
    8     -1.912520072235     -4.047300837935      2.526796328792
    8     -1.939169271024      4.066412937190      2.535045449511
    8      1.904121826172      4.065201511181      2.524202370944
    8      5.756310970794      1.335360001616      2.555663604556
    8     -5.736136608119      1.379165680279      2.533094737495
    8     -5.746038822443     -1.361261472112      2.539049425430
    8      5.750109354013     -1.380763382594      2.566946101930
    8      5.876428964047      6.824633727145      2.667163163688
    8     -5.790201046108      6.830535810118      2.549428277552
    8     -5.717376051935     -6.737841470616      2.532987164077
    8      5.700988403809     -6.777112766889      2.571961704943
    8      5.754166483970     -4.067444906251      2.525241168533
    8     -5.759827694952     -4.050510292453      2.538293825772
    8     -5.735231558044      4.079841582320      2.533964708340
    8      5.717208543093      4.111703418283      2.496610867243
  258      1.906758191157      2.709850948976      0.648684140440
  258     -1.923834035847      2.712549555651      0.647177347353
  258     -1.919437624396     -2.698294258765      0.644773480316
  258      1.912832501972     -2.704478004886      0.646578917340
  258      1.920461385749      8.136064542673      0.658303025733
  258     -1.914883216870      8.138619384812      0.650106575982
  258      5.744492947431      2.700807631867      0.682069786808
  258     -5.750431167531      2.703644632201      0.660808923381
  258     -5.760497463788     -2.704958304825      0.653116507898
  258      5.753220510634     -2.708252273043      0.655825529974
  258      5.757075686072      8.134184570626      0.675476126014
  258     -5.751442457762      8.139535290646      0.655746935370
    8     -0.012823040355      4.064641161900      0.690876909289
    8      0.001196805876     -4.056210583140      0.688477975281
    8      0.011287374720     -6.784811464845      0.702049871105
    8     -0.002123099568      6.794562685405      0.672803926311
    8     -0.013781067820     -1.361096828236      0.678523817533
    8     -0.021137197997      1.367537589798      0.672588517362
    8      3.816072375335      4.053064985136      0.676036674224
    8     -3.835787211820      4.063238228629      0.681417716690
    8     -3.837491042885     -4.052177620190      0.686841914958
    8      3.830408597805     -4.063074083809      0.693672177805
    8      3.833810709375     -6.790546018086      0.696858116445
    8     -3.827514342676     -6.784805996774      0.683301282497
    8     -3.844550027728      6.792041369445      0.709726710328
    8      3.875933768360      6.788011824573      0.743008651796
    8      3.837056794517     -1.369699139522      0.692967159057
    8     -3.839240647137     -1.360538151778      0.689027813081
    8     -3.835501112567      1.364879312224      0.686096874713
    8      3.829815917957      1.362080997857      0.696706383678
    8      7.676205332632      4.048162360476      0.694250570210
    8      7.671417911453     -4.074989789543      0.697508687762
    8      7.661155118503     -6.798935036747      0.723093880844
    8      7.661484257687      6.774156082210      0.684261923072
    8      7.663723286965     -1.370215099518      0.699567939490
    8      7.670598769440      1.359001696462      0.699666595287
  258     -0.004550045118      0.003539689045     -1.139624634073
  258     -0.001146189555      5.424829164861     -1.136142465894
  258      0.001198044316     -5.422317924049     -1.135924116445
  258      3.834033981455      0.002382092293     -1.132731084212
  258     -3.839751716368      0.001078909824     -1.135189328870
  258      3.839692327646      5.419619197891     -1.129683196527
  258     -3.839273829333      5.424713035655     -1.135926830366
  258     -3.835962844401     -5.421091256774     -1.139528171444
  258      3.836585554125     -5.424987063479     -1.132529554316
  258      7.667010281260      0.003472498227     -1.127865312591
  258      7.668102167624      5.417377622526     -1.142182046315
  258      7.668870575832     -5.423351095224     -1.131824526908
    8      1.917317719275      1.343776497895     -1.169839120832
    8     -1.926511662691      1.346046880162     -1.175364879024
    8     -1.923908112577     -1.342073753410     -1.174115133163
    8      1.918247879620     -1.342972000590     -1.166884672813
    8      1.939252744897      6.771505441766     -1.149894556534
    8     -1.928867597587      6.772509634263     -1.164324365649
    8     -1.910740419388     -6.766934744452     -1.166239568505
    8      1.918059770424     -6.771019838454     -1.162202379135
    8      1.918166265933     -4.081125903630     -1.168258432423
    8     -1.918918952393     -4.079198638877     -1.166891976181
    8     -1.918942068929      4.084853214657     -1.172200105170
    8      1.909125147477      4.084724950086     -1.172613480602
    8      5.750349564152      1.345852030123     -1.157059539883
    8     -5.757427052533      1.344309788800     -1.164725159205
    8     -5.760608020207     -1.344290383113     -1.164101996569
    8      5.752320125509     -1.345458349330     -1.164510772552
    8      5.747876126079      6.774432575455     -1.155277187043
    8     -5.753335101223      6.774256630888     -1.160238767021
    8     -5.763184382417     -6.768433451517     -1.155705247017
    8      5.758991397179     -6.776236238441     -1.146297466733
    8      5.754033626964     -4.081941383559     -1.161363591121
    8     -5.756733212362     -4.080299606270     -1.165666714024
    8     -5.757563947541      4.083244961277     -1.166609481442
    8      5.754923733807      4.079720313314     -1.155933093896
  258      1.917562468471      2.712815026860     -3.053333360898
  258     -1.919789165880      2.712856672505     -3.054209417746
  258     -1.918653478162     -2.711334901073     -3.054938560248
  258      1.918269717193     -2.711436650049     -3.053893680935
  258      1.920167044746      8.136198068474     -3.050063932955
  258     -1.917477721281      8.137116271060     -3.052678957681
  258      5.752191056990      2.710713855000     -3.045018460464
  258     -5.754668833223      2.710767470600     -3.050802299675
  258     -5.756082324023     -2.710537928212     -3.052137930606
  258      5.753326611376     -2.711081053193     -3.051314483790
  258      5.753007143891      8.136145357700     -3.046563067097
  258     -5.754948323256      8.136776936183     -3.051293249251
    8      0.000061306612     -1.319122152886     -3.046789481413
    8     -0.000654637917      1.320516158589     -3.047052943692
    8     -0.001245908005      4.108785643075     -3.048770525823
    8     -0.000192362800     -4.106669089506     -3.044849548497
    8      0.002203884428     -6.742667496483     -3.044816633984
    8      0.003457994076      6.745957407725     -3.038443095437
    8      3.835849917857     -1.318630467252     -3.044582959359
    8     -3.839323099592     -1.320178748987     -3.046253442289
    8     -3.839809848951      1.318663128042     -3.047221024815
    8      3.837209754709      1.318622740171     -3.043716414093
    8      3.837738567249      4.107852658165     -3.040137176285
    8     -3.838248372145      4.107867307078     -3.044528302895
    8     -3.836828552640     -4.107465708623     -3.045217803890
    8      3.837043264286     -4.108051496712     -3.043465101411
    8      3.838847277239     -6.743499095785     -3.039337656089
    8     -3.838052723270     -6.742942441852     -3.040870124124
    8     -3.838134420450      6.744756351184     -3.045709358339
    8      3.837547651917      6.742217576669     -3.043099368708
    8      7.669895419772     -1.318443681201     -3.043995971234
    8      7.668741421115      1.318410225112     -3.041782988692
    8      7.668838035703      4.106038518449     -3.044367036003
    8      7.669681432463     -4.108567692498     -3.042220000006
    8      7.669744568477     -6.742857310236     -3.040847409196
    8      7.670175492253      6.742315289733     -3.041061037678
  258      0.000000000000      0.000000000000     -4.794687825205
  258      0.000000000000      5.424570039800     -4.794687825205
  258      0.000000000000     -5.424570039800     -4.794687825205
  258      3.835750260160      0.000000000000     -4.794687825205
  258     -3.835750260160      0.000000000000     -4.794687825205
  258      3.835750260160      5.424570039800     -4.794687825205
  258     -3.835750260160      5.424570039800     -4.794687825205
  258     -3.835750260160     -5.424570039800     -4.794687825205
  258      3.835750260160     -5.424570039800     -4.794687825205
  258      7.671500520300      0.000000000000     -4.794687825205
  258      7.671500520300      5.424570039800     -4.794687825205
  258      7.671500520300     -5.424570039800     -4.794687825205
    8      1.917875130080      1.356142509950     -4.794687825205
    8     -1.917875130080      1.356142509950     -4.794687825205
    8     -1.917875130080     -1.356142509950     -4.794687825205
    8      1.917875130080     -1.356142509950     -4.794687825205
    8      1.917875130080      6.780712549750     -4.794687825205
    8     -1.917875130080      6.780712549750     -4.794687825205
    8     -1.917875130080     -6.780712549750     -4.794687825205
    8      1.917875130080     -6.780712549750     -4.794687825205
    8      1.917875130080     -4.068427529850     -4.794687825205
    8     -1.917875130080     -4.068427529850     -4.794687825205
    8     -1.917875130080      4.068427529850     -4.794687825205
    8      1.917875130080      4.068427529850     -4.794687825205
    8      5.753625390240      1.356142509950     -4.794687825205
    8     -5.753625390240      1.356142509950     -4.794687825205
    8     -5.753625390240     -1.356142509950     -4.794687825205
    8      5.753625390240     -1.356142509950     -4.794687825205
    8      5.753625390240      6.780712549750     -4.794687825205
    8     -5.753625390240      6.780712549750     -4.794687825205
    8     -5.753625390240     -6.780712549750     -4.794687825205
    8      5.753625390240     -6.780712549750     -4.794687825205
    8      5.753625390240     -4.068427529850     -4.794687825205
    8     -5.753625390240     -4.068427529850     -4.794687825205
    8     -5.753625390240      4.068427529850     -4.794687825205
    8      5.753625390240      4.068427529850     -4.794687825205
   14      8.192392591719      5.983533062961      6.156415649404
    8      6.737887779598      6.248762776758      6.901524371900
    8     -6.016900017922      7.102380470198      6.747956483410
    8      8.867334700648      4.505637728928      6.538251327383
    6      5.619759030045      5.461925012167      6.392776746607
    6     -4.682023974697      6.664822739906      7.142323630561
    6      8.978217682423      4.189705287485      7.951364098962
    6      4.318649345200      6.010151227395      6.921848891928
    6     -3.752579674155      7.861820209283      7.267271488159
    6      8.271904241954      2.888140034096      8.234611649485
    1      3.506542204394      5.486726061305      6.412829138023
    1     -2.717639245651      7.490849929377      7.344454066759
    1      8.329156231885      2.656325203479      9.310953805941
    1      4.259458968563    -10.399821622401      8.003616724417
    1     -3.962119655175     -7.822541741225      8.166090596629
    1      4.210721959498     -9.197962410151      6.699093151642
    1     -3.806171600076     -7.740296747059      6.405723780598
    1      5.746671443696      4.427329800274      6.707080869095
    1     -4.758276770313      6.164456712512      8.113220466172
    1      5.609941903811      5.482607984489      5.296426087393
    1     -4.311821900394      5.965761368662      6.386130247633
    1      7.227936975895      2.949453683707      7.911727168745
    1     -6.598251368873      2.060802559373      7.678847255936
    1     -5.294041906373      4.131131674991      8.202514811903
    1      8.535557940154      5.007196394421      8.550054112308
    8      5.763321075728      2.204195382479      6.469471085085
    6      6.158451086572      0.963346106412      6.982975155503
    6      5.461624896179     -0.161387008304      6.235548282132
    1      4.377888611169     -0.071816889852      6.239768783551
    1     -9.565799292242     -0.118489567652      5.187705363805
    1      5.929918842365      0.910400556382      8.065678197089
    1     -8.096405394319      0.820336659081      6.866369559708
    1      5.760619718073     -1.141202481848      6.653809120525
    0    0
