   2   1   1 E -4.5963133425527E+04 DE-2.9E-06(  8)
  0.153430010406E+02  0.000000000000E+00  0.000000000000E+00
  0.000000000000E+00  0.162737101194E+02  0.000000000000E+00
  0.000000000000E+00  0.000000000000E+00  0.500000000000E+03
    1
  0.100000000000E+01  0.000000000000E+00  0.000000000000E+00
  0.000000000000E+00  0.100000000000E+01  0.000000000000E+00
  0.000000000000E+00  0.000000000000E+00  0.100000000000E+01
  0.000000000000E+00  0.000000000000E+00  0.000000000000E+00
  249
  258      1.896981497989      2.711709112679      4.263278948357
  258     -1.930879966906      2.719084345055      4.268037061189
  258     -1.920888445360     -2.694391503923      4.263045477315
  258      1.899285407221     -2.701424099979      4.259727002351
  258      1.884930385664     -8.137966789831      4.268934048358
  258     -1.881925486742     -8.126645645752      4.263207630828
  258      5.726667595827      2.706950478037      4.345473028439
  258     -5.773048737584      2.727296789726      4.306661257061
  258     -5.749503098362     -2.718402576426      4.262210835539
  258      5.749344035204     -2.735880715562      4.269061499420
  258      5.650371920673     -8.089200615216      4.317933204047
  258     -5.637466673797     -8.077395687817      4.268324056827
    8     -0.026786868534      3.999155130474      4.362176943296
    8     -0.010100930007     -3.984226492317      4.364923516494
    8     -0.000787739421     -6.858887890843      4.372259911187
    8     -0.002568650219      6.879170041227      4.415888103273
    8     -0.014959303158     -1.438681066556      4.383172363553
    8     -0.029737350979      1.446842271711      4.380456758968
    8      3.767395395157      4.019440834988      4.371037251887
    8     -3.848068025914      4.034636822796      4.408534014268
    8     -3.829419891811     -3.972564582387      4.358447848218
    8      3.860008727820     -4.005842439563      4.369461859192
    8      3.856316119067     -6.866420992406      4.469365627166
    8     -3.807182480863     -6.817436844546      4.394188128429
    8     -3.803037929372      6.913839689395      4.292052935469
    8      3.793076155968      6.915592987351      4.251065153473
    8      3.753795345053     -1.485482014512      4.323388737657
    8     -3.839269589913     -1.433083543323      4.381731147324
    8     -3.829312212780      1.469403764869      4.379636640095
    8      3.717219858171      1.444386040353      4.287054936595
    8      7.640142268915      3.952724382733      4.245407862674
    8      7.647995012491     -4.080975070107      4.376728804906
    8      7.662557278362     -7.103440118713      4.299723346719
    8      7.986371019996      6.493748824826      4.655714739383
    8      7.705938198861     -1.517785364271      4.365469227667
    8      7.772943580552      1.408080037257      4.361541670334
  258     -0.014125345733      0.011546891244      2.591908991818
  258     -0.008599269361      5.418107735811      2.588426868734
  258     -0.000518672670     -5.408219353030      2.587774377018
  258      3.822001398678      0.003822694361      2.598820612495
  258     -3.846473040408      0.012521435317      2.603500236927
  258      3.824211866311      5.404438705833      2.593796491191
  258     -3.838455736861      5.419018990780      2.587141946929
  258     -3.815336036834     -5.392402078307      2.571898529366
  258      3.822448185842     -5.404601102920      2.592368434059
  258      7.669525595501      0.009622199656      2.618276285413
  258      7.675329149360      5.385607743038      2.549021594116
  258      7.667607802699     -5.437083713703      2.597218917215
    8      1.865089567340      1.367586625176      2.506029328421
    8     -1.926857483981      1.374437428564      2.533271136179
    8     -1.926102441425     -1.356913284920      2.535753078503
    8      1.879368173209     -1.364952123329      2.517827919654
    8      1.868524084420      6.796198990933      2.528575086164
    8     -1.887898500966      6.796071428813      2.531276932769
    8     -1.915729236763     -6.780190987906      2.536300815399
    8      1.934512548057     -6.787306137225      2.562394239170
    8      1.915892172246     -4.059141333711      2.536738474688
    8     -1.913354392801     -4.047555225528      2.526221595313
    8     -1.942948130305      4.065889176873      2.535413178232
    8      1.902997161318      4.066131363851      2.522663163409
    8      5.756558178960      1.340442970316      2.557280003977
    8     -5.737403579665      1.381311709188      2.533474481032
    8     -5.748268684438     -1.360464078144      2.538432089863
    8      5.751225409143     -1.376931026057      2.568783656261
    8      5.873794022075      6.826075344238      2.660929483418
    8     -5.795919579163      6.828988031918      2.553736820525
    8     -5.717788223544     -6.741123134701      2.534688219275
    8      5.700425966015     -6.772821229489      2.570275005777
    8      5.753872774154     -4.063256896062      2.526132932468
    8     -5.760137656258     -4.050982313862      2.538945794162
    8     -5.734722319414      4.079095779345      2.532162962340
    8      5.716263148971      4.113719475016      2.499135931560
  258      1.905798625664      2.710290798108      0.648022757393
  258     -1.924844865216      2.712646954862      0.646372643491
  258     -1.919894769210     -2.698497396622      0.644743651363
  258      1.912949320093     -2.703205714929      0.646886557166
  258      1.919156501282      8.137042681298      0.657401214993
  258     -1.916004165700      8.139091099605      0.649484655058
  258      5.743771998351      2.701533376513      0.683104749272
  258     -5.751660559579      2.703487195481      0.659969518057
  258     -5.761072424729     -2.704335465799      0.652771052710
  258      5.752735835246     -2.706468482509      0.656264393395
  258      5.755867448038      8.135100577029      0.673742104119
  258     -5.752859840710      8.139620630295      0.655807903780
    8     -0.014577072842      4.065367550390      0.690889303601
    8      0.001329199713     -4.055496076036      0.688357372172
    8      0.009041895674     -6.784029416901      0.701902302836
    8     -0.003326811652      6.795478402123      0.670652506734
    8     -0.015508103124     -1.360300672001      0.676960318973
    8     -0.021478035108      1.368471377704      0.671059596810
    8      3.815652118125      4.053495092237      0.675738760007
    8     -3.835773146765      4.062995493418      0.679372472386
    8     -3.838760370888     -4.052276406880      0.687722084823
    8      3.830171562246     -4.061090898724      0.694070023661
    8      3.833124146747     -6.788503688494      0.696553505730
    8     -3.828934837499     -6.784651455713      0.683333584975
    8     -3.847113155045      6.791894473348      0.711091868950
    8      3.873223874419      6.789578676643      0.739215070849
    8      3.838362068379     -1.368134557791      0.694216446155
    8     -3.840339790757     -1.360302532515      0.688881179286
    8     -3.836242891204      1.364722352255      0.685920317356
    8      3.829613114194      1.362153144361      0.696516527058
    8      7.675393336834      4.047858131491      0.694379772673
    8      7.671831801097     -4.073834044687      0.697360688781
    8      7.661093669384     -6.798686470872      0.722827245079
    8      7.662299993677      6.773818793189      0.683231635450
    8      7.662569639353     -1.368627929858      0.699095974639
    8      7.669997024249      1.359026671767      0.699892880687
  258     -0.005011811177      0.003820326262     -1.140032890134
  258     -0.001959137271      5.425087354678     -1.136753333180
  258      0.000836002785     -5.421888485475     -1.135983991794
  258      3.833533053816      0.002808371345     -1.132828606311
  258     -3.839959769477      0.001269191607     -1.135941089409
  258      3.838855188530      5.419985480863     -1.130679093295
  258     -3.840013255549      5.424666359005     -1.136756506468
  258     -3.836689572624     -5.420887569235     -1.139138443031
  258      3.836204604402     -5.423936032625     -1.132145325266
  258      7.666689842494      0.003713519028     -1.127460020980
  258      7.667857513645      5.417994049966     -1.142475167524
  258      7.668505257448     -5.422577235239     -1.131806900993
    8      1.917435617517      1.344010787699     -1.170227214632
    8     -1.927623439446      1.346231048107     -1.175649344257
    8     -1.924921655861     -1.342117400288     -1.174676380911
    8      1.918464125742     -1.342812669148     -1.166366102693
    8      1.938023350236      6.771910234136     -1.151253633828
    8     -1.930910377309      6.772854692548     -1.164185478378
    8     -1.911567311337     -6.766805714667     -1.166426866879
    8      1.917077605676     -6.770275955183     -1.162381238410
    8      1.918341954703     -4.080404745672     -1.168138263469
    8     -1.919686624005     -4.079147383130     -1.166751327054
    8     -1.918643267023      4.084855958872     -1.173619478911
    8      1.908268543472      4.084736847134     -1.172793834999
    8      5.749998353394      1.346471724584     -1.156629970508
    8     -5.757483227846      1.345054596996     -1.165502021738
    8     -5.761471693788     -1.344283402161     -1.164203778282
    8      5.751987661675     -1.345075450976     -1.165263671400
    8      5.747812031461      6.774744289417     -1.156105478871
    8     -5.753209541507      6.774767930344     -1.160710819405
    8     -5.763475131364     -6.768465700453     -1.155399823304
    8      5.758691399544     -6.775297876710     -1.146767670591
    8      5.753546916161     -4.081357012261     -1.160824301834
    8     -5.756940892106     -4.080107236555     -1.165741330122
    8     -5.758131561614      4.083406881124     -1.166874426745
    8      5.754580851357      4.080288324953     -1.155320044562
  258      1.917390021513      2.712899940458     -3.053448890577
  258     -1.919910634801      2.712939248942     -3.054364067999
  258     -1.918842874570     -2.711384921423     -3.054899851101
  258      1.918145399604     -2.711314212040     -3.053662281210
  258      1.919834866690      8.136470665268     -3.050249072110
  258     -1.917877918452      8.137224011580     -3.052685063168
  258      5.752259537504      2.710643844914     -3.045046979291
  258     -5.754910978147      2.710811286335     -3.050866156547
  258     -5.756162449453     -2.710392782941     -3.052257842977
  258      5.753235227235     -2.710894766341     -3.051225689130
  258      5.752808277389      8.136476233420     -3.047065100933
  258     -5.755156137630      8.136951396798     -3.051303291740
    8      0.000079938374     -1.319090953499     -3.046692045572
    8     -0.000910438382      1.320466022650     -3.047092449681
    8     -0.001059092463      4.108743692898     -3.049356508435
    8     -0.000313110957     -4.106419767172     -3.044548000730
    8      0.001777226793     -6.742377403814     -3.044772564487
    8      0.002654892938      6.746063878141     -3.038532911443
    8      3.835547876570     -1.318384845326     -3.044460193306
    8     -3.839759887668     -1.320142277226     -3.046028352477
    8     -3.839916495414      1.318548930816     -3.047739064303
    8      3.837300215211      1.318895832079     -3.043742006364
    8      3.837566312964      4.107962692335     -3.040179215499
    8     -3.838613510818      4.107886342832     -3.044543750080
    8     -3.836976971379     -4.107341325871     -3.045286342247
    8      3.836875780709     -4.107790944778     -3.043831460738
    8      3.838615630551     -6.743335043573     -3.039281899272
    8     -3.838328399849     -6.742719523819     -3.040980285897
    8     -3.838326180384      6.744745818480     -3.046079733607
    8      3.837307121788      6.742476095267     -3.043309348055
    8      7.669867685728     -1.318253066328     -3.044309208749
    8      7.668387604605      1.318658399165     -3.041849241247
    8      7.668648681121      4.106226485473     -3.044500601675
    8      7.669545550142     -4.108460362065     -3.042090035100
    8      7.669648656068     -6.742706352266     -3.040682661561
    8      7.670087574174      6.742577892407     -3.041352159909
  258      0.000000000000      0.000000000000     -4.794687825205
  258      0.000000000000      5.424570039800     -4.794687825205
  258      0.000000000000     -5.424570039800     -4.794687825205
  258      3.835750260160      0.000000000000     -4.794687825205
  258     -3.835750260160      0.000000000000     -4.794687825205
  258      3.835750260160      5.424570039800     -4.794687825205
  258     -3.835750260160      5.424570039800     -4.794687825205
  258     -3.835750260160     -5.424570039800     -4.794687825205
  258      3.835750260160     -5.424570039800     -4.794687825205
  258      7.671500520300      0.000000000000     -4.794687825205
  258      7.671500520300      5.424570039800     -4.794687825205
  258      7.671500520300     -5.424570039800     -4.794687825205
    8      1.917875130080      1.356142509950     -4.794687825205
    8     -1.917875130080      1.356142509950     -4.794687825205
    8     -1.917875130080     -1.356142509950     -4.794687825205
    8      1.917875130080     -1.356142509950     -4.794687825205
    8      1.917875130080      6.780712549750     -4.794687825205
    8     -1.917875130080      6.780712549750     -4.794687825205
    8     -1.917875130080     -6.780712549750     -4.794687825205
    8      1.917875130080     -6.780712549750     -4.794687825205
    8      1.917875130080     -4.068427529850     -4.794687825205
    8     -1.917875130080     -4.068427529850     -4.794687825205
    8     -1.917875130080      4.068427529850     -4.794687825205
    8      1.917875130080      4.068427529850     -4.794687825205
    8      5.753625390240      1.356142509950     -4.794687825205
    8     -5.753625390240      1.356142509950     -4.794687825205
    8     -5.753625390240     -1.356142509950     -4.794687825205
    8      5.753625390240     -1.356142509950     -4.794687825205
    8      5.753625390240      6.780712549750     -4.794687825205
    8     -5.753625390240      6.780712549750     -4.794687825205
    8     -5.753625390240     -6.780712549750     -4.794687825205
    8      5.753625390240     -6.780712549750     -4.794687825205
    8      5.753625390240     -4.068427529850     -4.794687825205
    8     -5.753625390240     -4.068427529850     -4.794687825205
    8     -5.753625390240      4.068427529850     -4.794687825205
    8      5.753625390240      4.068427529850     -4.794687825205
   14      8.133073575740      6.031069027780      6.178853260303
    8      6.667483766479      6.366354581694      6.884706890409
    8     -6.039797208542      7.129908902031      6.735433847654
    8      8.714161618791      4.537044045013      6.648678401481
    6      5.573462929676      5.523409555168      6.399325271425
    6     -4.712359432912      6.631541740278      7.102442840810
    6      8.753164481955      4.303246925289      8.085652889666
    6      4.267923236662      6.044909651839      6.955926026002
    6     -3.751694507700      7.801676333335      7.251880874469
    6      8.084970469009      2.989350540104      8.412735351812
    1      3.457069651014      5.495651814736      6.468142526959
    1     -2.723643033253      7.403725057268      7.289605288878
    1      8.078700604852      2.835218374124      9.501069154494
    1      4.224921210740    -10.354947662617      8.049857977385
    1     -3.930352264968     -7.910168480934      8.176144101035
    1      4.135639790876     -9.159945939051      6.719939050572
    1     -3.814654011442     -7.767860249812      6.417003263991
    1      5.746777518258      4.481595360488      6.712525067457
    1     -4.783025065474      6.105322350435      8.060962517305
    1      5.547525110567      5.542739974611      5.291394678897
    1     -4.361504158525      5.940995925626      6.323412305529
    1      7.069161175089      2.971152968284      8.025285313575
    1     -6.712003534366      2.160859048178      7.955811697279
    1     -5.534680091099      4.297540821889      8.414593623087
    1      8.242398929007      5.133402876960      8.611998524735
    8      5.724204685052      2.213437944573      6.464245871387
    6      6.112540486079      0.972507642859      6.988089025726
    6      5.460762302367     -0.157336555413      6.204559667392
    1      4.375971817169     -0.084464696873      6.175165736722
    1     -9.528273676536     -0.097213828753      5.169087033186
    1      5.836407997097      0.905074895055      8.063665378553
    1     -8.130088168348      0.841179455132      6.925220868447
    1      5.765272397171     -1.139946818579      6.615903532386
    0    0
