   2   1   1 E -4.5963146999252E+04 DE 4.2E-06(  8)
  0.153430010406E+02  0.000000000000E+00  0.000000000000E+00
  0.000000000000E+00  0.162737101194E+02  0.000000000000E+00
  0.000000000000E+00  0.000000000000E+00  0.500000000000E+03
    1
  0.100000000000E+01  0.000000000000E+00  0.000000000000E+00
  0.000000000000E+00  0.100000000000E+01  0.000000000000E+00
  0.000000000000E+00  0.000000000000E+00  0.100000000000E+01
  0.000000000000E+00  0.000000000000E+00  0.000000000000E+00
  249
  258      1.901660320719      2.710874709558      4.264047087082
  258     -1.923396030376      2.719346894892      4.262643292877
  258     -1.920099173107     -2.696351432552      4.264129853592
  258      1.900139976324     -2.703594266552      4.259240364526
  258      1.881941006103     -8.137344958935      4.269387556798
  258     -1.883912698434     -8.125500234593      4.267568261108
  258      5.734396283331      2.689649332315      4.353384600327
  258     -5.755597762895      2.725298813781      4.293697045039
  258     -5.748688061407     -2.720862692843      4.263387143730
  258      5.750481559596     -2.739468704684      4.264306501168
  258      5.641474861007     -8.084592957554      4.314182475516
  258     -5.638974300657     -8.079435368080      4.273834717150
    8     -0.018587305656      4.000207025929      4.364139690835
    8     -0.006613367022     -3.985427298470      4.368294475924
    8      0.000550640373     -6.858158761348      4.380598585334
    8      0.002481366350      6.880530046101      4.411307213170
    8     -0.015618867228     -1.440291761826      4.380324081210
    8     -0.020019025872      1.444496028269      4.377267063871
    8      3.777713688053      4.016529809288      4.377859939624
    8     -3.783228168546      4.011215898023      4.355805197028
    8     -3.833256693658     -3.976888376141      4.359638709463
    8      3.855508784726     -4.009761659971      4.363397857503
    8      3.862088567137     -6.862401913904      4.456324343103
    8     -3.789133933293     -6.821853927489      4.378204073013
    8     -3.812206643496      6.901345575618      4.339865831896
    8      3.798991979533      6.904182530361      4.305661223362
    8      3.755691854145     -1.490645140973      4.320570135237
    8     -3.836256256886     -1.438446672365      4.382936281265
    8     -3.845610538182      1.457736456571      4.388335294866
    8      3.724434674786      1.443157217439      4.301599974123
    8      7.601206628310      3.971467902172      4.281026383066
    8      7.653109896173     -4.086480056538      4.378291457959
    8      7.657700313845     -7.112299611952      4.313526380504
    8      8.035122033392      6.491784866661      4.665772184753
    8      7.697904146153     -1.519401304073      4.367537231456
    8      7.788248370242      1.411574549285      4.336993463421
  258     -0.011832301824      0.009346327101      2.590912463397
  258     -0.003002300946      5.416527619923      2.588729757488
  258     -0.000682020242     -5.408906166755      2.587893820962
  258      3.822218977668      0.000148971611      2.597066409415
  258     -3.844026115971      0.008879043272      2.602195330077
  258      3.832436544921      5.401662146338      2.607714814988
  258     -3.830944802588      5.422836762337      2.589759302571
  258     -3.814797202351     -5.393626923377      2.570697715351
  258      3.820790334761     -5.403880279057      2.587395910090
  258      7.674135017481      0.005578371582      2.615288314038
  258      7.669226908354      5.383884727582      2.552147845958
  258      7.669641509163     -5.439181174319      2.599158743517
    8      1.874168655989      1.366033448256      2.507203736321
    8     -1.927927183380      1.371230567979      2.534203579876
    8     -1.925208909680     -1.359184107302      2.535606626808
    8      1.883114627106     -1.365584225776      2.518364548165
    8      1.884990006843      6.796317557880      2.535851236246
    8     -1.899514580891      6.797813069247      2.541224796170
    8     -1.905196988738     -6.781123330851      2.531997711730
    8      1.934277646367     -6.788426557689      2.562893442890
    8      1.913157620528     -4.059826675535      2.532463834778
    8     -1.911641682143     -4.048512076321      2.529125031651
    8     -1.917642687192      4.068795149183      2.517015193617
    8      1.909088056573      4.066236873230      2.526020621997
    8      5.756017397363      1.331245075398      2.560009078636
    8     -5.728323723985      1.370293257549      2.506827010811
    8     -5.746998964022     -1.365935171846      2.539318822541
    8      5.750486053002     -1.383126836024      2.564860155605
    8      5.873649139857      6.816223277214      2.678611157218
    8     -5.777642040385      6.834821010846      2.542437699170
    8     -5.723085966398     -6.736671366039      2.536677907400
    8      5.701345923226     -6.778812973773      2.565131397935
    8      5.757222075206     -4.069623232565      2.524199250110
    8     -5.760728598902     -4.049922491966      2.538196612532
    8     -5.745463406520      4.088622435382      2.547784013411
    8      5.721717420022      4.102671359466      2.493084195012
  258      1.910920316862      2.710688079122      0.648957046988
  258     -1.920751479796      2.712635364892      0.645351359687
  258     -1.919406643113     -2.698318808094      0.644699602088
  258      1.912976776271     -2.704094578504      0.645664843876
  258      1.921710236872      8.135605947300      0.656983440240
  258     -1.913419386724      8.138532414387      0.650599522883
  258      5.745980733149      2.699082584543      0.682957509330
  258     -5.748087650841      2.703804584660      0.658253756124
  258     -5.759429037196     -2.705914064327      0.651708842742
  258      5.754803012822     -2.708034156303      0.654209359178
  258      5.757413305470      8.134615726587      0.675002286189
  258     -5.751627391922      8.137877761615      0.657807566462
    8     -0.003512796688      4.064532584345      0.684213654227
    8     -0.000926986656     -4.056554117365      0.686527296026
    8      0.015833295839     -6.785269393377      0.700598059574
    8     -0.001223633436      6.794167060568      0.680369296408
    8     -0.012122675483     -1.361490185926      0.678930398695
    8     -0.018849162989      1.367429473448      0.674221697890
    8      3.816184362188      4.054642060918      0.679543004368
    8     -3.840392357053      4.064232730531      0.688210455357
    8     -3.836471432030     -4.052914741295      0.687685958538
    8      3.832652289870     -4.059713415059      0.693950635767
    8      3.832009317669     -6.789945575352      0.691187013837
    8     -3.828506649566     -6.786636113348      0.687077923638
    8     -3.836451504619      6.791877673162      0.700970884636
    8      3.881055018156      6.787805931401      0.749343810150
    8      3.837566852625     -1.367943472432      0.691703631754
    8     -3.838722222910     -1.360740694313      0.688304237350
    8     -3.829499430036      1.365678424539      0.679380307977
    8      3.833310467490      1.361633484604      0.696399625041
    8      7.683378016057      4.047295742652      0.698319740076
    8      7.672377266183     -4.077446458201      0.696676697651
    8      7.661038419285     -6.802310534871      0.723007535484
    8      7.654862110335      6.769283838490      0.688299267259
    8      7.664764182736     -1.371525959228      0.697575074890
    8      7.668073192822      1.358721174032      0.697218600224
  258     -0.003165837097      0.004157848846     -1.140139375593
  258      0.000885280209      5.424564282359     -1.136458737963
  258      0.001437996093     -5.422679473908     -1.136016074875
  258      3.834776191979      0.001744027800     -1.133771389289
  258     -3.838544058809      0.001826550173     -1.136566065686
  258      3.841579473686      5.419649183366     -1.126559852601
  258     -3.838008208525      5.424284061418     -1.135456093722
  258     -3.835615149634     -5.422261622589     -1.139292199724
  258      3.837058500003     -5.424584386051     -1.133959841096
  258      7.668054278663      0.003533818602     -1.128225018246
  258      7.669523531751      5.416989172070     -1.141501702739
  258      7.669728262321     -5.424477905435     -1.131060738482
    8      1.918476253940      1.343623918100     -1.169334968014
    8     -1.923302046086      1.345834299896     -1.177729572766
    8     -1.922079609338     -1.342217555001     -1.173664177208
    8      1.917624181894     -1.343681591199     -1.168280759236
    8      1.940693473288      6.771484747085     -1.146923188407
    8     -1.922925563883      6.772650056868     -1.166257243774
    8     -1.911232703500     -6.766804740204     -1.164685338035
    8      1.918666598791     -6.771650287183     -1.164509545516
    8      1.919649432043     -4.081924364654     -1.167567039287
    8     -1.919698547988     -4.079609169427     -1.167652780931
    8     -1.919901165231      4.085443599994     -1.171276980830
    8      1.912865699876      4.084986456499     -1.175245294830
    8      5.750310025100      1.344623134270     -1.158638529394
    8     -5.756708350487      1.345755999077     -1.166099925712
    8     -5.760016253032     -1.344380879445     -1.165088330484
    8      5.753338783801     -1.346082562778     -1.165475072436
    8      5.747541419853      6.774871783671     -1.155805422341
    8     -5.756283857509      6.773325579547     -1.158620741723
    8     -5.762010809131     -6.768882305118     -1.155220502114
    8      5.759979613429     -6.776633414415     -1.145786517331
    8      5.754034395131     -4.082770144401     -1.162725232022
    8     -5.756177657499     -4.081056580267     -1.165573729184
    8     -5.755978317700      4.082501706141     -1.168266504357
    8      5.757010565273      4.079789376570     -1.152796825086
  258      1.918685580028      2.713088197782     -3.053173145670
  258     -1.918956309168      2.712937779618     -3.055018606612
  258     -1.918376806470     -2.711380812293     -3.054788897589
  258      1.918295515201     -2.711598406157     -3.054154755131
  258      1.920552526639      8.136158593834     -3.050482711715
  258     -1.917243974573      8.136831315790     -3.052457477920
  258      5.752480689966      2.710816010591     -3.045719232682
  258     -5.754276504384      2.710790052676     -3.050903341913
  258     -5.755780483139     -2.710724734948     -3.052457335611
  258      5.753849988939     -2.711335695001     -3.052074686060
  258      5.753256523521      8.136047507937     -3.046160340577
  258     -5.754776995474      8.136387545054     -3.050941469722
    8     -0.000030562139     -1.319240495103     -3.047175946273
    8      0.000436929914      1.320541015179     -3.047518781414
    8     -0.001329831570      4.108791265572     -3.048213983136
    8      0.000375322738     -4.106830030480     -3.044629023241
    8      0.001667404229     -6.743184431444     -3.045013954432
    8      0.005607659250      6.745647423503     -3.038836925029
    8      3.836203462880     -1.318877212302     -3.044542484490
    8     -3.838653636987     -1.320286965667     -3.046073581184
    8     -3.839151340491      1.319019076388     -3.047992931999
    8      3.837245679594      1.318514684810     -3.044064867771
    8      3.839675198814      4.107781866747     -3.039491457443
    8     -3.837573644351      4.108638373411     -3.045372885086
    8     -3.836853437112     -4.107967593929     -3.045022302909
    8      3.836748273501     -4.107939210977     -3.044361647602
    8      3.839576884930     -6.743733707037     -3.040218627403
    8     -3.837835025007     -6.743108030924     -3.040484576615
    8     -3.838240715725      6.745079388758     -3.044133567351
    8      3.837073057387      6.741679276690     -3.042682493190
    8      7.670291682981     -1.318570435055     -3.044689637636
    8      7.668985643491      1.318510886081     -3.042305138391
    8      7.668819983067      4.106080317141     -3.044081018948
    8      7.670327606692     -4.108990845944     -3.042237690739
    8      7.669934539661     -6.743450778838     -3.040551186305
    8      7.669723822512      6.741848857975     -3.041275107319
  258      0.000000000000      0.000000000000     -4.794687825205
  258      0.000000000000      5.424570039800     -4.794687825205
  258      0.000000000000     -5.424570039800     -4.794687825205
  258      3.835750260160      0.000000000000     -4.794687825205
  258     -3.835750260160      0.000000000000     -4.794687825205
  258      3.835750260160      5.424570039800     -4.794687825205
  258     -3.835750260160      5.424570039800     -4.794687825205
  258     -3.835750260160     -5.424570039800     -4.794687825205
  258      3.835750260160     -5.424570039800     -4.794687825205
  258      7.671500520300      0.000000000000     -4.794687825205
  258      7.671500520300      5.424570039800     -4.794687825205
  258      7.671500520300     -5.424570039800     -4.794687825205
    8      1.917875130080      1.356142509950     -4.794687825205
    8     -1.917875130080      1.356142509950     -4.794687825205
    8     -1.917875130080     -1.356142509950     -4.794687825205
    8      1.917875130080     -1.356142509950     -4.794687825205
    8      1.917875130080      6.780712549750     -4.794687825205
    8     -1.917875130080      6.780712549750     -4.794687825205
    8     -1.917875130080     -6.780712549750     -4.794687825205
    8      1.917875130080     -6.780712549750     -4.794687825205
    8      1.917875130080     -4.068427529850     -4.794687825205
    8     -1.917875130080     -4.068427529850     -4.794687825205
    8     -1.917875130080      4.068427529850     -4.794687825205
    8      1.917875130080      4.068427529850     -4.794687825205
    8      5.753625390240      1.356142509950     -4.794687825205
    8     -5.753625390240      1.356142509950     -4.794687825205
    8     -5.753625390240     -1.356142509950     -4.794687825205
    8      5.753625390240     -1.356142509950     -4.794687825205
    8      5.753625390240      6.780712549750     -4.794687825205
    8     -5.753625390240      6.780712549750     -4.794687825205
    8     -5.753625390240     -6.780712549750     -4.794687825205
    8      5.753625390240     -6.780712549750     -4.794687825205
    8      5.753625390240     -4.068427529850     -4.794687825205
    8     -5.753625390240     -4.068427529850     -4.794687825205
    8     -5.753625390240      4.068427529850     -4.794687825205
    8      5.753625390240      4.068427529850     -4.794687825205
   14      8.327477595436      5.857175473579      6.107679467836
    8      6.954170765369      5.865420569985      7.007639923295
    8     -5.961644749620      7.036735110859      6.733275886738
    8      9.248989372240      4.473926741972      6.273140897426
    6      5.713468106671      5.381511416102      6.439892152543
    6     -4.628724674857      6.701498928570      7.207323235882
    6      9.524409583942      3.884818073020      7.565229509017
    6      4.536063450125      6.139339470336      7.009067945844
    6     -3.802094860922      7.968237892742      7.340641382340
    6      8.911397702167      2.500894336440      7.607419531471
    1      3.630415808854      5.754987398208      6.532998258876
    1     -2.763704289837      7.688404170687      7.579679854903
    1      8.909376673721      2.096665822953      8.616713349841
    1      4.487061203586    -10.254060104229      8.095727836953
    1     -4.168322607410     -7.654808113682      8.144789246242
    1      4.580445303729     -9.056053464416      6.800674356511
    1     -3.794258793234     -7.723524569201      6.407969213937
    1      5.614375653603      4.321259786816      6.691876280486
    1     -4.710930675278      6.208879792466      8.189932600243
    1      5.725340247064      5.475562819503      5.341138538625
    1     -4.158852130664      6.015416929355      6.488181018740
    1      7.885037151831      2.568974603886      7.240344520967
    1     -5.876406146896      1.787881271362      6.985969573153
    1     -4.731259107521      3.885295398276      7.697695167079
    1      9.085178695238      4.505999188672      8.365388186735
    8      5.884011638396      2.167047805865      6.482040360408
    6      6.148147027808      0.906566284430      7.024430510885
    6      5.380202682176     -0.163082754545      6.273256685599
    1      4.305751993552      0.004607663985      6.260351876265
    1     -9.632922381527     -0.141007738412      5.228488965927
    1      5.879694755563      0.887537775074      8.101667999624
    1     -8.119628912849      0.663910148903      6.950332693213
    1      5.591742415634     -1.163009000141      6.699191908412
    0    0
