   2   1   1 E -4.5963147828510E+04 DE-1.6E-07(  7)
  0.153430010406E+02  0.000000000000E+00  0.000000000000E+00
  0.000000000000E+00  0.162737101194E+02  0.000000000000E+00
  0.000000000000E+00  0.000000000000E+00  0.500000000000E+03
    1
  0.100000000000E+01  0.000000000000E+00  0.000000000000E+00
  0.000000000000E+00  0.100000000000E+01  0.000000000000E+00
  0.000000000000E+00  0.000000000000E+00  0.100000000000E+01
  0.000000000000E+00  0.000000000000E+00  0.000000000000E+00
  249
  258      1.901852374833      2.711004663228      4.265001733152
  258     -1.923956130102      2.721329021190      4.264394700098
  258     -1.919670674424     -2.696841943651      4.264857245977
  258      1.900401322532     -2.702798021348      4.260944096547
  258      1.883675087902     -8.137659285529      4.269534057674
  258     -1.884509445650     -8.125485516478      4.267869768622
  258      5.736041678705      2.690064802731      4.355991318138
  258     -5.757539493014      2.725347953922      4.295254109540
  258     -5.748302722644     -2.719860830905      4.264832183663
  258      5.751796542524     -2.737630387873      4.267671017404
  258      5.645365126947     -8.086226189882      4.312365134301
  258     -5.639952459474     -8.081156934964      4.276149739023
    8     -0.019242360611      4.000742599924      4.364971156676
    8     -0.006541934543     -3.985543949511      4.368386063371
    8      0.001255382218     -6.859046300352      4.380725523840
    8      0.003001803633      6.880785118078      4.408798054230
    8     -0.015429366847     -1.440164437202      4.382180676092
    8     -0.019782033657      1.444977552030      4.377999110544
    8      3.779600913291      4.015261162218      4.376635434357
    8     -3.777664673549      4.011985082724      4.355230843409
    8     -3.833521248851     -3.977757538604      4.360770237745
    8      3.857096545183     -4.008779627439      4.366482002700
    8      3.862187608914     -6.863832650575      4.454410626164
    8     -3.790168953734     -6.823188034582      4.377207695229
    8     -3.812124778467      6.899898273836      4.340956173653
    8      3.802040239172      6.902296389920      4.310328326789
    8      3.755650942372     -1.487870915856      4.322997809907
    8     -3.835080242840     -1.439548885859      4.382800990245
    8     -3.852437661014      1.457545678070      4.396101430126
    8      3.725848029195      1.443466070894      4.303968175266
    8      7.600032582147      3.977562878866      4.292410991380
    8      7.653470035238     -4.084073544250      4.379172738638
    8      7.658279080247     -7.108400425052      4.313016235857
    8      8.019303969046      6.498219426247      4.669355601625
    8      7.697115789223     -1.517392526079      4.370215215040
    8      7.786660815830      1.413708154555      4.332799754966
  258     -0.011680203694      0.009959359952      2.592387971900
  258     -0.002788313341      5.417214503970      2.589129158401
  258     -0.000215602891     -5.409541973045      2.588566009239
  258      3.823072905835      0.000729760448      2.599350642834
  258     -3.843713597010      0.009012503135      2.603966930668
  258      3.833074702763      5.401294794491      2.608906138216
  258     -3.830331553784      5.423533592807      2.590850067900
  258     -3.815106280556     -5.394475849504      2.571736087204
  258      3.821188231909     -5.403706040303      2.588579868008
  258      7.673190934550      0.005585651554      2.614989141189
  258      7.669704610246      5.384569637792      2.553111347282
  258      7.670474420781     -5.438839740136      2.599301393716
    8      1.874337870954      1.366239811087      2.508651472547
    8     -1.930848962787      1.371578136272      2.536952951412
    8     -1.924722058939     -1.359108578726      2.536265272733
    8      1.882243597162     -1.365326726086      2.519147194524
    8      1.887756110404      6.795822251935      2.536513273904
    8     -1.900127598532      6.798446201322      2.541455745316
    8     -1.905384514443     -6.781518600889      2.533129612996
    8      1.934174197045     -6.788936689766      2.562536198511
    8      1.914325858704     -4.059854934496      2.533869249894
    8     -1.911686561407     -4.048709726041      2.529448301642
    8     -1.915559321791      4.068895171748      2.515479176917
    8      1.909338316707      4.066341859074      2.527470557809
    8      5.756114153845      1.331738031464      2.561447583560
    8     -5.727213474978      1.370565345452      2.504486661166
    8     -5.747167749577     -1.365115691642      2.542281599075
    8      5.750996592299     -1.382416301940      2.566162155576
    8      5.872695818047      6.817029229067      2.675279694835
    8     -5.781114212870      6.832929948755      2.548345076477
    8     -5.722974647655     -6.738572500739      2.537633685060
    8      5.703489410106     -6.778329885234      2.564905861064
    8      5.757188580377     -4.068643245100      2.525360926705
    8     -5.760175855558     -4.049825073412      2.538615109006
    8     -5.747507698862      4.090044321326      2.549249981257
    8      5.725123182509      4.102280553830      2.495619684227
  258      1.910641602175      2.710779120276      0.649641603308
  258     -1.921241138182      2.712611914633      0.646540212280
  258     -1.919121040977     -2.698705406210      0.645373565551
  258      1.913213649842     -2.703790819423      0.646513287711
  258      1.922382414143      8.135339579401      0.657344974820
  258     -1.913359687368      8.138739495401      0.651586634101
  258      5.746025310301      2.699213884672      0.683708668421
  258     -5.748462296670      2.704233927859      0.656854159519
  258     -5.758891945651     -2.705557407716      0.652544396604
  258      5.754597763244     -2.707993611490      0.655012376328
  258      5.757681275829      8.134665912355      0.674273823285
  258     -5.751388483061      8.137871832784      0.659032661432
    8     -0.001471379508      4.064705495489      0.683369338415
    8     -0.000425283058     -4.056495949119      0.687221955496
    8      0.015670789912     -6.785246231912      0.700746918467
    8     -0.001173198211      6.794327820923      0.681398084385
    8     -0.012728217864     -1.361192862376      0.679015618988
    8     -0.019135435684      1.367734419402      0.675744113855
    8      3.816845678491      4.054315055826      0.680581212939
    8     -3.841510710109      4.063986755654      0.689878819662
    8     -3.836134398934     -4.053313670314      0.688297382189
    8      3.832510887794     -4.060111575564      0.694243594922
    8      3.832417655964     -6.790528502352      0.691752650888
    8     -3.828643727894     -6.787123499332      0.688301776612
    8     -3.838033337103      6.791530854569      0.703011617106
    8      3.881686756103      6.787455687133      0.749265693743
    8      3.838033401295     -1.367911964025      0.693155585413
    8     -3.839423331416     -1.360504134975      0.689664110709
    8     -3.827793943583      1.366364582084      0.679174620232
    8      3.833443601164      1.361313098258      0.697234573217
    8      7.683407997546      4.048053237798      0.698684452513
    8      7.673004543127     -4.076993943510      0.697389181583
    8      7.662703552215     -6.802159230070      0.721888310227
    8      7.656269261513      6.769388186638      0.689461987602
    8      7.665097690400     -1.371408005356      0.697690204583
    8      7.666702841314      1.359361017816      0.696679409602
  258     -0.003180814752      0.004171566329     -1.139415600850
  258      0.001028661879      5.424623224198     -1.135896006249
  258      0.001740530610     -5.422760660064     -1.135594099079
  258      3.834849756114      0.001952663185     -1.133080136022
  258     -3.838155959727      0.001632195082     -1.135777864275
  258      3.841882165192      5.419271827879     -1.126391495474
  258     -3.837818583939      5.424565565769     -1.134838934244
  258     -3.835336560228     -5.422384088930     -1.138636087771
  258      3.837163614784     -5.424703278326     -1.133671871677
  258      7.667821602557      0.003715904359     -1.128236377106
  258      7.669257755541      5.417125601996     -1.140787958867
  258      7.670141948232     -5.423885171123     -1.130900006095
    8      1.918498988200      1.343680496323     -1.168700874444
    8     -1.922556657783      1.345710930932     -1.177881392192
    8     -1.922347740854     -1.342445606754     -1.173099655349
    8      1.918052165949     -1.343542565453     -1.167332433120
    8      1.940567849667      6.771195994158     -1.146446647848
    8     -1.922883545140      6.772836294270     -1.165320936531
    8     -1.911635918847     -6.767067241011     -1.163805849615
    8      1.918657015382     -6.771862998042     -1.164534534434
    8      1.919758541090     -4.081827270793     -1.167178422445
    8     -1.919726435301     -4.079721732396     -1.167423730679
    8     -1.920516286666      4.085761398696     -1.169992834435
    8      1.913746371211      4.084804980140     -1.175223981283
    8      5.749941695566      1.345080501041     -1.158884997438
    8     -5.756927228021      1.345513177551     -1.165774609918
    8     -5.759876904583     -1.344089519128     -1.164187301612
    8      5.753035490415     -1.346099993737     -1.165102964141
    8      5.748185874426      6.775192098781     -1.156243161374
    8     -5.756206452507      6.773327316818     -1.157319544008
    8     -5.760987698769     -6.769350782938     -1.154553349023
    8      5.760150288870     -6.776466434322     -1.145853609071
    8      5.754232152641     -4.082826351099     -1.162423620257
    8     -5.755640471636     -4.080854223878     -1.165312706870
    8     -5.755739280599      4.082954416359     -1.168838041768
    8      5.757213425713      4.080047210063     -1.151916538512
  258      1.918594376365      2.713155131824     -3.052912267039
  258     -1.918980856112      2.713040413304     -3.054512593237
  258     -1.918392384541     -2.711355402754     -3.054540639879
  258      1.918269885357     -2.711424131193     -3.053937905107
  258      1.920574712522      8.136095898967     -3.050259840910
  258     -1.917225612502      8.136911475819     -3.052073162227
  258      5.752461197932      2.710960942963     -3.044968971372
  258     -5.754415414035      2.710790983763     -3.051821746530
  258     -5.755702859916     -2.710594092120     -3.052179828838
  258      5.753828524496     -2.711199057075     -3.051695383215
  258      5.753342817197      8.136207260555     -3.046256402903
  258     -5.754634766765      8.136524482540     -3.050521909468
    8      0.000006202464     -1.319061834366     -3.046914183251
    8      0.000532094458      1.320626998645     -3.047296306052
    8     -0.001561255825      4.108822458174     -3.047833668899
    8      0.000425585858     -4.106777050759     -3.044303993070
    8      0.001365385205     -6.743073992477     -3.044660089922
    8      0.005415984890      6.745628413118     -3.038729772880
    8      3.836025735718     -1.318823798718     -3.044343436617
    8     -3.838695097723     -1.320402832514     -3.045816317208
    8     -3.839178397789      1.319014726285     -3.047693990885
    8      3.837136926499      1.318682929894     -3.043895506073
    8      3.839922920349      4.108010981287     -3.039342698003
    8     -3.837374577439      4.108885730448     -3.045140288899
    8     -3.836891512534     -4.108028370884     -3.044974624180
    8      3.836657973430     -4.107998252396     -3.044105367645
    8      3.839629128720     -6.743834065188     -3.040140192770
    8     -3.837745955550     -6.743155085604     -3.040370189624
    8     -3.838330406789      6.745150497368     -3.043396897721
    8      3.836847650601      6.741624232267     -3.042309779300
    8      7.670336646958     -1.318477137529     -3.044508332370
    8      7.668869052466      1.318634724442     -3.042372112361
    8      7.668489711662      4.106101186254     -3.043870441210
    8      7.670350871571     -4.108852260368     -3.041968908737
    8      7.670338125297     -6.743300350988     -3.040356086865
    8      7.670302377552      6.741837705125     -3.041149631350
  258      0.000000000000      0.000000000000     -4.794687825205
  258      0.000000000000      5.424570039800     -4.794687825205
  258      0.000000000000     -5.424570039800     -4.794687825205
  258      3.835750260160      0.000000000000     -4.794687825205
  258     -3.835750260160      0.000000000000     -4.794687825205
  258      3.835750260160      5.424570039800     -4.794687825205
  258     -3.835750260160      5.424570039800     -4.794687825205
  258     -3.835750260160     -5.424570039800     -4.794687825205
  258      3.835750260160     -5.424570039800     -4.794687825205
  258      7.671500520300      0.000000000000     -4.794687825205
  258      7.671500520300      5.424570039800     -4.794687825205
  258      7.671500520300     -5.424570039800     -4.794687825205
    8      1.917875130080      1.356142509950     -4.794687825205
    8     -1.917875130080      1.356142509950     -4.794687825205
    8     -1.917875130080     -1.356142509950     -4.794687825205
    8      1.917875130080     -1.356142509950     -4.794687825205
    8      1.917875130080      6.780712549750     -4.794687825205
    8     -1.917875130080      6.780712549750     -4.794687825205
    8     -1.917875130080     -6.780712549750     -4.794687825205
    8      1.917875130080     -6.780712549750     -4.794687825205
    8      1.917875130080     -4.068427529850     -4.794687825205
    8     -1.917875130080     -4.068427529850     -4.794687825205
    8     -1.917875130080      4.068427529850     -4.794687825205
    8      1.917875130080      4.068427529850     -4.794687825205
    8      5.753625390240      1.356142509950     -4.794687825205
    8     -5.753625390240      1.356142509950     -4.794687825205
    8     -5.753625390240     -1.356142509950     -4.794687825205
    8      5.753625390240     -1.356142509950     -4.794687825205
    8      5.753625390240      6.780712549750     -4.794687825205
    8     -5.753625390240      6.780712549750     -4.794687825205
    8     -5.753625390240     -6.780712549750     -4.794687825205
    8      5.753625390240     -6.780712549750     -4.794687825205
    8      5.753625390240     -4.068427529850     -4.794687825205
    8     -5.753625390240     -4.068427529850     -4.794687825205
    8     -5.753625390240      4.068427529850     -4.794687825205
    8      5.753625390240      4.068427529850     -4.794687825205
   14      8.333796729178      5.834943692180      6.096906161933
    8      6.976229563470      5.825920487491      7.004946038105
    8     -5.955175027604      7.018541562171      6.723769834531
    8      9.271258737219      4.459971387852      6.253952538399
    6      5.719837075026      5.381839242159      6.438490907479
    6     -4.625205689222      6.693134435887      7.194111984424
    6      9.543328806627      3.875758182048      7.535247183142
    6      4.559763638971      6.171262958184      7.015380242824
    6     -3.806052493875      7.964769593615      7.335351286104
    6      8.941314923495      2.482528144771      7.554157615720
    1      3.646679631927      5.806348052944      6.541760380094
    1     -2.765559956029      7.696804471619      7.579798970196
    1      8.910126049306      2.070332681652      8.573678045468
    1      4.508621255628    -10.228558329283      8.103047057947
    1     -4.184751830371     -7.662730706010      8.135763769289
    1      4.624425367777     -9.022475953102      6.809679500212
    1     -3.795814665832     -7.722745260331      6.413182097730
    1      5.590011181847      4.322087964450      6.687063981386
    1     -4.706716720649      6.192073081121      8.169009925699
    1      5.732231362000      5.477471498394      5.339614820277
    1     -4.153585033672      6.018663184398      6.472247526493
    1      7.929012784183      2.543019839353      7.146948502313
    1     -5.811543637713      1.772872193611      6.948219438918
    1     -4.706317734546      3.871309812805      7.662735235908
    1      9.110760212868      4.494519619372      8.329632316291
    8      5.903582622963      2.160091064781      6.480904633177
    6      6.140753089143      0.897573349744      7.032956650844
    6      5.400395935186     -0.172010115218      6.245276726048
    1      4.324956639994     -0.010902257608      6.205395627341
    1     -9.586705996754     -0.138750445023      5.209178071600
    1      5.834526356234      0.877521437453      8.101198941942
    1     -8.123916351325      0.646645432559      7.002700078599
    1      5.609867188171     -1.176209366311      6.662007922082
    0    0
