   2   1   1 E -4.5963129982898E+04 DE-4.7E-06(  9)
  0.153430010406E+02  0.000000000000E+00  0.000000000000E+00
  0.000000000000E+00  0.162737101194E+02  0.000000000000E+00
  0.000000000000E+00  0.000000000000E+00  0.500000000000E+03
    1
  0.100000000000E+01  0.000000000000E+00  0.000000000000E+00
  0.000000000000E+00  0.100000000000E+01  0.000000000000E+00
  0.000000000000E+00  0.000000000000E+00  0.100000000000E+01
  0.000000000000E+00  0.000000000000E+00  0.000000000000E+00
  249
  258      1.895547888920      2.715708385578      4.265440063461
  258     -1.932683939805      2.720359473985      4.268679789677
  258     -1.921573531376     -2.692384976932      4.264102201761
  258      1.898650024595     -2.698294644516      4.260651271371
  258      1.883182107354     -8.135712307319      4.270409836166
  258     -1.885397086867     -8.127250904169      4.264747456430
  258      5.724975395914      2.714748293261      4.351779445409
  258     -5.775528715509      2.729467131057      4.305749926193
  258     -5.750690197201     -2.716184625371      4.263650073806
  258      5.749204874522     -2.732240086105      4.271264589991
  258      5.648490596806     -8.085884828275      4.315595009255
  258     -5.641852873047     -8.079946219584      4.269749571359
    8     -0.029225593688      4.001072970476      4.363048490787
    8     -0.011065903123     -3.982230626049      4.365710001951
    8     -0.003790017238     -6.857918123525      4.373599899731
    8     -0.004920846069      6.879739061926      4.417486154683
    8     -0.015754369929     -1.436814431373      4.384484149614
    8     -0.030767671223      1.448981455333      4.381952172793
    8      3.767273984523      4.026484418641      4.375192015292
    8     -3.852585297478      4.036126486620      4.410901158277
    8     -3.830279006545     -3.971156423676      4.360492000808
    8      3.860925841672     -4.002234595211      4.371131479532
    8      3.852132630251     -6.862998194627      4.469571498480
    8     -3.811960081173     -6.820843481285      4.398099909962
    8     -3.806062845926      6.913498224585      4.289234704041
    8      3.791222082095      6.917933056522      4.250018127774
    8      3.751421000449     -1.481759807612      4.324776231575
    8     -3.840152966465     -1.430920761154      4.382325199071
    8     -3.831395807992      1.471759497111      4.378807127182
    8      3.716655392525      1.449402045812      4.290701350674
    8      7.640028829594      3.957358028736      4.247733864657
    8      7.646373382825     -4.077585070041      4.377633826208
    8      7.661326925132     -7.098980832247      4.300365078449
    8      7.962160564785      6.495375160805      4.660033046777
    8      7.705619864806     -1.514517895047      4.368545736178
    8      7.774478608243      1.412768580953      4.364924236245
  258     -0.014967563508      0.013502120266      2.593210448702
  258     -0.010461689571      5.419893034415      2.589580782513
  258     -0.002015943287     -5.406512978250      2.588701716121
  258      3.822036935844      0.007466745684      2.601618874889
  258     -3.847685157406      0.014214151038      2.604437931867
  258      3.822611483631      5.407138740741      2.594081989206
  258     -3.841149225028      5.420211186868      2.587882100284
  258     -3.817156344432     -5.392148885722      2.573703852675
  258      3.821188558079     -5.401334618403      2.593099374869
  258      7.668315444366      0.013634255285      2.621256005027
  258      7.672507523920      5.386584264258      2.550492512122
  258      7.666444369701     -5.435355988205      2.597870281394
    8      1.864400854171      1.370371541285      2.508027931739
    8     -1.927789043875      1.376111845513      2.534265372223
    8     -1.927016096725     -1.355230360655      2.536616667888
    8      1.877272263826     -1.362345525705      2.518529132182
    8      1.866519340908      6.798223690303      2.529349330461
    8     -1.889683649880      6.796837870297      2.532248510931
    8     -1.918592128697     -6.779585943044      2.537977632043
    8      1.932714402809     -6.784968908704      2.562870423302
    8      1.915607737028     -4.056389062544      2.538470296217
    8     -1.914305115240     -4.046416796712      2.527305180257
    8     -1.945633037575      4.067131999422      2.536807113255
    8      1.901786380819      4.068498144495      2.524149183408
    8      5.756102935956      1.344931435022      2.562110015661
    8     -5.738927742688      1.384431006452      2.535389766846
    8     -5.749864431518     -1.358097379717      2.539926624793
    8      5.751300296265     -1.373067299288      2.571725012016
    8      5.870760723468      6.827943635475      2.658649252492
    8     -5.800221204112      6.829137877257      2.557203149292
    8     -5.719718879659     -6.741864932535      2.536626618262
    8      5.698921443754     -6.769355927087      2.569048766234
    8      5.752948793525     -4.059768445269      2.526929123805
    8     -5.761269955230     -4.049767338233      2.540563144372
    8     -5.735947530437      4.080340536250      2.533568995032
    8      5.714807301242      4.116342671412      2.501307739183
  258      1.904900373796      2.712004225649      0.649587732404
  258     -1.926064008567      2.713959061931      0.647440654730
  258     -1.920639413224     -2.697498183004      0.645942099421
  258      1.912556027574     -2.701404997148      0.648264173297
  258      1.917619064675      8.138638302290      0.657852803020
  258     -1.917790246788      8.139996660062      0.650586857029
  258      5.743023758429      2.703297409703      0.685646513657
  258     -5.753069550812      2.704768946424      0.661728678439
  258     -5.761904730956     -2.702807711763      0.653702821029
  258      5.751947975914     -2.704160472574      0.657294862177
  258      5.754198026123      8.136705244813      0.673380267297
  258     -5.754636419023      8.140252017689      0.657292642049
    8     -0.016076735395      4.067015427869      0.692372933879
    8      0.000724630770     -4.054144861707      0.689348034222
    8      0.007183433648     -6.782779481023      0.702838958525
    8     -0.004837270180      6.796874403107      0.671202084140
    8     -0.016681474803     -1.358737685304      0.677649246479
    8     -0.022218466325      1.370133750760      0.671938975401
    8      3.814737407226      4.055325833189      0.677469650547
    8     -3.836857628741      4.064297094358      0.680079287737
    8     -3.839910616513     -4.051248686232      0.689106526622
    8      3.829420572448     -4.058797554336      0.695082135483
    8      3.831838321996     -6.786227665393      0.696673862244
    8     -3.830490570174     -6.784086536446      0.684488008533
    8     -3.849324270119      6.792652236461      0.713258838331
    8      3.870851814876      6.791374854744      0.738505527260
    8      3.838576722015     -1.365991517276      0.696162434156
    8     -3.841394565188     -1.358936859748      0.690153401836
    8     -3.837242723568      1.365939641540      0.687376566010
    8      3.829201400499      1.363784118420      0.698642702611
    8      7.674515796824      4.048837298996      0.696179045714
    8      7.671447015776     -4.072027142181      0.698033637494
    8      7.659931589987     -6.797502058000      0.723361675804
    8      7.661077631755      6.774256037609      0.683516961086
    8      7.661452918499     -1.366385478900      0.700374665610
    8      7.669266432837      1.360715321066      0.702246920272
  258     -0.005574864767      0.004796990022     -1.139168580431
  258     -0.002946458405      5.425972988346     -1.135949195458
  258      0.000101185295     -5.421089039247     -1.135211655800
  258      3.833018694232      0.003806961767     -1.131610109844
  258     -3.840479702264      0.002198062386     -1.135198779147
  258      3.837805338776      5.421084147355     -1.130094971609
  258     -3.841059208130      5.425344481779     -1.135896762198
  258     -3.837567938658     -5.420238478447     -1.138128539096
  258      3.835458272468     -5.422595473581     -1.131421169340
  258      7.666212576111      0.004700102953     -1.125967900957
  258      7.667253306569      5.418998550568     -1.141664085036
  258      7.667819151290     -5.421456125267     -1.131169341441
    8      1.917159936799      1.345007038935     -1.169173505140
    8     -1.928550603995      1.347175273422     -1.174745541975
    8     -1.925744951199     -1.341329454571     -1.173974988629
    8      1.918177833541     -1.341898593068     -1.165099605841
    8      1.936808593090      6.772914757635     -1.150942550605
    8     -1.932518494624      6.773631704634     -1.163136390410
    8     -1.912617986025     -6.766196359511     -1.165585780114
    8      1.915912783881     -6.769268350556     -1.161780171369
    8      1.918026731008     -4.079321861036     -1.167347882053
    8     -1.920450737565     -4.078487916811     -1.165874423813
    8     -1.919052497961      4.085651350279     -1.173121871917
    8      1.907387688248      4.085712575686     -1.171767681990
    8      5.749529959450      1.347444437593     -1.155048191151
    8     -5.757954829783      1.346244241958     -1.164554956536
    8     -5.762187983212     -1.343398147762     -1.163227607843
    8      5.751516947316     -1.343920982923     -1.164518389377
    8      5.747048629016      6.775651189999     -1.155804720333
    8     -5.753888619048      6.775489647151     -1.159964791232
    8     -5.764195636720     -6.767851748073     -1.154459786856
    8      5.757934042062     -6.774038921765     -1.146460860754
    8      5.752825381598     -4.080116504274     -1.160110245371
    8     -5.757517301002     -4.079294175467     -1.165020081857
    8     -5.758984325206      4.084268226671     -1.165707115855
    8      5.753968458671      4.081417222684     -1.153983800022
  258      1.917081209759      2.713425365934     -3.052972949789
  258     -1.920221847365      2.713408713194     -3.053884139376
  258     -1.919149524630     -2.711034890068     -3.054480754418
  258      1.917887113090     -2.710858297548     -3.053154149422
  258      1.919287877081      8.136985769258     -3.049950444827
  258     -1.918451924455      8.137567917581     -3.052224423589
  258      5.752114538575      2.711056771921     -3.044656252618
  258     -5.755262931315      2.711282266540     -3.050307346126
  258     -5.756414666490     -2.709936998789     -3.051875478798
  258      5.752982442058     -2.710356789137     -3.050794541880
  258      5.752371200790      8.137054792284     -3.046958082590
  258     -5.755589235190      8.137314876601     -3.050913699670
    8     -0.000101276145     -1.318651647707     -3.046189530527
    8     -0.001236391283      1.320828853299     -3.046620421846
    8     -0.001262387914      4.109186787952     -3.049060696491
    8     -0.000628167058     -4.106013008374     -3.044028205973
    8      0.001235504068     -6.741916798759     -3.044336008150
    8      0.001941769503      6.746398236603     -3.038105088282
    8      3.835239631335     -1.317848658431     -3.043889225672
    8     -3.840171395157     -1.319693514034     -3.045425655297
    8     -3.840196515984      1.318881033034     -3.047449688466
    8      3.837136377000      1.319416102104     -3.043215683530
    8      3.837166101071      4.108486183510     -3.039656995995
    8     -3.839085370669      4.108340987390     -3.043975011089
    8     -3.837275678743     -4.106972007388     -3.044936716063
    8      3.836541699790     -4.107278434706     -3.043688769764
    8      3.838157377433     -6.742812247735     -3.038970601389
    8     -3.838798635157     -6.742327985368     -3.040623861489
    8     -3.838815128154      6.744988958214     -3.045748306859
    8      3.836728659112      6.742947087168     -3.043031372712
    8      7.669655266917     -1.317736247776     -3.043910665452
    8      7.668070278676      1.319176166676     -3.041346242253
    8      7.668387123582      4.106773634208     -3.044038589183
    8      7.669312344193     -4.108042640094     -3.041693767361
    8      7.669268032528     -6.742268120068     -3.040268396839
    8      7.669672820600      6.742963554120     -3.041101146253
  258      0.000000000000      0.000000000000     -4.794687825205
  258      0.000000000000      5.424570039800     -4.794687825205
  258      0.000000000000     -5.424570039800     -4.794687825205
  258      3.835750260160      0.000000000000     -4.794687825205
  258     -3.835750260160      0.000000000000     -4.794687825205
  258      3.835750260160      5.424570039800     -4.794687825205
  258     -3.835750260160      5.424570039800     -4.794687825205
  258     -3.835750260160     -5.424570039800     -4.794687825205
  258      3.835750260160     -5.424570039800     -4.794687825205
  258      7.671500520300      0.000000000000     -4.794687825205
  258      7.671500520300      5.424570039800     -4.794687825205
  258      7.671500520300     -5.424570039800     -4.794687825205
    8      1.917875130080      1.356142509950     -4.794687825205
    8     -1.917875130080      1.356142509950     -4.794687825205
    8     -1.917875130080     -1.356142509950     -4.794687825205
    8      1.917875130080     -1.356142509950     -4.794687825205
    8      1.917875130080      6.780712549750     -4.794687825205
    8     -1.917875130080      6.780712549750     -4.794687825205
    8     -1.917875130080     -6.780712549750     -4.794687825205
    8      1.917875130080     -6.780712549750     -4.794687825205
    8      1.917875130080     -4.068427529850     -4.794687825205
    8     -1.917875130080     -4.068427529850     -4.794687825205
    8     -1.917875130080      4.068427529850     -4.794687825205
    8      1.917875130080      4.068427529850     -4.794687825205
    8      5.753625390240      1.356142509950     -4.794687825205
    8     -5.753625390240      1.356142509950     -4.794687825205
    8     -5.753625390240     -1.356142509950     -4.794687825205
    8      5.753625390240     -1.356142509950     -4.794687825205
    8      5.753625390240      6.780712549750     -4.794687825205
    8     -5.753625390240      6.780712549750     -4.794687825205
    8     -5.753625390240     -6.780712549750     -4.794687825205
    8      5.753625390240     -6.780712549750     -4.794687825205
    8      5.753625390240     -4.068427529850     -4.794687825205
    8     -5.753625390240     -4.068427529850     -4.794687825205
    8     -5.753625390240      4.068427529850     -4.794687825205
    8      5.753625390240      4.068427529850     -4.794687825205
   14      8.062102199676      6.055387762492      6.197046224530
    8      6.575025259118      6.435216377348      6.848090857137
    8     -6.081928711161      7.116901100385      6.770518363393
    8      8.536698628625      4.550643454706      6.738941106642
    6      5.488789410917      5.533994815730      6.439461334262
    6     -4.757792796430      6.564208005555      7.060681894004
    6      8.484972967949      4.388935187364      8.182183652708
    6      4.175690454523      6.131337217487      6.912716202187
    6     -3.745080568222      7.692398232497      7.219280487841
    6      7.851051831344      3.068275466086      8.538701492390
    1      3.359094022384      5.559461669571      6.459816871681
    1     -2.735903981904      7.253294019664      7.220394655290
    1      7.851269988878      2.951734481619      9.631866927090
    1      4.099653729734    -10.166888555094      8.008792087033
    1     -3.880804663699     -8.039255549205      8.160573586377
    1      4.069431011777     -9.098430016538      6.580262565836
    1     -3.793796514184     -7.854215745932      6.406196555990
    1      5.644236039922      4.514790989569      6.841299152278
    1     -4.812328081553      6.000600501954      7.998112716183
    1      5.481463007911      5.448256185107      5.332059394037
    1     -4.454808289118      5.889046864574      6.248320213564
    1      6.831910493872      3.026192543551      8.157684751892
    1     -6.926477254410      2.235369316165      8.102675037226
    1     -5.836053253153      4.450186465262      8.577154506100
    1      7.911151875372      5.219511999841      8.631031359632
    8      5.706703684128      2.239838095223      6.473163299569
    6      6.066950439726      1.005938639400      7.022080203992
    6      5.462924559852     -0.131977780859      6.211215373325
    1      4.375776291484     -0.059313127839      6.112075521211
    1     -9.448691380935     -0.103447953730      5.198129392479
    1      5.740600389632      0.952178283612      8.085845368459
    1     -8.177862160658      0.882707709386      7.023897410626
    1      5.739008416644     -1.103760795891      6.668603641386
    0    0
