   2   1   1 E -4.5963148809018E+04 DE 8.1E-07(  8)
  0.153430010406E+02  0.000000000000E+00  0.000000000000E+00
  0.000000000000E+00  0.162737101194E+02  0.000000000000E+00
  0.000000000000E+00  0.000000000000E+00  0.500000000000E+03
    1
  0.100000000000E+01  0.000000000000E+00  0.000000000000E+00
  0.000000000000E+00  0.100000000000E+01  0.000000000000E+00
  0.000000000000E+00  0.000000000000E+00  0.100000000000E+01
  0.000000000000E+00  0.000000000000E+00  0.000000000000E+00
  249
  258      1.902057092282      2.710524607044      4.263624123458
  258     -1.922905426969      2.720818390210      4.261738985302
  258     -1.918311620728     -2.698589425772      4.263221873545
  258      1.902036627238     -2.704365814342      4.259081894843
  258      1.888406583093     -8.138340910672      4.267885379127
  258     -1.883929343645     -8.126882665784      4.269044459848
  258      5.737886503362      2.692270534845      4.358275137875
  258     -5.754899585045      2.718990948283      4.283837441932
  258     -5.747149105593     -2.719964659165      4.262865460831
  258      5.754869657841     -2.739786408474      4.264925550955
  258      5.653029989448     -8.090232207965      4.305480751315
  258     -5.642023200295     -8.082814786213      4.281119021649
    8     -0.019878626066      3.998984511270      4.364769840291
    8     -0.005884195265     -3.986751805395      4.366430456499
    8      0.003743583830     -6.860991586901      4.381552713646
    8      0.005369083964      6.879121027628      4.402318497367
    8     -0.013737865806     -1.441211742394      4.382142125001
    8     -0.018076891480      1.443667191673      4.375062282516
    8      3.781384773483      4.013074932264      4.371397433239
    8     -3.762471485663      4.005894061826      4.341034596125
    8     -3.833277398634     -3.979945690234      4.361188881844
    8      3.859881947517     -4.009724162170      4.366781535682
    8      3.861134969505     -6.866544164831      4.445769907612
    8     -3.791335729161     -6.827113468298      4.376830106948
    8     -3.811566045953      6.896741284130      4.342452253089
    8      3.808337644523      6.897460123534      4.317963710024
    8      3.756137951480     -1.488348715521      4.318773791411
    8     -3.831903899877     -1.442134996500      4.378541990879
    8     -3.863249555784      1.452784597747      4.399067200750
    8      3.726461795424      1.443301014364      4.307440733811
    8      7.601247770781      3.997893967803      4.315109885238
    8      7.654760395838     -4.081431423605      4.375634471741
    8      7.659007391416     -7.094426671362      4.309134944612
    8      7.966970764894      6.525230970957      4.673767699550
    8      7.699087454085     -1.517240644308      4.366899387655
    8      7.786040069011      1.419740267178      4.313413460927
  258     -0.010682774598      0.009051951608      2.591860307921
  258     -0.001355740760      5.417029571715      2.588426431528
  258      0.001306487967     -5.411479547527      2.588809247390
  258      3.824330857552      0.000228603872      2.599493763182
  258     -3.842296919898      0.007524013478      2.601047929982
  258      3.834298857688      5.399934288964      2.608283279034
  258     -3.828613507481      5.422304782864      2.589513303816
  258     -3.815183390842     -5.396142958014      2.572496141296
  258      3.823081701133     -5.405118036474      2.588194540531
  258      7.673242667439      0.003588152002      2.608109591539
  258      7.669761610120      5.385868813141      2.549435738266
  258      7.672120416369     -5.438549431426      2.596487230067
    8      1.875807599471      1.365212613229      2.508625798530
    8     -1.934972795292      1.369884073083      2.538511862025
    8     -1.922660620121     -1.360463148115      2.533714575261
    8      1.881201863080     -1.366914056054      2.517394542846
    8      1.894580532625      6.793951679572      2.536263010625
    8     -1.900578192440      6.797940359759      2.541119207550
    8     -1.904394073506     -6.782648501724      2.535058404755
    8      1.933630600811     -6.790457029880      2.559995562611
    8      1.917041752587     -4.061208032966      2.534162631466
    8     -1.911470710300     -4.050081860848      2.528574677458
    8     -1.909590837894      4.067368955949      2.509068310437
    8      1.909389654054      4.065562180314      2.527344924653
    8      5.754115680362      1.332170905660      2.560478338500
    8     -5.723016712508      1.367075779778      2.492114026537
    8     -5.746691069095     -1.365515188641      2.541703151057
    8      5.752639663494     -1.383104148150      2.563068078436
    8      5.867820794566      6.817146433179      2.663172522516
    8     -5.788631670380      6.828305509020      2.558950462281
    8     -5.721559680867     -6.741970233583      2.538140538491
    8      5.707094262565     -6.778497160412      2.560671704683
    8      5.757243870754     -4.069181657783      2.523246144530
    8     -5.758206683259     -4.050601887399      2.537046355094
    8     -5.751051355335      4.089324772558      2.547790267563
    8      5.732745318108      4.100681444983      2.497812479301
  258      1.910834881824      2.710252864317      0.648940134955
  258     -1.920723745948      2.711619735558      0.645303112812
  258     -1.917940355040     -2.700553982688      0.644781303633
  258      1.913889088334     -2.704278993622      0.645970003697
  258      1.923656011300      8.134372920011      0.656321348121
  258     -1.912482933841      8.138686105120      0.651963260919
  258      5.745926217830      2.698483260141      0.683400096501
  258     -5.748298348597      2.703198316929      0.652745406281
  258     -5.757279244073     -2.706360873916      0.651136205352
  258      5.754287118874     -2.709268174092      0.653957862053
  258      5.757105500055      8.133997230916      0.669934015770
  258     -5.750738229574      8.137732273236      0.660091024930
    8      0.003069472395      4.064159490767      0.679684612204
    8      0.000837761850     -4.057264957007      0.687628599938
    8      0.014976496236     -6.785842479672      0.700125980600
    8     -0.000317356665      6.794136949389      0.682219524567
    8     -0.012776243499     -1.361859242112      0.677095045710
    8     -0.019488189343      1.366822034786      0.677043108781
    8      3.818876761993      4.053141596175      0.682157013861
    8     -3.842440718864      4.062759580051      0.690048746995
    8     -3.835294287702     -4.054582089593      0.686846586018
    8      3.832670976335     -4.062099904152      0.692107374170
    8      3.833248351994     -6.792234998043      0.691619109467
    8     -3.827867169540     -6.788452209689      0.688757060276
    8     -3.841463012272      6.790501911440      0.706780588166
    8      3.881645753464      6.785603012463      0.745221810920
    8      3.838665308651     -1.368943295058      0.692965401457
    8     -3.839941307671     -1.361658988518      0.689795111794
    8     -3.823532936601      1.365426298992      0.674228940882
    8      3.833700259554      1.360493057657      0.696697928558
    8      7.683534914943      4.048443319277      0.697145290426
    8      7.673814089237     -4.077001618486      0.695769000080
    8      7.665196587688     -6.802612640537      0.718326098192
    8      7.658631486578      6.768758361109      0.688971466697
    8      7.666594279729     -1.372608186267      0.694891705020
    8      7.664939058057      1.359325055731      0.693622662867
  258     -0.002712522761      0.003500034273     -1.139853535989
  258      0.001479089840      5.424283633757     -1.136194031164
  258      0.002574924740     -5.423329469677     -1.135773707182
  258      3.835045636153      0.001714969624     -1.133070579405
  258     -3.836971125177      0.000529476751     -1.136728558188
  258      3.842008654402      5.418187622320     -1.127283602098
  258     -3.837286081099      5.424554934874     -1.135226442720
  258     -3.834677338143     -5.423039798265     -1.138899137573
  258      3.837272634960     -5.425005566787     -1.134362735946
  258      7.668009251388      0.002690846113     -1.130361128983
  258      7.669642724008      5.416768961064     -1.141966094267
  258      7.670866997224     -5.423842544220     -1.132109391120
    8      1.918540539634      1.343239951951     -1.168742244350
    8     -1.919854198207      1.345367977158     -1.180500342278
    8     -1.922736337172     -1.343635398306     -1.173944953313
    8      1.918934972516     -1.343935051288     -1.167240864165
    8      1.939916729893      6.770433926286     -1.146855168902
    8     -1.923532456729      6.772725475007     -1.164105138309
    8     -1.911887969245     -6.767984909307     -1.163526388346
    8      1.918690366351     -6.772457752927     -1.165078813975
    8      1.919676909076     -4.082120786148     -1.167789391936
    8     -1.918901528143     -4.080680960090     -1.168141132710
    8     -1.921064570383      4.085883724459     -1.169231978045
    8      1.916174206152      4.084185488027     -1.176424283524
    8      5.749309535287      1.344813552253     -1.160483040195
    8     -5.756714202684      1.343962315433     -1.166448028615
    8     -5.759042329887     -1.344990440152     -1.165397146865
    8      5.752909133600     -1.346720477683     -1.165796846823
    8      5.749686072159      6.774853329452     -1.158770254348
    8     -5.755362731007      6.772802430564     -1.156673520480
    8     -5.759170358741     -6.770774902019     -1.154678295059
    8      5.760074213362     -6.776190332851     -1.147843359914
    8      5.754685206976     -4.083434039649     -1.163333699842
    8     -5.754645913363     -4.081680003663     -1.166133848532
    8     -5.754581489948      4.082759365237     -1.170722478780
    8      5.757660857122      4.079903133892     -1.152313373699
  258      1.918679417518      2.712675866450     -3.053300201105
  258     -1.918639646301      2.712921510707     -3.054408044218
  258     -1.918073770766     -2.711727057925     -3.054927766056
  258      1.918415592705     -2.711453419752     -3.054150499948
  258      1.920655724740      8.135756785434     -3.050511494180
  258     -1.917050552995      8.136849647718     -3.052047445806
  258      5.752707726047      2.710607958132     -3.044968750257
  258     -5.754057679529      2.710434922399     -3.053615637890
  258     -5.755208212639     -2.710952006744     -3.052614825738
  258      5.753762619388     -2.711338667890     -3.051976413835
  258      5.753543825257      8.136118834036     -3.047538105119
  258     -5.754395502035      8.136347676846     -3.050274857255
    8      0.000403555466     -1.319090391752     -3.046932193182
    8      0.001290336993      1.320504973112     -3.048114446854
    8     -0.001687010156      4.108715396212     -3.047581737002
    8      0.000716875855     -4.106997121363     -3.044537765302
    8      0.001050174861     -6.743186906271     -3.044545831684
    8      0.005164185525      6.745442808741     -3.038996836756
    8      3.836000692491     -1.319166181639     -3.044719246402
    8     -3.838459959162     -1.320650151379     -3.046735202402
    8     -3.839026325589      1.318935939976     -3.047811368544
    8      3.836940759491      1.318476601403     -3.044482786099
    8      3.840588589659      4.107765207967     -3.040137266609
    8     -3.836682783194      4.108900956181     -3.045467981766
    8     -3.836706507851     -4.108485579749     -3.045623631828
    8      3.836747731132     -4.108319273879     -3.044274884457
    8      3.839516945701     -6.744263182115     -3.040719254362
    8     -3.837173984685     -6.743616774991     -3.041026515071
    8     -3.838334041447      6.744709406181     -3.043006882107
    8      3.836458609337      6.741456605246     -3.042339490376
    8      7.670521639704     -1.318875097628     -3.044998499960
    8      7.669316420699      1.318258003370     -3.043085250631
    8      7.668833272286      4.105782909803     -3.044329940692
    8      7.670633863647     -4.109004778388     -3.042537769987
    8      7.670916449508     -6.743712608970     -3.040532864717
    8      7.671609911196      6.741425919454     -3.041923791528
  258      0.000000000000      0.000000000000     -4.794687825205
  258      0.000000000000      5.424570039800     -4.794687825205
  258      0.000000000000     -5.424570039800     -4.794687825205
  258      3.835750260160      0.000000000000     -4.794687825205
  258     -3.835750260160      0.000000000000     -4.794687825205
  258      3.835750260160      5.424570039800     -4.794687825205
  258     -3.835750260160      5.424570039800     -4.794687825205
  258     -3.835750260160     -5.424570039800     -4.794687825205
  258      3.835750260160     -5.424570039800     -4.794687825205
  258      7.671500520300      0.000000000000     -4.794687825205
  258      7.671500520300      5.424570039800     -4.794687825205
  258      7.671500520300     -5.424570039800     -4.794687825205
    8      1.917875130080      1.356142509950     -4.794687825205
    8     -1.917875130080      1.356142509950     -4.794687825205
    8     -1.917875130080     -1.356142509950     -4.794687825205
    8      1.917875130080     -1.356142509950     -4.794687825205
    8      1.917875130080      6.780712549750     -4.794687825205
    8     -1.917875130080      6.780712549750     -4.794687825205
    8     -1.917875130080     -6.780712549750     -4.794687825205
    8      1.917875130080     -6.780712549750     -4.794687825205
    8      1.917875130080     -4.068427529850     -4.794687825205
    8     -1.917875130080     -4.068427529850     -4.794687825205
    8     -1.917875130080      4.068427529850     -4.794687825205
    8      1.917875130080      4.068427529850     -4.794687825205
    8      5.753625390240      1.356142509950     -4.794687825205
    8     -5.753625390240      1.356142509950     -4.794687825205
    8     -5.753625390240     -1.356142509950     -4.794687825205
    8      5.753625390240     -1.356142509950     -4.794687825205
    8      5.753625390240      6.780712549750     -4.794687825205
    8     -5.753625390240      6.780712549750     -4.794687825205
    8     -5.753625390240     -6.780712549750     -4.794687825205
    8      5.753625390240     -6.780712549750     -4.794687825205
    8      5.753625390240     -4.068427529850     -4.794687825205
    8     -5.753625390240     -4.068427529850     -4.794687825205
    8     -5.753625390240      4.068427529850     -4.794687825205
    8      5.753625390240      4.068427529850     -4.794687825205
   14      8.325664290215      5.804067199800      6.067271451925
    8      6.997339046319      5.726969542076      7.015929115379
    8     -5.973307514474      7.007446287961      6.692433039309
    8      9.323121011366      4.468531936390      6.213083164908
    6      5.713437542247      5.369455893849      6.455704567130
    6     -4.651977775721      6.709741744845      7.199457960520
    6      9.594152520152      3.847544608729      7.483758115697
    6      4.607739904878      6.223974859990      7.047791879407
    6     -3.856797684922      7.996251811499      7.356775672299
    6      9.060385567557      2.417684134672      7.451293346775
    1      3.664566434673      5.918036971532      6.582402408672
    1     -2.822035453558      7.746532809581      7.639775017417
    1      8.927596550513      2.025892912629      8.471337876733
    1      4.561921327905    -10.173006141965      8.135749544401
    1     -4.271399014477     -7.628322899914      8.135087583272
    1      4.735671710241     -8.971052392770      6.848983291028
    1     -3.822125162905     -7.703807526059      6.425804992702
    1      5.520730874705      4.316438802496      6.695317777518
    1     -4.747445646080      6.208436361152      8.173647856663
    1      5.720396460129      5.472702245979      5.358242697162
    1     -4.147156453992      6.041525766782      6.493259294205
    1      8.087769393379      2.423138249395      6.940842321858
    1     -5.586194170505      1.725732165679      6.932675008787
    1     -4.661937266438      3.892596999199      7.632087083762
    1      9.110399238986      4.414540471047      8.290483438312
    8      5.932640875866      2.162260470478      6.479012229573
    6      6.096169504775      0.907599036207      7.070835637325
    6      5.391187111949     -0.161580914841      6.254778779792
    1      4.319725900726      0.001994948528      6.165975815991
    1     -9.542515680892     -0.132025453225      5.238143363055
    1      5.700185570632      0.912573591382      8.109723169101
    1     -8.174004237098      0.634818104397      7.141528112798
    1      5.576988873478     -1.165025465253      6.685746670815
    0    0
