   2   1   1 E -4.5963139655071E+04 DE-3.5E-06(  8)
  0.153430010406E+02  0.000000000000E+00  0.000000000000E+00
  0.000000000000E+00  0.162737101194E+02  0.000000000000E+00
  0.000000000000E+00  0.000000000000E+00  0.500000000000E+03
    1
  0.100000000000E+01  0.000000000000E+00  0.000000000000E+00
  0.000000000000E+00  0.100000000000E+01  0.000000000000E+00
  0.000000000000E+00  0.000000000000E+00  0.100000000000E+01
  0.000000000000E+00  0.000000000000E+00  0.000000000000E+00
  249
  258      1.895519767649      2.710015307790      4.266151974572
  258     -1.932853114200      2.723231396610      4.269331849495
  258     -1.922787836980     -2.692624167846      4.265200113167
  258      1.897370046229     -2.703259022315      4.261384141457
  258      1.879615862665     -8.135843803920      4.270857671565
  258     -1.885318725857     -8.124548874849      4.265611237295
  258      5.724759363095      2.696736658759      4.342778575923
  258     -5.772006088184      2.738322090308      4.321904577037
  258     -5.750240546504     -2.715564785800      4.266102742725
  258      5.744823975932     -2.737091373956      4.267192212005
  258      5.644067690149     -8.084928613696      4.322530543768
  258     -5.636092460697     -8.068900728764      4.272118557572
    8     -0.024500680085      4.001124373468      4.364443655018
    8     -0.010252933800     -3.982701716221      4.367715127005
    8     -0.001661672955     -6.856725834453      4.376617172088
    8     -0.002347136688      6.882782675540      4.418017370348
    8     -0.016802194966     -1.437205847384      4.383020343169
    8     -0.031805745637      1.447794322135      4.381235408938
    8      3.766105936281      4.016689333812      4.372247697239
    8     -3.831281882238      4.033723044000      4.390413950506
    8     -3.833177203367     -3.968513936154      4.359526953625
    8      3.849444287192     -4.008737650254      4.365510328827
    8      3.864787427877     -6.862134407554      4.469500626899
    8     -3.795375335969     -6.808938783925      4.381395329404
    8     -3.811334454658      6.914135995770      4.330508676700
    8      3.791761622362      6.916917826780      4.281964481503
    8      3.760280995883     -1.489008905920      4.331499597580
    8     -3.840813084468     -1.430286412615      4.388175689931
    8     -3.834932779247      1.472013968361      4.392036354470
    8      3.716053532966      1.438350670922      4.298411998084
    8      7.608329172760      3.956090715772      4.249867940269
    8      7.649163686063     -4.085450462069      4.381533783363
    8      7.655454507598     -7.114699620011      4.298678441588
    8      8.049210791655      6.484712951923      4.644459711910
    8      7.700788919737     -1.516405345631      4.365101256972
    8      7.760597264747      1.414441380982      4.363980904361
  258     -0.016714438450      0.012209000919      2.593931165913
  258     -0.008640911509      5.417634707402      2.591445487823
  258     -0.001861040521     -5.407349099504      2.588003315532
  258      3.816701310141     -0.000052868719      2.600270901163
  258     -3.849118434419      0.017041510045      2.608462029092
  258      3.824810460511      5.404434701953      2.604392172788
  258     -3.839883924594      5.423032931484      2.595495028783
  258     -3.814823994320     -5.389267099881      2.568944284659
  258      3.819971844492     -5.406903635460      2.590078938190
  258      7.670199277598      0.010071085093      2.621512286242
  258      7.670176458765      5.389520402744      2.550095421555
  258      7.666060484347     -5.434889325179      2.598194218886
    8      1.864881518024      1.367378000186      2.508982970939
    8     -1.931400399058      1.376430862068      2.536157216675
    8     -1.928799581297     -1.354807219630      2.538852699909
    8      1.883710647834     -1.365976801217      2.523522530120
    8      1.872640223027      6.796994728439      2.535173627555
    8     -1.896196731633      6.798768474620      2.538426255377
    8     -1.911474055908     -6.780049039056      2.533743540685
    8      1.933568416401     -6.788262573534      2.565230630648
    8      1.911344633781     -4.059834084898      2.533789518617
    8     -1.913705924828     -4.044814452826      2.527968332952
    8     -1.937223656265      4.069920309716      2.532966948132
    8      1.901879563554      4.067429007674      2.525628308900
    8      5.750970486239      1.333530481239      2.556758460812
    8     -5.740623594898      1.380172528867      2.535652067635
    8     -5.746101834175     -1.357944910959      2.542185089076
    8      5.746256362680     -1.379951585946      2.566632769969
    8      5.874394149551      6.824530213770      2.676641090576
    8     -5.783738453048      6.837715763234      2.543352300927
    8     -5.720240989277     -6.732388210518      2.533416297562
    8      5.696910249857     -6.778590985327      2.572432330812
    8      5.752093445496     -4.067495027902      2.525269177458
    8     -5.762371545401     -4.046052374602      2.538996527677
    8     -5.743084512845      4.084372484496      2.543947923746
    8      5.712144827710      4.112155077268      2.493922165993
  258      1.905783824817      2.712073167306      0.650019640794
  258     -1.925826556587      2.714670562351      0.648882971650
  258     -1.921051569896     -2.695810114002      0.645442578755
  258      1.910830840462     -2.703067771803      0.646653829569
  258      1.919065555884      8.136929547019      0.658656611890
  258     -1.916365818885      8.139245831781      0.651226720235
  258      5.742767364186      2.702169650054      0.679789347615
  258     -5.752922187312      2.706012632583      0.666191710843
  258     -5.761473108680     -2.703187040897      0.654259425644
  258      5.751698658847     -2.706769109878      0.655317396681
  258      5.755534967626      8.135639023166      0.677219157844
  258     -5.751863706851      8.140673388548      0.657698306055
    8     -0.012995641131      4.065925030421      0.690405777058
    8     -0.001564915244     -4.054986943064      0.688381057152
    8      0.012020368028     -6.784171391570      0.701584269869
    8     -0.003433642384      6.795007055989      0.676382683999
    8     -0.013477304893     -1.359575905341      0.681299282363
    8     -0.023271476848      1.368644584855      0.674943698837
    8      3.813382121823      4.055437476347      0.677099553959
    8     -3.840282761709      4.066092575153      0.687065605874
    8     -3.837689386283     -4.049665700390      0.686287768029
    8      3.829049789725     -4.061450447750      0.693845911622
    8      3.831613135034     -6.789964475715      0.695669715334
    8     -3.827995917094     -6.783986420916      0.683782075410
    8     -3.843111770738      6.793606339727      0.708278779882
    8      3.876102125000      6.788193786467      0.748210513083
    8      3.833664092648     -1.367724811850      0.691892499035
    8     -3.840247774833     -1.358075086705      0.690553029353
    8     -3.837904756896      1.367592524982      0.688443395401
    8      3.828009454140      1.364896481622      0.697524077524
    8      7.674710260263      4.049971538164      0.696683787486
    8      7.669189134993     -4.073317155553      0.698079004849
    8      7.658467921970     -6.796662314351      0.724298756118
    8      7.656206637366      6.775391559370      0.686059954208
    8      7.663018634924     -1.368113743528      0.701825085376
    8      7.668288898651      1.362042639662      0.701999976522
  258     -0.005491885494      0.005034767535     -1.138694508915
  258     -0.002145724887      5.425664500005     -1.135162210069
  258      0.000044721628     -5.421802844375     -1.135735682884
  258      3.833283301413      0.003495712600     -1.131911763675
  258     -3.841312984992      0.002749595202     -1.133107524037
  258      3.838532384063      5.420900134746     -1.127775931029
  258     -3.840535276820      5.425674588989     -1.133432931969
  258     -3.836714530867     -5.420330923338     -1.139576844968
  258      3.835528954350     -5.424216135042     -1.132989484525
  258      7.666171103650      0.005079928863     -1.126763541778
  258      7.667063353749      5.417934216583     -1.141187842586
  258      7.668009545372     -5.422700210314     -1.131332567192
    8      1.915542311915      1.345288560501     -1.168814373916
    8     -1.927060938727      1.347628140331     -1.174421241627
    8     -1.924010554829     -1.340404306405     -1.172669283495
    8      1.916415719642     -1.341589764580     -1.167218229465
    8      1.938864879507      6.772647316180     -1.147672489515
    8     -1.927909777208      6.773113902641     -1.164348160080
    8     -1.911604700721     -6.766164905039     -1.165510779090
    8      1.917411488450     -6.770668141020     -1.162038529554
    8      1.916924864981     -4.080475914279     -1.168043375121
    8     -1.919523628577     -4.077984901999     -1.166923012641
    8     -1.921551979644      4.085881735516     -1.169662394306
    8      1.908423420935      4.086281214107     -1.172433122596
    8      5.749357779596      1.346521021340     -1.157188185832
    8     -5.759173625932      1.345331229348     -1.161823485001
    8     -5.760927539040     -1.342549444999     -1.162688962893
    8      5.751460619889     -1.343932853595     -1.162704992086
    8      5.745860736603      6.775606317635     -1.154150172096
    8     -5.755642097747      6.774611034743     -1.158648395423
    8     -5.764381787321     -6.767197674587     -1.155260948278
    8      5.757840390956     -6.775559334366     -1.145339114365
    8      5.753192609945     -4.080533748710     -1.162052370447
    8     -5.758030750889     -4.078960486219     -1.164995925463
    8     -5.758886706075      4.083897576587     -1.164254325916
    8      5.753628972347      4.080412159311     -1.156600063974
  258      1.916886538522      2.713523447221     -3.052939525657
  258     -1.920709877450      2.713449635143     -3.053437196151
  258     -1.919216321188     -2.710479493628     -3.054684480552
  258      1.917797261248     -2.710779306224     -3.053871105357
  258      1.919454764704      8.136613482341     -3.049664454696
  258     -1.918094162325      8.137332357523     -3.052286139784
  258      5.751466528691      2.711520595801     -3.045374405959
  258     -5.755207132711      2.711487748551     -3.049729771360
  258     -5.756693773271     -2.709889774323     -3.051507544931
  258      5.752840862885     -2.710401115966     -3.051316522895
  258      5.752347524715      8.136569708224     -3.045642934497
  258     -5.755582811200      8.136935647255     -3.050860639606
    8     -0.000748975306     -1.318363209526     -3.046555671262
    8     -0.001101666690      1.321241492911     -3.046818049504
    8     -0.002544755975      4.109508314105     -3.047684173682
    8     -0.000771101996     -4.106389934840     -3.045027123553
    8      0.001772112420     -6.742640627860     -3.044642591393
    8      0.003605859198      6.746278788671     -3.038175871754
    8      3.835655782637     -1.318133367584     -3.044198079883
    8     -3.839671239174     -1.319233282788     -3.045804402479
    8     -3.840640047046      1.319630199372     -3.045993715979
    8      3.836200001480      1.318950732294     -3.043491508037
    8      3.836983805969      4.108427914257     -3.039871979603
    8     -3.839019969555      4.108532647183     -3.043829150164
    8     -3.837518852864     -4.106989596828     -3.044781244043
    8      3.836572540632     -4.107386352805     -3.043017413234
    8      3.838299405922     -6.742858148220     -3.039308550509
    8     -3.838673370344     -6.742777899162     -3.040402982437
    8     -3.839082077738      6.745122799014     -3.044621688807
    8      3.836465724507      6.742689007701     -3.042641167883
    8      7.669379140685     -1.317849293189     -3.042968040982
    8      7.668556101636      1.318903782113     -3.041327423243
    8      7.668550795024      4.106599026751     -3.043887457016
    8      7.669412622690     -4.107941113143     -3.042173973867
    8      7.668905951909     -6.742515018139     -3.040581548162
    8      7.669354942602      6.742557763406     -3.040511797130
  258      0.000000000000      0.000000000000     -4.794687825205
  258      0.000000000000      5.424570039800     -4.794687825205
  258      0.000000000000     -5.424570039800     -4.794687825205
  258      3.835750260160      0.000000000000     -4.794687825205
  258     -3.835750260160      0.000000000000     -4.794687825205
  258      3.835750260160      5.424570039800     -4.794687825205
  258     -3.835750260160      5.424570039800     -4.794687825205
  258     -3.835750260160     -5.424570039800     -4.794687825205
  258      3.835750260160     -5.424570039800     -4.794687825205
  258      7.671500520300      0.000000000000     -4.794687825205
  258      7.671500520300      5.424570039800     -4.794687825205
  258      7.671500520300     -5.424570039800     -4.794687825205
    8      1.917875130080      1.356142509950     -4.794687825205
    8     -1.917875130080      1.356142509950     -4.794687825205
    8     -1.917875130080     -1.356142509950     -4.794687825205
    8      1.917875130080     -1.356142509950     -4.794687825205
    8      1.917875130080      6.780712549750     -4.794687825205
    8     -1.917875130080      6.780712549750     -4.794687825205
    8     -1.917875130080     -6.780712549750     -4.794687825205
    8      1.917875130080     -6.780712549750     -4.794687825205
    8      1.917875130080     -4.068427529850     -4.794687825205
    8     -1.917875130080     -4.068427529850     -4.794687825205
    8     -1.917875130080      4.068427529850     -4.794687825205
    8      1.917875130080      4.068427529850     -4.794687825205
    8      5.753625390240      1.356142509950     -4.794687825205
    8     -5.753625390240      1.356142509950     -4.794687825205
    8     -5.753625390240     -1.356142509950     -4.794687825205
    8      5.753625390240     -1.356142509950     -4.794687825205
    8      5.753625390240      6.780712549750     -4.794687825205
    8     -5.753625390240      6.780712549750     -4.794687825205
    8     -5.753625390240     -6.780712549750     -4.794687825205
    8      5.753625390240     -6.780712549750     -4.794687825205
    8      5.753625390240     -4.068427529850     -4.794687825205
    8     -5.753625390240     -4.068427529850     -4.794687825205
    8     -5.753625390240      4.068427529850     -4.794687825205
    8      5.753625390240      4.068427529850     -4.794687825205
   14      8.261668209439      5.930858971595      6.128979252598
    8      6.835031580495      6.094696407136      6.937686216576
    8     -5.982700366042      7.070367843033      6.734811317636
    8      9.046706214807      4.484459404002      6.416862919741
    6      5.667700792608      5.407812734388      6.399559102651
    6     -4.647073145688      6.685938392930      7.155218103074
    6      9.219415279132      4.088726762201      7.797785863626
    6      4.391323338166      6.047753490023      6.926662809665
    6     -3.761031609658      7.911006673954      7.294577228805
    6      8.479289500213      2.787868251651      8.021648713391
    1      3.558406442647      5.580765818488      6.397768973488
    1     -2.716346718220      7.580710727787      7.404697535106
    1      8.530386451395      2.487854221900      9.076048038690
    1      4.299462048342    -10.382044273197      8.005974299209
    1     -4.018851528251     -7.768870184212      8.174053772377
    1      4.345279561263     -9.144360838798      6.725648147467
    1     -3.808596048205     -7.708540134112      6.427373026662
    1      5.703323314489      4.338655603732      6.679149202892
    1     -4.724078018154      6.184255319910      8.124436060250
    1      5.684219704752      5.470172224443      5.293124798101
    1     -4.216038156601      5.995210276423      6.419413542805
    1      7.438195241817      2.895468039715      7.712274155185
    1     -6.419746439027      1.983565859237      7.418268819949
    1     -5.043941061861      3.998895022789      7.979658430030
    1      8.833013607923      4.879397662607      8.469405276957
    8      5.810954103596      2.184205852195      6.477177773323
    6      6.175034366417      0.923992703152      6.970803713269
    6      5.452016300661     -0.179413488596      6.218034934182
    1      4.371992331031     -0.059634987428      6.206891243638
    1     -9.563408472621     -0.151132346321      5.178871711438
    1      5.967102430533      0.863103039015      8.056287997462
    1     -8.093299003707      0.751720442728      6.833747279000
    1      5.712614411718     -1.168662447692      6.643462401973
    0    0
