   2   1   1 E -4.5963152354612E+04 DE-8.7E-06(  9)
  0.153430010406E+02  0.000000000000E+00  0.000000000000E+00
  0.000000000000E+00  0.162737101194E+02  0.000000000000E+00
  0.000000000000E+00  0.000000000000E+00  0.500000000000E+03
    1
  0.100000000000E+01  0.000000000000E+00  0.000000000000E+00
  0.000000000000E+00  0.100000000000E+01  0.000000000000E+00
  0.000000000000E+00  0.000000000000E+00  0.100000000000E+01
  0.000000000000E+00  0.000000000000E+00  0.000000000000E+00
  249
  258      1.909098254259      2.706174511719      4.263533653384
  258     -1.904824489508      2.721050731757      4.261264452637
  258     -1.914971122789     -2.698357197440      4.262697922668
  258      1.910430442054     -2.706544243588      4.261611233974
  258      1.900846213243     -8.136026951503      4.270411492017
  258     -1.885118288916     -8.127871343617      4.272906024856
  258      5.737196288468      2.705742625877      4.362751652000
  258     -5.730507323304      2.720995277149      4.293924963921
  258     -5.744144112443     -2.712543276984      4.265311854109
  258      5.752743502519     -2.723932433697      4.274967248698
  258      5.688368008004     -8.118532473642      4.296681466073
  258     -5.653986744713     -8.082880690609      4.294822620925
    8     -0.013908092403      3.995588478232      4.372504970425
    8     -0.003983718085     -3.984197954981      4.365508455821
    8      0.006950436734     -6.859799296856      4.392972423535
    8      0.007546461723      6.879296972702      4.390482374494
    8     -0.004145141462     -1.438795535527      4.382681842507
    8     -0.014980758684      1.441229732657      4.370156502340
    8      3.775166333575      4.000839745447      4.349710772304
    8     -3.757509235010      4.005897863908      4.317121356510
    8     -3.831804838008     -3.979490259922      4.367003349830
    8      3.854923202892     -3.998721709963      4.377892700156
    8      3.865861679196     -6.871677180060      4.436025176325
    8     -3.805522596679     -6.826016657991      4.379978054145
    8     -3.811300072447      6.906417182391      4.331255158702
    8      3.820971813522      6.890637308516      4.330325456898
    8      3.785076282267     -1.477241232793      4.336131039937
    8     -3.819838355114     -1.439410134277      4.377387067678
    8     -3.860897400482      1.452277730657      4.403630081380
    8      3.729041617070      1.434330225553      4.327549214445
    8      7.628305804626      4.121006603674      4.442245937881
    8      7.651483461180     -4.060067515075      4.388792117464
    8      7.661312499213     -7.050598624259      4.284212905830
    8      7.782286111256      6.594584602738      4.637825656839
    8      7.717372500118     -1.494168481204      4.354394846304
    8      7.765976367469      1.480440986285      4.287020244210
  258     -0.003175436883      0.004656986519      2.592238133104
  258      0.002810756386      5.419950313815      2.590836441850
  258      0.004978886735     -5.413992253627      2.594546693531
  258      3.831872117337      0.003844357317      2.606246377158
  258     -3.835726046434      0.008154921306      2.597320173657
  258      3.834166033598      5.403505864006      2.604641419414
  258     -3.828643745598      5.425541849698      2.590942589086
  258     -3.813549186187     -5.396778860874      2.576364820896
  258      3.833357330258     -5.413341440661      2.597649144170
  258      7.676999150945      0.010397272168      2.602183899405
  258      7.671991679243      5.397580466229      2.538890993579
  258      7.669602225191     -5.433869207205      2.598583440787
    8      1.886119666395      1.363493672442      2.509851675924
    8     -1.933969705090      1.368141251030      2.543384211198
    8     -1.911985517536     -1.363882388623      2.529363231583
    8      1.895252791497     -1.370612447481      2.526480447484
    8      1.907279594428      6.794158189511      2.537584418545
    8     -1.899532362418      6.799447342959      2.540188010521
    8     -1.905188941595     -6.784273374089      2.543883778593
    8      1.928589068542     -6.790793379293      2.559581365617
    8      1.924162650183     -4.062006189721      2.540712096702
    8     -1.913421414661     -4.052060210935      2.528818332949
    8     -1.894833146676      4.068867532072      2.506715245257
    8      1.904190830929      4.065670101052      2.522806664574
    8      5.744184457892      1.339070932972      2.559092399020
    8     -5.715806011905      1.362424418675      2.494392794369
    8     -5.737555241484     -1.360923296702      2.538769383965
    8      5.756029726786     -1.374854317927      2.562371945864
    8      5.842038324582      6.818271076140      2.623465801945
    8     -5.810745124901      6.816929454803      2.590750710817
    8     -5.715071720123     -6.745571798988      2.535469488694
    8      5.715208823653     -6.783370483353      2.557697273877
    8      5.752551163889     -4.062344888712      2.535661906589
    8     -5.755041106199     -4.049858617422      2.539676646793
    8     -5.761798874404      4.081008606267      2.550064333004
    8      5.759650586088      4.100757872211      2.520545934041
  258      1.913933093968      2.711066201537      0.649097011913
  258     -1.915370981098      2.713726251567      0.644295922097
  258     -1.911767616447     -2.705708527768      0.644626618153
  258      1.918271176866     -2.705423250864      0.648933772578
  258      1.924709593614      8.135352327081      0.657005849912
  258     -1.911420650959      8.141013300765      0.654619507044
  258      5.747585760258      2.699271727582      0.691646599382
  258     -5.746767794555      2.705381494525      0.653508446072
  258     -5.754942894856     -2.708824617278      0.653024237832
  258      5.752651421224     -2.710308288025      0.657294020628
  258      5.752541051155      8.135664898333      0.662193917057
  258     -5.751916332197      8.140277490275      0.667626470442
    8      0.008267288585      4.064180855850      0.673602333318
    8      0.005825187842     -4.058968641910      0.695276312410
    8      0.008918294424     -6.785122007410      0.701546454303
    8      0.002319513206      6.795772950877      0.682978592130
    8     -0.002690837690     -1.364273396031      0.676585990990
    8     -0.019046051256      1.363528478388      0.685019293520
    8      3.829844461848      4.054213144092      0.691932826935
    8     -3.840697871314      4.065003941355      0.692082447423
    8     -3.833643414423     -4.056386119007      0.682641863223
    8      3.833692589588     -4.066814137298      0.690897136853
    8      3.835865929940     -6.793134519085      0.700882922027
    8     -3.824324867066     -6.787866780887      0.686581172061
    8     -3.855751611780      6.792672656943      0.723636486350
    8      3.872940795949      6.782831577122      0.727151075520
    8      3.838891078216     -1.370360559594      0.694216119189
    8     -3.835868301870     -1.365707133346      0.690795286346
    8     -3.816135997331      1.364973457488      0.668098279505
    8      3.834177021963      1.363681012141      0.695412566622
    8      7.678365721946      4.052294894270      0.691217499087
    8      7.669938753086     -4.070688039410      0.697697594652
    8      7.666440773854     -6.799864752407      0.718630376222
    8      7.664761774002      6.772839826289      0.688817304178
    8      7.671304435396     -1.368216317857      0.697027438916
    8      7.666096280244      1.365581149018      0.699360168100
  258      0.000354027595      0.002395581444     -1.138671679051
  258      0.001276553092      5.425797875203     -1.135932494699
  258      0.004474566481     -5.423627517847     -1.133858584229
  258      3.838461752579      0.002430867380     -1.128932062975
  258     -3.834996264917     -0.001263771652     -1.136235150274
  258      3.840311201091      5.418305176447     -1.128181451085
  258     -3.838659314556      5.426741833855     -1.133666370429
  258     -3.834835559035     -5.423977555969     -1.137831249911
  258      3.836937574965     -5.423034517059     -1.132103010250
  258      7.668680962883      0.001197208611     -1.132311429892
  258      7.669859846375      5.416838196536     -1.145717125019
  258      7.670291884179     -5.424563498501     -1.131515715812
    8      1.916311154101      1.344365779524     -1.166832296218
    8     -1.910866565259      1.347679895097     -1.183686073306
    8     -1.922629975057     -1.344044265765     -1.172670056457
    8      1.922968053931     -1.343131953149     -1.167427996833
    8      1.935548151586      6.772320749010     -1.151075182539
    8     -1.931883651964      6.773135602714     -1.156592433666
    8     -1.910630148498     -6.769456258023     -1.164574648426
    8      1.919788185096     -6.770724481743     -1.159932615404
    8      1.916913748489     -4.080952996997     -1.168377938007
    8     -1.912725564215     -4.082421949889     -1.167971548253
    8     -1.922420460057      4.087682965768     -1.167043556345
    8      1.922915017125      4.085660851199     -1.174865604425
    8      5.750877232717      1.344560143209     -1.157561217677
    8     -5.757585934737      1.340449623391     -1.161670108300
    8     -5.755579927073     -1.347411764973     -1.167030602870
    8      5.754484312370     -1.344758744617     -1.160401777951
    8      5.753797490491      6.773754006593     -1.161726098698
    8     -5.751741973388      6.774316296999     -1.155763152827
    8     -5.760073021949     -6.772836639846     -1.151328356481
    8      5.757153774232     -6.771109523166     -1.151729676943
    8      5.756641899822     -4.080467988529     -1.161727644964
    8     -5.756766820599     -4.084394608522     -1.164960800033
    8     -5.753098925429      4.082367486517     -1.168319290882
    8      5.756027945903      4.078899100766     -1.156060321185
  258      1.918740405336      2.711823140509     -3.053389523820
  258     -1.918479722866      2.713087110847     -3.054239554848
  258     -1.916993793820     -2.712016283371     -3.054859357257
  258      1.919496688259     -2.710803699521     -3.053598838710
  258      1.920389364745      8.136441780019     -3.050654545914
  258     -1.917421829646      8.137792075011     -3.051457644014
  258      5.752211047107      2.710610946733     -3.044178792543
  258     -5.752661333474      2.711008766096     -3.052478993008
  258     -5.754989877274     -2.712001748718     -3.051856763598
  258      5.752895247720     -2.710823084688     -3.051444628427
  258      5.752814049098      8.136590225564     -3.050122497794
  258     -5.755284191567      8.137085529810     -3.047683873022
    8      0.001084848503     -1.319155018138     -3.044669028569
    8      0.003822192662      1.320732513588     -3.050813803187
    8     -0.001049041355      4.109962717293     -3.044818511333
    8      0.000703002146     -4.107263934397     -3.046281749248
    8      0.002346539225     -6.743257743974     -3.043792841105
    8      0.002357537144      6.746520751664     -3.037888852113
    8      3.838173645718     -1.319419573350     -3.044771179124
    8     -3.837702205222     -1.319062350506     -3.049243524767
    8     -3.839728205941      1.320698486509     -3.044993902854
    8      3.835847527655      1.317396315259     -3.043592506380
    8      3.840162338935      4.106326732609     -3.042873200896
    8     -3.837269587785      4.108269382842     -3.044270994388
    8     -3.836481794811     -4.108309010381     -3.043850542184
    8      3.838145710703     -4.108145796334     -3.042119412102
    8      3.837402510147     -6.743360798031     -3.040608905018
    8     -3.836961387092     -6.744683363103     -3.041212042195
    8     -3.838459682168      6.742989362255     -3.043291002447
    8      3.836453485165      6.742955434356     -3.043058781446
    8      7.669084508101     -1.319273366892     -3.042948361310
    8      7.671340502570      1.317985905402     -3.040902414773
    8      7.670801919216      4.105900084553     -3.044030611722
    8      7.670633991316     -4.108894223427     -3.043286437924
    8      7.670482243170     -6.744115865021     -3.039792982626
    8      7.672199481863      6.741736548160     -3.041852317090
  258      0.000000000000      0.000000000000     -4.794687825205
  258      0.000000000000      5.424570039800     -4.794687825205
  258      0.000000000000     -5.424570039800     -4.794687825205
  258      3.835750260160      0.000000000000     -4.794687825205
  258     -3.835750260160      0.000000000000     -4.794687825205
  258      3.835750260160      5.424570039800     -4.794687825205
  258     -3.835750260160      5.424570039800     -4.794687825205
  258     -3.835750260160     -5.424570039800     -4.794687825205
  258      3.835750260160     -5.424570039800     -4.794687825205
  258      7.671500520300      0.000000000000     -4.794687825205
  258      7.671500520300      5.424570039800     -4.794687825205
  258      7.671500520300     -5.424570039800     -4.794687825205
    8      1.917875130080      1.356142509950     -4.794687825205
    8     -1.917875130080      1.356142509950     -4.794687825205
    8     -1.917875130080     -1.356142509950     -4.794687825205
    8      1.917875130080     -1.356142509950     -4.794687825205
    8      1.917875130080      6.780712549750     -4.794687825205
    8     -1.917875130080      6.780712549750     -4.794687825205
    8     -1.917875130080     -6.780712549750     -4.794687825205
    8      1.917875130080     -6.780712549750     -4.794687825205
    8      1.917875130080     -4.068427529850     -4.794687825205
    8     -1.917875130080     -4.068427529850     -4.794687825205
    8     -1.917875130080      4.068427529850     -4.794687825205
    8      1.917875130080      4.068427529850     -4.794687825205
    8      5.753625390240      1.356142509950     -4.794687825205
    8     -5.753625390240      1.356142509950     -4.794687825205
    8     -5.753625390240     -1.356142509950     -4.794687825205
    8      5.753625390240     -1.356142509950     -4.794687825205
    8      5.753625390240      6.780712549750     -4.794687825205
    8     -5.753625390240      6.780712549750     -4.794687825205
    8     -5.753625390240     -6.780712549750     -4.794687825205
    8      5.753625390240     -6.780712549750     -4.794687825205
    8      5.753625390240     -4.068427529850     -4.794687825205
    8     -5.753625390240     -4.068427529850     -4.794687825205
    8     -5.753625390240      4.068427529850     -4.794687825205
    8      5.753625390240      4.068427529850     -4.794687825205
   14      8.231297435229      5.636645818661      5.905394999789
    8      6.990807759090      5.500921484463      6.938044925830
    8     -6.054570451847      6.887259913821      6.556908238102
    8      9.351238117639      4.381067922187      6.158850628486
    6      5.640430498499      5.325350542361      6.465554065942
    6     -4.787496696633      6.631904689150      7.197388645837
    6      9.512109383528      3.825509068710      7.489347308021
    6      4.699159734676      6.318573484448      7.112327531830
    6     -3.995731246321      7.914856491376      7.382963619670
    6      9.118685872117      2.373588652239      7.406953444490
    1      3.694329277648      6.200891654279      6.675917065970
    1     -3.006042834272      7.648807182449      7.763275500169
    1      8.897552439683      1.929825864213      8.405215427093
    1      4.681708734746    -10.107519705021      8.201201416547
    1     -4.460752412609     -7.686170521634      8.102912070800
    1      5.001549118000     -8.900561512739      6.949838695211
    1     -3.830886116442     -7.803703749017      6.448414501084
    1      5.335764457346      4.314693101897      6.722195574720
    1     -4.960307553431      6.159531527465      8.175791530734
    1      5.596778107318      5.416191467660      5.371598614579
    1     -4.231042092665      5.959061179770      6.552071411015
    1      8.210555483478      2.274330378349      6.771959020464
    1     -5.418418451474      1.802968926493      6.950009008046
    1     -4.785765717106      3.962644197972      7.838963959759
    1      8.851758924527      4.358029956582      8.201916080531
    8      5.911021025010      2.211910160559      6.485954166989
    6      6.013268377256      1.012900372384      7.154050083065
    6      5.502755118323     -0.138051227914      6.290094829019
    1      4.447860777615     -0.053017829723      6.076164514588
    1     -9.308072823285     -0.113774732666      5.340250992444
    1      5.471964464345      1.068601682224      8.098539581621
    1     -8.297045757345      0.814293360181      7.415213378864
    1      5.709504981288     -1.113797579746      6.759201849824
    0    0
