   2   1   1 E -4.5963149863187E+04 DE-2.8E-06(  8)
  0.153430010406E+02  0.000000000000E+00  0.000000000000E+00
  0.000000000000E+00  0.162737101194E+02  0.000000000000E+00
  0.000000000000E+00  0.000000000000E+00  0.500000000000E+03
    1
  0.100000000000E+01  0.000000000000E+00  0.000000000000E+00
  0.000000000000E+00  0.100000000000E+01  0.000000000000E+00
  0.000000000000E+00  0.000000000000E+00  0.100000000000E+01
  0.000000000000E+00  0.000000000000E+00  0.000000000000E+00
  249
  258      1.905334063997      2.709619355722      4.264476486957
  258     -1.917106637766      2.719879238600      4.260815234973
  258     -1.915541539359     -2.699236906972      4.263078262508
  258      1.906051423771     -2.705262278259      4.260878528605
  258      1.894530198024     -8.138554564594      4.268514598746
  258     -1.882104437077     -8.128836624020      4.271073203185
  258      5.740552187203      2.699395707901      4.359903921289
  258     -5.748372699932      2.716874275567      4.281913888032
  258     -5.743600791829     -2.717972778645      4.263220990376
  258      5.757927124724     -2.736685179504      4.267674266471
  258      5.665227449119     -8.099622286554      4.302214548537
  258     -5.642428748569     -8.082896187006      4.287638289904
    8     -0.017326613986      3.996771346383      4.366775123520
    8     -0.004137618238     -3.986712083872      4.366470094462
    8      0.006988853297     -6.862041434753      4.385529319338
    8      0.008299223202      6.877519855863      4.397524537627
    8     -0.009564528831     -1.440744381139      4.383349252705
    8     -0.015514305257      1.442275769606      4.373427767995
    8      3.781991142509      4.011038152189      4.364767410490
    8     -3.756009124733      4.003211126038      4.329486743006
    8     -3.830963021466     -3.980249990387      4.363599455693
    8      3.861176665162     -4.007432669329      4.371660388182
    8      3.863474192480     -6.869172979081      4.441641127423
    8     -3.792497042244     -6.828754014756      4.378228565982
    8     -3.809920128506      6.897810195257      4.342807955464
    8      3.814670600022      6.893862637153      4.324431143172
    8      3.766506639613     -1.484679653215      4.325133710995
    8     -3.826216919411     -1.441926329877      4.376849281582
    8     -3.865661797646      1.450761832185      4.401082951479
    8      3.729116744519      1.441511372668      4.316962404372
    8      7.609075027886      4.032595201846      4.346146247699
    8      7.656667777596     -4.076226243819      4.378857737715
    8      7.661339457853     -7.079007507595      4.301433363163
    8      7.903756562924      6.552267942423      4.666496488871
    8      7.708185222245     -1.512159754224      4.361682684625
    8      7.781024562465      1.437277591919      4.299836438886
  258     -0.007437551050      0.007663178181      2.592728081902
  258      0.001473185842      5.417097194420      2.589404397158
  258      0.004062030293     -5.413098194448      2.591080387974
  258      3.827878875102      0.001368676664      2.603291415516
  258     -3.839396932890      0.007461618539      2.599106120736
  258      3.835668022508      5.399970588863      2.607756107353
  258     -3.827672525872      5.421936625525      2.590060261196
  258     -3.812835730258     -5.396946750979      2.573906095368
  258      3.827465359393     -5.408357695618      2.591331896634
  258      7.676068048327      0.004934526111      2.604274523205
  258      7.671253458432      5.388847367285      2.544350801769
  258      7.673617397029     -5.437387087905      2.596443651938
    8      1.880141138914      1.364671405590      2.510325953270
    8     -1.935615023594      1.368504124691      2.540738375449
    8     -1.918241366666     -1.361806016343      2.531920495438
    8      1.885562794948     -1.368408044404      2.520417817136
    8      1.901353731083      6.792742775082      2.537144610459
    8     -1.899380157631      6.797655411272      2.541325709045
    8     -1.902678448576     -6.783899164612      2.538501834935
    8      1.933466958066     -6.791706897918      2.559900379264
    8      1.921245966728     -4.061953984053      2.537115963655
    8     -1.910316166839     -4.051101397826      2.528784921815
    8     -1.903428750572      4.066674492945      2.506647806028
    8      1.909264480004      4.065268166409      2.526678649100
    8      5.751486230125      1.334361276421      2.560375516289
    8     -5.719317783042      1.364618643245      2.488980028859
    8     -5.742414280806     -1.364009541520      2.540797370603
    8      5.755833950145     -1.380931281848      2.562645191683
    8      5.860954388982      6.817068526972      2.649122867688
    8     -5.795090247975      6.823926467868      2.570764379116
    8     -5.717124071668     -6.744222920545      2.538399712505
    8      5.710920968668     -6.780765348236      2.559523593420
    8      5.757090470902     -4.068088839784      2.526025032946
    8     -5.754807617018     -4.050603305346      2.537681739080
    8     -5.753354306181      4.085606903469      2.547577725172
    8      5.742227845113      4.100697586581      2.502549291512
  258      1.912776975771      2.710379312085      0.649331916263
  258     -1.918240716452      2.711581877265      0.644499912963
  258     -1.914719573232     -2.702725169945      0.644760283905
  258      1.916186248470     -2.704627855582      0.647123846476
  258      1.925332723202      8.133932645587      0.656491736612
  258     -1.910892603617      8.138930268726      0.653137533319
  258      5.747020147294      2.698432223263      0.684558155060
  258     -5.747258892326      2.702913725538      0.652396456538
  258     -5.754701759358     -2.707530385140      0.651121440086
  258      5.754517667576     -2.710085132464      0.654678881015
  258      5.756341115888      8.133513477605      0.666721077155
  258     -5.749313996894      8.137996654586      0.662964043515
    8      0.006999101385      4.063838562335      0.677365105995
    8      0.003537143700     -4.058068745917      0.690311952244
    8      0.014122494071     -6.786165632617      0.700836635738
    8      0.001745224980      6.794199992479      0.682926943711
    8     -0.009072732855     -1.362742321591      0.676990110544
    8     -0.018645528362      1.365432164484      0.680076053843
    8      3.823128572682      4.052850119705      0.685362721527
    8     -3.841348265390      4.062756176440      0.690417383129
    8     -3.833174894957     -4.055464729073      0.684995962932
    8      3.833829686241     -4.064270436766      0.691475394307
    8      3.835224747526     -6.793606497529      0.694667025354
    8     -3.825083957731     -6.789070880621      0.688429132071
    8     -3.845687391135      6.790365333053      0.713655807026
    8      3.880148159960      6.783429962538      0.739523530438
    8      3.839769852296     -1.369574448116      0.693859163101
    8     -3.838049555257     -1.363341410344      0.690469588728
    8     -3.819426748827      1.364385036963      0.670985521505
    8      3.834711184765      1.361435443256      0.697166451289
    8      7.682828586072      4.049386751814      0.694847371533
    8      7.674059920193     -4.075453433233      0.695898815920
    8      7.667094746631     -6.802127664525      0.717673277894
    8      7.661844333322      6.769222343841      0.688506933200
    8      7.669670514801     -1.372124700066      0.694768852077
    8      7.665701654781      1.360892674215      0.694259602345
  258     -0.000946501885      0.002899621460     -1.139491173335
  258      0.002182786431      5.424380335478     -1.136018060146
  258      0.004094091652     -5.423801364276     -1.135048725261
  258      3.836629182417      0.001856076702     -1.131415288464
  258     -3.835329389275     -0.000484411780     -1.136916359807
  258      3.841918603305      5.417715564211     -1.127675591878
  258     -3.836865747373      5.424867278764     -1.134653176375
  258     -3.833627128461     -5.423653733733     -1.138734408162
  258      3.837802748242     -5.424683942310     -1.133710500374
  258      7.669055071109      0.001714565720     -1.131636748230
  258      7.670777593654      5.416354968443     -1.143596018072
  258      7.671582434330     -5.424257513729     -1.132272721822
    8      1.918753663589      1.343314323441     -1.167856467915
    8     -1.915696199982      1.345931741061     -1.182367050074
    8     -1.922126772015     -1.344375450595     -1.173979161242
    8      1.920951127307     -1.343758660367     -1.166799564987
    8      1.939210131701      6.770559145132     -1.147592852986
    8     -1.925544422359      6.772598018099     -1.161462283897
    8     -1.910912790160     -6.768892412753     -1.163451491811
    8      1.919541733573     -6.772380116990     -1.163432754814
    8      1.919526555187     -4.082005373665     -1.167847545060
    8     -1.915999713427     -4.081698148690     -1.168214277809
    8     -1.920817190280      4.086161634996     -1.168089035498
    8      1.919378803655      4.084318431933     -1.176297123907
    8      5.750018474266      1.344380465896     -1.160230428120
    8     -5.756074478145      1.342093309649     -1.165080154534
    8     -5.756968328533     -1.346220452479     -1.166311111291
    8      5.753875286385     -1.346380438834     -1.164153731191
    8      5.751805052842      6.774187873575     -1.160375984527
    8     -5.753249610879      6.772546650536     -1.156057798044
    8     -5.758059272524     -6.772055953199     -1.153741162324
    8      5.759760479367     -6.774911119781     -1.149226145166
    8      5.755946596285     -4.082984962767     -1.163082398117
    8     -5.754034973060     -4.082928525154     -1.165901609057
    8     -5.753035634435      4.082247752991     -1.170364381393
    8      5.757954127521      4.079359815372     -1.154095746429
  258      1.919064069276      2.712148735044     -3.053497153555
  258     -1.918082614343      2.712887538161     -3.054098995811
  258     -1.917228654497     -2.712006576888     -3.055091068910
  258      1.919189074010     -2.711316908432     -3.053946808789
  258      1.920856669826      8.135713194671     -3.050443156598
  258     -1.916770746536      8.136927798402     -3.051803622015
  258      5.753152326903      2.710299791554     -3.045165642371
  258     -5.753061169286      2.710406413047     -3.053847923883
  258     -5.754515391874     -2.711479489940     -3.052545515773
  258      5.753782671976     -2.711278858279     -3.051925267428
  258      5.753727970430      8.136096994545     -3.048577736255
  258     -5.754255327517      8.136183282692     -3.049425009052
    8      0.001270799672     -1.319072905807     -3.046198744472
    8      0.002752081086      1.320498512603     -3.049114723295
    8     -0.001282202266      4.108984894970     -3.046667652608
    8      0.001225983187     -4.107264134395     -3.044998625772
    8      0.001639594746     -6.743340609508     -3.044123176684
    8      0.004736001098      6.745545422887     -3.038710038065
    8      3.836921003757     -1.319409706306     -3.044651774267
    8     -3.837803783753     -1.320272970053     -3.047851673490
    8     -3.838796436403      1.319339826781     -3.046951322593
    8      3.836878776846      1.317984546905     -3.044517487702
    8      3.840968128475      4.107180721088     -3.041248101098
    8     -3.836150321030      4.108650043034     -3.045174848190
    8     -3.836173417818     -4.108798933925     -3.045455473399
    8      3.837549633555     -4.108403925675     -3.043560698834
    8      3.839166447098     -6.744222684091     -3.040747865336
    8     -3.836415920918     -6.744252327373     -3.041350588925
    8     -3.838160433970      6.743846824944     -3.042879303245
    8      3.836431122666      6.741776495786     -3.042402097232
    8      7.670597449687     -1.319262433193     -3.044476102797
    8      7.670561111216      1.317845054157     -3.042814482704
    8      7.670248104664      4.105644842350     -3.044577844015
    8      7.671152325525     -4.109111015136     -3.042953349512
    8      7.671178464700     -6.744189846214     -3.040200995549
    8      7.672777759334      6.741131666861     -3.042218404978
  258      0.000000000000      0.000000000000     -4.794687825205
  258      0.000000000000      5.424570039800     -4.794687825205
  258      0.000000000000     -5.424570039800     -4.794687825205
  258      3.835750260160      0.000000000000     -4.794687825205
  258     -3.835750260160      0.000000000000     -4.794687825205
  258      3.835750260160      5.424570039800     -4.794687825205
  258     -3.835750260160      5.424570039800     -4.794687825205
  258     -3.835750260160     -5.424570039800     -4.794687825205
  258      3.835750260160     -5.424570039800     -4.794687825205
  258      7.671500520300      0.000000000000     -4.794687825205
  258      7.671500520300      5.424570039800     -4.794687825205
  258      7.671500520300     -5.424570039800     -4.794687825205
    8      1.917875130080      1.356142509950     -4.794687825205
    8     -1.917875130080      1.356142509950     -4.794687825205
    8     -1.917875130080     -1.356142509950     -4.794687825205
    8      1.917875130080     -1.356142509950     -4.794687825205
    8      1.917875130080      6.780712549750     -4.794687825205
    8     -1.917875130080      6.780712549750     -4.794687825205
    8     -1.917875130080     -6.780712549750     -4.794687825205
    8      1.917875130080     -6.780712549750     -4.794687825205
    8      1.917875130080     -4.068427529850     -4.794687825205
    8     -1.917875130080     -4.068427529850     -4.794687825205
    8     -1.917875130080      4.068427529850     -4.794687825205
    8      1.917875130080      4.068427529850     -4.794687825205
    8      5.753625390240      1.356142509950     -4.794687825205
    8     -5.753625390240      1.356142509950     -4.794687825205
    8     -5.753625390240     -1.356142509950     -4.794687825205
    8      5.753625390240     -1.356142509950     -4.794687825205
    8      5.753625390240      6.780712549750     -4.794687825205
    8     -5.753625390240      6.780712549750     -4.794687825205
    8     -5.753625390240     -6.780712549750     -4.794687825205
    8      5.753625390240     -6.780712549750     -4.794687825205
    8      5.753625390240     -4.068427529850     -4.794687825205
    8     -5.753625390240     -4.068427529850     -4.794687825205
    8     -5.753625390240      4.068427529850     -4.794687825205
    8      5.753625390240      4.068427529850     -4.794687825205
   14      8.293076318059      5.760902278930      6.019078602582
    8      6.996551776619      5.652126703936      7.003276001546
    8     -6.003156733076      6.977987999413      6.641365565594
    8      9.332000742649      4.457721336716      6.187596574161
    6      5.683552180095      5.367449717612      6.474051403887
    6     -4.706363508076      6.691570006863      7.212714829148
    6      9.579384835129      3.861686498721      7.469838456794
    6      4.645535989888      6.294371508689      7.082597539379
    6     -3.913814232921      7.977771813875      7.379911538033
    6      9.124369581246      2.406207594455      7.429079808836
    1      3.675874767877      6.047827100133      6.644182420500
    1     -2.893781190036      7.722619985083      7.712315845687
    1      8.996529390961      2.016568674479      8.438293782468
    1      4.614086692825    -10.082523215865      8.171688839795
    1     -4.357873160065     -7.627811699370      8.129885543881
    1      4.841410612991     -8.915577833530      6.872002831788
    1     -3.831255618752     -7.739932317457      6.438306852060
    1      5.439194897460      4.326162859523      6.720790253135
    1     -4.838498016675      6.210905462268      8.195826765465
    1      5.670885779769      5.466390947110      5.374961908775
    1     -4.166930777702      6.007073514251      6.542678141082
    1      8.165026825955      2.364143805468      6.919291113235
    1     -5.494845614083      1.743442786745      6.933432121497
    1     -4.689712844595      3.960986338098      7.670187337732
    1      9.030253316065      4.408880679008      8.245251817141
    8      5.950247298969      2.190631502133      6.477528386310
    6      6.067560054014      0.948708291265      7.103367461178
    6      5.443752555698     -0.150212822382      6.249449438165
    1      4.376342317966     -0.010673347254      6.094529151530
    1     -9.419683000427     -0.121300435617      5.264733985780
    1      5.583501950148      0.971175631210      8.102206213906
    1     -8.212558712436      0.690987758163      7.280979516467
    1      5.628029904469     -1.148446583770      6.696075399809
    0    0
