   2   1   1 E -4.5963132927401E+04 DE-7.9E-06(  8)
  0.153430010406E+02  0.000000000000E+00  0.000000000000E+00
  0.000000000000E+00  0.162737101194E+02  0.000000000000E+00
  0.000000000000E+00  0.000000000000E+00  0.500000000000E+03
    1
  0.100000000000E+01  0.000000000000E+00  0.000000000000E+00
  0.000000000000E+00  0.100000000000E+01  0.000000000000E+00
  0.000000000000E+00  0.000000000000E+00  0.100000000000E+01
  0.000000000000E+00  0.000000000000E+00  0.000000000000E+00
  249
  258      1.896767143519      2.712344057427      4.263465056665
  258     -1.931097686686      2.719256242642      4.268083784994
  258     -1.920932181500     -2.694129869335      4.263144556429
  258      1.899192171672     -2.700909199752      4.259847094899
  258      1.884758566962     -8.137566309405      4.269066575944
  258     -1.882212089736     -8.126664106475      4.263230873953
  258      5.726387843553      2.708229555536      4.346522828892
  258     -5.773518958301      2.727537250392      4.306450512617
  258     -5.749582456731     -2.718096120368      4.262346783901
  258      5.749411895819     -2.735286171419      4.269458936122
  258      5.650179322774     -8.088777122916      4.317766143812
  258     -5.637838554715     -8.077840520561      4.268432139194
    8     -0.027141459809      3.999451304380      4.362210975639
    8     -0.010239716212     -3.983947566781      4.364970683489
    8     -0.001139556811     -6.858715673493      4.372278022733
    8     -0.002829155636      6.879296130490      4.415948915467
    8     -0.015076433282     -1.438425170454      4.383306296113
    8     -0.029844448737      1.447194053154      4.380577977900
    8      3.767315688026      4.020491617161      4.371700219421
    8     -3.848867830048      4.034930298624      4.409041241920
    8     -3.829435275267     -3.972398754245      4.358662828734
    8      3.860312428766     -4.005260660221      4.369810379675
    8      3.855595117161     -6.865910027163      4.469477587949
    8     -3.807841668653     -6.817954665751      4.394693673914
    8     -3.803166987310      6.913903370191      4.291046248731
    8      3.792731461073      6.915976830242      4.250678188828
    8      3.753322134865     -1.484838738595      4.323393529175
    8     -3.839329325428     -1.432815393469      4.381682424220
    8     -3.829583627817      1.469752391859      4.379418058037
    8      3.717103305913      1.445275547252      4.287291997975
    8      7.640355768125      3.953403987039      4.245620166439
    8      7.647828712126     -4.080383425726      4.376861731019
    8      7.662602859712     -7.102672588333      4.300010788955
    8      7.983037573185      6.493771461556      4.656525993331
    8      7.705998166115     -1.517274102195      4.365971372677
    8      7.773258968193      1.408704878377      4.361951226155
  258     -0.014210485642      0.011863085647      2.592011814931
  258     -0.008809043485      5.418421129825      2.588475633210
  258     -0.000673213556     -5.407949410367      2.587868398502
  258      3.822053753918      0.004466483497      2.599149403385
  258     -3.846618927726      0.012731107173      2.603557775254
  258      3.823958716743      5.404869717987      2.593752725046
  258     -3.838745966984      5.419205671529      2.587046850909
  258     -3.815524190197     -5.392359463993      2.572141580879
  258      3.822315563260     -5.404077761179      2.592570045114
  258      7.669345113200      0.010244465494      2.618676477708
  258      7.675087478433      5.385712057824      2.549181747592
  258      7.667532668175     -5.436832740455      2.597352486782
    8      1.865015420590      1.368033130654      2.506191435937
    8     -1.926947785350      1.374682411425      2.533340415700
    8     -1.926194841745     -1.356654403194      2.535783862659
    8      1.878989766213     -1.364492983845      2.517772275622
    8      1.868246125808      6.796535941908      2.528573307869
    8     -1.887968945443      6.796204997672      2.531229304180
    8     -1.916087224530     -6.780047245016      2.536465292289
    8      1.934320706428     -6.786931759920      2.562434170697
    8      1.915932823250     -4.058693658780      2.537022281201
    8     -1.913448987352     -4.047396764653      2.526302541354
    8     -1.943363126041      4.066052921159      2.535553121583
    8      1.902862455710      4.066501166627      2.522790406713
    8      5.756504738087      1.341266561305      2.557932153385
    8     -5.737610139107      1.381780918812      2.533701042185
    8     -5.748514090541     -1.360123024241      2.538592147321
    8      5.751322893642     -1.376289999416      2.569253310681
    8      5.873415271763      6.826376453094      2.660516264171
    8     -5.796482204003      6.828972902035      2.554231744978
    8     -5.717936360520     -6.741312301164      2.534995884809
    8      5.700270788135     -6.772260474379      2.570183050755
    8      5.753810253301     -4.062651628697      2.526318523278
    8     -5.760221337120     -4.050825292785      2.539172045631
    8     -5.734801962425      4.079223164254      2.532197450734
    8      5.716056815865      4.114185439134      2.499545687205
  258      1.905688178099      2.710539129178      0.648180304649
  258     -1.924999912333      2.712830719223      0.646448755909
  258     -1.919961670503     -2.698353825590      0.644866992633
  258      1.912942694818     -2.702902497939      0.647064852479
  258      1.918980075816      8.137292966458      0.657444498078
  258     -1.916186712133      8.139253520726      0.649563391112
  258      5.743671719120      2.701810200564      0.683367734028
  258     -5.751851847642      2.703648481147      0.660114717916
  258     -5.761155336099     -2.704095558037      0.652863945399
  258      5.752659459562     -2.706095345749      0.656430103679
  258      5.755670589381      8.135333865745      0.673675955622
  258     -5.753047762847      8.139722586580      0.655968944637
    8     -0.014778881102      4.065615800911      0.691047100791
    8      0.001306695886     -4.055271636152      0.688451188421
    8      0.008792875566     -6.783817575830      0.701997627926
    8     -0.003484870118      6.795715493297      0.670616526034
    8     -0.015688262837     -1.360051143041      0.676966038821
    8     -0.021537541596      1.368741163424      0.671086488921
    8      3.815565954963      4.053752190702      0.675936733600
    8     -3.835849225976      4.063153573809      0.679333610816
    8     -3.838908700798     -4.052120131054      0.687911219951
    8      3.830124946221     -4.060715751636      0.694242827306
    8      3.833004599549     -6.788141660477      0.696604989366
    8     -3.829109985613     -6.784537157926      0.683444777419
    8     -3.847395177468      6.792008256447      0.711368511001
    8      3.872878971163      6.789874824387      0.739027776799
    8      3.838474067964     -1.367772024226      0.694516135962
    8     -3.840474849913     -1.360098671608      0.689018983052
    8     -3.836367001104      1.364887216585      0.686078614647
    8      3.829589201510      1.362383545404      0.696745678169
    8      7.675271050091      4.048022079307      0.694520070232
    8      7.671844816198     -4.073551026897      0.697448750881
    8      7.660998919733     -6.798527495332      0.722897712808
    8      7.662264377124      6.773878547986      0.683247085835
    8      7.662421246939     -1.368263963239      0.699238271668
    8      7.669897638602      1.359249797911      0.700146925134
  258     -0.005071029371      0.003967820688     -1.139955396448
  258     -0.002071620561      5.425217700424     -1.136695955117
  258      0.000777440677     -5.421760181529     -1.135906759150
  258      3.833470439275      0.002968636598     -1.132697149348
  258     -3.840003398655      0.001410482716     -1.135895918682
  258      3.838722646216      5.420143624740     -1.130648438747
  258     -3.840126234582      5.424756879067     -1.136710874088
  258     -3.836788353784     -5.420781213302     -1.139016942976
  258      3.836135776450     -5.423723645536     -1.132030738361
  258      7.666640171426      0.003865196569     -1.127272968706
  258      7.667807920046      5.418162970801     -1.142409590695
  258      7.668433993794     -5.422399051492     -1.131728310107
    8      1.917433616342      1.344155962243     -1.170125105745
    8     -1.927754819963      1.346365967662     -1.175568563372
    8     -1.925030396812     -1.342002303455     -1.174624366069
    8      1.918469363418     -1.342678279770     -1.166196839621
    8      1.937871592964      6.772061926001     -1.151259656466
    8     -1.931141035407      6.772978509957     -1.164075470514
    8     -1.911684617329     -6.766708115454     -1.166348886075
    8      1.916943326319     -6.770115176586     -1.162307340796
    8      1.918355541488     -4.080232888966     -1.168039325177
    8     -1.919775823538     -4.079045023441     -1.166661012758
    8     -1.918640023689      4.084965283974     -1.173643617361
    8      1.908163357315      4.084868122102     -1.172687591495
    8      5.749940507463      1.346649868941     -1.156453228548
    8     -5.757513602559      1.345249689155     -1.165440647277
    8     -5.761575441845     -1.344156502465     -1.164092843285
    8      5.751936367488     -1.344900711853     -1.165206855524
    8      5.747747210862      6.774882806579     -1.156096804343
    8     -5.753244555940      6.774890522364     -1.160660262741
    8     -5.763537894489     -6.768374944285     -1.155283738644
    8      5.758614703965     -6.775099425777     -1.146724037352
    8      5.753463965162     -4.081173698559     -1.160710696131
    8     -5.756993698072     -4.079979109776     -1.165666907438
    8     -5.758224605029      4.083525141140     -1.166768379733
    8      5.754506646597      4.080458098068     -1.155163858187
  258      1.917359369258      2.712973808259     -3.053405684988
  258     -1.919937682826      2.713006488733     -3.054320239171
  258     -1.918870862140     -2.711331957918     -3.054855024857
  258      1.918126643916     -2.711246440074     -3.053592469433
  258      1.919774955295      8.136550900263     -3.050217814573
  258     -1.917942362529      8.137275707990     -3.052636762415
  258      5.752256076309      2.710698742611     -3.045015817125
  258     -5.754948332798      2.710880026904     -3.050813761914
  258     -5.756183487873     -2.710318308050     -3.052223022162
  258      5.753212286986     -2.710815164976     -3.051177003250
  258      5.752759058875      8.136566529630     -3.047070227683
  258     -5.755199475582      8.137008496558     -3.051263405637
    8      0.000074386331     -1.319028964793     -3.046628126143
    8     -0.000940850005      1.320513922950     -3.047043875596
    8     -0.001055762700      4.108799239714     -3.049355128438
    8     -0.000334317569     -4.106352706923     -3.044477006436
    8      0.001718199636     -6.742305925479     -3.044718919794
    8      0.002559652769      6.746115954851     -3.038490430352
    8      3.835510117073     -1.318301062701     -3.044383133939
    8     -3.839816119903     -1.320074176572     -3.045947393184
    8     -3.839940813273      1.318593603796     -3.047734249309
    8      3.837294786685      1.318976773333     -3.043685228332
    8      3.837523850697      4.108039834047     -3.040121365868
    8     -3.838669586632      4.107948472660     -3.044487108123
    8     -3.837006493770     -4.107280174609     -3.045252281521
    8      3.836842124784     -4.107713544104     -3.043829588640
    8      3.838569108127     -6.743261793696     -3.039234693083
    8     -3.838377319011     -6.742655638601     -3.040948404158
    8     -3.838372524088      6.744782456739     -3.046063568976
    8      3.837237575934      6.742549516556     -3.043276108721
    8      7.669854172820     -1.318173126974     -3.044280634959
    8      7.668339538715      1.318740466459     -3.041804356252
    8      7.668619057444      4.106313613426     -3.044466834952
    8      7.669522289478     -4.108397190809     -3.042038555062
    8      7.669606210015     -6.742642625898     -3.040622563925
    8      7.670048315792      6.742648440301     -3.041341219850
  258      0.000000000000      0.000000000000     -4.794687825205
  258      0.000000000000      5.424570039800     -4.794687825205
  258      0.000000000000     -5.424570039800     -4.794687825205
  258      3.835750260160      0.000000000000     -4.794687825205
  258     -3.835750260160      0.000000000000     -4.794687825205
  258      3.835750260160      5.424570039800     -4.794687825205
  258     -3.835750260160      5.424570039800     -4.794687825205
  258     -3.835750260160     -5.424570039800     -4.794687825205
  258      3.835750260160     -5.424570039800     -4.794687825205
  258      7.671500520300      0.000000000000     -4.794687825205
  258      7.671500520300      5.424570039800     -4.794687825205
  258      7.671500520300     -5.424570039800     -4.794687825205
    8      1.917875130080      1.356142509950     -4.794687825205
    8     -1.917875130080      1.356142509950     -4.794687825205
    8     -1.917875130080     -1.356142509950     -4.794687825205
    8      1.917875130080     -1.356142509950     -4.794687825205
    8      1.917875130080      6.780712549750     -4.794687825205
    8     -1.917875130080      6.780712549750     -4.794687825205
    8     -1.917875130080     -6.780712549750     -4.794687825205
    8      1.917875130080     -6.780712549750     -4.794687825205
    8      1.917875130080     -4.068427529850     -4.794687825205
    8     -1.917875130080     -4.068427529850     -4.794687825205
    8     -1.917875130080      4.068427529850     -4.794687825205
    8      1.917875130080      4.068427529850     -4.794687825205
    8      5.753625390240      1.356142509950     -4.794687825205
    8     -5.753625390240      1.356142509950     -4.794687825205
    8     -5.753625390240     -1.356142509950     -4.794687825205
    8      5.753625390240     -1.356142509950     -4.794687825205
    8      5.753625390240      6.780712549750     -4.794687825205
    8     -5.753625390240      6.780712549750     -4.794687825205
    8     -5.753625390240     -6.780712549750     -4.794687825205
    8      5.753625390240     -6.780712549750     -4.794687825205
    8      5.753625390240     -4.068427529850     -4.794687825205
    8     -5.753625390240     -4.068427529850     -4.794687825205
    8     -5.753625390240      4.068427529850     -4.794687825205
    8      5.753625390240      4.068427529850     -4.794687825205
   14      8.124706658636      6.032977190234      6.181319946720
    8      6.653455194666      6.366055913886      6.879860753973
    8     -6.048539695322      7.131287634277      6.741009668676
    8      8.697870539170      4.538242303646      6.659911487466
    6      5.563619344022      5.519496523970      6.382680738097
    6     -4.721623645628      6.627866892915      7.105150008617
    6      8.722685621553      4.311767051885      8.098405056714
    6      4.254073409228      6.041256387415      6.931614321993
    6     -3.758607085812      7.794982412832      7.264807229757
    6      8.067205317544      2.992092814259      8.426515783865
    1      3.445119801743      5.497597629563      6.429241665754
    1     -2.731184282697      7.395102847086      7.298162623175
    1      8.051923605498      2.844773797050      9.515737754352
    1      4.198198018728    -10.368325521212      8.026916714576
    1     -3.936258853689     -7.924826507593      8.193912440220
    1      4.129368303939     -9.158120773957      6.703113391404
    1     -3.820662027683     -7.767358687095      6.436530909665
    1      5.733331231860      4.472405444779      6.691081623479
    1     -4.793458313528      6.094273250885      8.059324704108
    1      5.546624294605      5.544310166012      5.271752857536
    1     -4.369635601981      5.942035202851      6.321813120996
    1      7.056019715769      2.959621470881      8.029836675121
    1     -6.715492306293      2.168192594987      7.980388096398
    1     -5.570626616025      4.320296030626      8.440022508536
    1      8.196775492407      5.137712710813      8.614457631899
    8      5.721516482858      2.216741990046      6.464590625909
    6      6.111527827420      0.976658231860      6.989471963142
    6      5.458260319259     -0.153656322408      6.205634734323
    1      4.371034520095     -0.087986600407      6.189178685859
    1     -9.541825872048     -0.086765901942      5.164854588208
    1      5.838045004086      0.909240282428      8.068165588827
    1     -8.129120225095      0.846462227325      6.924383385824
    1      5.775297283791     -1.136020737779      6.609210175259
    0    0
