   2   1   1 E -4.5963134344304E+04 DE-4.9E-06(  8)
  0.153430010406E+02  0.000000000000E+00  0.000000000000E+00
  0.000000000000E+00  0.162737101194E+02  0.000000000000E+00
  0.000000000000E+00  0.000000000000E+00  0.500000000000E+03
    1
  0.100000000000E+01  0.000000000000E+00  0.000000000000E+00
  0.000000000000E+00  0.100000000000E+01  0.000000000000E+00
  0.000000000000E+00  0.000000000000E+00  0.100000000000E+01
  0.000000000000E+00  0.000000000000E+00  0.000000000000E+00
  249
  258      1.897661016922      2.710338911315      4.263467781609
  258     -1.930369247355      2.718838154693      4.268114203209
  258     -1.920578698261     -2.695130909698      4.263178730148
  258      1.899551479596     -2.702869213328      4.259810697770
  258      1.885815691804     -8.138927673655      4.268953651952
  258     -1.880999768620     -8.126617786088      4.263494851716
  258      5.727581862194      2.704868524631      4.344185302478
  258     -5.771604757693      2.727349097356      4.307499281611
  258     -5.749023380478     -2.719215353547      4.262061707126
  258      5.749581847383     -2.737751663343      4.267970062867
  258      5.651300965659     -8.090990449899      4.318014279217
  258     -5.636430966144     -8.076363180264      4.268572361016
    8     -0.025865099191      3.998558346866      4.362384758713
    8     -0.009715178947     -3.985076973117      4.365090047981
    8      0.000355598423     -6.859362117845      4.372264312383
    8     -0.001624128276      6.878872359892      4.416162748200
    8     -0.014655079864     -1.439541044289      4.383203749300
    8     -0.029394497258      1.446097407580      4.380616875968
    8      3.768284296919      4.017273241032      4.370254711410
    8     -3.845863718796      4.034133643341      4.407148089568
    8     -3.829138136111     -3.972924715593      4.358101917248
    8      3.859858426032     -4.007769853025      4.368939939773
    8      3.858635816760     -6.868085620622      4.469378918926
    8     -3.805293379674     -6.815915963667      4.393115640178
    8     -3.802523156848      6.913629384536      4.295378472632
    8      3.794847289691      6.913967922540      4.253255392528
    8      3.754748622142     -1.487404343304      4.323361313670
    8     -3.838907612667     -1.433744208272      4.382097569333
    8     -3.828556765889      1.468942209535      4.380528562791
    8      3.717887183822      1.442452164237      4.287647076402
    8      7.638985914006      3.951798039019      4.244469942101
    8      7.648609489295     -4.082670673844      4.376342146489
    8      7.662156003202     -7.105422108826      4.298855273444
    8      7.992724408106      6.492786957227      4.653160690559
    8      7.706152719498     -1.519152765309      4.364761093599
    8      7.772469264300      1.406913680848      4.361585181268
  258     -0.013833296027      0.010787650790      2.591962191238
  258     -0.007862023833      5.417340980658      2.588628833150
  258      0.000083218731     -5.408936225984      2.587788244378
  258      3.821946040432      0.002166341746      2.598636614427
  258     -3.846013242973      0.012121943735      2.603636548775
  258      3.825205359652      5.403177393406      2.594356870472
  258     -3.837654029775      5.418530517998      2.587593786249
  258     -3.814649971158     -5.392435346378      2.571483819038
  258      3.823051538588     -5.406230902504      2.592153819056
  258      7.670130549006      0.008060267041      2.617930917458
  258      7.675844042085      5.385268458459      2.548301705828
  258      7.667943225245     -5.437975769647      2.596852089889
    8      1.865467785676      1.366470698548      2.506031779683
    8     -1.926594983015      1.373897963322      2.533338766762
    8     -1.925759117370     -1.357430341822      2.535870019465
    8      1.880152767596     -1.366042147923      2.518058673543
    8      1.869592943557      6.795290819785      2.528990347975
    8     -1.887483661205      6.795738623424      2.531642533531
    8     -1.914694407539     -6.780564851081      2.536114145651
    8      1.935395671802     -6.788487859581      2.562637008867
    8      1.916052973204     -4.060361097797      2.536375485101
    8     -1.912895094442     -4.047948888797      2.526196038561
    8     -1.941854890568      4.065497288377      2.535297844137
    8      1.903722532448      4.065173410031      2.522781860389
    8      5.756712874642      1.338449505751      2.556680745547
    8     -5.736753381937      1.380154637792      2.533168245273
    8     -5.747608101957     -1.361222237117      2.538349203122
    8      5.751276796375     -1.378609396097      2.568088575154
    8      5.874978512360      6.824932102491      2.661687895356
    8     -5.794430766355      6.828977905490      2.552410015488
    8     -5.717226679938     -6.740590448761      2.533956511224
    8      5.700912657901     -6.774749173874      2.570608310751
    8      5.754301283041     -4.064960308923      2.525545691961
    8     -5.759741876834     -4.051346087825      2.538545977567
    8     -5.734489493196      4.078752367085      2.532144037828
    8      5.716775043400      4.112409350983      2.498134468051
  258      1.906217529992      2.709625579532      0.647958202317
  258     -1.924408244916      2.712215105096      0.646432428139
  258     -1.919554966074     -2.698814071799      0.644591469709
  258      1.913116961670     -2.703949472046      0.646665500087
  258      1.919785666156      8.136289246992      0.657546802562
  258     -1.915415989611      8.138675680372      0.649496625106
  258      5.744157251617      2.700757055484      0.682292987002
  258     -5.751124032033      2.703030676721      0.659864299049
  258     -5.760709170788     -2.704837923528      0.652645157874
  258      5.753073301869     -2.707428272071      0.655998243348
  258      5.756450974234      8.134265586890      0.673916796492
  258     -5.752239716174      8.139307318181      0.655461515393
    8     -0.013964424633      4.064739562776      0.690751560696
    8      0.001561178498     -4.056044132658      0.688231065723
    8      0.009806161975     -6.784602194348      0.701869623181
    8     -0.002717697404      6.794878694740      0.670951689060
    8     -0.014989218615     -1.360896840176      0.677111450947
    8     -0.021140610768      1.367856282513      0.671215367862
    8      3.816067032424      4.052752294887      0.675456955072
    8     -3.835435456241      4.062609572663      0.679528183794
    8     -3.838269652212     -4.052571569560      0.687392864410
    8      3.830486760450     -4.062118094156      0.693870914221
    8      3.833633964274     -6.789585918034      0.696559734417
    8     -3.828326972683     -6.784902510676      0.683150548090
    8     -3.846293990043      6.791614457557      0.710689635880
    8      3.874158022975      6.788652831157      0.739858021004
    8      3.838283110686     -1.369010855169      0.693809504431
    8     -3.839872779288     -1.360714175649      0.688768814550
    8     -3.835848147387      1.364375097942      0.685840803389
    8      3.829888648125      1.361539628098      0.696239283308
    8      7.675791273080      4.047341934787      0.693998646567
    8      7.672006249627     -4.074551870533      0.697163193583
    8      7.661405505453     -6.799235298087      0.722577758107
    8      7.662470351919      6.773395644140      0.683129233699
    8      7.663042122337     -1.369487826975      0.698978438971
    8      7.670300894286      1.358399911998      0.699482477551
  258     -0.004768753845      0.003456371529     -1.140062703787
  258     -0.001592025990      5.424727832167     -1.136742772022
  258      0.001128039941     -5.422263549710     -1.136089086402
  258      3.833758701741      0.002374829855     -1.133015026794
  258     -3.839722426674      0.000975550090     -1.135918257566
  258      3.839232214250      5.419516043759     -1.130681343031
  258     -3.839639690418      5.424406890211     -1.136743547991
  258     -3.836331751807     -5.421151194244     -1.139361155066
  258      3.836470517361     -5.424546172564     -1.132339507917
  258      7.666917488417      0.003334648467     -1.127733083093
  258      7.668101906854      5.417532253648     -1.142634112023
  258      7.668748459375     -5.423048396194     -1.131997936433
    8      1.917557988105      1.343598098955     -1.170310848606
    8     -1.927240624378      1.345893263043     -1.175703899121
    8     -1.924538331150     -1.342355600728     -1.174674581059
    8      1.918587544921     -1.343169286081     -1.166595827151
    8      1.938497593380      6.771465712717     -1.151073968999
    8     -1.930303316410      6.772519843966     -1.164308842503
    8     -1.911183875904     -6.767066970583     -1.166498040862
    8      1.917506520599     -6.770771085683     -1.162415517924
    8      1.918500090195     -4.080902905687     -1.168286924145
    8     -1.919344264053     -4.079404784997     -1.166914817352
    8     -1.918474236942      4.084598976719     -1.173475064844
    8      1.908647200526      4.084374219890     -1.172902108642
    8      5.750217455566      1.346038189687     -1.156988607033
    8     -5.757248298596      1.344601515634     -1.165520194510
    8     -5.761155205233     -1.344555681104     -1.164319811844
    8      5.752186682158     -1.345502260745     -1.165303870572
    8      5.748030207989      6.774316334994     -1.156133898488
    8     -5.752996723307      6.774367111891     -1.160791502021
    8     -5.763196896542     -6.768709247765     -1.155671094645
    8      5.758912077284     -6.775865086277     -1.146780520708
    8      5.753800787207     -4.081861046718     -1.161096296549
    8     -5.756715718350     -4.080389232733     -1.165899642614
    8     -5.757809675633      4.083069654454     -1.167008622344
    8      5.754817744224      4.079744761138     -1.155726105293
  258      1.917505290032      2.712714302792     -3.053521172804
  258     -1.919790687466      2.712788569012     -3.054396172855
  258     -1.918706449615     -2.711489148516     -3.054972553941
  258      1.918251555893     -2.711498542058     -3.053769015970
  258      1.920007795702      8.136256463937     -3.050254899774
  258     -1.917685774611      8.137072610888     -3.052739939024
  258      5.752343095045      2.710472866960     -3.045147617076
  258     -5.754751728418      2.710660881820     -3.050957276295
  258     -5.756051422099     -2.710534709781     -3.052322232835
  258      5.753326541876     -2.711102460519     -3.051345777848
  258      5.752928382126      8.136240522508     -3.047045998865
  258     -5.755005304137      8.136779662938     -3.051388637821
    8      0.000157325378     -1.319242251173     -3.046764990140
    8     -0.000757805735      1.320328960212     -3.047138831911
    8     -0.000991578069      4.108594596280     -3.049331119200
    8     -0.000183345870     -4.106604389562     -3.044657834904
    8      0.001976605605     -6.742581280856     -3.044827810435
    8      0.002923484342      6.745907674235     -3.038560162036
    8      3.835669522903     -1.318594004428     -3.044559878708
    8     -3.839585636463     -1.320265019747     -3.046130926946
    8     -3.839793166907      1.318447258824     -3.047703792895
    8      3.837367785697      1.318671985087     -3.043813612923
    8      3.837697030628      4.107778045885     -3.040270666029
    8     -3.838433792716      4.107744703703     -3.044623028121
    8     -3.836848687566     -4.107474895091     -3.045337475004
    8      3.836980156346     -4.108019374747     -3.043819460699
    8      3.838754676757     -6.743550479130     -3.039354017622
    8     -3.838152899403     -6.742884385280     -3.041034152764
    8     -3.838171987458      6.744628038034     -3.046074826619
    8      3.837447898165      6.742252951618     -3.043302642962
    8      7.669969156945     -1.318432588044     -3.044361310992
    8      7.668522392611      1.318453506716     -3.041939198815
    8      7.668781519135      4.106018224302     -3.044602352411
    8      7.669644614529     -4.108620845695     -3.042194754347
    8      7.669739518566     -6.742889902491     -3.040801898139
    8      7.670201380214      6.742381788370     -3.041391105929
  258      0.000000000000      0.000000000000     -4.794687825205
  258      0.000000000000      5.424570039800     -4.794687825205
  258      0.000000000000     -5.424570039800     -4.794687825205
  258      3.835750260160      0.000000000000     -4.794687825205
  258     -3.835750260160      0.000000000000     -4.794687825205
  258      3.835750260160      5.424570039800     -4.794687825205
  258     -3.835750260160      5.424570039800     -4.794687825205
  258     -3.835750260160     -5.424570039800     -4.794687825205
  258      3.835750260160     -5.424570039800     -4.794687825205
  258      7.671500520300      0.000000000000     -4.794687825205
  258      7.671500520300      5.424570039800     -4.794687825205
  258      7.671500520300     -5.424570039800     -4.794687825205
    8      1.917875130080      1.356142509950     -4.794687825205
    8     -1.917875130080      1.356142509950     -4.794687825205
    8     -1.917875130080     -1.356142509950     -4.794687825205
    8      1.917875130080     -1.356142509950     -4.794687825205
    8      1.917875130080      6.780712549750     -4.794687825205
    8     -1.917875130080      6.780712549750     -4.794687825205
    8     -1.917875130080     -6.780712549750     -4.794687825205
    8      1.917875130080     -6.780712549750     -4.794687825205
    8      1.917875130080     -4.068427529850     -4.794687825205
    8     -1.917875130080     -4.068427529850     -4.794687825205
    8     -1.917875130080      4.068427529850     -4.794687825205
    8      1.917875130080      4.068427529850     -4.794687825205
    8      5.753625390240      1.356142509950     -4.794687825205
    8     -5.753625390240      1.356142509950     -4.794687825205
    8     -5.753625390240     -1.356142509950     -4.794687825205
    8      5.753625390240     -1.356142509950     -4.794687825205
    8      5.753625390240      6.780712549750     -4.794687825205
    8     -5.753625390240      6.780712549750     -4.794687825205
    8     -5.753625390240     -6.780712549750     -4.794687825205
    8      5.753625390240     -6.780712549750     -4.794687825205
    8      5.753625390240     -4.068427529850     -4.794687825205
    8     -5.753625390240     -4.068427529850     -4.794687825205
    8     -5.753625390240      4.068427529850     -4.794687825205
    8      5.753625390240      4.068427529850     -4.794687825205
   14      8.141865785837      6.021265760035      6.171465689625
    8      6.677308589250      6.345258741143      6.877247866846
    8     -6.042705267142      7.125593537912      6.741038651375
    8      8.742413907915      4.531485927965      6.619318855268
    6      5.576015955313      5.527295709353      6.366555218297
    6     -4.713136483455      6.647902873598      7.122768113430
    6      8.790034923303      4.273410227384      8.049284258074
    6      4.268430092520      6.047961249702      6.911309477614
    6     -3.767421029347      7.829710256782      7.272205561704
    6      8.111377978856      2.960900121111      8.358727947759
    1      3.461554047227      5.500797929559      6.417074127304
    1     -2.734576138685      7.444221029690      7.325153137187
    1      8.126400875391      2.778229544484      9.443589478251
    1      4.219308466271    -10.352140703926      8.000835642506
    1     -3.961717309545     -7.876394184349      8.190146240022
    1      4.138200412727     -9.161132766093      6.675843302936
    1     -3.828387709208     -7.747332152703      6.430577355597
    1      5.733806902368      4.487672517232      6.675892762831
    1     -4.787681357595      6.127602184944      8.083733361668
    1      5.561035670914      5.556709291052      5.262097543460
    1     -4.351730025814      5.957932301032      6.349905620130
    1      7.086018182151      2.968038349500      7.990792364946
    1     -6.708283563070      2.133655159781      7.867518835415
    1     -5.496631459327      4.254119287977      8.366391145617
    1      8.291918000792      5.097934126268      8.589311905891
    8      5.733223733135      2.212678133920      6.466697699067
    6      6.122014049840      0.975151953589      6.996183438190
    6      5.462535613655     -0.163091081213      6.233487177606
    1      4.381785670743     -0.078035311421      6.195042004604
    1     -9.521545223099     -0.129198280410      5.201851746594
    1      5.849658313257      0.917903989200      8.069290322995
    1     -8.124352354115      0.842515775412      6.928609919068
    1      5.748841838914     -1.140090635616      6.667773785393
    0    0
