   2   1   1 E -4.5963144919053E+04 DE-8.0E-06(  8)
  0.153430010406E+02  0.000000000000E+00  0.000000000000E+00
  0.000000000000E+00  0.162737101194E+02  0.000000000000E+00
  0.000000000000E+00  0.000000000000E+00  0.500000000000E+03
    1
  0.100000000000E+01  0.000000000000E+00  0.000000000000E+00
  0.000000000000E+00  0.100000000000E+01  0.000000000000E+00
  0.000000000000E+00  0.000000000000E+00  0.100000000000E+01
  0.000000000000E+00  0.000000000000E+00  0.000000000000E+00
  249
  258      1.896121021421      2.708660600969      4.264424968469
  258     -1.931298260425      2.720192387037      4.263371928356
  258     -1.923106037439     -2.693593866509      4.263950292366
  258      1.897256657402     -2.703628538014      4.260311474068
  258      1.878553678034     -8.136844639098      4.270737896360
  258     -1.884299917220     -8.125749473967      4.265003086557
  258      5.726298015387      2.688060873607      4.346168294279
  258     -5.765665067919      2.735649776227      4.315151279253
  258     -5.750036701187     -2.715836126262      4.264417442072
  258      5.745260293519     -2.735476368550      4.265313297669
  258      5.639006614775     -8.085402206287      4.322759113158
  258     -5.633117520773     -8.070309014770      4.271594977312
    8     -0.022413187363      3.999538641976      4.363335306050
    8     -0.009346459687     -3.983558598302      4.368438842177
    8     -0.000981242656     -6.856950260525      4.378783636176
    8     -0.000035202905      6.880953721566      4.415303294907
    8     -0.018083903812     -1.438559744191      4.379567091518
    8     -0.029189865005      1.445886954993      4.376981537922
    8      3.768943248218      4.014671824231      4.376726425813
    8     -3.809881438539      4.021426494062      4.366751578063
    8     -3.834738572349     -3.969540153011      4.358358181710
    8      3.849093871329     -4.008625776997      4.363551568347
    8      3.865816885513     -6.861384530098      4.465977523631
    8     -3.786506828292     -6.812502497574      4.373519472455
    8     -3.813214060180      6.908419534980      4.343753588243
    8      3.793827295914      6.909395442055      4.301661643605
    8      3.760153198798     -1.490058164970      4.328314407614
    8     -3.840401170042     -1.431627716781      4.385988539862
    8     -3.839628628066      1.467163744660      4.387708082879
    8      3.718034744242      1.437394815384      4.301035918121
    8      7.592305365797      3.961627765871      4.258311486923
    8      7.650821613503     -4.085728732022      4.382642295013
    8      7.655088950758     -7.117585587912      4.306359966291
    8      8.072443581728      6.484598072522      4.647579089198
    8      7.697367344525     -1.514688641882      4.365898834091
    8      7.769281550247      1.414524434108      4.353738233124
  258     -0.016656332350      0.010958056444      2.591137557748
  258     -0.006486143023      5.415807239962      2.589816869887
  258     -0.001868564685     -5.407449865539      2.587399119050
  258      3.816991650265     -0.000502793682      2.597701550953
  258     -3.849674884247      0.016000540829      2.605250084151
  258      3.827800949442      5.402368713780      2.608801357689
  258     -3.837853217737      5.422693404792      2.593530707544
  258     -3.814219847942     -5.389359439128      2.567368031235
  258      3.819372942925     -5.406185081761      2.588810375605
  258      7.672509188482      0.010219038826      2.620262396717
  258      7.667851967697      5.386853320993      2.549117339774
  258      7.667150171006     -5.434676434491      2.599373521030
    8      1.868505019605      1.366503432053      2.506844168483
    8     -1.931761689187      1.374422674195      2.533343354161
    8     -1.929494786113     -1.355508362246      2.536370483886
    8      1.884217323498     -1.365614869907      2.521415073040
    8      1.878500064467      6.796243023841      2.536900790485
    8     -1.900002298518      6.797867273115      2.540375577067
    8     -1.906560838725     -6.780501644025      2.530220221412
    8      1.934283829441     -6.788776598386      2.565704221581
    8      1.910572139972     -4.059420998822      2.532354641659
    8     -1.913043182003     -4.045296047910      2.528019086890
    8     -1.929629783431      4.069641991054      2.524321263267
    8      1.904093448961      4.066611562231      2.524852176432
    8      5.750382204532      1.331164761044      2.556397019020
    8     -5.738609792898      1.375593181056      2.525356538825
    8     -5.746458798295     -1.359505869970      2.539838964700
    8      5.746557891851     -1.380949414704      2.565377494481
    8      5.874905041964      6.818190247730      2.683242375710
    8     -5.774247255118      6.839824140754      2.534663404380
    8     -5.721366849533     -6.730234995726      2.533536039820
    8      5.695882226649     -6.781093844211      2.571192807477
    8      5.753861043306     -4.068128786208      2.525635030889
    8     -5.763115746331     -4.044801895980      2.538613222686
    8     -5.746971919320      4.085182859159      2.549666242394
    8      5.712616886653      4.107337038313      2.490425264030
  258      1.907990143463      2.711782368099      0.648995024611
  258     -1.924732180943      2.714067142348      0.646357965863
  258     -1.921189211453     -2.695651989203      0.644407078375
  258      1.911162623086     -2.703091403224      0.645671839018
  258      1.920107130805      8.136060869601      0.657923727119
  258     -1.914967322583      8.138530733448      0.649976510519
  258      5.743829451068      2.700695900851      0.678267786742
  258     -5.751996547082      2.704719690031      0.667124413327
  258     -5.761315458227     -2.703359383250      0.652916757863
  258      5.752828025651     -2.706442680906      0.654455139075
  258      5.755867918552      8.134860657258      0.677456180936
  258     -5.750997892182      8.139459483480      0.657343983446
    8     -0.009882663560      4.065038559901      0.686941153111
    8     -0.002425481247     -4.055424019037      0.686794817211
    8      0.014746769398     -6.784812525527      0.700543598664
    8     -0.002231831896      6.793981536515      0.678544653060
    8     -0.012326918305     -1.360045724554      0.680979737616
    8     -0.022371734589      1.367823556566      0.673915574807
    8      3.813685199614      4.055694335808      0.677848785233
    8     -3.841786370897      4.065720592132      0.688516261748
    8     -3.837404072928     -4.049343524010      0.685402514172
    8      3.830843601098     -4.059996032304      0.694372997657
    8      3.831490854074     -6.790093902492      0.693750558964
    8     -3.827492081326     -6.784565990857      0.683555110367
    8     -3.838288853254      6.792837924529      0.702950829233
    8      3.878565217162      6.787127414427      0.751184498466
    8      3.833952156064     -1.366758024601      0.690378525276
    8     -3.839979944142     -1.357968709652      0.689143588526
    8     -3.836837408898      1.367032390571      0.685197342697
    8      3.829754123842      1.364446019316      0.696297184383
    8      7.677951153851      4.048383614435      0.697831431038
    8      7.669410162493     -4.074081389565      0.697418815494
    8      7.657674417401     -6.798160646101      0.724903822466
    8      7.653266991666      6.771868800888      0.686562451729
    8      7.663702544812     -1.368257344135      0.700931927086
    8      7.668190450721      1.360901602112      0.701153170094
  258     -0.004834086023      0.005205058417     -1.139995778303
  258     -0.001132536828      5.424891657908     -1.136241003792
  258      0.000470632459     -5.422249278912     -1.136293589661
  258      3.833746023357      0.002920814572     -1.132947575296
  258     -3.841088850284      0.003177506449     -1.134500642055
  258      3.839394246292      5.420674493526     -1.126676127126
  258     -3.839870688708      5.424564837185     -1.133931116576
  258     -3.836496133355     -5.420821585086     -1.140391939074
  258      3.836095811553     -5.424169041242     -1.133497133773
  258      7.667248103560      0.004681908633     -1.126941045026
  258      7.668604789325      5.417100494472     -1.141739230335
  258      7.668364807899     -5.423588130820     -1.131173083088
    8      1.916162768383      1.345019078612     -1.169492126146
    8     -1.926078951137      1.347577946731     -1.176190730432
    8     -1.923120603992     -1.340492926702     -1.173411022552
    8      1.916130052335     -1.342212197506     -1.168650674546
    8      1.940023007376      6.772402298116     -1.146631851721
    8     -1.925200778717      6.772583730461     -1.166291123485
    8     -1.911159349377     -6.766292547979     -1.165814586416
    8      1.918234315882     -6.771195880212     -1.162785766188
    8      1.917985000445     -4.081101263961     -1.167940334827
    8     -1.919568665925     -4.078211880486     -1.167895361065
    8     -1.921588116625      4.085267662734     -1.170591641674
    8      1.909985148060      4.086015670854     -1.174138638682
    8      5.749869758783      1.345603649900     -1.158278918291
    8     -5.758436961000      1.345667692178     -1.162272051780
    8     -5.760671492492     -1.342974124694     -1.163855949559
    8      5.752318043143     -1.344374418471     -1.163247004326
    8      5.745781800767      6.775164624921     -1.154380806544
    8     -5.756385523835      6.773483750325     -1.159126682590
    8     -5.764084094821     -6.767347263877     -1.155783964730
    8      5.758318873988     -6.775943287050     -1.144764748846
    8      5.753342606490     -4.080928658103     -1.162603181863
    8     -5.758076642007     -4.079329889314     -1.165218000837
    8     -5.757955056594      4.082443885743     -1.164348556469
    8      5.754869175276      4.079670349320     -1.156502149708
  258      1.917531730127      2.713307141004     -3.053325791513
  258     -1.920333064723      2.713181366063     -3.054065278637
  258     -1.919013385398     -2.710485379647     -3.055003063122
  258      1.918058683660     -2.711004611624     -3.054095718592
  258      1.919814339268      8.136392034361     -3.049936850182
  258     -1.917828332120      8.136859674384     -3.052562880869
  258      5.752043063194      2.711161086377     -3.046673114572
  258     -5.754603498442      2.711231564420     -3.049233145147
  258     -5.756470713940     -2.710029299583     -3.051882311739
  258      5.753246624359     -2.710678571920     -3.052015005673
  258      5.752613123249      8.136239747559     -3.045456521269
  258     -5.755408716847      8.136320719409     -3.051010407666
    8     -0.000669901419     -1.318515701884     -3.047000702812
    8     -0.000480351388      1.321023331856     -3.047537707429
    8     -0.002329060093      4.109225235909     -3.047923775573
    8     -0.000325986545     -4.106622887670     -3.045249095272
    8      0.001992183551     -6.743168413214     -3.044952896549
    8      0.004891029433      6.745872289126     -3.038614166127
    8      3.836131439483     -1.318376613612     -3.044261700172
    8     -3.839382253077     -1.319063033274     -3.046072350943
    8     -3.840310997538      1.319676942966     -3.046577416611
    8      3.836396551773      1.318518022357     -3.043981547152
    8      3.837952372039      4.108012271218     -3.039993265867
    8     -3.838677717591      4.108392219384     -3.044505894239
    8     -3.837462964833     -4.107201005520     -3.044965824992
    8      3.836738160249     -4.107390236133     -3.043445798359
    8      3.838812610302     -6.743082199762     -3.039609140711
    8     -3.838379694401     -6.743018952169     -3.040575005228
    8     -3.838951619151      6.744794084944     -3.044536172735
    8      3.836514025182      6.742312748384     -3.042579012873
    8      7.669846435137     -1.318080285787     -3.043374731330
    8      7.669128153108      1.318578182357     -3.041728209474
    8      7.669404726697      4.106407157233     -3.044210898681
    8      7.669898216608     -4.108215052477     -3.042459979177
    8      7.668778842246     -6.743109320409     -3.040419453790
    8      7.669318196687      6.742043051536     -3.040852981214
  258      0.000000000000      0.000000000000     -4.794687825205
  258      0.000000000000      5.424570039800     -4.794687825205
  258      0.000000000000     -5.424570039800     -4.794687825205
  258      3.835750260160      0.000000000000     -4.794687825205
  258     -3.835750260160      0.000000000000     -4.794687825205
  258      3.835750260160      5.424570039800     -4.794687825205
  258     -3.835750260160      5.424570039800     -4.794687825205
  258     -3.835750260160     -5.424570039800     -4.794687825205
  258      3.835750260160     -5.424570039800     -4.794687825205
  258      7.671500520300      0.000000000000     -4.794687825205
  258      7.671500520300      5.424570039800     -4.794687825205
  258      7.671500520300     -5.424570039800     -4.794687825205
    8      1.917875130080      1.356142509950     -4.794687825205
    8     -1.917875130080      1.356142509950     -4.794687825205
    8     -1.917875130080     -1.356142509950     -4.794687825205
    8      1.917875130080     -1.356142509950     -4.794687825205
    8      1.917875130080      6.780712549750     -4.794687825205
    8     -1.917875130080      6.780712549750     -4.794687825205
    8     -1.917875130080     -6.780712549750     -4.794687825205
    8      1.917875130080     -6.780712549750     -4.794687825205
    8      1.917875130080     -4.068427529850     -4.794687825205
    8     -1.917875130080     -4.068427529850     -4.794687825205
    8     -1.917875130080      4.068427529850     -4.794687825205
    8      1.917875130080      4.068427529850     -4.794687825205
    8      5.753625390240      1.356142509950     -4.794687825205
    8     -5.753625390240      1.356142509950     -4.794687825205
    8     -5.753625390240     -1.356142509950     -4.794687825205
    8      5.753625390240     -1.356142509950     -4.794687825205
    8      5.753625390240      6.780712549750     -4.794687825205
    8     -5.753625390240      6.780712549750     -4.794687825205
    8     -5.753625390240     -6.780712549750     -4.794687825205
    8      5.753625390240     -6.780712549750     -4.794687825205
    8      5.753625390240     -4.068427529850     -4.794687825205
    8     -5.753625390240     -4.068427529850     -4.794687825205
    8     -5.753625390240      4.068427529850     -4.794687825205
    8      5.753625390240      4.068427529850     -4.794687825205
   14      8.329855087096      5.884825421245      6.107482778786
    8      6.936588446671      5.949626877853      6.969052093292
    8     -5.954259628453      7.048857575076      6.738346876070
    8      9.212086907217      4.484255795489      6.302916353334
    6      5.724145342468      5.373982179800      6.418570314761
    6     -4.626520499394      6.709874847679      7.191577455278
    6      9.419565794533      3.965296648313      7.622824644679
    6      4.505777609333      6.069644977178      6.987430820018
    6     -3.788829696807      7.965812777685      7.349197610033
    6      8.730758445445      2.613027103886      7.688146755063
    1      3.630150328890      5.644012253438      6.493118672698
    1     -2.743590923377      7.673724109400      7.530152164769
    1      8.760700737444      2.208606683977      8.700087245799
    1      4.446346890964    -10.342215814222      8.069972017001
    1     -4.116801300632     -7.693996161187      8.191228771038
    1      4.500500080824     -9.124300100667      6.785600661504
    1     -3.807930543212     -7.688218429584      6.450923359769
    1      5.695829710413      4.308048349264      6.680846270409
    1     -4.710249067902      6.193770427601      8.156703983366
    1      5.722055918429      5.460002831157      5.317247831299
    1     -4.161117528336      6.043521421221      6.460391935975
    1      7.695558281860      2.722389834966      7.365468934525
    1     -6.131635220146      1.886001130466      7.030887331667
    1     -4.836483304264      3.914304487228      7.772400387538
    1      8.997021152707      4.654908709208      8.357476102881
    8      5.862095417835      2.164671786554      6.478958488373
    6      6.194392507662      0.896331395356      6.975914782031
    6      5.432938115513     -0.189347344516      6.246483369284
    1      4.360877483896     -0.049171507695      6.263111871581
    1     -9.617104053007     -0.164255449464      5.200208850049
    1      5.995927951412      0.842353554862      8.063381084953
    1     -8.080719497965      0.690776096079      6.829070061299
    1      5.675629393455     -1.185669318679      6.663616642837
    0    0
