   2   1   1 E -4.5963148259298E+04 DE 1.1E-06(  7)
  0.153430010406E+02  0.000000000000E+00  0.000000000000E+00
  0.000000000000E+00  0.162737101194E+02  0.000000000000E+00
  0.000000000000E+00  0.000000000000E+00  0.500000000000E+03
    1
  0.100000000000E+01  0.000000000000E+00  0.000000000000E+00
  0.000000000000E+00  0.100000000000E+01  0.000000000000E+00
  0.000000000000E+00  0.000000000000E+00  0.100000000000E+01
  0.000000000000E+00  0.000000000000E+00  0.000000000000E+00
  249
  258      1.901870691032      2.710913061478      4.264564123400
  258     -1.923854411919      2.721427587895      4.263305321674
  258     -1.919245201469     -2.697136626632      4.264158461207
  258      1.900989494908     -2.703098815709      4.259965326370
  258      1.885334336360     -8.137354039011      4.268993663857
  258     -1.884271362200     -8.125360628548      4.268457116354
  258      5.736955636513      2.690149411406      4.356593515801
  258     -5.756278346973      2.723360056952      4.291048358595
  258     -5.748084500338     -2.719547601036      4.263838046495
  258      5.752883521939     -2.738178592629      4.266075250617
  258      5.647789294213     -8.086451180396      4.309308346526
  258     -5.640798451347     -8.080787213249      4.277667213518
    8     -0.019509937062      4.000387185871      4.365004214757
    8     -0.006200813017     -3.985638407186      4.367570943905
    8      0.002269812841     -6.859218226939      4.380894745165
    8      0.003976590481      6.880684148597      4.406770631901
    8     -0.014879527541     -1.440359102019      4.381998529165
    8     -0.019228514590      1.444757628708      4.376876302435
    8      3.780591478038      4.014492200769      4.375523288234
    8     -3.771523177668      4.009911056471      4.349920993986
    8     -3.833618230778     -3.978053847376      4.360659350990
    8      3.858199586897     -4.008866915961      4.365995552561
    8      3.862069206793     -6.864112106920      4.451170595871
    8     -3.790203823359     -6.823850773021      4.376923797985
    8     -3.812100447928      6.899032151071      4.342342081255
    8      3.804502593058      6.901061874605      4.313878744813
    8      3.755608586703     -1.487997114094      4.320994114234
    8     -3.834143511460     -1.440165418598      4.381212677905
    8     -3.856348396708      1.456106853670      4.396926860768
    8      3.726246516505      1.443388885779      4.304861650045
    8      7.599820154197      3.984237167969      4.300187543496
    8      7.653852487873     -4.082836313351      4.377291035997
    8      7.658220229210     -7.103126901949      4.311488999543
    8      8.002856337013      6.508870578682      4.669779687086
    8      7.697205348654     -1.517134775310      4.369046190744
    8      7.786964804626      1.415261158382      4.325685648603
  258     -0.011414504866      0.009944672647      2.592093013530
  258     -0.002270096017      5.417376186500      2.588945351644
  258      0.000370171194     -5.409808003188      2.588523754840
  258      3.823464391697      0.000650803190      2.599071841372
  258     -3.843300899935      0.008904740660      2.602898908854
  258      3.833638770409      5.401136614355      2.609021974935
  258     -3.829622912205      5.423416692084      2.590400638183
  258     -3.815159021685     -5.394508350584      2.571891845992
  258      3.821818637743     -5.403668408550      2.588099688187
  258      7.673249997052      0.005057895666      2.612386301306
  258      7.669573286283      5.385758237925      2.551702573639
  258      7.670987990183     -5.438166957148      2.598015801834
    8      1.874810951764      1.366063958526      2.508567218712
    8     -1.932415190556      1.371304720644      2.537427018481
    8     -1.924109635497     -1.359197476013      2.535322101579
    8      1.881810692290     -1.365607898603      2.518286271505
    8      1.890278339572      6.795508412072      2.536626798323
    8     -1.900378395850      6.798610741427      2.541496421112
    8     -1.904859461965     -6.781445793922      2.533656496446
    8      1.934175140800     -6.789085032324      2.561610500275
    8      1.915260421155     -4.060002373865      2.533715432531
    8     -1.911552725905     -4.048767551298      2.529080536797
    8     -1.913362515571      4.068630084944      2.513102486547
    8      1.909508675840      4.066288255946      2.527666811037
    8      5.755621718038      1.332064231734      2.560793654799
    8     -5.725590019033      1.369593368391      2.499666201303
    8     -5.747158665736     -1.364944968819      2.541991557366
    8      5.751497315139     -1.382545042553      2.564786722708
    8      5.871250898577      6.817591110143      2.671340272190
    8     -5.783439476300      6.832154138699      2.551300323898
    8     -5.722646200539     -6.738926930523      2.537548513328
    8      5.704662012046     -6.777775895292      2.563063407402
    8      5.757305965731     -4.068484868490      2.524196971897
    8     -5.759644200171     -4.049540567385      2.537837651678
    8     -5.748783386065      4.090546463724      2.548963909509
    8      5.727593018329      4.102150742798      2.496281496747
  258      1.910687973720      2.710793783509      0.649406327934
  258     -1.921142352969      2.712470598736      0.646180485906
  258     -1.918772316052     -2.698985008507      0.645098539723
  258      1.913429807358     -2.703703157412      0.646200478706
  258      1.922914072656      8.135248953439      0.656974686239
  258     -1.913001604981      8.139001046688      0.651641640272
  258      5.746001098748      2.699255380064      0.683568563691
  258     -5.748340462522      2.704144334233      0.655433410373
  258     -5.758378333898     -2.705420829996      0.651940232764
  258      5.754536823738     -2.708159594487      0.654500312600
  258      5.757516529886      8.134840229979      0.672685866044
  258     -5.751176730056      8.138221290655      0.659095822577
    8      0.000190214364      4.064720196384      0.682104464017
    8     -0.000017989237     -4.056480925557      0.687185336718
    8      0.015629495813     -6.785172958508      0.700452649705
    8     -0.000845691343      6.794488734960      0.681814074256
    8     -0.012836636338     -1.361141516144      0.678316013204
    8     -0.019260988016      1.367669431688      0.676136876563
    8      3.817446521778      4.054181534024      0.681113316829
    8     -3.841934461245      4.063793908236      0.690064928087
    8     -3.835854670720     -4.053382037024      0.687761954831
    8      3.832597899080     -4.060486314771      0.693407128598
    8      3.832695824028     -6.790796829958      0.691449919647
    8     -3.828428210601     -6.787224688704      0.688428410669
    8     -3.838949891064      6.791468934284      0.703946059204
    8      3.881865679357      6.787177355356      0.748184165508
    8      3.838249732402     -1.367991477107      0.692947014568
    8     -3.839670639062     -1.360499791381      0.689646223528
    8     -3.826309393995      1.366375510160      0.677469757195
    8      3.833550308813      1.361206692338      0.696988803776
    8      7.683603926050      4.048458536260      0.698336570334
    8      7.673314194392     -4.076705792406      0.696665496307
    8      7.663542954182     -6.801883875547      0.720372368199
    8      7.656885325502      6.769509685951      0.689137519497
    8      7.665596576639     -1.371567506741      0.696555833319
    8      7.666076954395      1.359551526674      0.695480000223
  258     -0.003053609551      0.004135734564     -1.139598957514
  258      0.001225867683      5.424648369772     -1.135998385475
  258      0.002047160925     -5.422764604587     -1.135738034030
  258      3.834881812542      0.002036600454     -1.133180271635
  258     -3.837752600423      0.001480850022     -1.136102914103
  258      3.841977202343      5.419088858907     -1.126656878474
  258     -3.837582943947      5.424728337746     -1.135003318649
  258     -3.835083271186     -5.422368086098     -1.138819164603
  258      3.837225801145     -5.424644792858     -1.134033392254
  258      7.667913313376      0.003580355777     -1.128973640751
  258      7.669372044204      5.417236492591     -1.141159282396
  258      7.670407708537     -5.423587414021     -1.131429479819
    8      1.918527600268      1.343697626783     -1.168748922036
    8     -1.921691841777      1.345736417306     -1.178766422218
    8     -1.922459320516     -1.342660491403     -1.173410683597
    8      1.918309811484     -1.343531338160     -1.167347635948
    8      1.940429643181      6.771080034396     -1.146493869569
    8     -1.922892859779      6.772990101282     -1.165036810380
    8     -1.911716614520     -6.767163192528     -1.163723763363
    8      1.918696372612     -6.771923746711     -1.164857021195
    8      1.919797207963     -4.081758334428     -1.167429424435
    8     -1.919515999458     -4.079812844378     -1.167742513653
    8     -1.920734947371      4.085961953123     -1.169692135728
    8      1.914567230099      4.084740476761     -1.175664134574
    8      5.749712740678      1.345223033971     -1.159506113606
    8     -5.756821575305      1.345211935250     -1.166031570372
    8     -5.759618823438     -1.344145875282     -1.164605700180
    8      5.752980318260     -1.346171212465     -1.165451171672
    8      5.748629938688      6.775349731933     -1.157151047717
    8     -5.755999888000      6.773366871385     -1.157150096910
    8     -5.760305044692     -6.769564912416     -1.154758430275
    8      5.760139945354     -6.776200226674     -1.146593217047
    8      5.754375469180     -4.082863718091     -1.162852496928
    8     -5.755265147912     -4.080831426286     -1.165690331610
    8     -5.755313498504      4.083106301437     -1.169524763160
    8      5.757411756400      4.080223942479     -1.151936317554
  258      1.918622458406      2.713090632210     -3.053034308357
  258     -1.918866789589      2.713076235441     -3.054465861845
  258     -1.918296041706     -2.711371641943     -3.054687121580
  258      1.918303551606     -2.711348234382     -3.054038429626
  258      1.920619862536      8.136057217013     -3.050364203990
  258     -1.917142681868      8.136973134792     -3.052087112405
  258      5.752552683941      2.710945998539     -3.044951557952
  258     -5.754297355191      2.710748692921     -3.052474455280
  258     -5.755532188990     -2.710583808101     -3.052357542071
  258      5.753826488753     -2.711158569277     -3.051825437542
  258      5.753413120947      8.136286271642     -3.046700773652
  258     -5.754531104494      8.136577105713     -3.050501283008
    8      0.000123232174     -1.318975515577     -3.046960539561
    8      0.000763270778      1.320665738587     -3.047547027722
    8     -0.001618075614      4.108842314043     -3.047755083663
    8      0.000538314883     -4.106756869096     -3.044383991856
    8      0.001246780581     -6.743024047522     -3.044645768897
    8      0.005391709474      6.745633901088     -3.038850105996
    8      3.835991429935     -1.318847596813     -3.044487647600
    8     -3.838616498994     -1.320407385276     -3.046093183697
    8     -3.839109899077      1.319058571768     -3.047761965154
    8      3.837074849581      1.318717251033     -3.044105671623
    8      3.840175924700      4.108037959449     -3.039557701927
    8     -3.837109198863      4.108994716402     -3.045268982895
    8     -3.836830627095     -4.108073313228     -3.045254288102
    8      3.836660772240     -4.108025892232     -3.044220262517
    8      3.839628072210     -6.743901212752     -3.040378189453
    8     -3.837542755740     -6.743191179071     -3.040616641237
    8     -3.838319385890      6.745127292463     -3.043244906322
    8      3.836696740781      6.741634944955     -3.042317402637
    8      7.670433895732     -1.318504369817     -3.044716633702
    8      7.669007856045      1.318609300433     -3.042650255458
    8      7.668570543035      4.106077464894     -3.044008586735
    8      7.670453564481     -4.108785053866     -3.042196166446
    8      7.670550885074     -6.743308642526     -3.040461383815
    8      7.670737732092      6.741801408748     -3.041457894397
  258      0.000000000000      0.000000000000     -4.794687825205
  258      0.000000000000      5.424570039800     -4.794687825205
  258      0.000000000000     -5.424570039800     -4.794687825205
  258      3.835750260160      0.000000000000     -4.794687825205
  258     -3.835750260160      0.000000000000     -4.794687825205
  258      3.835750260160      5.424570039800     -4.794687825205
  258     -3.835750260160      5.424570039800     -4.794687825205
  258     -3.835750260160     -5.424570039800     -4.794687825205
  258      3.835750260160     -5.424570039800     -4.794687825205
  258      7.671500520300      0.000000000000     -4.794687825205
  258      7.671500520300      5.424570039800     -4.794687825205
  258      7.671500520300     -5.424570039800     -4.794687825205
    8      1.917875130080      1.356142509950     -4.794687825205
    8     -1.917875130080      1.356142509950     -4.794687825205
    8     -1.917875130080     -1.356142509950     -4.794687825205
    8      1.917875130080     -1.356142509950     -4.794687825205
    8      1.917875130080      6.780712549750     -4.794687825205
    8     -1.917875130080      6.780712549750     -4.794687825205
    8     -1.917875130080     -6.780712549750     -4.794687825205
    8      1.917875130080     -6.780712549750     -4.794687825205
    8      1.917875130080     -4.068427529850     -4.794687825205
    8     -1.917875130080     -4.068427529850     -4.794687825205
    8     -1.917875130080      4.068427529850     -4.794687825205
    8      1.917875130080      4.068427529850     -4.794687825205
    8      5.753625390240      1.356142509950     -4.794687825205
    8     -5.753625390240      1.356142509950     -4.794687825205
    8     -5.753625390240     -1.356142509950     -4.794687825205
    8      5.753625390240     -1.356142509950     -4.794687825205
    8      5.753625390240      6.780712549750     -4.794687825205
    8     -5.753625390240      6.780712549750     -4.794687825205
    8     -5.753625390240     -6.780712549750     -4.794687825205
    8      5.753625390240     -6.780712549750     -4.794687825205
    8      5.753625390240     -4.068427529850     -4.794687825205
    8     -5.753625390240     -4.068427529850     -4.794687825205
    8     -5.753625390240      4.068427529850     -4.794687825205
    8      5.753625390240      4.068427529850     -4.794687825205
   14      8.330899811645      5.824553789201      6.083682963212
    8      6.982033450252      5.785743844230      7.008328739543
    8     -5.961753784961      7.010776646967      6.715931199757
    8      9.287658376633      4.461683290215      6.226035168404
    6      5.717993353888      5.371460912003      6.444172083672
    6     -4.631258312809      6.697382642718      7.185575749018
    6      9.570346832293      3.851093078824      7.502618614712
    6      4.577303040047      6.182457921101      7.026856493915
    6     -3.824619936065      7.976009085216      7.342188670237
    6      8.988070119500      2.445752634734      7.502130307083
    1      3.650659938896      5.844700781798      6.548114125761
    1     -2.785684735108      7.717241277008      7.600029200864
    1      8.917866364069      2.048265362164      8.519651106482
    1      4.526281398234    -10.224103592656      8.114372472881
    1     -4.218686241302     -7.657207465623      8.137453195680
    1      4.668315039207     -9.007278225669      6.832274573747
    1     -3.805896945746     -7.712384280262      6.419092848001
    1      5.568482019465      4.316195972461      6.690037677795
    1     -4.711339613993      6.183283270294      8.152600751769
    1      5.728514375588      5.469146099497      5.346755116214
    1     -4.148945552676      6.037804805296      6.458694577662
    1      7.988716063714      2.487994063463      7.058354766441
    1     -5.726599926127      1.740634537731      6.932901615518
    1     -4.682423400835      3.863656612523      7.632714442810
    1      9.123261902999      4.446529150268      8.314536757460
    8      5.917267641949      2.154721880027      6.479042326853
    6      6.136165887890      0.893595174283      7.038447883116
    6      5.403090663719     -0.173854541186      6.243999921650
    1      4.329237700732     -0.011515418681      6.191981579933
    1     -9.570794454030     -0.141424206390      5.213319666896
    1      5.808042351136      0.877350293123      8.099492194589
    1     -8.129706010893      0.636591900453      7.032652092311
    1      5.604748376694     -1.178441401115      6.664042180350
    0    0
