   2   1   1 E -4.5963148789655E+04 DE-7.7E-07(  8)
  0.153430010406E+02  0.000000000000E+00  0.000000000000E+00
  0.000000000000E+00  0.162737101194E+02  0.000000000000E+00
  0.000000000000E+00  0.000000000000E+00  0.500000000000E+03
    1
  0.100000000000E+01  0.000000000000E+00  0.000000000000E+00
  0.000000000000E+00  0.100000000000E+01  0.000000000000E+00
  0.000000000000E+00  0.000000000000E+00  0.100000000000E+01
  0.000000000000E+00  0.000000000000E+00  0.000000000000E+00
  249
  258      1.902772431765      2.710349164507      4.263734347423
  258     -1.921887360605      2.720856363108      4.261471486921
  258     -1.917769221263     -2.698845532347      4.263039194780
  258      1.902949774710     -2.704691315193      4.259136128320
  258      1.889684032432     -8.138754833396      4.267991854905
  258     -1.883994017376     -8.127532799915      4.269522229225
  258      5.739480990389      2.693099815802      4.358084868771
  258     -5.753600348997      2.717810896341      4.281855231338
  258     -5.746491947166     -2.719746815900      4.262894331024
  258      5.755666753711     -2.739807428150      4.265064490870
  258      5.655794119858     -8.092068219451      4.304061326429
  258     -5.642455300262     -8.083632405185      4.282383676606
    8     -0.019422546110      3.998537994790      4.365131712207
    8     -0.005431171958     -3.986822950701      4.366338150685
    8      0.004375234489     -6.861525995660      4.382712245010
    8      0.005948054282      6.878627750559      4.400663912073
    8     -0.012791517561     -1.441030717823      4.382483636727
    8     -0.017312590254      1.443292945887      4.374570933633
    8      3.781996347951      4.012520393132      4.369763561503
    8     -3.758402316814      4.004580382236      4.336969645099
    8     -3.833075588940     -3.980428993834      4.361776660415
    8      3.859931114242     -4.009541982047      4.367400951209
    8      3.861701093353     -6.867309438392      4.444156075745
    8     -3.791641968449     -6.828247263746      4.376581818645
    8     -3.811526770764      6.896073611570      4.343197143960
    8      3.810055473146      6.896308474919      4.320725377410
    8      3.758143169664     -1.487930761461      4.319432286672
    8     -3.830674727703     -1.442493974537      4.377962289536
    8     -3.865622649772      1.451674937701      4.400602888986
    8      3.727165999265      1.442892336763      4.309534726023
    8      7.602755255343      4.004884645219      4.322567255546
    8      7.655439910607     -4.080720347500      4.375863884349
    8      7.659623781875     -7.091360041547      4.307348529686
    8      7.953755412783      6.531512094442      4.672493896211
    8      7.700523538873     -1.516726864093      4.365427496246
    8      7.785325392790      1.423138677532      4.307708896322
  258     -0.010035359331      0.008760122734      2.592148577932
  258     -0.000744146054      5.416978012356      2.588594749182
  258      0.001814106776     -5.412061956831      2.589234000270
  258      3.825062342832      0.000170228199      2.600027765096
  258     -3.841556468246      0.007263151199      2.600550050580
  258      3.834841884581      5.399672239671      2.608502826545
  258     -3.828043351871      5.422186777847      2.589522504799
  258     -3.815054748098     -5.396743640978      2.572707451284
  258      3.823858520392     -5.405746437285      2.588441039597
  258      7.673787427967      0.003384582384      2.606149304219
  258      7.670344061923      5.386470625235      2.548269010397
  258      7.672698830975     -5.438472956461      2.596106373614
    8      1.876702893480      1.365039181803      2.509174702447
    8     -1.935734829567      1.369485827373      2.539329717264
    8     -1.921764317521     -1.360918524412      2.533391604912
    8      1.882009263527     -1.367500433734      2.518018665081
    8      1.896658114542      6.793434590020      2.536615355011
    8     -1.900824879099      6.797860966914      2.541290517245
    8     -1.903968467452     -6.783159576885      2.535827576273
    8      1.933354414394     -6.790874163236      2.559692088845
    8      1.917831476344     -4.061586498661      2.534535115122
    8     -1.911338561976     -4.050434744575      2.528662827983
    8     -1.907451771998      4.067204211873      2.507639039591
    8      1.909390028772      4.065472031997      2.527489450955
    8      5.753788231609      1.332281692027      2.559926385442
    8     -5.721718624922      1.366328545140      2.489679905611
    8     -5.745777005035     -1.365440428730      2.541672034156
    8      5.753189651670     -1.383038292868      2.562276159275
    8      5.866360775284      6.817192374582      2.660004368839
    8     -5.790254253834      6.826967010388      2.561978024812
    8     -5.720908171535     -6.742957584529      2.538254533509
    8      5.708284529592     -6.778883517606      2.559884121747
    8      5.757160141853     -4.069416924634      2.523368356275
    8     -5.757421618009     -4.050832224005      2.536894982051
    8     -5.751767649146      4.088965237745      2.547619144333
    8      5.735450861232      4.100481641521      2.498545001430
  258      1.911210426918      2.710290123707      0.649012126856
  258     -1.920170822034      2.711502805593      0.645088199625
  258     -1.917409102127     -2.701094784381      0.644861784685
  258      1.914209394208     -2.704462642156      0.646092689605
  258      1.924055700783      8.134189149044      0.656226709845
  258     -1.912152183001      8.138638219454      0.652289374718
  258      5.746161503925      2.698474130562      0.683633270201
  258     -5.747971500887      2.703170595160      0.651937986450
  258     -5.756637014725     -2.706760305616      0.651048192856
  258      5.754282963488     -2.709607524285      0.653877519020
  258      5.757037380641      8.133865368272      0.668968229286
  258     -5.750336935970      8.137716095641      0.660738041052
    8      0.004547083746      4.064068134980      0.678826708883
    8      0.001271166209     -4.057525330636      0.688213592822
    8      0.014850378691     -6.786033037700      0.700190802788
    8      0.000055088022      6.794059849667      0.682703263580
    8     -0.012197837761     -1.362091125811      0.677044905559
    8     -0.019459102902      1.366473075583      0.677918839653
    8      3.819696276040      4.053006448965      0.682922337170
    8     -3.842478631059      4.062654622803      0.690397532245
    8     -3.834791840024     -4.054977981693      0.686397302875
    8      3.832714063369     -4.062751682146      0.691623571986
    8      3.833548214958     -6.792766949077      0.692017030502
    8     -3.827359783516     -6.788915156024      0.688902070371
    8     -3.842397123217      6.790280523570      0.708058554414
    8      3.881693054355      6.784963797125      0.744216880383
    8      3.838758979454     -1.369264859128      0.692943620869
    8     -3.839742162235     -1.362108240451      0.690023012431
    8     -3.822141072621      1.365188791202      0.672956926540
    8      3.833883906072      1.360615613092      0.696840765959
    8      7.683675129137      4.048882302714      0.696615423958
    8      7.673939512354     -4.076906468885      0.695667516577
    8      7.665928525086     -6.802622974472      0.717766978008
    8      7.659427965623      6.768901980940      0.688929695796
    8      7.667360344331     -1.372892362159      0.694463203220
    8      7.664869008596      1.359738801987      0.693135281458
  258     -0.002384983991      0.003324404136     -1.139756964654
  258      0.001704686629      5.424284131256     -1.136096293251
  258      0.002831468197     -5.423471002133     -1.135590427357
  258      3.835332794096      0.001738405573     -1.132750930350
  258     -3.836565984918      0.000186061014     -1.136777033668
  258      3.842108236031      5.417989500785     -1.127319682088
  258     -3.837056423707      5.424682204971     -1.135129871864
  258     -3.834413299477     -5.423257955534     -1.138860877667
  258      3.837329042955     -5.425030181666     -1.134375378489
  258      7.668180188128      0.002441243332     -1.130932304221
  258      7.669867951992      5.416674041472     -1.142293275216
  258      7.671135612562     -5.423926643296     -1.132233302002
    8      1.918572375533      1.343240293261     -1.168510613988
    8     -1.918734236772      1.345397442793     -1.181095741259
    8     -1.922676790542     -1.343934779890     -1.173962796293
    8      1.919255429776     -1.343917430889     -1.167139271193
    8      1.939784491933      6.770342972898     -1.146858220640
    8     -1.923671187476      6.772704010055     -1.163553500219
    8     -1.911797932098     -6.768254816558     -1.163371814889
    8      1.918804131522     -6.772539567444     -1.164946864600
    8      1.919501434422     -4.082144645829     -1.167811336526
    8     -1.918399072221     -4.080965591342     -1.168140881672
    8     -1.921209363691      4.085988542711     -1.168725409452
    8      1.917034037885      4.084170722994     -1.176548521571
    8      5.749325680370      1.344674841704     -1.160706454932
    8     -5.756639073453      1.343424003198     -1.166321771538
    8     -5.758525067880     -1.345263381104     -1.165671055127
    8      5.753041040761     -1.346749756183     -1.165583517539
    8      5.750224358643      6.774761517481     -1.159287923685
    8     -5.754992484451      6.772723420412     -1.156394961241
    8     -5.758702009729     -6.771168617047     -1.154517732326
    8      5.760078774270     -6.776017954891     -1.148311844845
    8      5.754965977435     -4.083465704975     -1.163400644636
    8     -5.754364786427     -4.082023807793     -1.166127092798
    8     -5.754117798763      4.082744298617     -1.171055673551
    8      5.757836637846      4.079935314591     -1.152548103279
  258      1.918760626129      2.712549395263     -3.053316691746
  258     -1.918493305492      2.712912151114     -3.054314032924
  258     -1.917923706360     -2.711840257494     -3.054961750763
  258      1.918516482011     -2.711423369165     -3.054150445033
  258      1.920708537769      8.135684171101     -3.050510205845
  258     -1.916952449094      8.136867605633     -3.051988634033
  258      5.752781442784      2.710573680620     -3.044911333491
  258     -5.753864863012      2.710377268644     -3.053965134112
  258     -5.755036492853     -2.711117557281     -3.052614152103
  258      5.753757198026     -2.711335925416     -3.051941484642
  258      5.753646286928      8.136088538543     -3.047803049178
  258     -5.754314295360      8.136310337267     -3.050095045666
    8      0.000561531213     -1.319070784314     -3.046838786870
    8      0.001599974050      1.320523888807     -3.048337237847
    8     -0.001721993936      4.108782597166     -3.047313505452
    8      0.000794931865     -4.107073126017     -3.044623966544
    8      0.001052468007     -6.743213437301     -3.044456811187
    8      0.005138225782      6.745436486852     -3.038992152386
    8      3.836128396806     -1.319251424831     -3.044773080702
    8     -3.838286172315     -1.320682915688     -3.047056831030
    8     -3.838963177112      1.318989093608     -3.047653863081
    8      3.836883159242      1.318402888584     -3.044576232207
    8      3.840781654793      4.107683951239     -3.040385349706
    8     -3.836425185152      4.108906420008     -3.045482007349
    8     -3.836601762030     -4.108637810714     -3.045677008405
    8      3.836869369194     -4.108363502507     -3.044128179956
    8      3.839463522386     -6.744308532764     -3.040808741919
    8     -3.836970033076     -6.743782444429     -3.041140622581
    8     -3.838289538160      6.744563125406     -3.042875386982
    8      3.836436131555      6.741475041241     -3.042335724877
    8      7.670549150409     -1.319001504221     -3.044932920809
    8      7.669610157309      1.318136759389     -3.043142954353
    8      7.669081108650      4.105715988865     -3.044381709273
    8      7.670764092432     -4.109039835225     -3.042651731846
    8      7.671113307697     -6.743828403489     -3.040528265310
    8      7.672036963324      6.741308165681     -3.042037010942
  258      0.000000000000      0.000000000000     -4.794687825205
  258      0.000000000000      5.424570039800     -4.794687825205
  258      0.000000000000     -5.424570039800     -4.794687825205
  258      3.835750260160      0.000000000000     -4.794687825205
  258     -3.835750260160      0.000000000000     -4.794687825205
  258      3.835750260160      5.424570039800     -4.794687825205
  258     -3.835750260160      5.424570039800     -4.794687825205
  258     -3.835750260160     -5.424570039800     -4.794687825205
  258      3.835750260160     -5.424570039800     -4.794687825205
  258      7.671500520300      0.000000000000     -4.794687825205
  258      7.671500520300      5.424570039800     -4.794687825205
  258      7.671500520300     -5.424570039800     -4.794687825205
    8      1.917875130080      1.356142509950     -4.794687825205
    8     -1.917875130080      1.356142509950     -4.794687825205
    8     -1.917875130080     -1.356142509950     -4.794687825205
    8      1.917875130080     -1.356142509950     -4.794687825205
    8      1.917875130080      6.780712549750     -4.794687825205
    8     -1.917875130080      6.780712549750     -4.794687825205
    8     -1.917875130080     -6.780712549750     -4.794687825205
    8      1.917875130080     -6.780712549750     -4.794687825205
    8      1.917875130080     -4.068427529850     -4.794687825205
    8     -1.917875130080     -4.068427529850     -4.794687825205
    8     -1.917875130080      4.068427529850     -4.794687825205
    8      1.917875130080      4.068427529850     -4.794687825205
    8      5.753625390240      1.356142509950     -4.794687825205
    8     -5.753625390240      1.356142509950     -4.794687825205
    8     -5.753625390240     -1.356142509950     -4.794687825205
    8      5.753625390240     -1.356142509950     -4.794687825205
    8      5.753625390240      6.780712549750     -4.794687825205
    8     -5.753625390240      6.780712549750     -4.794687825205
    8     -5.753625390240     -6.780712549750     -4.794687825205
    8      5.753625390240     -6.780712549750     -4.794687825205
    8      5.753625390240     -4.068427529850     -4.794687825205
    8     -5.753625390240     -4.068427529850     -4.794687825205
    8     -5.753625390240      4.068427529850     -4.794687825205
    8      5.753625390240      4.068427529850     -4.794687825205
   14      8.328333408822      5.789944872456      6.054714510282
    8      7.014365417688      5.704386302768      7.018223652376
    8     -5.965077599434      6.991562475935      6.676834545971
    8      9.338386943274      4.461744047282      6.196252376806
    6      5.716365030609      5.374087250138      6.470812928185
    6     -4.657089649958      6.685622285536      7.209758981037
    6      9.618786519694      3.844232259308      7.465798389132
    6      4.630226643397      6.260194366051      7.063938978906
    6     -3.851618649212      7.961685413619      7.369719320716
    6      9.098937037869      2.413891932116      7.436343706387
    1      3.676589325617      5.972541315100      6.607484424836
    1     -2.825828153882      7.700332509944      7.672406348134
    1      8.942768317234      2.036823694130      8.457504548327
    1      4.586317637864    -10.128200291612      8.151906758861
    1     -4.273909243217     -7.654003068595      8.137534357916
    1      4.781756141658     -8.938174255969      6.859178095352
    1     -3.791487665878     -7.745684266741      6.433084203603
    1      5.501203014061      4.324610827134      6.715934389043
    1     -4.774178238261      6.193850735869      8.188441093426
    1      5.720540292671      5.470373929763      5.373363187060
    1     -4.145918390452      6.007042989476      6.517027486977
    1      8.137817445876      2.405420541695      6.903549429753
    1     -5.527183573406      1.721255096446      6.946518066680
    1     -4.635945733686      3.898385398718      7.610931392312
    1      9.130947922705      4.407557993205      8.269943273825
    8      5.945596547176      2.162486731218      6.477590043996
    6      6.129388712533      0.919400117789      7.077276239405
    6      5.457683487452     -0.165645182194      6.255232016072
    1      4.383549302536     -0.031676195381      6.162971143987
    1     -9.470185151497     -0.126114200508      5.238467765479
    1      5.726588045002      0.923235219115      8.114931260516
    1     -8.138371269231      0.671895291080      7.160061214898
    1      5.670332784581     -1.160256538643      6.686249551923
    0    0
