   2   1   1 E -4.5963146595277E+04 DE-1.5E-06(  7)
  0.153430010406E+02  0.000000000000E+00  0.000000000000E+00
  0.000000000000E+00  0.162737101194E+02  0.000000000000E+00
  0.000000000000E+00  0.000000000000E+00  0.500000000000E+03
    1
  0.100000000000E+01  0.000000000000E+00  0.000000000000E+00
  0.000000000000E+00  0.100000000000E+01  0.000000000000E+00
  0.000000000000E+00  0.000000000000E+00  0.100000000000E+01
  0.000000000000E+00  0.000000000000E+00  0.000000000000E+00
  249
  258      1.900888180602      2.710258575323      4.263960026916
  258     -1.924960941940      2.720267066173      4.263388475535
  258     -1.920753556807     -2.695433755874      4.263866237245
  258      1.899745179623     -2.703717880440      4.259744857858
  258      1.880792309386     -8.137189763434      4.268913629303
  258     -1.883764960645     -8.125461088894      4.264863691608
  258      5.732397890869      2.688919367160      4.350446796491
  258     -5.759310448875      2.731690990852      4.304902663288
  258     -5.748318791773     -2.719496179767      4.263146150671
  258      5.749437389492     -2.738187704620      4.264336177768
  258      5.640845475818     -8.084833924264      4.316375247754
  258     -5.635548021667     -8.075199172958      4.270275740452
    8     -0.018346804757      4.000418485702      4.363398496393
    8     -0.007105401574     -3.984810306118      4.368279789977
    8      0.000214701889     -6.857685090740      4.379470522718
    8      0.001970020061      6.880935016210      4.412328018757
    8     -0.015999477102     -1.439562899443      4.379857278816
    8     -0.022338394574      1.445368330645      4.377260628742
    8      3.775158201723      4.016177908393      4.377616461360
    8     -3.793915942552      4.016815554075      4.360567227005
    8     -3.833282515353     -3.974201078311      4.358317173571
    8      3.853263668345     -4.009642825763      4.362959648815
    8      3.864735826665     -6.861684384030      4.459546237690
    8     -3.787021198841     -6.817979866127      4.373803749005
    8     -3.812368048601      6.905382951106      4.340079630341
    8      3.797066131553      6.906295437441      4.303041791690
    8      3.759364960111     -1.490198285894      4.324546140440
    8     -3.837462064698     -1.435924019945      4.384399706751
    8     -3.841844827371      1.462409157867      4.389034249566
    8      3.723478097996      1.440774884098      4.301634581613
    8      7.597686567868      3.967513477339      4.271218119640
    8      7.653602044012     -4.087154085566      4.379507924408
    8      7.657839870896     -7.116017310104      4.309146769727
    8      8.056802955074      6.487035094120      4.654826326369
    8      7.699313289340     -1.518099906156      4.365955211937
    8      7.781470159708      1.414138770573      4.344844073968
  258     -0.012938361202      0.010011845881      2.590881038119
  258     -0.003490635675      5.416423207076      2.588684451021
  258     -0.000775461280     -5.408303741378      2.587129933228
  258      3.820888147008      0.000049953619      2.597082891701
  258     -3.845754051122      0.011703336830      2.603604065345
  258      3.831362554985      5.402118093396      2.607840648916
  258     -3.833249050058      5.424046386269      2.590721799267
  258     -3.813920617271     -5.392005132885      2.568158006545
  258      3.820839763346     -5.404924932972      2.587244451362
  258      7.674552386766      0.007902475431      2.617504095799
  258      7.669291805967      5.385706604575      2.550301247653
  258      7.669409440087     -5.437614922240      2.598564826515
    8      1.873056108112      1.366476244502      2.506985895250
    8     -1.928195673371      1.372706802255      2.533753787933
    8     -1.926453590088     -1.357789530768      2.535851888764
    8      1.884759834551     -1.365493801526      2.519719793856
    8      1.882915689596      6.796444634669      2.535666568503
    8     -1.899460363367      6.798324968857      2.540279723054
    8     -1.905010749496     -6.780905144421      2.529997348709
    8      1.934908549043     -6.788580782114      2.563613257925
    8      1.912500141902     -4.059597823689      2.531974115868
    8     -1.911614534276     -4.047305763146      2.528295515590
    8     -1.921570185669      4.069872701610      2.519901253398
    8      1.908139820316      4.066621006840      2.525182950637
    8      5.754539551978      1.331385218022      2.558255678057
    8     -5.732339234358      1.373068022826      2.515753146172
    8     -5.745916124192     -1.363550144517      2.539131262967
    8      5.749702475104     -1.382195480069      2.564714362394
    8      5.875281703112      6.816700285030      2.680565932490
    8     -5.774115298315      6.838248382970      2.536697812385
    8     -5.721773547337     -6.733581567217      2.534131063811
    8      5.699500895528     -6.780119795041      2.566591381019
    8      5.756706278146     -4.069352511294      2.524196374961
    8     -5.761035722197     -4.047971843508      2.537726426101
    8     -5.745408268381      4.087946542416      2.549209151742
    8      5.718019052020      4.104929105986      2.491131589431
  258      1.910638632422      2.711312310473      0.648911256209
  258     -1.921521190990      2.713532597472      0.645505118954
  258     -1.919620441217     -2.697214226013      0.644261608687
  258      1.912772942046     -2.703687014769      0.645415865470
  258      1.921451775575      8.135813233918      0.656874793438
  258     -1.913585556669      8.138587110240      0.649815243764
  258      5.745778299861      2.699914015083      0.680236600250
  258     -5.749114911137      2.704560160448      0.662125454453
  258     -5.759609917918     -2.705122003960      0.651782806842
  258      5.754631709269     -2.707408163523      0.653878709055
  258      5.757469188554      8.134720824007      0.675617541518
  258     -5.750764830533      8.138648435796      0.657071625843
    8     -0.005626492408      4.064881512470      0.685253676124
    8     -0.001208368973     -4.056115111240      0.686248811318
    8      0.016039868652     -6.785109367729      0.700111857087
    8     -0.001057122398      6.794093261716      0.679311554311
    8     -0.011345163572     -1.360945182386      0.679869022802
    8     -0.019476150730      1.367680427192      0.673982007514
    8      3.815714597192      4.055228779706      0.678507839200
    8     -3.840365236498      4.065327413381      0.688236591087
    8     -3.836276195407     -4.051435965065      0.686253917159
    8      3.832575915351     -4.059633395231      0.693873159693
    8      3.832264575837     -6.789885306638      0.691504755885
    8     -3.827497886755     -6.785621174386      0.684885100308
    8     -3.836120289485      6.792567060584      0.700705556066
    8      3.880630980226      6.787427105326      0.749956772216
    8      3.836568663609     -1.367300387572      0.690791416812
    8     -3.838467935848     -1.359702117336      0.688328855095
    8     -3.832182238229      1.366424432346      0.681937406103
    8      3.832551343758      1.363091761405      0.696108539970
    8      7.681871169106      4.047847786916      0.697727560828
    8      7.671664778839     -4.076233918376      0.696475625923
    8      7.659936488385     -6.800597843598      0.723475414702
    8      7.654335527229      6.770361132394      0.686844828529
    8      7.664990539278     -1.370132551980      0.698827193557
    8      7.668947747248      1.359939782440      0.698768048757
  258     -0.003343950832      0.004632214238     -1.140181558252
  258      0.000496510691      5.424789691813     -1.136580343905
  258      0.001342994055     -5.422535920373     -1.136402686679
  258      3.834831820474      0.002260545340     -1.133603104492
  258     -3.839234259985      0.002485123217     -1.135898483695
  258      3.841085086865      5.420170564987     -1.126748878770
  258     -3.838405366468      5.424517457640     -1.135028136900
  258     -3.835647341804     -5.421695273339     -1.140111001118
  258      3.837055626047     -5.424378445497     -1.134109560192
  258      7.668190763083      0.004131982743     -1.127851594648
  258      7.669658842527      5.417104659946     -1.142044318306
  258      7.669525307697     -5.424302835144     -1.131380887076
    8      1.917981515625      1.344259405726     -1.169456008560
    8     -1.924039874834      1.346680332808     -1.177074310470
    8     -1.921954619110     -1.341451297989     -1.173639574181
    8      1.917338892203     -1.343064999214     -1.168677597953
    8      1.940884818805      6.772003831680     -1.146977176447
    8     -1.923356715729      6.772706205508     -1.166656384729
    8     -1.910771819861     -6.766577341944     -1.165503011465
    8      1.918877474581     -6.771497579442     -1.164032876475
    8      1.919353496024     -4.081599576209     -1.167926469322
    8     -1.919223948434     -4.079005356342     -1.167994904600
    8     -1.920067612612      4.085421830240     -1.171232433464
    8      1.912075865731      4.085506802891     -1.174916218877
    8      5.750656712040      1.345034172466     -1.158670398718
    8     -5.756991420681      1.345962736469     -1.164613105360
    8     -5.759839180575     -1.343833780582     -1.164821361737
    8      5.753404517478     -1.345297511975     -1.164669415314
    8      5.747121514432      6.774991683539     -1.155446676608
    8     -5.756010377006      6.773495713538     -1.159269026306
    8     -5.762682885898     -6.768197464931     -1.155855098584
    8      5.759707736017     -6.776433337733     -1.145643266102
    8      5.754119660218     -4.081966215002     -1.163018806514
    8     -5.756657265077     -4.080384585569     -1.165697836894
    8     -5.756427499248      4.082445730834     -1.166714688494
    8      5.756498978442      4.079696417244     -1.154842623067
  258      1.918488295856      2.713202151102     -3.053296471243
  258     -1.919284015876      2.713078334834     -3.054728657029
  258     -1.918420178805     -2.711034881199     -3.054935028869
  258      1.918424431110     -2.711400813061     -3.054190492273
  258      1.920423689993      8.136279059270     -3.050347286342
  258     -1.917307424740      8.136837870211     -3.052606989724
  258      5.752528349754      2.710983672189     -3.046360073828
  258     -5.754162565081      2.711063714477     -3.050051639431
  258     -5.755860968194     -2.710488456582     -3.052297590971
  258      5.753800185174     -2.711093397194     -3.052176704271
  258      5.753186109464      8.136095762685     -3.045906018659
  258     -5.754869261783      8.136335425535     -3.051110608320
    8     -0.000081341843     -1.318990525820     -3.047133887198
    8      0.000331678369      1.320762637535     -3.047574775152
    8     -0.001488935086      4.109009654174     -3.048141703977
    8      0.000287481689     -4.106775052002     -3.045010060804
    8      0.002056904882     -6.743232523210     -3.045112436171
    8      0.005608733995      6.745767032931     -3.038823264586
    8      3.836445379395     -1.318687662146     -3.044469458628
    8     -3.838714354743     -1.319748152969     -3.046141219330
    8     -3.839400774358      1.319379637435     -3.047449341646
    8      3.837127283135      1.318506891750     -3.044105562563
    8      3.839173390678      4.107833789577     -3.039803483631
    8     -3.837860889345      4.108557865898     -3.045079020073
    8     -3.836892416971     -4.107663913232     -3.045045887686
    8      3.836972883741     -4.107677521589     -3.044111222708
    8      3.839457288536     -6.743430522048     -3.040087499234
    8     -3.837874914595     -6.743084229116     -3.040634166392
    8     -3.838330596306      6.744996207425     -3.044487688682
    8      3.837055008102      6.741960955984     -3.042769561247
    8      7.670294991406     -1.318379497639     -3.044202307573
    8      7.669295782613      1.318590706438     -3.042131875910
    8      7.669397024123      4.106258025968     -3.044282015280
    8      7.670385574297     -4.108705214477     -3.042480171394
    8      7.669576248181     -6.743366522025     -3.040652667558
    8      7.669655227201      6.741962166375     -3.041246850306
  258      0.000000000000      0.000000000000     -4.794687825205
  258      0.000000000000      5.424570039800     -4.794687825205
  258      0.000000000000     -5.424570039800     -4.794687825205
  258      3.835750260160      0.000000000000     -4.794687825205
  258     -3.835750260160      0.000000000000     -4.794687825205
  258      3.835750260160      5.424570039800     -4.794687825205
  258     -3.835750260160      5.424570039800     -4.794687825205
  258     -3.835750260160     -5.424570039800     -4.794687825205
  258      3.835750260160     -5.424570039800     -4.794687825205
  258      7.671500520300      0.000000000000     -4.794687825205
  258      7.671500520300      5.424570039800     -4.794687825205
  258      7.671500520300     -5.424570039800     -4.794687825205
    8      1.917875130080      1.356142509950     -4.794687825205
    8     -1.917875130080      1.356142509950     -4.794687825205
    8     -1.917875130080     -1.356142509950     -4.794687825205
    8      1.917875130080     -1.356142509950     -4.794687825205
    8      1.917875130080      6.780712549750     -4.794687825205
    8     -1.917875130080      6.780712549750     -4.794687825205
    8     -1.917875130080     -6.780712549750     -4.794687825205
    8      1.917875130080     -6.780712549750     -4.794687825205
    8      1.917875130080     -4.068427529850     -4.794687825205
    8     -1.917875130080     -4.068427529850     -4.794687825205
    8     -1.917875130080      4.068427529850     -4.794687825205
    8      1.917875130080      4.068427529850     -4.794687825205
    8      5.753625390240      1.356142509950     -4.794687825205
    8     -5.753625390240      1.356142509950     -4.794687825205
    8     -5.753625390240     -1.356142509950     -4.794687825205
    8      5.753625390240     -1.356142509950     -4.794687825205
    8      5.753625390240      6.780712549750     -4.794687825205
    8     -5.753625390240      6.780712549750     -4.794687825205
    8     -5.753625390240     -6.780712549750     -4.794687825205
    8      5.753625390240     -6.780712549750     -4.794687825205
    8      5.753625390240     -4.068427529850     -4.794687825205
    8     -5.753625390240     -4.068427529850     -4.794687825205
    8     -5.753625390240      4.068427529850     -4.794687825205
    8      5.753625390240      4.068427529850     -4.794687825205
   14      8.331178675141      5.865329232855      6.104009291118
    8      6.950889021246      5.903423997606      6.979008392760
    8     -5.956933212132      7.036242012645      6.741040528459
    8      9.231271496385      4.469459155148      6.273427663522
    6      5.720901934281      5.382590814819      6.417672622766
    6     -4.625434752408      6.698154417721      7.195766131209
    6      9.475977054314      3.913017110197      7.575832992679
    6      4.520854732271      6.114574522146      6.988416727150
    6     -3.794508981113      7.962652549880      7.333654213215
    6      8.823223315677      2.550597572001      7.637133772619
    1      3.634424558181      5.712671235452      6.496685056994
    1     -2.748405903813      7.683822649014      7.542004829021
    1      8.842731194772      2.129026926093      8.647952420578
    1      4.458314767198    -10.295273614262      8.075259558194
    1     -4.144643545360     -7.676005054638      8.155932600841
    1      4.542711911453     -9.077069627287      6.789539584138
    1     -3.804912399298     -7.709901255178      6.421834533336
    1      5.653144509495      4.320314897826      6.678630038072
    1     -4.700242671082      6.192467642268      8.168759115981
    1      5.731098143398      5.469880204800      5.316828935404
    1     -4.165476463257      6.023118561907      6.466494478366
    1      7.796393316591      2.642941866592      7.297047532382
    1     -6.013221208335      1.828700998356      6.985806320899
    1     -4.778175973913      3.882058053206      7.712384127506
    1      9.054949629191      4.571018155121      8.344860489471
    8      5.880943724455      2.163058528844      6.479099311669
    6      6.178242692909      0.892880193299      6.990438296513
    6      5.403528348810     -0.177953720355      6.235335772749
    1      4.326340978704     -0.016786662895      6.241506976580
    1     -9.627630338007     -0.145433145802      5.185646276523
    1      5.943939730377      0.849220854182      8.074985728682
    1     -8.087440848121      0.663682181114      6.874214227747
    1      5.631649985778     -1.181717993651      6.644415124127
    0    0
