   2   1   1 E -4.5963148074356E+04 DE-3.7E-06(  7)
  0.153430010406E+02  0.000000000000E+00  0.000000000000E+00
  0.000000000000E+00  0.162737101194E+02  0.000000000000E+00
  0.000000000000E+00  0.000000000000E+00  0.500000000000E+03
    1
  0.100000000000E+01  0.000000000000E+00  0.000000000000E+00
  0.000000000000E+00  0.100000000000E+01  0.000000000000E+00
  0.000000000000E+00  0.000000000000E+00  0.100000000000E+01
  0.000000000000E+00  0.000000000000E+00  0.000000000000E+00
  249
  258      1.902144165989      2.710763436469      4.264789389991
  258     -1.923765303585      2.721438950359      4.263910231473
  258     -1.919326484002     -2.697008073227      4.264509072616
  258      1.900870185729     -2.702824070316      4.260486296580
  258      1.884834699565     -8.137577563408      4.269354412474
  258     -1.884309043014     -8.125215390256      4.268233649559
  258      5.737051376101      2.689407972348      4.356231822378
  258     -5.756641081614      2.724029831732      4.292649045654
  258     -5.748143463679     -2.719677077904      4.264243282326
  258      5.752603789521     -2.737732794138      4.266963853924
  258      5.647033087886     -8.086350663104      4.310400788218
  258     -5.640564205882     -8.080864514220      4.276711426826
    8     -0.019253537018      4.000554665188      4.365108552201
    8     -0.006220048401     -3.985578373114      4.367962350516
    8      0.001961419355     -6.859115774892      4.380802521728
    8      0.003626659230      6.880769548035      4.407729651978
    8     -0.015036168019     -1.440288661801      4.382152288745
    8     -0.019259042516      1.444821734349      4.377452472043
    8      3.780667859347      4.014367125074      4.376270035529
    8     -3.773897877432      4.010891315664      4.352645577403
    8     -3.833515462929     -3.977996469190      4.360665661609
    8      3.858097655296     -4.008690021981      4.366369716761
    8      3.862266230484     -6.864162669364      4.452649231586
    8     -3.790302499733     -6.823520701890      4.377132540691
    8     -3.812043644445      6.899459632907      4.341210667180
    8      3.803873829135      6.901301935807      4.312370123664
    8      3.755574969899     -1.487716142083      4.321822888449
    8     -3.834471001305     -1.439988408427      4.381832661484
    8     -3.854654563180      1.456675802376      4.396647055104
    8      3.726516050140      1.443237886286      4.304061383996
    8      7.600465295279      3.980795574521      4.297143329019
    8      7.653724779787     -4.083205386782      4.378014692261
    8      7.658428397441     -7.105374480155      4.312203042485
    8      8.010218344776      6.504787298980      4.669377604480
    8      7.697039765716     -1.517166154908      4.369767901165
    8      7.787539730156      1.413980769596      4.328422443393
  258     -0.011368297680      0.009974116513      2.592249754041
  258     -0.002372681912      5.417340912286      2.589053894431
  258      0.000221747981     -5.409650760094      2.588583890237
  258      3.823577296581      0.000705156887      2.599134126407
  258     -3.843309080534      0.008870459505      2.603381893807
  258      3.833646942064      5.401096045389      2.609034601963
  258     -3.829709516562      5.423579696579      2.590465921847
  258     -3.815117161882     -5.394467340036      2.571895812039
  258      3.821645323061     -5.403530994862      2.588375136871
  258      7.673286969142      0.005209052277      2.613409753389
  258      7.669850298663      5.385329079299      2.552437565202
  258      7.670875609821     -5.438472087771      2.598574934913
    8      1.874765063782      1.366084595439      2.508572979462
    8     -1.931579208536      1.371441197708      2.537258899164
    8     -1.924255727066     -1.359153647091      2.535770597005
    8      1.882003444001     -1.365413935351      2.518576103063
    8      1.889311069574      6.795618873546      2.536618627382
    8     -1.900132203834      6.798619174095      2.541453380902
    8     -1.905040693464     -6.781375543304      2.533448253032
    8      1.934352152376     -6.788990159146      2.562048086529
    8      1.915007139417     -4.059884690782      2.533873093753
    8     -1.911520562330     -4.048729999669      2.529269429056
    8     -1.914140834974      4.068761483631      2.514133315554
    8      1.909716235102      4.066210482560      2.527720645933
    8      5.756261943635      1.331928603468      2.560928951580
    8     -5.725999157731      1.370056206490      2.501478386152
    8     -5.747189082222     -1.365080310991      2.542149206236
    8      5.751449517974     -1.382473478228      2.565455145553
    8      5.872187503850      6.817360899146      2.673042557375
    8     -5.782433533333      6.832591656460      2.549962506741
    8     -5.722805555690     -6.738768208616      2.537532396985
    8      5.704368696173     -6.777832435978      2.563812665461
    8      5.757428362567     -4.068409898796      2.524767087552
    8     -5.759816434283     -4.049673599299      2.538145527154
    8     -5.747995372633      4.090598040738      2.549027601937
    8      5.726767597753      4.102150587978      2.496182092685
  258      1.910767701384      2.710725841933      0.649532147523
  258     -1.921095034419      2.712522441846      0.646404742239
  258     -1.918854353606     -2.698847483072      0.645248524921
  258      1.913443522244     -2.703724033962      0.646385419005
  258      1.922804350222      8.135289393579      0.657196197157
  258     -1.913070447275      8.138943708256      0.651624831353
  258      5.746150878246      2.699225142445      0.683754499282
  258     -5.748233346737      2.704227843163      0.655810386034
  258     -5.758548998923     -2.705420646395      0.652203603971
  258      5.754681131756     -2.708047273775      0.654763679388
  258      5.757746014079      8.134811235017      0.673386644828
  258     -5.751249911676      8.138125239579      0.658960400499
    8     -0.000392026158      4.064711666901      0.682693855967
    8     -0.000088937709     -4.056459937908      0.687191554700
    8      0.015757503139     -6.785164311001      0.700621065896
    8     -0.000916637850      6.794444011597      0.681670494605
    8     -0.012797978603     -1.361140984561      0.678582135487
    8     -0.019054745647      1.367736784080      0.675938034855
    8      3.817291454731      4.054194929585      0.680883551274
    8     -3.841648290472      4.063865397450      0.689976325099
    8     -3.835927954025     -4.053358739879      0.688113324728
    8      3.832659032989     -4.060248986238      0.693852898591
    8      3.832668070578     -6.790629628853      0.691571280350
    8     -3.828546335678     -6.787120749328      0.688445453792
    8     -3.838408123822      6.791527113318      0.703388883930
    8      3.881974225834      6.787385208320      0.748756027979
    8      3.838344149266     -1.367945592708      0.693115685342
    8     -3.839511526810     -1.360458803047      0.689639950293
    8     -3.826779468820      1.366433122892      0.678194701716
    8      3.833655122194      1.361121619838      0.697066253311
    8      7.683741788359      4.048256150257      0.698561177961
    8      7.673329536962     -4.076829016101      0.697003998142
    8      7.663340575423     -6.802013265124      0.720944855382
    8      7.656756517487      6.769474400163      0.689280878085
    8      7.665418177801     -1.371495901153      0.696962422964
    8      7.666421009693      1.359407240082      0.695858656656
  258     -0.003054320627      0.004155159557     -1.139495769537
  258      0.001230815922      5.424639556040     -1.135930956830
  258      0.001979699208     -5.422737502860     -1.135651208387
  258      3.834918558727      0.001987289223     -1.133175881369
  258     -3.837839332142      0.001566718928     -1.135975556470
  258      3.842058635667      5.419158354728     -1.126516547571
  258     -3.837591569432      5.424677998617     -1.134978287553
  258     -3.835136946454     -5.422348615922     -1.138699963872
  258      3.837272300296     -5.424671579017     -1.133844799747
  258      7.667923178887      0.003670071017     -1.128649617651
  258      7.669360053942      5.417236186344     -1.140930756481
  258      7.670358969738     -5.423658357474     -1.131186489476
    8      1.918620334474      1.343667140327     -1.168736022806
    8     -1.922046141060      1.345687171148     -1.178346951929
    8     -1.922351568285     -1.342562468216     -1.173255038575
    8      1.918274715755     -1.343559627386     -1.167299444624
    8      1.940577134913      6.771108663304     -1.146453049315
    8     -1.922761725237      6.772957572160     -1.165182792623
    8     -1.911642959665     -6.767085784718     -1.163721203764
    8      1.918740799566     -6.771889152283     -1.164746509939
    8      1.919891653429     -4.081785573786     -1.167272683093
    8     -1.919615177493     -4.079750264222     -1.167580658429
    8     -1.920546789585      4.085894902549     -1.169841525398
    8      1.914272049612      4.084737291242     -1.175458852670
    8      5.749873686928      1.345202538596     -1.159252495374
    8     -5.756777707435      1.345415481003     -1.166035443101
    8     -5.759713405382     -1.344079225384     -1.164400850827
    8      5.753051577697     -1.346164997698     -1.165381416552
    8      5.748509558295      6.775321973606     -1.156754182774
    8     -5.756055016624      6.773406663786     -1.157224040972
    8     -5.760508959511     -6.769438921047     -1.154677715734
    8      5.760235145767     -6.776313689931     -1.146252522692
    8      5.754359218289     -4.082866321817     -1.162632710197
    8     -5.755341893932     -4.080793678439     -1.165539100665
    8     -5.755422757810      4.083099506620     -1.169332895775
    8      5.757430431835      4.080187838890     -1.151764901830
  258      1.918648427814      2.713133873183     -3.052954937930
  258     -1.918872749214      2.713065578061     -3.054495406773
  258     -1.918314786501     -2.711360706263     -3.054597799781
  258      1.918305115676     -2.711384172592     -3.053979668835
  258      1.920645554352      8.136078661382     -3.050312767203
  258     -1.917140438938      8.136961814939     -3.052068784587
  258      5.752540506165      2.710967305726     -3.044896258100
  258     -5.754336446986      2.710771976151     -3.052239930591
  258     -5.755582305975     -2.710564455862     -3.052283924414
  258      5.753865160935     -2.711176674369     -3.051751435219
  258      5.753414651674      8.136270372026     -3.046496640751
  258     -5.754534507197      8.136591434439     -3.050518804961
    8      0.000094290285     -1.319016303046     -3.046942450839
    8      0.000674132586      1.320643737579     -3.047396861141
    8     -0.001545317958      4.108821274283     -3.047806722671
    8      0.000524923463     -4.106748647819     -3.044305140077
    8      0.001309427399     -6.743025153615     -3.044641202637
    8      0.005440086261      6.745633706853     -3.038793199473
    8      3.836008743718     -1.318828663499     -3.044422556953
    8     -3.838626901787     -1.320426499756     -3.045926539472
    8     -3.839088599873      1.319025020622     -3.047774436205
    8      3.837149200951      1.318724719268     -3.043997164281
    8      3.840122185335      4.108048156396     -3.039414154254
    8     -3.837182977054      4.108969885143     -3.045224093428
    8     -3.836825934912     -4.108038593333     -3.045128346866
    8      3.836663944845     -4.108018592083     -3.044187253916
    8      3.839680465278     -6.743878898687     -3.040263885774
    8     -3.837609164029     -6.743140358798     -3.040492908087
    8     -3.838277158464      6.745180292378     -3.043296951884
    8      3.836806471952      6.741620024658     -3.042295765408
    8      7.670426919706     -1.318472927925     -3.044662564104
    8      7.668935706613      1.318648467166     -3.042543475168
    8      7.668505398337      4.106093560132     -3.043927308515
    8      7.670424498591     -4.108803972300     -3.042069770227
    8      7.670511259770     -6.743268699997     -3.040418048400
    8      7.670564084889      6.741844774144     -3.041319214949
  258      0.000000000000      0.000000000000     -4.794687825205
  258      0.000000000000      5.424570039800     -4.794687825205
  258      0.000000000000     -5.424570039800     -4.794687825205
  258      3.835750260160      0.000000000000     -4.794687825205
  258     -3.835750260160      0.000000000000     -4.794687825205
  258      3.835750260160      5.424570039800     -4.794687825205
  258     -3.835750260160      5.424570039800     -4.794687825205
  258     -3.835750260160     -5.424570039800     -4.794687825205
  258      3.835750260160     -5.424570039800     -4.794687825205
  258      7.671500520300      0.000000000000     -4.794687825205
  258      7.671500520300      5.424570039800     -4.794687825205
  258      7.671500520300     -5.424570039800     -4.794687825205
    8      1.917875130080      1.356142509950     -4.794687825205
    8     -1.917875130080      1.356142509950     -4.794687825205
    8     -1.917875130080     -1.356142509950     -4.794687825205
    8      1.917875130080     -1.356142509950     -4.794687825205
    8      1.917875130080      6.780712549750     -4.794687825205
    8     -1.917875130080      6.780712549750     -4.794687825205
    8     -1.917875130080     -6.780712549750     -4.794687825205
    8      1.917875130080     -6.780712549750     -4.794687825205
    8      1.917875130080     -4.068427529850     -4.794687825205
    8     -1.917875130080     -4.068427529850     -4.794687825205
    8     -1.917875130080      4.068427529850     -4.794687825205
    8      1.917875130080      4.068427529850     -4.794687825205
    8      5.753625390240      1.356142509950     -4.794687825205
    8     -5.753625390240      1.356142509950     -4.794687825205
    8     -5.753625390240     -1.356142509950     -4.794687825205
    8      5.753625390240     -1.356142509950     -4.794687825205
    8      5.753625390240      6.780712549750     -4.794687825205
    8     -5.753625390240      6.780712549750     -4.794687825205
    8     -5.753625390240     -6.780712549750     -4.794687825205
    8      5.753625390240     -6.780712549750     -4.794687825205
    8      5.753625390240     -4.068427529850     -4.794687825205
    8     -5.753625390240     -4.068427529850     -4.794687825205
    8     -5.753625390240      4.068427529850     -4.794687825205
    8      5.753625390240      4.068427529850     -4.794687825205
   14      8.331890670682      5.830954693156      6.088908229516
    8      6.977909154351      5.804843511673      7.005066835220
    8     -5.959652774261      7.016119754357      6.719518354968
    8      9.280149323947      4.461793963558      6.235796744446
    6      5.720173776844      5.374840727780      6.440288174568
    6     -4.632134965105      6.695137196544      7.201939360465
    6      9.557679680235      3.860415957431      7.513780099172
    6      4.568741794787      6.170902329381      7.019311499484
    6     -3.817170861683      7.968833813290      7.345266685825
    6      8.957909050805      2.463543294940      7.520338404238
    1      3.650162031132      5.818150054515      6.541934601445
    1     -2.779768746967      7.703810966966      7.585810555386
    1      8.899576278304      2.063010631624      8.538969813935
    1      4.517118358992    -10.233343248154      8.107136518387
    1     -4.193297128491     -7.665103828221      8.145085974407
    1      4.644615039639     -9.020905910634      6.819680278019
    1     -3.807980850627     -7.716758473354      6.425187731750
    1      5.583599153189      4.320615994921      6.690026723106
    1     -4.717764203451      6.195484132480      8.178048396887
    1      5.732815975930      5.469999013179      5.342605951867
    1     -4.152726643979      6.020460625885      6.483910929560
    1      7.952799790153      2.519810318389      7.087409863541
    1     -5.775149841379      1.751904627973      6.939611076418
    1     -4.695207283601      3.860888637464      7.645936357310
    1      9.120747861870      4.468128989631      8.318370206662
    8      5.912297794872      2.152841519394      6.478542060043
    6      6.138383907305      0.888715566222      7.030627092761
    6      5.399879221043     -0.176085048407      6.234527320435
    1      4.325299873939     -0.011954219533      6.187635631826
    1     -9.579914368928     -0.140411008549      5.201385617627
    1      5.820524687417      0.867555096843      8.095332679057
    1     -8.126147664700      0.632064545418      7.012746326383
    1      5.603267629580     -1.182869023485      6.649035755256
    0    0
