   2   1   1 E -4.5963139210462E+04 DE-1.1E-05(  9)
  0.153430010406E+02  0.000000000000E+00  0.000000000000E+00
  0.000000000000E+00  0.162737101194E+02  0.000000000000E+00
  0.000000000000E+00  0.000000000000E+00  0.500000000000E+03
    1
  0.100000000000E+01  0.000000000000E+00  0.000000000000E+00
  0.000000000000E+00  0.100000000000E+01  0.000000000000E+00
  0.000000000000E+00  0.000000000000E+00  0.100000000000E+01
  0.000000000000E+00  0.000000000000E+00  0.000000000000E+00
  249
  258      1.893766679131      2.708679730886      4.263251011478
  258     -1.934230624888      2.722873449084      4.266878927236
  258     -1.923695229020     -2.693338367532      4.263815680563
  258      1.896186946699     -2.704141979276      4.259872705483
  258      1.876595101133     -8.137443264183      4.268106117638
  258     -1.887189774820     -8.125830569458      4.261067146922
  258      5.720864822666      2.690865805689      4.345144981931
  258     -5.774400343841      2.741785457761      4.329232663700
  258     -5.750041037240     -2.715458735006      4.264590291204
  258      5.744046704217     -2.737310163601      4.264692637952
  258      5.639353159895     -8.085716853151      4.321253289061
  258     -5.635800743227     -8.066941960585      4.266997772809
    8     -0.024327295606      4.000302594684      4.361947672330
    8     -0.010679494496     -3.983359888959      4.366875506467
    8     -0.003055585821     -6.857729890131      4.376045581997
    8     -0.002846925429      6.881301287976      4.413908215371
    8     -0.018520155542     -1.438134185317      4.380040533402
    8     -0.032376932143      1.447396446963      4.377973091595
    8      3.764079876326      4.014348621004      4.370779792210
    8     -3.823600036306      4.030456574170      4.378590957905
    8     -3.834940619568     -3.968459991182      4.357305991388
    8      3.847106319936     -4.009625088589      4.362417482850
    8      3.864625536890     -6.862079924657      4.465321179895
    8     -3.790782338670     -6.810581493781      4.369245056320
    8     -3.816688395465      6.912945075559      4.337372683786
    8      3.790499394662      6.911503938956      4.292127411038
    8      3.760661645431     -1.490308483835      4.330219770176
    8     -3.841363165208     -1.430505895280      4.387473723547
    8     -3.841056751715      1.472200982660      4.394692917148
    8      3.715106057878      1.436318499053      4.300440603135
    8      7.590216291548      3.960912993252      4.257531717467
    8      7.650321593202     -4.086694601302      4.381254719647
    8      7.654903352913     -7.117544749860      4.299375474411
    8      8.071695266319      6.491419123991      4.638695830543
    8      7.699165341860     -1.515707372156      4.364566616049
    8      7.759156773956      1.417707280843      4.363321444116
  258     -0.018296132213      0.012097586696      2.592260930754
  258     -0.008872802519      5.416509454542      2.589142420720
  258     -0.003027961889     -5.407454244415      2.585882191852
  258      3.815067475586     -0.000686739048      2.598960191313
  258     -3.851654503150      0.018452051723      2.608897806201
  258      3.824319069878      5.402846851309      2.605761612885
  258     -3.841780287780      5.425321450360      2.594829108138
  258     -3.814841244407     -5.389020534797      2.565073298494
  258      3.817965615734     -5.407105273616      2.587403138251
  258      7.670580057534      0.012025167884      2.623421049102
  258      7.666332063724      5.391144564193      2.548318916983
  258      7.666416559720     -5.433620388300      2.596725463335
    8      1.865616729560      1.367013061876      2.507344136537
    8     -1.934481964456      1.376456656228      2.535567219902
    8     -1.930832236095     -1.354190393963      2.537464548704
    8      1.883762551427     -1.365644265988      2.522217746648
    8      1.874817614645      6.795946420078      2.534310361636
    8     -1.901335111332      6.798964960818      2.538193832630
    8     -1.909192284228     -6.780684137034      2.528632108034
    8      1.932654473985     -6.789151087070      2.563990021697
    8      1.909484243822     -4.059598227263      2.531371239468
    8     -1.913951297280     -4.044638204249      2.526651023580
    8     -1.935071203386      4.070891702544      2.527852544781
    8      1.901414389221      4.066981515447      2.523671077788
    8      5.748132193637      1.331216291639      2.557469484532
    8     -5.743425864284      1.379624589228      2.535497109821
    8     -5.746362522516     -1.356901174642      2.542077250925
    8      5.745421995716     -1.380431822865      2.565399184094
    8      5.873905808827      6.820749824104      2.679193242732
    8     -5.777787183982      6.842915913924      2.534357449698
    8     -5.721587504509     -6.729894661201      2.531030003742
    8      5.694304862261     -6.780839591962      2.569753763005
    8      5.752202287184     -4.068231877928      2.523556813770
    8     -5.763323114550     -4.044013232246      2.537115763206
    8     -5.748743668334      4.086509756586      2.551750863404
    8      5.708821212635      4.109537983530      2.489580794795
  258      1.905957175602      2.712211713444      0.649218921347
  258     -1.927008863300      2.714974565802      0.648114659813
  258     -1.921739780145     -2.695063130376      0.644342748888
  258      1.910238667877     -2.702770342849      0.645458257945
  258      1.918509828969      8.136140055955      0.656713301229
  258     -1.916619051788      8.138750174928      0.649391415233
  258      5.742341532287      2.701257419319      0.676692234266
  258     -5.754362332161      2.706092172597      0.669678924359
  258     -5.761636702372     -2.702588441799      0.653224479632
  258      5.751539981184     -2.706290985606      0.653669363715
  258      5.755023940948      8.135272440680      0.675667342306
  258     -5.751639634058      8.140417984598      0.656579271147
    8     -0.012567150314      4.065581482092      0.687774630453
    8     -0.003021030278     -4.055009562171      0.686393330727
    8      0.013035415197     -6.784710748962      0.699309404832
    8     -0.003803036368      6.794118131981      0.676818322928
    8     -0.013173431232     -1.359331822765      0.681524583153
    8     -0.024072191701      1.368462535771      0.674639341453
    8      3.812156552387      4.055640884705      0.676311828482
    8     -3.843297548828      4.066698292819      0.689601191259
    8     -3.837546319211     -4.048503881372      0.684389898755
    8      3.829335656653     -4.060393634095      0.693113521529
    8      3.830556154579     -6.790321738836      0.692607021047
    8     -3.827985683458     -6.783974790457      0.681741565946
    8     -3.841080338090      6.793367441344      0.704256120060
    8      3.876608281554      6.786913265450      0.749275282235
    8      3.832750344786     -1.366670090473      0.690357671141
    8     -3.840789166665     -1.356910510377      0.690289807448
    8     -3.839261269768      1.368452668474      0.688813058101
    8      3.828079038980      1.365150553154      0.696629965360
    8      7.675117362593      4.049079716478      0.697820299431
    8      7.668707219444     -4.072901515676      0.696451425224
    8      7.657237818232     -6.796407061219      0.722929965844
    8      7.652976963938      6.773767451981      0.684428856672
    8      7.663179848808     -1.366901898005      0.702027447618
    8      7.667200612393      1.362566681017      0.703040269632
  258     -0.005752082385      0.005553238742     -1.139242613524
  258     -0.002503085721      5.425224951632     -1.136149706154
  258     -0.000248369333     -5.422163088897     -1.136836655640
  258      3.833163142055      0.003362188517     -1.132286102965
  258     -3.841982544440      0.003610639191     -1.132898514291
  258      3.838089291585      5.420852480511     -1.127660944732
  258     -3.841046603696      5.425159705524     -1.133245530069
  258     -3.836920675032     -5.420372339585     -1.140954641533
  258      3.835278999210     -5.424112276950     -1.134275513262
  258      7.666431045717      0.005422105228     -1.126280261684
  258      7.667421683573      5.417517784702     -1.141958681707
  258      7.667908904922     -5.422867626822     -1.132224633442
    8      1.914974997446      1.345454248739     -1.169118530089
    8     -1.927380459519      1.348129864297     -1.174914821930
    8     -1.923812290797     -1.339850239409     -1.172802083952
    8      1.915654958927     -1.341573824949     -1.168310830257
    8      1.938858476968      6.772631807397     -1.147520156250
    8     -1.926916307813      6.772794926958     -1.166088912630
    8     -1.911842037656     -6.766290954340     -1.166426230727
    8      1.917287211218     -6.771161611735     -1.163200963756
    8      1.916990497984     -4.080723550533     -1.168659827250
    8     -1.919807966224     -4.077743726806     -1.168200849270
    8     -1.922815898757      4.085513549493     -1.169701437413
    8      1.908485031846      4.086218836395     -1.173807568704
    8      5.749306730082      1.346031110369     -1.157980020683
    8     -5.759566462496      1.345780429011     -1.160511174220
    8     -5.760958649606     -1.342052816826     -1.162660716623
    8      5.751517938397     -1.343646292824     -1.162572561848
    8      5.745010827498      6.775507508987     -1.155179594383
    8     -5.756732598411      6.774034432774     -1.159224197495
    8     -5.764666392175     -6.767054728818     -1.156474348921
    8      5.757518393991     -6.775649852573     -1.145919847541
    8      5.752942529472     -4.080206270783     -1.163504870712
    8     -5.758473220260     -4.078506097736     -1.165739400700
    8     -5.759203386848      4.083030215378     -1.163340018969
    8      5.753511727495      4.079708154642     -1.157818478439
  258      1.916754884988      2.713487404717     -3.053162844493
  258     -1.921105020711      2.713408741887     -3.053378828437
  258     -1.919380978668     -2.710181303074     -3.054930341054
  258      1.917741126732     -2.710737134801     -3.054096816583
  258      1.919146485178      8.136501892327     -3.050007917306
  258     -1.918352852086      8.136983931243     -3.052597523635
  258      5.751553755350      2.711381897198     -3.046451094597
  258     -5.755136793846      2.711519066679     -3.049065098383
  258     -5.756782321077     -2.709674190885     -3.051596192330
  258      5.752849876635     -2.710341979102     -3.051891760593
  258      5.752140706277      8.136474019982     -3.045727219718
  258     -5.755746386579      8.136544898593     -3.051181350360
    8     -0.001057350992     -1.318207819531     -3.046757166461
    8     -0.001081606725      1.321270503057     -3.047165248686
    8     -0.003069239207      4.109419423556     -3.047722887290
    8     -0.000809171748     -4.106464670506     -3.045482516199
    8      0.001638006950     -6.743088549928     -3.045091958747
    8      0.003978492318      6.746007860018     -3.038677593321
    8      3.835785887014     -1.318159181144     -3.044152534043
    8     -3.839807129581     -1.318720736810     -3.045707678519
    8     -3.840907784278      1.319962670030     -3.045755078706
    8      3.835888726114      1.318697712725     -3.043743587391
    8      3.836966459519      4.108196687263     -3.040228493293
    8     -3.839376017284      4.108477225471     -3.043902639046
    8     -3.837742542329     -4.106877305249     -3.045039714251
    8      3.836461208193     -4.107166741708     -3.043421371486
    8      3.838208040962     -6.742879144611     -3.039869062135
    8     -3.838794431785     -6.742969644648     -3.040810466728
    8     -3.839497704319      6.744874527402     -3.044559959627
    8      3.835878429356      6.742589309936     -3.042858895239
    8      7.669510982629     -1.317759509281     -3.042810674598
    8      7.668777417279      1.318870667873     -3.041409581855
    8      7.669011583003      4.106492608723     -3.044180290117
    8      7.669622930322     -4.107818820132     -3.042680290268
    8      7.668484509537     -6.742792326564     -3.040872098106
    8      7.669100258487      6.742295098812     -3.040979526086
  258      0.000000000000      0.000000000000     -4.794687825205
  258      0.000000000000      5.424570039800     -4.794687825205
  258      0.000000000000     -5.424570039800     -4.794687825205
  258      3.835750260160      0.000000000000     -4.794687825205
  258     -3.835750260160      0.000000000000     -4.794687825205
  258      3.835750260160      5.424570039800     -4.794687825205
  258     -3.835750260160      5.424570039800     -4.794687825205
  258     -3.835750260160     -5.424570039800     -4.794687825205
  258      3.835750260160     -5.424570039800     -4.794687825205
  258      7.671500520300      0.000000000000     -4.794687825205
  258      7.671500520300      5.424570039800     -4.794687825205
  258      7.671500520300     -5.424570039800     -4.794687825205
    8      1.917875130080      1.356142509950     -4.794687825205
    8     -1.917875130080      1.356142509950     -4.794687825205
    8     -1.917875130080     -1.356142509950     -4.794687825205
    8      1.917875130080     -1.356142509950     -4.794687825205
    8      1.917875130080      6.780712549750     -4.794687825205
    8     -1.917875130080      6.780712549750     -4.794687825205
    8     -1.917875130080     -6.780712549750     -4.794687825205
    8      1.917875130080     -6.780712549750     -4.794687825205
    8      1.917875130080     -4.068427529850     -4.794687825205
    8     -1.917875130080     -4.068427529850     -4.794687825205
    8     -1.917875130080      4.068427529850     -4.794687825205
    8      1.917875130080      4.068427529850     -4.794687825205
    8      5.753625390240      1.356142509950     -4.794687825205
    8     -5.753625390240      1.356142509950     -4.794687825205
    8     -5.753625390240     -1.356142509950     -4.794687825205
    8      5.753625390240     -1.356142509950     -4.794687825205
    8      5.753625390240      6.780712549750     -4.794687825205
    8     -5.753625390240      6.780712549750     -4.794687825205
    8     -5.753625390240     -6.780712549750     -4.794687825205
    8      5.753625390240     -6.780712549750     -4.794687825205
    8      5.753625390240     -4.068427529850     -4.794687825205
    8     -5.753625390240     -4.068427529850     -4.794687825205
    8     -5.753625390240      4.068427529850     -4.794687825205
    8      5.753625390240      4.068427529850     -4.794687825205
   14      8.314915383793      5.907287701494      6.102411604071
    8      6.920953305486      6.021905113519      6.949017213757
    8     -5.948363269261      7.062666945495      6.716530988353
    8      9.164284071994      4.477033327874      6.306656868974
    6      5.719387327460      5.406836100131      6.429569069127
    6     -4.625743222054      6.711473072813      7.208960932209
    6      9.313278938126      3.970089922691      7.658118231724
    6      4.475702641946      6.069843186325      7.016685918570
    6     -3.773049408734      7.963627718474      7.340920415788
    6      8.660874525800      2.612566664361      7.758831512142
    1      3.624527122666      5.629455022371      6.493957645010
    1     -2.720033288275      7.659687828935      7.525030695136
    1      8.755066549844      2.172169903557      8.793642315064
    1      4.395855788931    -10.387671688222      8.103694668718
    1     -4.095193038984     -7.662409207141      8.177164285734
    1      4.443813479009     -9.109682042459      6.842572710530
    1     -3.793288853282     -7.704552980220      6.430375779763
    1      5.736520992843      4.343802477638      6.711586374515
    1     -4.717688244944      6.234154681125      8.194820541226
    1      5.709275680778      5.482164859943      5.320996273480
    1     -4.146386632799      6.004174223792      6.509953530588
    1      7.613018108769      2.736406621051      7.481622341358
    1     -6.232845454653      1.891604289276      7.018367539095
    1     -4.985226422354      3.941185100061      7.865283764382
    1      8.858282270801      4.652482917509      8.362789343356
    8      5.844546772704      2.184010820913      6.477686953032
    6      6.214871053847      0.925148037697      6.970521268020
    6      5.376256866643     -0.162199017252      6.280141420540
    1      4.287459643103     -0.019747051583      6.385832848875
    1     -9.749707320931     -0.128314182130      5.195177401526
    1      6.089706102539      0.879213873637      8.093322662182
    1     -8.044588752445      0.714290837696      6.735843878640
    1      5.665223241010     -1.160975048748      6.664900685720
    0    0
