   2   1   1 E -4.5963149287250E+04 DE-6.0E-07(  8)
  0.153430010406E+02  0.000000000000E+00  0.000000000000E+00
  0.000000000000E+00  0.162737101194E+02  0.000000000000E+00
  0.000000000000E+00  0.000000000000E+00  0.500000000000E+03
    1
  0.100000000000E+01  0.000000000000E+00  0.000000000000E+00
  0.000000000000E+00  0.100000000000E+01  0.000000000000E+00
  0.000000000000E+00  0.000000000000E+00  0.100000000000E+01
  0.000000000000E+00  0.000000000000E+00  0.000000000000E+00
  249
  258      1.903863052201      2.710508167464      4.264207217688
  258     -1.919911231567      2.720288557299      4.261285654224
  258     -1.916606679132     -2.699104424383      4.263164990484
  258      1.904278010880     -2.704741073554      4.260095132770
  258      1.892270972072     -8.138304401878      4.267969327156
  258     -1.882590616401     -8.127928562589      4.270266238210
  258      5.739631357406      2.697375059345      4.360161732160
  258     -5.751639142154      2.717076371333      4.281378371588
  258     -5.745045135572     -2.719070307085      4.262850176178
  258      5.757208624310     -2.738450046474      4.266249828149
  258      5.659925143952     -8.095021938837      4.303066478292
  258     -5.642309003812     -8.083129828811      4.285014947098
    8     -0.018728230232      3.997887621242      4.365794534664
    8     -0.004906802673     -3.986878019395      4.366358773427
    8      0.005791406625     -6.861648257963      4.383355187048
    8      0.007270311143      6.878219364246      4.399507961483
    8     -0.011450837255     -1.441100858551      4.383079223066
    8     -0.016440398636      1.443035201701      4.374316671743
    8      3.782226192206      4.012721144816      4.368049184171
    8     -3.758541831765      4.004188345686      4.335275669521
    8     -3.831762776490     -3.980362787027      4.362497053956
    8      3.861604171315     -4.008616854771      4.369675808804
    8      3.861904132787     -6.868047998726      4.443004857603
    8     -3.792264420088     -6.828431515821      4.378332192724
    8     -3.810202401950      6.896991598796      4.341796319406
    8      3.812252632859      6.895531482528      4.320553077029
    8      3.760907300553     -1.486307597532      4.321479426740
    8     -3.828635228874     -1.442342872853      4.377209155690
    8     -3.865181898388      1.451403157990      4.400196966212
    8      3.728096501381      1.443213895337      4.312563945317
    8      7.606406587062      4.016358329759      4.331070511156
    8      7.656013351468     -4.078477884705      4.376689255443
    8      7.660433039385     -7.084890448785      4.305220943385
    8      7.928462892627      6.541432334042      4.671520363229
    8      7.704201199360     -1.514879827166      4.364399133310
    8      7.784243467126      1.428573920663      4.305559029137
  258     -0.008826434964      0.008435669140      2.592426680760
  258      0.000306643337      5.417220672200      2.588886172204
  258      0.002985377027     -5.412384622790      2.590084189785
  258      3.826482521337      0.001123533924      2.601767582444
  258     -3.840552310435      0.007243346585      2.599836825085
  258      3.835237688710      5.400034726068      2.607656982536
  258     -3.827857899236      5.421885310754      2.589541817929
  258     -3.813944757864     -5.396691508991      2.573551650949
  258      3.825605412445     -5.406640046291      2.589954478456
  258      7.674692501875      0.004088165572      2.605809517379
  258      7.670730092074      5.387488868080      2.546576322913
  258      7.673258987260     -5.437978421687      2.596244609801
    8      1.878166192931      1.365077825793      2.509662577446
    8     -1.935439593553      1.369082935565      2.539857876883
    8     -1.920144818784     -1.361176330038      2.532657092191
    8      1.882950812313     -1.367545762086      2.518617492906
    8      1.898486304221      6.793328981464      2.536492035482
    8     -1.899496279888      6.797741621603      2.541071484930
    8     -1.903532813441     -6.783247799024      2.537188796527
    8      1.933749307327     -6.791087286166      2.559735472342
    8      1.919705961361     -4.061554776215      2.535991196236
    8     -1.910713878528     -4.050720144863      2.528679461826
    8     -1.906308950108      4.066797501103      2.507645337509
    8      1.909621389680      4.065502439216      2.527123435727
    8      5.752955723833      1.333826925035      2.560928432726
    8     -5.720619180744      1.365711299783      2.489553522760
    8     -5.744581796504     -1.364813269939      2.541277262297
    8      5.754787861940     -1.381839315173      2.563034346656
    8      5.864245219907      6.817410221121      2.654589952941
    8     -5.792901251033      6.825585102817      2.566194877655
    8     -5.719004351501     -6.743615536606      2.538573003238
    8      5.709486763647     -6.779284829407      2.559764020640
    8      5.757448052252     -4.068425750674      2.524450454670
    8     -5.756087882739     -4.050760865007      2.537367995744
    8     -5.751967281183      4.087312579358      2.547173036645
    8      5.738230269288      4.100903302863      2.500455860320
  258      1.911903803856      2.710309882425      0.649168900729
  258     -1.919372144472      2.711499402136      0.644843666409
  258     -1.916128394182     -2.701770175826      0.644826629833
  258      1.915252895079     -2.704353506705      0.646654058741
  258      1.924701271458      8.134166269791      0.656364823477
  258     -1.911512521549      8.138877096201      0.652638301784
  258      5.746587318384      2.698488326785      0.683886340793
  258     -5.747667391653      2.702894491738      0.652084813231
  258     -5.755716216107     -2.706925546286      0.651025040921
  258      5.754536835375     -2.709632912206      0.654396876269
  258      5.756789267980      8.133723190256      0.667889303159
  258     -5.749881777403      8.137915636995      0.661599146702
    8      0.005433378558      4.064035771695      0.678418522081
    8      0.002488083070     -4.057628226713      0.689062236522
    8      0.014473921387     -6.785959534098      0.700555108391
    8      0.000893645846      6.794279516754      0.682500294910
    8     -0.011039108962     -1.362255290051      0.676828707564
    8     -0.018906607944      1.366197326289      0.678624012701
    8      3.821332294400      4.052895998664      0.683858882800
    8     -3.841689782208      4.062579462321      0.689983930038
    8     -3.834134332758     -4.055112332938      0.685998737983
    8      3.833423112316     -4.063209837594      0.691773836786
    8      3.834478701678     -6.792925553992      0.693200178082
    8     -3.826357442274     -6.788806841966      0.688748844498
    8     -3.843911869984      6.790345278273      0.710812879589
    8      3.880895141576      6.784511950112      0.741808433728
    8      3.839604311690     -1.369205350800      0.693742613528
    8     -3.838995456562     -1.362553092182      0.690241716456
    8     -3.820992840294      1.364780179389      0.672286990204
    8      3.834413754018      1.360901665809      0.697054632234
    8      7.683329084589      4.048947954173      0.695840818992
    8      7.674297802160     -4.076182599468      0.695729967442
    8      7.666556158540     -6.802417772673      0.717647202893
    8      7.660768997581      6.768921204117      0.688611086538
    8      7.668311350791     -1.372421762019      0.694606503421
    8      7.665279345824      1.360009550915      0.693646257157
  258     -0.001716137970      0.003163028096     -1.139672150870
  258      0.001940277701      5.424328821870     -1.136117470150
  258      0.003509941612     -5.423561850678     -1.135389084445
  258      3.835893270972      0.001817173394     -1.132204499985
  258     -3.835912078612     -0.000051587096     -1.136949660171
  258      3.842050774485      5.417874578001     -1.127659097705
  258     -3.836922982278      5.424714799649     -1.135041268187
  258     -3.834020811405     -5.423351644373     -1.138766372789
  258      3.837645509860     -5.424809415612     -1.134011800080
  258      7.668638727599      0.002134193155     -1.131117072161
  258      7.670367242174      5.416612995533     -1.142896613571
  258      7.671379175810     -5.423960254411     -1.132286623287
    8      1.918839312155      1.343230921594     -1.168261045826
    8     -1.917557906606      1.345607251506     -1.181614490065
    8     -1.922440836150     -1.344112237017     -1.174052530891
    8      1.920168171433     -1.343855221492     -1.166833598850
    8      1.939563664331      6.770441838404     -1.147296757287
    8     -1.924641923221      6.772701411686     -1.162615923103
    8     -1.911381962237     -6.768477758464     -1.163406461628
    8      1.919149483965     -6.772414608379     -1.164278136953
    8      1.919777238984     -4.082030796931     -1.167794741088
    8     -1.917353712496     -4.081247078470     -1.168171746720
    8     -1.920752702846      4.086052742014     -1.168693674193
    8      1.918016707674      4.084182753681     -1.176421683065
    8      5.749673853422      1.344664343847     -1.160464931963
    8     -5.756196838906      1.342974408542     -1.165930793104
    8     -5.757918051898     -1.345662256996     -1.165921389552
    8      5.753449532360     -1.346574175290     -1.165102838707
    8      5.750998681214      6.774529365259     -1.159852455855
    8     -5.754061694223      6.772671863284     -1.156337749501
    8     -5.758315475021     -6.771514714260     -1.154207301441
    8      5.760014463051     -6.775487499552     -1.148680194405
    8      5.755408811472     -4.083251587987     -1.163193173678
    8     -5.754109297711     -4.082324316778     -1.166081433016
    8     -5.753601822770      4.082527676491     -1.170757892680
    8      5.757958685384      4.079674653209     -1.153184069208
  258      1.918934860677      2.712377057782     -3.053437816140
  258     -1.918254579919      2.712912654336     -3.054235699176
  258     -1.917569836114     -2.711898187935     -3.055029927567
  258      1.918865687816     -2.711381034630     -3.054019624593
  258      1.920803745376      8.135727033673     -3.050486660185
  258     -1.916856091625      8.136898293729     -3.051909530396
  258      5.753045863988      2.710407551234     -3.045071240141
  258     -5.753475771214      2.710396334222     -3.053939354876
  258     -5.754749678323     -2.711213631651     -3.052640473822
  258      5.753819442072     -2.711307984466     -3.051961186236
  258      5.753700554850      8.136131125370     -3.048210489336
  258     -5.754245833717      8.136267917129     -3.049848026761
    8      0.000955414256     -1.319075780634     -3.046533736005
    8      0.002134751296      1.320481881400     -3.048636291007
    8     -0.001399681180      4.108831361554     -3.047169862337
    8      0.001063572795     -4.107123523494     -3.044713527490
    8      0.001331989866     -6.743231406551     -3.044288797039
    8      0.004931468133      6.745485882800     -3.038862879879
    8      3.836463144350     -1.319289405704     -3.044667101314
    8     -3.838089044462     -1.320485684749     -3.047324124533
    8     -3.838817533969      1.319103902930     -3.047451938295
    8      3.836985442538      1.318246628541     -3.044542198006
    8      3.840903799308      4.107489010880     -3.040735123962
    8     -3.836285275096      4.108797984335     -3.045349183051
    8     -3.836366268767     -4.108670494531     -3.045615810168
    8      3.837188223528     -4.108380117318     -3.043957992323
    8      3.839384994931     -6.744278596502     -3.040753085548
    8     -3.836690220670     -6.743932358280     -3.041251793684
    8     -3.838185374137      6.744256293523     -3.042936456418
    8      3.836443825272      6.741608942777     -3.042354408022
    8      7.670658597529     -1.319077276002     -3.044831264764
    8      7.669987697127      1.318034420218     -3.043041410174
    8      7.669616199123      4.105710058012     -3.044523023012
    8      7.670961058968     -4.109058878559     -3.042765871747
    8      7.671149854183     -6.743967029250     -3.040359770114
    8      7.672386953402      6.741269591921     -3.042184613118
  258      0.000000000000      0.000000000000     -4.794687825205
  258      0.000000000000      5.424570039800     -4.794687825205
  258      0.000000000000     -5.424570039800     -4.794687825205
  258      3.835750260160      0.000000000000     -4.794687825205
  258     -3.835750260160      0.000000000000     -4.794687825205
  258      3.835750260160      5.424570039800     -4.794687825205
  258     -3.835750260160      5.424570039800     -4.794687825205
  258     -3.835750260160     -5.424570039800     -4.794687825205
  258      3.835750260160     -5.424570039800     -4.794687825205
  258      7.671500520300      0.000000000000     -4.794687825205
  258      7.671500520300      5.424570039800     -4.794687825205
  258      7.671500520300     -5.424570039800     -4.794687825205
    8      1.917875130080      1.356142509950     -4.794687825205
    8     -1.917875130080      1.356142509950     -4.794687825205
    8     -1.917875130080     -1.356142509950     -4.794687825205
    8      1.917875130080     -1.356142509950     -4.794687825205
    8      1.917875130080      6.780712549750     -4.794687825205
    8     -1.917875130080      6.780712549750     -4.794687825205
    8     -1.917875130080     -6.780712549750     -4.794687825205
    8      1.917875130080     -6.780712549750     -4.794687825205
    8      1.917875130080     -4.068427529850     -4.794687825205
    8     -1.917875130080     -4.068427529850     -4.794687825205
    8     -1.917875130080      4.068427529850     -4.794687825205
    8      1.917875130080      4.068427529850     -4.794687825205
    8      5.753625390240      1.356142509950     -4.794687825205
    8     -5.753625390240      1.356142509950     -4.794687825205
    8     -5.753625390240     -1.356142509950     -4.794687825205
    8      5.753625390240     -1.356142509950     -4.794687825205
    8      5.753625390240      6.780712549750     -4.794687825205
    8     -5.753625390240      6.780712549750     -4.794687825205
    8     -5.753625390240     -6.780712549750     -4.794687825205
    8      5.753625390240     -6.780712549750     -4.794687825205
    8      5.753625390240     -4.068427529850     -4.794687825205
    8     -5.753625390240     -4.068427529850     -4.794687825205
    8     -5.753625390240      4.068427529850     -4.794687825205
    8      5.753625390240      4.068427529850     -4.794687825205
   14      8.301790165834      5.784657306219      6.044063400155
    8      6.988841215718      5.691503357462      7.012134149439
    8     -5.990546470141      6.990821862143      6.663909708381
    8      9.316233929501      4.465520854529      6.205165175008
    6      5.692378905315      5.371832477284      6.464491338719
    6     -4.683164591603      6.691133356537      7.196311186241
    6      9.567415606755      3.856120730468      7.482488634526
    6      4.622785907729      6.260783167195      7.066673725386
    6     -3.883199445090      7.970905143104      7.362295362700
    6      9.079921904829      2.407641291713      7.443829971361
    1      3.666729476328      5.984279450154      6.615517918177
    1     -2.858416227471      7.711926577014      7.675719184865
    1      8.954514531831      2.016810368278      8.459095866155
    1      4.585544131897    -10.124814685474      8.155828336465
    1     -4.314171494203     -7.642669962115      8.125422603017
    1      4.784426484329     -8.942341888920      6.861305665181
    1     -3.816635609063     -7.738484739591      6.424340840177
    1      5.474521539332      4.324746259746      6.704382213241
    1     -4.796598779614      6.195761602591      8.172273583074
    1      5.688847068783      5.476454203833      5.365683261522
    1     -4.166257413153      6.016878675285      6.504640182138
    1      8.111958544301      2.386938494313      6.936920090463
    1     -5.550024726793      1.729523443437      6.935989109930
    1     -4.698018579427      3.934097477370      7.666239905156
    1      9.043383310713      4.411050800857      8.269896496798
    8      5.941190241106      2.181669365755      6.478295965954
    6      6.054738517322      0.929163995499      7.093449019990
    6      5.388901150722     -0.148697277984      6.248113399362
    1      4.321457047906      0.020028188405      6.105215485477
    1     -9.488625312734     -0.127053445803      5.255618993584
    1      5.590630431098      0.947853405588      8.104753706708
    1     -8.221425123396      0.648274864316      7.242215948609
    1      5.550152081975     -1.154670241072      6.693459693593
    0    0
