   2   1   1 E -4.5963146909259E+04 DE-1.6E-06(  7)
  0.153430010406E+02  0.000000000000E+00  0.000000000000E+00
  0.000000000000E+00  0.162737101194E+02  0.000000000000E+00
  0.000000000000E+00  0.000000000000E+00  0.500000000000E+03
    1
  0.100000000000E+01  0.000000000000E+00  0.000000000000E+00
  0.000000000000E+00  0.100000000000E+01  0.000000000000E+00
  0.000000000000E+00  0.000000000000E+00  0.100000000000E+01
  0.000000000000E+00  0.000000000000E+00  0.000000000000E+00
  249
  258      1.901335002020      2.710368574284      4.264090012293
  258     -1.924243508943      2.720002356789      4.263254595202
  258     -1.920481693675     -2.695700695548      4.264012001367
  258      1.899978346240     -2.703709159714      4.259629384807
  258      1.881122037870     -8.137248255971      4.269297461785
  258     -1.883873080901     -8.125356906745      4.266055594876
  258      5.733437570344      2.688847579846      4.350911108244
  258     -5.757803686407      2.729345084813      4.300977824099
  258     -5.748402481886     -2.720021946376      4.263316549650
  258      5.749775292528     -2.738800389836      4.264360461561
  258      5.641132883873     -8.084569409213      4.316072676074
  258     -5.636777044991     -8.076495764103      4.271731078543
    8     -0.018261227506      4.000347332740      4.363814945121
    8     -0.006841293526     -3.984953581146      4.368372598172
    8      0.000355553964     -6.857772526301      4.380107269849
    8      0.002143207541      6.880885268490      4.412194758934
    8     -0.015760146142     -1.439721042317      4.380086382339
    8     -0.021408044386      1.445015681474      4.377356211522
    8      3.776153287707      4.016089041777      4.377627802555
    8     -3.789701372394      4.014759822747      4.358885785018
    8     -3.833266118717     -3.975141742100      4.358830340046
    8      3.853798696848     -4.009748623338      4.363064875910
    8      3.864047172342     -6.861877936444      4.458579629182
    8     -3.787603601323     -6.819008432366      4.375305478754
    8     -3.812390742548      6.903944574484      4.340765471194
    8      3.797761962952      6.905688134942      4.304486683054
    8      3.758426945577     -1.490418015016      4.323423768806
    8     -3.836989648595     -1.436829651531      4.384046931093
    8     -3.843066185464      1.460609818745      4.389100832893
    8      3.723986612667      1.441402877980      4.301734585937
    8      7.598873897472      3.968620890435      4.274593477478
    8      7.653544016107     -4.087105960608      4.379170840661
    8      7.657768109936     -7.115010279827      4.310792161404
    8      8.050981593685      6.488582334332      4.659190579464
    8      7.698875615213     -1.518749147466      4.366303551539
    8      7.783763032080      1.413099579605      4.341785556639
  258     -0.012455582428      0.009746361471      2.590981156108
  258     -0.003275199637      5.416414715036      2.588866258775
  258     -0.000721760774     -5.408511100440      2.587463464379
  258      3.821397921950     -0.000075561633      2.597064515176
  258     -3.845012099583      0.010660008769      2.603179489658
  258      3.831838342696      5.401905217190      2.608053431755
  258     -3.832303627606      5.423613392952      2.590634896763
  258     -3.814192742512     -5.392545554486      2.569048540027
  258      3.820843905179     -5.404596363033      2.587302388297
  258      7.674522551566      0.006888973100      2.616529182810
  258      7.669382455429      5.385040355606      2.551193627477
  258      7.669491995874     -5.438211710718      2.598864605740
    8      1.873520455901      1.366259511662      2.507184449599
    8     -1.928001685845      1.372169947959      2.534014317593
    8     -1.925926096363     -1.358323826224      2.535894879501
    8      1.884450617634     -1.365622540670      2.519472268728
    8      1.883711155801      6.796391298314      2.535959582947
    8     -1.899542914514      6.798177885773      2.540845119999
    8     -1.904996443390     -6.780971030415      2.530791541534
    8      1.934664211125     -6.788525385967      2.563475267725
    8      1.912677886778     -4.059737398913      2.532097148130
    8     -1.911593078842     -4.047697360370      2.528664729808
    8     -1.919918423380      4.069517915363      2.518955232287
    8      1.908514558777      4.066450943680      2.525624429668
    8      5.755180047785      1.331093895242      2.558643388049
    8     -5.730761768130      1.371953054855      2.512474229549
    8     -5.746139447272     -1.364494576515      2.539220693004
    8      5.749930977411     -1.382698752513      2.564635889845
    8      5.874834116098      6.816571115487      2.680442725534
    8     -5.775179209877      6.837032889599      2.538814760147
    8     -5.722282801456     -6.734560521352      2.535056809936
    8      5.700261647710     -6.779719595531      2.566282379622
    8      5.756881364822     -4.069631690637      2.524253020186
    8     -5.760886834539     -4.048688783419      2.537872638954
    8     -5.745386719927      4.088234026963      2.548765674930
    8      5.719453534261      4.104055538914      2.491843496070
  258      1.910793209365      2.711084684014      0.648996813945
  258     -1.921147566617      2.713210979969      0.645544946649
  258     -1.919508932661     -2.697598830187      0.644439314456
  258      1.912841478343     -2.703888235020      0.645507419931
  258      1.921579192091      8.135739557666      0.657005388724
  258     -1.913495772069      8.138560413542      0.650184409927
  258      5.745887142859      2.699616778339      0.681348553739
  258     -5.748642032009      2.704331704833      0.660683751407
  258     -5.759514806754     -2.705465531668      0.651789718150
  258      5.754719919435     -2.707717578690      0.653997776698
  258      5.757536756906      8.134706735451      0.675588021467
  258     -5.751046682019      8.138378839811      0.657401679048
    8     -0.004770329716      4.064736221453      0.684947655826
    8     -0.001114125372     -4.056287561313      0.686406547115
    8      0.016057660978     -6.785181798123      0.700340636439
    8     -0.001100656287      6.794096284293      0.679860645470
    8     -0.011512684002     -1.361171979142      0.679636043480
    8     -0.019219200527      1.367549973574      0.674194015060
    8      3.815889935224      4.055020138173      0.678950813539
    8     -3.840360750090      4.064949505738      0.688390138827
    8     -3.836270375364     -4.051995627253      0.686762492328
    8      3.832584330483     -4.059730587069      0.693888495030
    8      3.832176527545     -6.789961093289      0.691462857600
    8     -3.827825328384     -6.785996845370      0.685750314090
    8     -3.836132754635      6.792341301456      0.700761939968
    8      3.880937228603      6.787550560618      0.750001612658
    8      3.836857491595     -1.367621903302      0.691058434844
    8     -3.838477181134     -1.360113032053      0.688310637967
    8     -3.831128864387      1.366160233231      0.681005265263
    8      3.832823883124      1.362577954662      0.696248939934
    8      7.682454754283      4.047707417389      0.697995617318
    8      7.671882383738     -4.076748295163      0.696606318176
    8      7.660355075039     -6.801218981052      0.723415114896
    8      7.654514144477      6.770094841003      0.687562126580
    8      7.664978624073     -1.370743086266      0.698372834913
    8      7.668692533333      1.359530613078      0.698167801089
  258     -0.003247747492      0.004447879490     -1.140118804519
  258      0.000677869145      5.424721903072     -1.136463452680
  258      0.001375840737     -5.422580983281     -1.136233040175
  258      3.834848789313      0.002069746443     -1.133646444325
  258     -3.838970235331      0.002222697962     -1.136096541580
  258      3.841322023647      5.419985495752     -1.126586391426
  258     -3.838229040582      5.424463825267     -1.135117166694
  258     -3.835602367962     -5.421906445582     -1.139808655609
  258      3.837067655840     -5.424485236993     -1.134058900595
  258      7.668141348120      0.003919192644     -1.128033338747
  258      7.669585715958      5.417052935844     -1.141768261690
  258      7.669615298364     -5.424398970897     -1.131228603007
    8      1.918155178209      1.344034762704     -1.169364432816
    8     -1.923700667738      1.346362112363     -1.177258322120
    8     -1.921940507279     -1.341728175865     -1.173596745568
    8      1.917428948547     -1.343277311148     -1.168549299783
    8      1.940869889268      6.771818303559     -1.146863944312
    8     -1.923087644748      6.772685999463     -1.166477857093
    8     -1.910904807165     -6.766652598834     -1.165168259897
    8      1.918839838396     -6.771558919015     -1.164180413774
    8      1.919419713887     -4.081725272519     -1.167782695562
    8     -1.919361489691     -4.079214774123     -1.167843655525
    8     -1.920037125248      4.085447663084     -1.171124881841
    8      1.912393075923      4.085337975403     -1.174980530364
    8      5.750547029578      1.344863955714     -1.158637654688
    8     -5.756906977938      1.345856200385     -1.165136553718
    8     -5.759848900519     -1.344031766880     -1.164921519974
    8      5.753399618294     -1.345592709062     -1.164915330286
    8      5.747279581495      6.774960328171     -1.155459019318
    8     -5.756139530614      6.773443399164     -1.158954964257
    8     -5.762443160507     -6.768440217965     -1.155596320403
    8      5.759834523584     -6.776541095751     -1.145646727936
    8      5.754117244379     -4.082273814515     -1.162907268287
    8     -5.756469008212     -4.080643128817     -1.165625904898
    8     -5.756246310024      4.082493592724     -1.167273259833
    8      5.756695005150      4.079746204291     -1.154045223651
  258      1.918570650414      2.713167575914     -3.053223231987
  258     -1.919156854827      2.713027172325     -3.054829182299
  258     -1.918395783875     -2.711163132474     -3.054873996129
  258      1.918377903553     -2.711471530491     -3.054191665997
  258      1.920490551757      8.136230938101     -3.050381594000
  258     -1.917263097185      8.136845188376     -3.052545516680
  258      5.752484677867      2.710946989900     -3.046074195838
  258     -5.754208681552      2.710965932045     -3.050358837193
  258     -5.755833648138     -2.710589928237     -3.052344204988
  258      5.753820184630     -2.711183776496     -3.052123473525
  258      5.753227446161      8.136067780847     -3.045949535159
  258     -5.754829593817      8.136363187605     -3.051033868491
    8     -0.000066787201     -1.319080746059     -3.047152100796
    8      0.000372472272      1.320694594618     -3.047533944018
    8     -0.001447504705      4.108945543965     -3.048112494248
    8      0.000316211116     -4.106797822639     -3.044881743162
    8      0.001932062229     -6.743214748158     -3.045076355931
    8      0.005645083500      6.745732591893     -3.038808211236
    8      3.836372425767     -1.318761475132     -3.044508567089
    8     -3.838661508972     -1.319959863127     -3.046133275691
    8     -3.839306106449      1.319253464505     -3.047613612529
    8      3.837163385628      1.318510919646     -3.044075326420
    8      3.839361525656      4.107819302051     -3.039663563216
    8     -3.837739604868      4.108593167467     -3.045174602443
    8     -3.836869261214     -4.107782764171     -3.045021671853
    8      3.836898788068     -4.107776945313     -3.044171230808
    8      3.839511323680     -6.743537266628     -3.040128497380
    8     -3.837854125917     -6.743097413925     -3.040554836727
    8     -3.838288701138      6.745045609747     -3.044324952152
    8      3.837092876778      6.741855977786     -3.042723636144
    8      7.670277582768     -1.318454639116     -3.044356706879
    8      7.669191804098      1.318558978613     -3.042174120957
    8      7.669164022797      4.106189927776     -3.044166135592
    8      7.670361179133     -4.108813786716     -3.042384003213
    8      7.669725124932     -6.743389987738     -3.040618896435
    8      7.669675568503      6.741921456944     -3.041207785867
  258      0.000000000000      0.000000000000     -4.794687825205
  258      0.000000000000      5.424570039800     -4.794687825205
  258      0.000000000000     -5.424570039800     -4.794687825205
  258      3.835750260160      0.000000000000     -4.794687825205
  258     -3.835750260160      0.000000000000     -4.794687825205
  258      3.835750260160      5.424570039800     -4.794687825205
  258     -3.835750260160      5.424570039800     -4.794687825205
  258     -3.835750260160     -5.424570039800     -4.794687825205
  258      3.835750260160     -5.424570039800     -4.794687825205
  258      7.671500520300      0.000000000000     -4.794687825205
  258      7.671500520300      5.424570039800     -4.794687825205
  258      7.671500520300     -5.424570039800     -4.794687825205
    8      1.917875130080      1.356142509950     -4.794687825205
    8     -1.917875130080      1.356142509950     -4.794687825205
    8     -1.917875130080     -1.356142509950     -4.794687825205
    8      1.917875130080     -1.356142509950     -4.794687825205
    8      1.917875130080      6.780712549750     -4.794687825205
    8     -1.917875130080      6.780712549750     -4.794687825205
    8     -1.917875130080     -6.780712549750     -4.794687825205
    8      1.917875130080     -6.780712549750     -4.794687825205
    8      1.917875130080     -4.068427529850     -4.794687825205
    8     -1.917875130080     -4.068427529850     -4.794687825205
    8     -1.917875130080      4.068427529850     -4.794687825205
    8      1.917875130080      4.068427529850     -4.794687825205
    8      5.753625390240      1.356142509950     -4.794687825205
    8     -5.753625390240      1.356142509950     -4.794687825205
    8     -5.753625390240     -1.356142509950     -4.794687825205
    8      5.753625390240     -1.356142509950     -4.794687825205
    8      5.753625390240      6.780712549750     -4.794687825205
    8     -5.753625390240      6.780712549750     -4.794687825205
    8     -5.753625390240     -6.780712549750     -4.794687825205
    8      5.753625390240     -6.780712549750     -4.794687825205
    8      5.753625390240     -4.068427529850     -4.794687825205
    8     -5.753625390240     -4.068427529850     -4.794687825205
    8     -5.753625390240      4.068427529850     -4.794687825205
    8      5.753625390240      4.068427529850     -4.794687825205
   14      8.335714520399      5.861348659080      6.105704424388
    8      6.959554927087      5.885531833309      6.994585701207
    8     -5.953428643102      7.036583256840      6.737134693993
    8      9.251266756562      4.471003382751      6.270085360712
    6      5.723206525064      5.383242821377      6.425058824775
    6     -4.619489443140      6.701519012362      7.191270222087
    6      9.501779934973      3.895688933069      7.566777543108
    6      4.532290611056      6.123565307893      6.999026886741
    6     -3.790376080269      7.966801620336      7.328812528923
    6      8.845915723471      2.529680078281      7.610004334946
    1      3.639820654503      5.721323733876      6.523503937893
    1     -2.747138143759      7.688913516382      7.538741755614
    1      8.861017178931      2.102101155922      8.619659090165
    1      4.481838301165    -10.271528812870      8.084679991776
    1     -4.140595639110     -7.673716227900      8.148836886917
    1      4.554790017486     -9.074193565627      6.789670048922
    1     -3.798717063587     -7.707123353547      6.415552936272
    1      5.641314385135      4.317642793003      6.675343285962
    1     -4.694271658264      6.196697287916      8.165048800716
    1      5.733081074451      5.480784665997      5.324122661868
    1     -4.158709741874      6.026739422707      6.461604755195
    1      7.816391077605      2.632068392913      7.262824753049
    1     -5.986618901806      1.806851621218      6.957191170163
    1     -4.752501369531      3.859874243531      7.702555712607
    1      9.084997937749      4.545711039116      8.350625046075
    8      5.884371525470      2.162425572241      6.479225661180
    6      6.176968169130      0.895620045500      6.997125600399
    6      5.414088974921     -0.173195856871      6.235079747502
    1      4.337008785948     -0.019230432776      6.236419070405
    1     -9.612481965494     -0.131348953972      5.186084768902
    1      5.931592632197      0.853667482074      8.079214505638
    1     -8.088877305790      0.668058141133      6.894070358341
    1      5.647094872170     -1.175912390135      6.641844204273
    0    0
