   2   1   1 E -4.5963147329043E+04 DE 1.2E-06(  6)
  0.153430010406E+02  0.000000000000E+00  0.000000000000E+00
  0.000000000000E+00  0.162737101194E+02  0.000000000000E+00
  0.000000000000E+00  0.000000000000E+00  0.500000000000E+03
    1
  0.100000000000E+01  0.000000000000E+00  0.000000000000E+00
  0.000000000000E+00  0.100000000000E+01  0.000000000000E+00
  0.000000000000E+00  0.000000000000E+00  0.100000000000E+01
  0.000000000000E+00  0.000000000000E+00  0.000000000000E+00
  249
  258      1.901881064843      2.710861183932      4.264455457114
  258     -1.923283906810      2.719693439333      4.263180544186
  258     -1.919882503278     -2.696425367807      4.264461670509
  258      1.900284028629     -2.703377151771      4.259774891416
  258      1.882357688016     -8.137402364047      4.269599687600
  258     -1.883796808551     -8.125471512786      4.267828016174
  258      5.734922537324      2.689478304205      4.354250575609
  258     -5.755590969716      2.725309019503      4.294388546236
  258     -5.748460810301     -2.720648699617      4.263882800255
  258      5.750839359817     -2.738994005438      4.265190500906
  258      5.642214249846     -8.084857828022      4.314057492215
  258     -5.638818375828     -8.079764394481      4.274539215056
    8     -0.018504899802      4.000340993055      4.364519681301
    8     -0.006464011980     -3.985437524830      4.368518001220
    8      0.000829805176     -6.858292403034      4.380778260036
    8      0.002761495991      6.880599326463      4.411001987750
    8     -0.015502380834     -1.440266216395      4.380804257829
    8     -0.019784600171      1.444563180656      4.377586862676
    8      3.778310866022      4.016247219135      4.378122992090
    8     -3.781740721296      4.011245283465      4.355858961860
    8     -3.833150467790     -3.977040225468      4.360053343022
    8      3.855940538192     -4.009512232550      4.364190429778
    8      3.862252854281     -6.862652781459      4.456201609828
    8     -3.788961248372     -6.822168544108      4.378294302694
    8     -3.811944652762      6.901026944477      4.340523499837
    8      3.799741118869      6.903731454533      4.306963266501
    8      3.755764322608     -1.490044234304      4.321217996829
    8     -3.835878856021     -1.438640106079      4.383111825991
    8     -3.846642746705      1.457666892413      4.389943228907
    8      3.724923334783      1.443173270885      4.302204070608
    8      7.601140527759      3.972569954094      4.283743866956
    8      7.653301416355     -4.085996380418      4.378749737046
    8      7.657973778128     -7.111673380502      4.313917295696
    8      8.033048809373      6.493015665949      4.666503068829
    8      7.697835423753     -1.518953169368      4.368335560840
    8      7.788423283762      1.411816480373      4.336522309538
  258     -0.011674227154      0.009460246583      2.591330101360
  258     -0.002799600235      5.416680035540      2.588965924140
  258     -0.000489897610     -5.408992236513      2.588170515557
  258      3.822530546583      0.000292652244      2.597650558396
  258     -3.843820429280      0.008888502603      2.602715437807
  258      3.832751828214      5.401610658791      2.608230799930
  258     -3.830611756169      5.423034757101      2.590187377344
  258     -3.814682599462     -5.393761609602      2.571093370086
  258      3.820935583386     -5.403787311474      2.587790831305
  258      7.674128565882      0.005597943184      2.615500988872
  258      7.669487811164      5.384092757949      2.552638152103
  258      7.669947200284     -5.439103255960      2.599441993308
    8      1.874390409602      1.366078063273      2.507615875548
    8     -1.928273056232      1.371295646910      2.534859444446
    8     -1.925013626207     -1.359156309850      2.535891444138
    8      1.883057334232     -1.365476040848      2.518640012952
    8      1.885652965414      6.796267553432      2.536165217220
    8     -1.899507759900      6.797955042073      2.541488211565
    8     -1.905027261152     -6.781169213404      2.532328026621
    8      1.934397505871     -6.788497918265      2.563016240163
    8      1.913450900539     -4.059781892796      2.532878850201
    8     -1.911506202288     -4.048533382144      2.529367627393
    8     -1.917034316666      4.068858063011      2.516884076170
    8      1.909337044715      4.066262135875      2.526488501522
    8      5.756246004078      1.331358718043      2.560491469344
    8     -5.727928871384      1.370343220009      2.506599344087
    8     -5.746922485422     -1.365792574575      2.540038543869
    8      5.750720117718     -1.382964376123      2.565334034138
    8      5.873708508724      6.816348618162      2.678395278142
    8     -5.777900114141      6.834614046422      2.543560538393
    8     -5.722899138157     -6.736939620570      2.537077471829
    8      5.701829134985     -6.778717913937      2.565287059112
    8      5.757371821551     -4.069386260001      2.524637694084
    8     -5.760511636340     -4.049862851327      2.538486383417
    8     -5.745656385244      4.089005016807      2.548464018797
    8      5.722464006308      4.102614825210      2.493806225644
  258      1.911007322448      2.710715335742      0.649228692873
  258     -1.920720967478      2.712655972906      0.645713794971
  258     -1.919267371849     -2.698356501918      0.644959735084
  258      1.913111561748     -2.704014984941      0.645954536495
  258      1.921934775754      8.135572282731      0.657201457110
  258     -1.913285146274      8.138587127922      0.650918199375
  258      5.746130558537      2.699123368259      0.683271305601
  258     -5.748007473968      2.703918613477      0.658191976987
  258     -5.759240738127     -2.705809900726      0.652004606546
  258      5.754889000607     -2.707969648454      0.654500313135
  258      5.757590825200      8.134649640191      0.675064091506
  258     -5.751450314069      8.137892510790      0.658174698183
    8     -0.003026313649      4.064574589914      0.684195676352
    8     -0.000762596633     -4.056523333461      0.686751728159
    8      0.015946995822     -6.785250921163      0.700752961676
    8     -0.001102615215      6.794210631653      0.680723674428
    8     -0.012137575373     -1.361420054772      0.679079383006
    8     -0.018768369018      1.367512174658      0.674612863507
    8      3.816413420165      4.054615232792      0.679896944789
    8     -3.840490579646      4.064224168571      0.688707104354
    8     -3.836312497650     -4.052958094795      0.687969528452
    8      3.832742323660     -4.059705487321      0.694181963735
    8      3.832169100538     -6.790013465180      0.691399524643
    8     -3.828425341865     -6.786707199375      0.687466892438
    8     -3.836504701071      6.791851998821      0.701392624052
    8      3.881322893550      6.787789904564      0.749567751393
    8      3.837771867973     -1.367886895944      0.692112543660
    8     -3.838740353361     -1.360659368111      0.688679979260
    8     -3.829082862351      1.365847219588      0.679509615042
    8      3.833476230163      1.361576998911      0.696685728755
    8      7.683591727715      4.047428906083      0.698639995278
    8      7.672608322491     -4.077345374236      0.696956736377
    8      7.661442279850     -6.802293844888      0.722988908049
    8      7.655193711860      6.769282331945      0.688695900050
    8      7.664914108481     -1.371458757766      0.697746938425
    8      7.667946717042      1.358843242088      0.697299148849
  258     -0.003098614556      0.004183470936     -1.139915153837
  258      0.000994939152      5.424583274036     -1.136257314656
  258      0.001557337652     -5.422681939498     -1.135842960213
  258      3.834859063784      0.001789607263     -1.133565001817
  258     -3.838403435034      0.001832476624     -1.136328727305
  258      3.841727944259      5.419604237883     -1.126388660505
  258     -3.837886626003      5.424343985743     -1.135235106892
  258     -3.835491655917     -5.422273224215     -1.139064925829
  258      3.837146295106     -5.424587669699     -1.133802935565
  258      7.668093767497      0.003599337101     -1.128095103542
  258      7.669577997789      5.417035547712     -1.141235915244
  258      7.669877139173     -5.424358014057     -1.130913209707
    8      1.918564972875      1.343639819228     -1.169130166893
    8     -1.923115929436      1.345819901465     -1.177648843687
    8     -1.922046084806     -1.342227362541     -1.173460773848
    8      1.917758723744     -1.343647502363     -1.168028787846
    8      1.940763623753      6.771441850725     -1.146718674857
    8     -1.922796147737      6.772691162970     -1.166019204105
    8     -1.911231016193     -6.766825345731     -1.164425913000
    8      1.918739889039     -6.771673966650     -1.164429772721
    8      1.919758589228     -4.081905667483     -1.167391737902
    8     -1.919653525205     -4.079615895755     -1.167521006835
    8     -1.919926878162      4.085521291653     -1.170963375323
    8      1.913099648790      4.084970222410     -1.175149171748
    8      5.750331314831      1.344720726749     -1.158575418312
    8     -5.756658221115      1.345770791303     -1.165950810067
    8     -5.759933586616     -1.344290639269     -1.164822719007
    8      5.753363324709     -1.346060556870     -1.165327616079
    8      5.747725924279      6.774944674390     -1.155758346534
    8     -5.756204350677      6.773335081297     -1.158280314587
    8     -5.761746956316     -6.768933992785     -1.154996994022
    8      5.760090625541     -6.776590520789     -1.145670904077
    8      5.754129969329     -4.082766765329     -1.162570715605
    8     -5.756013494673     -4.080999790946     -1.165426213861
    8     -5.755849468219      4.082605489368     -1.168249383293
    8      5.757148103327      4.079860051383     -1.152484313850
  258      1.918711464823      2.713112965814     -3.053075009057
  258     -1.918922265361      2.712964887512     -3.054891397178
  258     -1.918347197118     -2.711365462578     -3.054695669287
  258      1.918320219797     -2.711563740322     -3.054070822525
  258      1.920595061805      8.136155442363     -3.050398127635
  258     -1.917203753438      8.136848414044     -3.052341491790
  258      5.752520144796      2.710853160658     -3.045540041910
  258     -5.754260807744      2.710805452431     -3.051000737168
  258     -5.755733606372     -2.710685252196     -3.052365806491
  258      5.753884802996     -2.711302934878     -3.051969304087
  258      5.753308377872      8.136084487070     -3.046116831916
  258     -5.754707753659      8.136419288252     -3.050820615264
    8      0.000001995649     -1.319200553750     -3.047090602744
    8      0.000486386093      1.320557502764     -3.047429630578
    8     -0.001329883015      4.108802598440     -3.048107662072
    8      0.000420438685     -4.106816303870     -3.044522162591
    8      0.001646903220     -6.743159428781     -3.044909936949
    8      0.005625942037      6.745642463500     -3.038774427988
    8      3.836204568696     -1.318852740205     -3.044458644097
    8     -3.838627904716     -1.320292019994     -3.045967254703
    8     -3.839114492941      1.319026112222     -3.047906022593
    8      3.837266714586      1.318549712577     -3.043984181747
    8      3.839768466839      4.107836414608     -3.039399143034
    8     -3.837501761574      4.108700019959     -3.045286300958
    8     -3.836824446204     -4.107972090049     -3.044962194535
    8      3.836756749010     -4.107944138847     -3.044284223756
    8      3.839628351177     -6.743742885758     -3.040157849975
    8     -3.837783634966     -6.743101140293     -3.040410646725
    8     -3.838213263600      6.745102042244     -3.043952233008
    8      3.837073152498      6.741665469983     -3.042562483713
    8      7.670337932743     -1.318531799217     -3.044621969047
    8      7.668994329749      1.318546991728     -3.042267408189
    8      7.668799511969      4.106100277086     -3.043984016034
    8      7.670367826263     -4.108961692609     -3.042140340156
    8      7.670042267975     -6.743409870726     -3.040464236951
    8      7.669851092094      6.741850743491     -3.041199236081
  258      0.000000000000      0.000000000000     -4.794687825205
  258      0.000000000000      5.424570039800     -4.794687825205
  258      0.000000000000     -5.424570039800     -4.794687825205
  258      3.835750260160      0.000000000000     -4.794687825205
  258     -3.835750260160      0.000000000000     -4.794687825205
  258      3.835750260160      5.424570039800     -4.794687825205
  258     -3.835750260160      5.424570039800     -4.794687825205
  258     -3.835750260160     -5.424570039800     -4.794687825205
  258      3.835750260160     -5.424570039800     -4.794687825205
  258      7.671500520300      0.000000000000     -4.794687825205
  258      7.671500520300      5.424570039800     -4.794687825205
  258      7.671500520300     -5.424570039800     -4.794687825205
    8      1.917875130080      1.356142509950     -4.794687825205
    8     -1.917875130080      1.356142509950     -4.794687825205
    8     -1.917875130080     -1.356142509950     -4.794687825205
    8      1.917875130080     -1.356142509950     -4.794687825205
    8      1.917875130080      6.780712549750     -4.794687825205
    8     -1.917875130080      6.780712549750     -4.794687825205
    8     -1.917875130080     -6.780712549750     -4.794687825205
    8      1.917875130080     -6.780712549750     -4.794687825205
    8      1.917875130080     -4.068427529850     -4.794687825205
    8     -1.917875130080     -4.068427529850     -4.794687825205
    8     -1.917875130080      4.068427529850     -4.794687825205
    8      1.917875130080      4.068427529850     -4.794687825205
    8      5.753625390240      1.356142509950     -4.794687825205
    8     -5.753625390240      1.356142509950     -4.794687825205
    8     -5.753625390240     -1.356142509950     -4.794687825205
    8      5.753625390240     -1.356142509950     -4.794687825205
    8      5.753625390240      6.780712549750     -4.794687825205
    8     -5.753625390240      6.780712549750     -4.794687825205
    8     -5.753625390240     -6.780712549750     -4.794687825205
    8      5.753625390240     -6.780712549750     -4.794687825205
    8      5.753625390240     -4.068427529850     -4.794687825205
    8     -5.753625390240     -4.068427529850     -4.794687825205
    8     -5.753625390240      4.068427529850     -4.794687825205
    8      5.753625390240      4.068427529850     -4.794687825205
   14      8.328535354887      5.852727552962      6.105288099468
    8      6.957615163152      5.857618465930      7.004256703298
    8     -5.961768139873      7.033201340232      6.735001191681
    8      9.251025561745      4.469853321383      6.265869243768
    6      5.714391325748      5.380643014238      6.438375245063
    6     -4.627509194523      6.701742726000      7.201935832031
    6      9.528361849953      3.878328209232      7.555317165637
    6      4.540498523815      6.144342473009      7.009917648984
    6     -3.803735086267      7.970770861574      7.337303776931
    6      8.914624214829      2.493373046048      7.590862840787
    1      3.631942017368      5.765792725113      6.532591109448
    1     -2.764587049183      7.695470491148      7.568956575078
    1      8.905335059707      2.084996257589      8.601621834620
    1      4.491231253483    -10.252994846210      8.097180795214
    1     -4.167170818198     -7.659417482775      8.144172669139
    1      4.590369286060     -9.049024405508      6.804579939994
    1     -3.802019142511     -7.715585096418      6.411700493647
    1      5.611292955247      4.322193513640      6.691308953080
    1     -4.705158347954      6.203150965427      8.180574463123
    1      5.725521902215      5.473288700180      5.340211094753
    1     -4.160280694379      6.022237314544      6.478363127551
    1      7.891208516327      2.561965087743      7.214656337956
    1     -5.867152837994      1.781771466769      6.971609888131
    1     -4.725870529119      3.876002766277      7.686546931733
    1      9.091836660911      4.498614077480      8.356306063931
    8      5.888522459511      2.164271182343      6.481713134152
    6      6.147518199180      0.902136539643      7.023717769742
    6      5.382138149739     -0.165808776361      6.264847761474
    1      4.307481776058      0.002193011303      6.248725518009
    1     -9.628216619489     -0.140493884258      5.221165166533
    1      5.873354065185      0.881598090471      8.099609835943
    1     -8.119692434272      0.656572993482      6.956324872379
    1      5.592817565656     -1.167901054856      6.686666934079
    0    0
