   2   1   1 E -4.5963145195434E+04 DE-1.8E-05(  7)
  0.153430010406E+02  0.000000000000E+00  0.000000000000E+00
  0.000000000000E+00  0.162737101194E+02  0.000000000000E+00
  0.000000000000E+00  0.000000000000E+00  0.500000000000E+03
    1
  0.100000000000E+01  0.000000000000E+00  0.000000000000E+00
  0.000000000000E+00  0.100000000000E+01  0.000000000000E+00
  0.000000000000E+00  0.000000000000E+00  0.100000000000E+01
  0.000000000000E+00  0.000000000000E+00  0.000000000000E+00
  249
  258      1.898245897293      2.709311429238      4.264535135734
  258     -1.928284402632      2.719126756674      4.262328302858
  258     -1.922428530947     -2.694436276966      4.263619009285
  258      1.898273812664     -2.704038542142      4.259783473858
  258      1.879949578598     -8.136888185737      4.270295474564
  258     -1.883023680175     -8.125508665637      4.265361336381
  258      5.729695219690      2.688650166368      4.347140568963
  258     -5.760348610302      2.732155862271      4.307620480929
  258     -5.749930260580     -2.717492941017      4.263661665467
  258      5.746446334596     -2.736514072515      4.264885068359
  258      5.639271031270     -8.085117572872      4.320360549267
  258     -5.633393829967     -8.072209390603      4.271292081014
    8     -0.020647956260      3.999596148096      4.363521405207
    8     -0.008395587776     -3.984293213575      4.368405811910
    8      0.000036456768     -6.856974126731      4.379130722172
    8      0.001287456814      6.880869970612      4.414400325611
    8     -0.017247220574     -1.439264972713      4.379402120224
    8     -0.026157250901      1.445168133834      4.376904839952
    8      3.771766724384      4.015658015348      4.377820574216
    8     -3.802123163673      4.017529664071      4.362213702837
    8     -3.834373544527     -3.971439642978      4.358201592147
    8      3.850823183268     -4.009120110616      4.363119745412
    8      3.865586170239     -6.861526216113      4.463748367126
    8     -3.786104600650     -6.814629201708      4.374977562781
    8     -3.811829547278      6.906768608143      4.341748156740
    8      3.795602176347      6.908263525209      4.302214407773
    8      3.759383381224     -1.490929065214      4.326152301030
    8     -3.839553362567     -1.433372215316      4.384958095327
    8     -3.838663004659      1.464078838224      4.384868496068
    8      3.720317268399      1.438879085538      4.301124296124
    8      7.597610521093      3.963974303337      4.262178066784
    8      7.651323141193     -4.086262979884      4.381565873867
    8      7.655943764823     -7.116783757485      4.308278137293
    8      8.065726158984      6.484651590033      4.650904475632
    8      7.697043536106     -1.515955573002      4.366313681969
    8      7.776486568152      1.413236657659      4.349156739884
  258     -0.015053067481      0.010139112395      2.590596192820
  258     -0.004946429738      5.415904516414      2.589288717994
  258     -0.001252228644     -5.407799804172      2.587409336944
  258      3.818689864335     -0.000409518034      2.596937874359
  258     -3.847916211717      0.013780813041      2.603399826975
  258      3.829733794641      5.402459825597      2.608360831644
  258     -3.835324158878      5.422283499108      2.591607338558
  258     -3.814224512362     -5.390232947618      2.567996113881
  258      3.820280324254     -5.405733076610      2.588360336403
  258      7.673576544408      0.008834183545      2.618490306802
  258      7.669124736828      5.385871201117      2.549302312915
  258      7.667740496073     -5.435940645266      2.599528433676
    8      1.870523987885      1.366288735844      2.506629073264
    8     -1.929428021156      1.373192313575      2.532560361340
    8     -1.928247190170     -1.356831816586      2.535708503953
    8      1.884430782347     -1.365894709019      2.520521620763
    8      1.880375448940      6.796483329451      2.536560729340
    8     -1.899030726645      6.797681980562      2.540227946623
    8     -1.905595546208     -6.780442564269      2.530277266434
    8      1.934959913222     -6.788562045767      2.565048589922
    8      1.911431923904     -4.059685476057      2.532266969816
    8     -1.912559588237     -4.046242324673      2.528213847534
    8     -1.926137948006      4.069343582842      2.522255257355
    8      1.905939533408      4.066577944080      2.524869417245
    8      5.752518827188      1.331369589357      2.556576908887
    8     -5.735236407447      1.373853065330      2.520116641064
    8     -5.746525353214     -1.361750396400      2.538607959441
    8      5.747628969249     -1.381690004254      2.565219249965
    8      5.875250414209      6.817524333005      2.682666328472
    8     -5.773726312806      6.838674464191      2.535025205389
    8     -5.721547715899     -6.731274181688      2.533885621814
    8      5.697240014741     -6.780606302401      2.569739475369
    8      5.755011017872     -4.068633604335      2.525606244306
    8     -5.762680718844     -4.046244925859      2.538602258405
    8     -5.745119649311      4.085579731983      2.548358021676
    8      5.715390520882      4.106465453404      2.490603426601
  258      1.909331323734      2.711522092391      0.648678012619
  258     -1.923001264549      2.713633905255      0.645275468869
  258     -1.920720458012     -2.696421302824      0.644267487830
  258      1.911848159656     -2.703542619910      0.645514941649
  258      1.920894565522      8.136072130196      0.657657605482
  258     -1.914142026443      8.138582429994      0.649687273413
  258      5.744858237590      2.700418895482      0.679693018207
  258     -5.750300785328      2.704292142620      0.664885447915
  258     -5.760956959152     -2.704246034551      0.652415672104
  258      5.753637155659     -2.706906723009      0.654530501655
  258      5.756438170934      8.134855210585      0.677156942569
  258     -5.750971243184      8.139168581329      0.657065145142
    8     -0.008120370337      4.064881643869      0.686207752661
    8     -0.001927073203     -4.055857959498      0.686640268088
    8      0.015404916574     -6.784856061906      0.700580585774
    8     -0.001473265709      6.794051787488      0.678682137473
    8     -0.011892086043     -1.360658549899      0.680320273556
    8     -0.021030421373      1.367540722119      0.673452620989
    8      3.814730705547      4.055703794166      0.678252798379
    8     -3.840591718923      4.065342651452      0.687561049998
    8     -3.837299061313     -4.050293093755      0.685796352086
    8      3.831697919484     -4.059936535285      0.694375380131
    8      3.831963659371     -6.789809572877      0.693295999541
    8     -3.827522001476     -6.784880571264      0.684091236192
    8     -3.837077710737      6.792717978072      0.701710145251
    8      3.879524074339      6.787493806393      0.750710734945
    8      3.835040885350     -1.367145378803      0.690420051337
    8     -3.839401027734     -1.358969979266      0.688414044156
    8     -3.834856458502      1.366275938763      0.683074318615
    8      3.831019897979      1.363851520370      0.696136953548
    8      7.680003325011      4.048165916758      0.697787359815
    8      7.670088537537     -4.075138550540      0.697317779393
    8      7.658276132756     -6.799236523780      0.724902978806
    8      7.653700157394      6.771136385034      0.686780237356
    8      7.664067903002     -1.369376522250      0.699971877410
    8      7.668942342914      1.360085921009      0.700076431551
  258     -0.004169748729      0.004877656789     -1.140423929155
  258     -0.000283059320      5.424810689614     -1.136580190234
  258      0.000849185000     -5.422316264874     -1.136280780943
  258      3.834184720818      0.002561765886     -1.133368488155
  258     -3.840353610959      0.002778105116     -1.135556592205
  258      3.840234239744      5.420573057343     -1.126621331533
  258     -3.839129429052      5.424434968787     -1.134747039929
  258     -3.836267888091     -5.421151612014     -1.140271902738
  258      3.836565449019     -5.424216993480     -1.133494590865
  258      7.667742317127      0.004200442265     -1.127403346742
  258      7.669287883030      5.417090214748     -1.141943669388
  258      7.668720522682     -5.424012608744     -1.131007720001
    8      1.917064184052      1.344651358605     -1.169708946224
    8     -1.925183225848      1.347152449411     -1.176898837861
    8     -1.922715424288     -1.341045307840     -1.173834328900
    8      1.916577623184     -1.342714922951     -1.168827059678
    8      1.940552563554      6.772290395648     -1.146818396109
    8     -1.924371403912      6.772631654321     -1.166638221739
    8     -1.910870409544     -6.766325839130     -1.165806007466
    8      1.918644165061     -6.771205889506     -1.163139623203
    8      1.918569156196     -4.081339694090     -1.167833198422
    8     -1.919494181750     -4.078596293279     -1.167877064315
    8     -1.920665600528      4.085231702661     -1.171343032963
    8      1.910925066333      4.085827783704     -1.174520999822
    8      5.750307036904      1.345251997934     -1.158301332458
    8     -5.757661864156      1.345700258011     -1.163548966954
    8     -5.760444978346     -1.343622882542     -1.164642336317
    8      5.752851746940     -1.344937536723     -1.163906390776
    8      5.746403575219      6.775063808386     -1.154589175569
    8     -5.756129447667      6.773495391132     -1.159461831878
    8     -5.763683343552     -6.767606113409     -1.155778767054
    8      5.758891620317     -6.776107707020     -1.144879409157
    8      5.753631550325     -4.081454994728     -1.162419067913
    8     -5.757668597818     -4.079935153052     -1.165255333773
    8     -5.757130411867      4.082339141703     -1.165396587074
    8      5.755777793184      4.079750676981     -1.155652071506
  258      1.918057650664      2.713196781170     -3.053409585069
  258     -1.919777623545      2.713070396764     -3.054544457863
  258     -1.918773572875     -2.710786064078     -3.055051377622
  258      1.918233105848     -2.711233477406     -3.054145221348
  258      1.920196502023      8.136343499062     -3.050127844510
  258     -1.917533823821      8.136857054722     -3.052674532980
  258      5.752354628812      2.711020640883     -3.046653561962
  258     -5.754300298851      2.711085316948     -3.049476103196
  258     -5.756238347598     -2.710322335139     -3.052127125266
  258      5.753503612037     -2.710935911009     -3.052092318066
  258      5.752927300106      8.136137978606     -3.045607092715
  258     -5.755192798973      8.136304794278     -3.051079117594
    8     -0.000389129764     -1.318783923807     -3.047161511809
    8     -0.000094725781      1.320863094181     -3.047713573423
    8     -0.001810308763      4.109101573208     -3.048147679786
    8     -0.000049772383     -4.106712188326     -3.045161157133
    8      0.002113007813     -6.743160039167     -3.045047187635
    8      0.005324868605      6.745831413856     -3.038737251817
    8      3.836317900311     -1.318558512314     -3.044396007834
    8     -3.839101385791     -1.319401389961     -3.046288157348
    8     -3.839871698096      1.319479573886     -3.047144848409
    8      3.836803549454      1.318461677073     -3.044108852407
    8      3.838602724716      4.107878530293     -3.039921313871
    8     -3.838221084434      4.108388867960     -3.044917060065
    8     -3.837245262859     -4.107435268046     -3.045025529435
    8      3.836895292525     -4.107550412804     -3.043676816336
    8      3.839165691915     -6.743218125961     -3.039718071654
    8     -3.838146558037     -6.742995865227     -3.040606591373
    8     -3.838598893522      6.744843360411     -3.044706483372
    8      3.836943901899      6.742167998212     -3.042681215155
    8      7.670048215121     -1.318306856905     -3.043806894815
    8      7.669312897992      1.318473979502     -3.041904544728
    8      7.669584669044      4.106340226979     -3.044249961142
    8      7.670079147632     -4.108494792979     -3.042432376606
    8      7.669077800246     -6.743250448311     -3.040417986033
    8      7.669464138268      6.741972211912     -3.041013546157
  258      0.000000000000      0.000000000000     -4.794687825205
  258      0.000000000000      5.424570039800     -4.794687825205
  258      0.000000000000     -5.424570039800     -4.794687825205
  258      3.835750260160      0.000000000000     -4.794687825205
  258     -3.835750260160      0.000000000000     -4.794687825205
  258      3.835750260160      5.424570039800     -4.794687825205
  258     -3.835750260160      5.424570039800     -4.794687825205
  258     -3.835750260160     -5.424570039800     -4.794687825205
  258      3.835750260160     -5.424570039800     -4.794687825205
  258      7.671500520300      0.000000000000     -4.794687825205
  258      7.671500520300      5.424570039800     -4.794687825205
  258      7.671500520300     -5.424570039800     -4.794687825205
    8      1.917875130080      1.356142509950     -4.794687825205
    8     -1.917875130080      1.356142509950     -4.794687825205
    8     -1.917875130080     -1.356142509950     -4.794687825205
    8      1.917875130080     -1.356142509950     -4.794687825205
    8      1.917875130080      6.780712549750     -4.794687825205
    8     -1.917875130080      6.780712549750     -4.794687825205
    8     -1.917875130080     -6.780712549750     -4.794687825205
    8      1.917875130080     -6.780712549750     -4.794687825205
    8      1.917875130080     -4.068427529850     -4.794687825205
    8     -1.917875130080     -4.068427529850     -4.794687825205
    8     -1.917875130080      4.068427529850     -4.794687825205
    8      1.917875130080      4.068427529850     -4.794687825205
    8      5.753625390240      1.356142509950     -4.794687825205
    8     -5.753625390240      1.356142509950     -4.794687825205
    8     -5.753625390240     -1.356142509950     -4.794687825205
    8      5.753625390240     -1.356142509950     -4.794687825205
    8      5.753625390240      6.780712549750     -4.794687825205
    8     -5.753625390240      6.780712549750     -4.794687825205
    8     -5.753625390240     -6.780712549750     -4.794687825205
    8      5.753625390240     -6.780712549750     -4.794687825205
    8      5.753625390240     -4.068427529850     -4.794687825205
    8     -5.753625390240     -4.068427529850     -4.794687825205
    8     -5.753625390240      4.068427529850     -4.794687825205
    8      5.753625390240      4.068427529850     -4.794687825205
   14      8.323322162824      5.880785748313      6.108095527380
    8      6.933798518674      5.947326317147      6.964157963624
    8     -5.958210097118      7.043147987425      6.743592930606
    8      9.191196751268      4.477003554736      6.291116698480
    6      5.718186878550      5.388362005857      6.412287857758
    6     -4.623003742838      6.709295327252      7.200315839103
    6      9.460753180780      3.925983373463      7.606725007403
    6      4.508794749659      6.102695617042      6.961985506062
    6     -3.786527574306      7.971908221758      7.322113341266
    6      8.776697098964      2.576478654209      7.675740531216
    1      3.622769032507      5.709367470443      6.437491783160
    1     -2.743618119326      7.681467190178      7.518136036736
    1      8.835561523461      2.155644247617      8.683539807762
    1      4.432582060688    -10.330766692640      8.047839679240
    1     -4.115580008414     -7.661672633843      8.146844473975
    1      4.540563858464     -9.078497941662      6.780839853632
    1     -3.807288503070     -7.705782451468      6.400622793708
    1      5.674609598765      4.335878492349      6.688707954378
    1     -4.693629966225      6.217998336321      8.183821071194
    1      5.728571978884      5.459008155711      5.316189767713
    1     -4.163696159224      6.022083591472      6.480902420709
    1      7.726568853383      2.697154277626      7.378845627842
    1     -6.097099356857      1.847994006637      6.996088975552
    1     -4.777070530610      3.863951091272      7.719790934946
    1      9.063924055685      4.609741185115      8.391523946356
    8      5.865585878638      2.165495155381      6.478802581853
    6      6.182466251098      0.897959177998      6.979565671421
    6      5.424057140824     -0.172956429683      6.234359097258
    1      4.353665603860     -0.023492889825      6.239619796258
    1     -9.616720521566     -0.136520466887      5.192161266008
    1      5.961890622429      0.845659324789      8.056495181305
    1     -8.095792867338      0.685590148235      6.854189523098
    1      5.654359850218     -1.175418769489      6.645444086917
    0    0
