   2   1   1 E -4.5963131416923E+04 DE-4.8E-06(  9)
  0.153430010406E+02  0.000000000000E+00  0.000000000000E+00
  0.000000000000E+00  0.162737101194E+02  0.000000000000E+00
  0.000000000000E+00  0.000000000000E+00  0.500000000000E+03
    1
  0.100000000000E+01  0.000000000000E+00  0.000000000000E+00
  0.000000000000E+00  0.100000000000E+01  0.000000000000E+00
  0.000000000000E+00  0.000000000000E+00  0.100000000000E+01
  0.000000000000E+00  0.000000000000E+00  0.000000000000E+00
  249
  258      1.896163483080      2.714764596731      4.264856449864
  258     -1.932028477890      2.720014589521      4.268377649665
  258     -1.921134083810     -2.693028014474      4.263861601801
  258      1.898960238119     -2.699145112531      4.260482484271
  258      1.884133586207     -8.136450422129      4.269898484123
  258     -1.884025131490     -8.127176903000      4.264155714729
  258      5.725807832048      2.713262848509      4.350628380819
  258     -5.774726849540      2.728993228481      4.305676889982
  258     -5.750047579791     -2.716858451968      4.263186281272
  258      5.749653445305     -2.733292121248      4.270672616189
  258      5.649511323576     -8.087515004474      4.316065507349
  258     -5.640065295082     -8.079746128852      4.269169999340
    8     -0.028421353932      4.000574366586      4.362675875091
    8     -0.010671635398     -3.982889209819      4.365510010098
    8     -0.002637956565     -6.858299651925      4.373072717356
    8     -0.003942601565      6.879477698340      4.416864136962
    8     -0.015415807328     -1.437451150905      4.384153279044
    8     -0.030261485638      1.448476895549      4.381533784255
    8      3.767783578786      4.024827390785      4.374389629243
    8     -3.851425817414      4.035864256839      4.410241549738
    8     -3.829710478873     -3.971628601037      4.359919952222
    8      3.861300979258     -4.003340361070      4.370932646094
    8      3.853493235085     -6.864307237458      4.469721836112
    8     -3.810493352660     -6.820169013380      4.397178575164
    8     -3.804578691309      6.913575976350      4.289064385516
    8      3.792211247179      6.916783969222      4.249768416115
    8      3.751894649297     -1.482774646842      4.324034270408
    8     -3.839645484160     -1.431573399103      4.381995199844
    8     -3.830652548103      1.471278785605      4.378816088387
    8      3.717138712917      1.448349009221      4.289746333444
    8      7.640542571319      3.956382067069      4.246477258145
    8      7.647074463560     -4.078496817484      4.377321227401
    8      7.662086694627     -7.100323806650      4.300289280926
    8      7.968582245084      6.493676208474      4.657837582926
    8      7.706125282784     -1.515392283475      4.367897632333
    8      7.774633266656      1.411622935261      4.364075235709
  258     -0.014544926317      0.012989326969      2.592812012851
  258     -0.009676788805      5.419420120442      2.589111016556
  258     -0.001346212815     -5.407024098906      2.588485411891
  258      3.822277917895      0.006597336629      2.600950478522
  258     -3.847170288669      0.013720638828      2.604083210851
  258      3.823337494003      5.406321283537      2.593783843202
  258     -3.840115275769      5.419838903540      2.587246891201
  258     -3.816390515140     -5.392285768708      2.573270072697
  258      3.821821238605     -5.402319871004      2.593102943180
  258      7.668833142399      0.012617793610      2.620545787957
  258      7.673726173780      5.386191323365      2.549494281767
  258      7.667060040002     -5.436024554396      2.597669827148
    8      1.864832942978      1.369644668397      2.507421996766
    8     -1.927335550810      1.375649042147      2.533894732323
    8     -1.926570776425     -1.355659164622      2.536285654252
    8      1.877764483892     -1.362955301043      2.518120515243
    8      1.867330998054      6.797606925072      2.528959887036
    8     -1.888732325009      6.796574534504      2.531700842307
    8     -1.917611659514     -6.779768737691      2.537504229337
    8      1.933559655991     -6.785718706798      2.562774933214
    8      1.916010792827     -4.057150163141      2.538179888866
    8     -1.913807033650     -4.046795030205      2.526976584687
    8     -1.944813219548      4.066720169389      2.536305467026
    8      1.902465802398      4.067821931225      2.523673830611
    8      5.756459995764      1.343968078192      2.561057110209
    8     -5.738300323975      1.383625994589      2.534757783721
    8     -5.749338258282     -1.358733546981      2.539485172816
    8      5.751641576132     -1.374039578588      2.571106026729
    8      5.871928628382      6.827209247799      2.658673478925
    8     -5.798765414303      6.828934108844      2.555942129886
    8     -5.718804457196     -6.741888161339      2.536083364467
    8      5.699584691859     -6.770470997630      2.569413955018
    8      5.753503203697     -4.060695144754      2.526712827161
    8     -5.760683742366     -4.050191192776      2.540153516070
    8     -5.735262768542      4.079870669326      2.532672683102
    8      5.715402079862      4.115640567993      2.500631233923
  258      1.905327538355      2.711481785359      0.649128540152
  258     -1.925582153254      2.713565096889      0.647048341487
  258     -1.920236396592     -2.697803967175      0.645594704422
  258      1.912873275819     -2.701868107182      0.647934813564
  258      1.918248621723      8.138129555550      0.657703429259
  258     -1.917066748178      8.139735853606      0.650196009348
  258      5.743410436800      2.702791419870      0.684670396581
  258     -5.752528328830      2.704343391498      0.661050581440
  258     -5.761484844832     -2.703201694557      0.653391148138
  258      5.752348347627     -2.704772394522      0.657049714323
  258      5.754847154933      8.136126043222      0.673312710013
  258     -5.753884678426      8.140021495262      0.656719449318
    8     -0.015517313789      4.066541238113      0.691914964183
    8      0.001125761596     -4.054513011838      0.689048874610
    8      0.007837893093     -6.783144470955      0.702587546012
    8     -0.004179847702      6.796490222245      0.670882483463
    8     -0.016278370003     -1.359156427657      0.677365688712
    8     -0.021785345057      1.369707355986      0.671592309400
    8      3.815235457604      4.054731623544      0.676898453212
    8     -3.836266359990      4.063872723923      0.679566351109
    8     -3.839448423556     -4.051532467715      0.688758896413
    8      3.829861425520     -4.059423124150      0.694909153511
    8      3.832441970231     -6.786904553196      0.696675507227
    8     -3.829843910749     -6.784249049571      0.684089128799
    8     -3.848515921328      6.792400066724      0.712611291349
    8      3.871595957749      6.790801474995      0.738463104358
    8      3.838805291292     -1.366521490200      0.695760811432
    8     -3.840953567036     -1.359302609898      0.689794316086
    8     -3.836806692099      1.365578318729      0.686940905651
    8      3.829558256695      1.363277508857      0.698028159693
    8      7.674927026821      4.048570564923      0.695288971791
    8      7.671818473040     -4.072527208616      0.697808118607
    8      7.660482399796     -6.797954706060      0.723093275116
    8      7.661778935780      6.773980597365      0.683159351515
    8      7.661895119756     -1.366948524432      0.700001541707
    8      7.669615804370      1.360181610062      0.701483295828
  258     -0.005295403183      0.004512612706     -1.139434214788
  258     -0.002540635335      5.425693713200     -1.136250404763
  258      0.000473879272     -5.421339129067     -1.135446202679
  258      3.833261240660      0.003514478756     -1.131975844965
  258     -3.840178690884      0.001948096830     -1.135481091661
  258      3.838195736454      5.420728351719     -1.130386553896
  258     -3.840605067275      5.425112503386     -1.136281551647
  258     -3.837187806780     -5.420428002090     -1.138423069059
  258      3.835801780178     -5.422984334741     -1.131591751827
  258      7.666476178698      0.004416968032     -1.126380627569
  258      7.667602238733      5.418732454624     -1.142074601110
  258      7.668131291810     -5.421770170383     -1.131393981797
    8      1.917399006976      1.344687154707     -1.169497448902
    8     -1.928209637826      1.346887224179     -1.175047775476
    8     -1.925412515816     -1.341556071438     -1.174208642147
    8      1.918429523098     -1.342182749370     -1.165399817021
    8      1.937256546764      6.772599779393     -1.151113801788
    8     -1.932006998264      6.773401494623     -1.163479452920
    8     -1.912189748923     -6.766382959970     -1.165853578737
    8      1.916356837285     -6.769578342210     -1.161937837736
    8      1.918319653178     -4.079648060818     -1.167554853018
    8     -1.920114209913     -4.078694067355     -1.166144100037
    8     -1.918705164392      4.085402780834     -1.173431256142
    8      1.907762519858      4.085387885252     -1.172100130343
    8      5.749767870571      1.347203538610     -1.155560908828
    8     -5.757635650962      1.345941090501     -1.164935358268
    8     -5.761911002294     -1.343653639055     -1.163508633022
    8      5.751753497562     -1.344246365404     -1.164787341867
    8      5.747414261111      6.775366156721     -1.156048332472
    8     -5.753477489245      6.775272877248     -1.160337090062
    8     -5.763820880643     -6.768042085324     -1.154781973723
    8      5.758255433930     -6.774398095726     -1.146568881448
    8      5.753121160150     -4.080490954125     -1.160306287674
    8     -5.757220498183     -4.079520748002     -1.165268361342
    8     -5.758590720698      4.083985853951     -1.166166379941
    8      5.754245177068      4.081054670392     -1.154485376760
  258      1.917230632790      2.713265410435     -3.053145544472
  258     -1.920055308362      2.713273422499     -3.054047009651
  258     -1.918990205248     -2.711133549602     -3.054607659534
  258      1.918030302963     -2.710999521191     -3.053276104430
  258      1.919496265414      8.136837156760     -3.050044776742
  258     -1.918226415351      8.137456924293     -3.052370369937
  258      5.752243392938      2.710911350612     -3.044840404435
  258     -5.755082836578      2.711150353763     -3.050520358410
  258     -5.756270478538     -2.710047678662     -3.052010036730
  258      5.753110059256     -2.710516103790     -3.050937791773
  258      5.752539465817      8.136895957825     -3.047049648251
  258     -5.755389270255      8.137204313800     -3.051069128410
    8      0.000029984731     -1.318787953888     -3.046314592892
    8     -0.001065687766      1.320702718653     -3.046764207639
    8     -0.001097199762      4.109036076729     -3.049217524871
    8     -0.000454717146     -4.106130694535     -3.044151234713
    8      0.001453920052     -6.742056147285     -3.044450960802
    8      0.002183903503      6.746290169324     -3.038243228602
    8      3.835367470438     -1.318000252997     -3.044027616394
    8     -3.840011961082     -1.319811521768     -3.045571984340
    8     -3.840036875007      1.318774720578     -3.047590946272
    8      3.837258682049      1.319263224213     -3.043377865887
    8      3.837337051044      4.108332829649     -3.039839740200
    8     -3.838882644782      4.108204666626     -3.044179300102
    8     -3.837120828481     -4.107067154436     -3.045049901773
    8      3.836684437617     -4.107435709075     -3.043757931483
    8      3.838342205855     -6.742980225520     -3.039054624504
    8     -3.838588273137     -6.742438413806     -3.040759740152
    8     -3.838589611540      6.744906099622     -3.045904025988
    8      3.836920702377      6.742801063967     -3.043117833306
    8      7.669792147578     -1.317878683637     -3.044067340380
    8      7.668194958641      1.319034860626     -3.041540264790
    8      7.668535679527      4.106628339117     -3.044264375550
    8      7.669437489666     -4.108162909256     -3.041810690062
    8      7.669418254447     -6.742404528219     -3.040393416130
    8      7.669862878497      6.742866605578     -3.041256374359
  258      0.000000000000      0.000000000000     -4.794687825205
  258      0.000000000000      5.424570039800     -4.794687825205
  258      0.000000000000     -5.424570039800     -4.794687825205
  258      3.835750260160      0.000000000000     -4.794687825205
  258     -3.835750260160      0.000000000000     -4.794687825205
  258      3.835750260160      5.424570039800     -4.794687825205
  258     -3.835750260160      5.424570039800     -4.794687825205
  258     -3.835750260160     -5.424570039800     -4.794687825205
  258      3.835750260160     -5.424570039800     -4.794687825205
  258      7.671500520300      0.000000000000     -4.794687825205
  258      7.671500520300      5.424570039800     -4.794687825205
  258      7.671500520300     -5.424570039800     -4.794687825205
    8      1.917875130080      1.356142509950     -4.794687825205
    8     -1.917875130080      1.356142509950     -4.794687825205
    8     -1.917875130080     -1.356142509950     -4.794687825205
    8      1.917875130080     -1.356142509950     -4.794687825205
    8      1.917875130080      6.780712549750     -4.794687825205
    8     -1.917875130080      6.780712549750     -4.794687825205
    8     -1.917875130080     -6.780712549750     -4.794687825205
    8      1.917875130080     -6.780712549750     -4.794687825205
    8      1.917875130080     -4.068427529850     -4.794687825205
    8     -1.917875130080     -4.068427529850     -4.794687825205
    8     -1.917875130080      4.068427529850     -4.794687825205
    8      1.917875130080      4.068427529850     -4.794687825205
    8      5.753625390240      1.356142509950     -4.794687825205
    8     -5.753625390240      1.356142509950     -4.794687825205
    8     -5.753625390240     -1.356142509950     -4.794687825205
    8      5.753625390240     -1.356142509950     -4.794687825205
    8      5.753625390240      6.780712549750     -4.794687825205
    8     -5.753625390240      6.780712549750     -4.794687825205
    8     -5.753625390240     -6.780712549750     -4.794687825205
    8      5.753625390240     -6.780712549750     -4.794687825205
    8      5.753625390240     -4.068427529850     -4.794687825205
    8     -5.753625390240     -4.068427529850     -4.794687825205
    8     -5.753625390240      4.068427529850     -4.794687825205
    8      5.753625390240      4.068427529850     -4.794687825205
   14      8.084421321230      6.040211342403      6.188944670678
    8      6.594901174681      6.382659833352      6.855731158354
    8     -6.079401601262      7.122180617214      6.765611538730
    8      8.603447768548      4.537280998969      6.698151593756
    6      5.518244953664      5.492959906033      6.398354201415
    6     -4.752461915648      6.594250454192      7.089732626949
    6      8.622126844666      4.349908546889      8.142801375334
    6      4.198780403449      6.041033247054      6.908454552527
    6     -3.759240637718      7.741894003119      7.224669736383
    6      7.932767765657      3.048971210704      8.496503090916
    1      3.391537025834      5.479568882682      6.422335651003
    1     -2.742482237775      7.318322264149      7.244321287765
    1      7.970255003750      2.909454514736      9.587402952984
    1      4.125593341511    -10.320103016369      8.005642154418
    1     -3.909177746413     -7.965922003321      8.151555395631
    1      4.077011441509     -9.170332023873      6.633954895037
    1     -3.816039897285     -7.826542781684      6.390567765004
    1      5.689044449324      4.456109006490      6.748570152279
    1     -4.808930030953      6.058222307167      8.044392203484
    1      5.510323940316      5.466361049698      5.286316432453
    1     -4.432445356481      5.899761830265      6.299570671297
    1      6.891807137316      3.063774902917      8.151599456493
    1     -6.902474876221      2.192017431633      8.020117030355
    1     -5.666077444914      4.344536216530      8.487532383629
    1      8.112623782252      5.206818587271      8.643112019746
    8      5.712528792641      2.235361261054      6.470891969117
    6      6.099823418611      1.005265705991      7.015577931785
    6      5.472988037726     -0.140562835154      6.231244929730
    1      4.383015217095     -0.083575836674      6.186951564734
    1     -9.494353222681     -0.099370188908      5.198086971537
    1      5.807785880062      0.950285213968      8.092644491725
    1     -8.139855859801      0.888599655659      6.978392032054
    1      5.785166319042     -1.110115856231      6.667180776474
    0    0
