   2   1   1 E -4.5963145846781E+04 DE 6.6E-07(  7)
  0.153430010406E+02  0.000000000000E+00  0.000000000000E+00
  0.000000000000E+00  0.162737101194E+02  0.000000000000E+00
  0.000000000000E+00  0.000000000000E+00  0.500000000000E+03
    1
  0.100000000000E+01  0.000000000000E+00  0.000000000000E+00
  0.000000000000E+00  0.100000000000E+01  0.000000000000E+00
  0.000000000000E+00  0.000000000000E+00  0.100000000000E+01
  0.000000000000E+00  0.000000000000E+00  0.000000000000E+00
  249
  258      1.898728494909      2.709585833896      4.264575547760
  258     -1.927554225637      2.719398961920      4.262840515721
  258     -1.922209702105     -2.694687313592      4.263581859557
  258      1.898554315618     -2.704188690689      4.259567824829
  258      1.880013925449     -8.136903476837      4.269875942049
  258     -1.883331663192     -8.125354444535      4.265193229461
  258      5.730153993937      2.688855684605      4.347963778564
  258     -5.760075067512      2.732179640755      4.307318833519
  258     -5.749768041564     -2.718125392189      4.263449593346
  258      5.746868565849     -2.737302271338      4.264603461390
  258      5.639431600139     -8.084771231322      4.319366833778
  258     -5.634104473139     -8.072491448718      4.270776830139
    8     -0.020193125851      3.999860133587      4.363610735157
    8     -0.008194018835     -3.984447948955      4.368269826318
    8     -0.000061594847     -6.857042548664      4.379156522908
    8      0.001249577158      6.880995981685      4.413985576250
    8     -0.016968934611     -1.439379800365      4.379485459448
    8     -0.025410267355      1.445196677963      4.377154295208
    8      3.772210957395      4.016017939361      4.377876329562
    8     -3.801114664055      4.017737727662      4.362597154772
    8     -3.834266979154     -3.972045998931      4.358139334926
    8      3.851109605970     -4.009417173200      4.362783374391
    8      3.865248548908     -6.861441246677      4.462776315582
    8     -3.786603795497     -6.815333695029      4.374992798417
    8     -3.812073082150      6.906878140088      4.340811457938
    8      3.795646961945      6.908198247357      4.301563288160
    8      3.759353353546     -1.491183390792      4.325699502782
    8     -3.839307380444     -1.433946210620      4.384913723201
    8     -3.839099436114      1.463824931423      4.385628532148
    8      3.720825902680      1.439166270390      4.301359957485
    8      7.598519341684      3.964778841206      4.264424499182
    8      7.651652515943     -4.086676429519      4.380939438071
    8      7.656298937173     -7.116482622319      4.308147457356
    8      8.063426801277      6.485987631921      4.651108234182
    8      7.697461817076     -1.516778567825      4.366071598514
    8      7.777598629254      1.413470104117      4.348759266037
  258     -0.014653878051      0.010055311300      2.590698476152
  258     -0.004754938891      5.416137467559      2.589201330599
  258     -0.001266715816     -5.407895608404      2.587282371889
  258      3.819080295392     -0.000421180670      2.596931472965
  258     -3.847532139319      0.013312512136      2.603487658951
  258      3.829933002510      5.402616960212      2.608108435215
  258     -3.835046286279      5.422899244267      2.591440129804
  258     -3.814330331525     -5.390594131550      2.568012292439
  258      3.820347243185     -5.405570509659      2.587967426380
  258      7.673707681804      0.008610606010      2.618330208593
  258      7.669161868825      5.386335218841      2.549631890970
  258      7.667942661696     -5.436262548508      2.599237458236
    8      1.870929988071      1.366337476329      2.506810320783
    8     -1.929087187502      1.373124221730      2.532887264723
    8     -1.927955447902     -1.357114036007      2.535765316885
    8      1.884525829362     -1.365961357950      2.520401919727
    8      1.880629579606      6.796591635496      2.536259656598
    8     -1.899187834059      6.797947229235      2.540193607146
    8     -1.905660131139     -6.780472916544      2.530204573838
    8      1.934835387438     -6.788476458995      2.564614544575
    8      1.911538982382     -4.059735046844      2.532080942651
    8     -1.912498322541     -4.046486086057      2.528202037345
    8     -1.925426344806      4.069606152866      2.522072518949
    8      1.906247383300      4.066683019613      2.524974370706
    8      5.752962686844      1.331377858240      2.557018007400
    8     -5.734734218429      1.373927978909      2.519712524669
    8     -5.746468049486     -1.362213086762      2.538649505431
    8      5.747925623061     -1.381931122985      2.565071903997
    8      5.875138942203      6.817712793435      2.682156649030
    8     -5.774010687968      6.838931126722      2.535363509136
    8     -5.721709212323     -6.731632366630      2.533838947223
    8      5.697584259591     -6.780303772297      2.568930580199
    8      5.755241085875     -4.068888517677      2.525215678702
    8     -5.762457681927     -4.046677604627      2.538378790722
    8     -5.745022995244      4.086304819281      2.548653411856
    8      5.715801088795      4.106448429332      2.490868289857
  258      1.909541453827      2.711536994048      0.648773498818
  258     -1.922707289062      2.713691900005      0.645337557124
  258     -1.920598889999     -2.696617724826      0.644285010261
  258      1.911961950045     -2.703636931504      0.645472355453
  258      1.920907342705      8.136111194613      0.657463791376
  258     -1.914144046253      8.138665743388      0.649700794126
  258      5.744977121263      2.700431341645      0.680108453745
  258     -5.750082025836      2.704498104821      0.664442069861
  258     -5.760790639684     -2.704494454703      0.652315781195
  258      5.753761725971     -2.707074270717      0.654406669947
  258      5.756562583971      8.134973677436      0.676850560520
  258     -5.751068088633      8.139229713824      0.657072192196
    8     -0.007762970480      4.064959384815      0.686138889566
    8     -0.001866116607     -4.055940260146      0.686570664633
    8      0.015404536613     -6.784852198728      0.700484338115
    8     -0.001491966665      6.794127399979      0.678751130606
    8     -0.011830116924     -1.360749326674      0.680249568739
    8     -0.020782969325      1.367581881078      0.673585120168
    8      3.814845921508      4.055711000858      0.678370032079
    8     -3.840554894190      4.065487113156      0.687713319244
    8     -3.837208911508     -4.050557287752      0.685879238166
    8      3.831784162171     -4.059920764009      0.694187963337
    8      3.831941483057     -6.789716687433      0.692914281372
    8     -3.827633628819     -6.784951536932      0.684223487789
    8     -3.837005446318      6.792822990676      0.701528124156
    8      3.879626783444      6.787596494894      0.750467822739
    8      3.835267672582     -1.367240820108      0.690451821463
    8     -3.839276826939     -1.359170904064      0.688401017481
    8     -3.834410461410      1.366336590449      0.682920833202
    8      3.831248370361      1.363755362745      0.696232257858
    8      7.680339121845      4.048259500740      0.697944624655
    8      7.670292109165     -4.075392567107      0.697135841698
    8      7.658508979027     -6.799380466222      0.724643780184
    8      7.653735542457      6.771221362077      0.686752714888
    8      7.664180842855     -1.369573765324      0.699771857568
    8      7.668978466335      1.360155304221      0.699993220591
  258     -0.004049582033      0.004829352920     -1.140359419873
  258     -0.000180073930      5.424868725246     -1.136550699208
  258      0.000864159904     -5.422326905627     -1.136283887386
  258      3.834274650241      0.002511984352     -1.133363903078
  258     -3.840197889769      0.002717830645     -1.135610972883
  258      3.840358276542      5.420568505575     -1.126605993799
  258     -3.839053078632      5.424543182913     -1.134789065122
  258     -3.836229622128     -5.421229918299     -1.140217059824
  258      3.836613578738     -5.424217645957     -1.133603185836
  258      7.667784011635      0.004191120726     -1.127447690367
  258      7.669308657893      5.417190657580     -1.141914013830
  258      7.668822215253     -5.424061038875     -1.131054039366
    8      1.917210639863      1.344601421626     -1.169623595325
    8     -1.925011223047      1.347096761517     -1.176882006196
    8     -1.922635480493     -1.341137236054     -1.173797098750
    8      1.916668773277     -1.342786134335     -1.168796995070
    8      1.940556235984      6.772292763643     -1.146883856985
    8     -1.924265777060      6.772710630018     -1.166621158240
    8     -1.910902438509     -6.766335615006     -1.165765463076
    8      1.918631740881     -6.771211795874     -1.163319023918
    8      1.918632246336     -4.081365883681     -1.167858748073
    8     -1.919505038183     -4.078669806117     -1.167864024295
    8     -1.920576632738      4.085319246942     -1.171303518847
    8      1.911077420092      4.085816568424     -1.174529367547
    8      5.750357987992      1.345207941979     -1.158238264569
    8     -5.757585466866      1.345789731331     -1.163705264387
    8     -5.760370471220     -1.343685913541     -1.164685371065
    8      5.752932074483     -1.345015899676     -1.164021899401
    8      5.746507059251      6.775108817698     -1.154714849024
    8     -5.756154033870      6.773614093427     -1.159430016327
    8     -5.763585745859     -6.767665898741     -1.155781429454
    8      5.759012994944     -6.776128349843     -1.145066427827
    8      5.753693520232     -4.081537440896     -1.162507385684
    8     -5.757531740641     -4.080036694235     -1.165314448265
    8     -5.757047165666      4.082451980414     -1.165591740868
    8      5.755881664597      4.079829959986     -1.155401349012
  258      1.918132288588      2.713207981089     -3.053350585052
  258     -1.919697077161      2.713088145936     -3.054567596930
  258     -1.918737055381     -2.710852056640     -3.055009473994
  258      1.918243430284     -2.711272085831     -3.054140450838
  258      1.920224491808      8.136349061016     -3.050166368376
  258     -1.917515752732      8.136885485337     -3.052652601351
  258      5.752364441344      2.711035623673     -3.046540689231
  258     -5.754299317146      2.711104077752     -3.049523637654
  258     -5.756193291523     -2.710377326806     -3.052137444061
  258      5.753541566691     -2.710972324427     -3.052073081942
  258      5.752969915166      8.136145037715     -3.045650884091
  258     -5.755163717417      8.136348874111     -3.051065388923
    8     -0.000351306329     -1.318827400853     -3.047152142405
    8     -0.000041190160      1.320856036064     -3.047669890888
    8     -0.001761401573      4.109108944759     -3.048121711949
    8     -0.000022736980     -4.106721891596     -3.045132162170
    8      0.002079569972     -6.743144844012     -3.045061008554
    8      0.005352298175      6.745842937099     -3.038743009256
    8      3.836330968107     -1.318581521494     -3.044410167808
    8     -3.839047857921     -1.319476928417     -3.046268286825
    8     -3.839803960146      1.319471362989     -3.047185439991
    8      3.836860241099      1.318486445539     -3.044083231082
    8      3.838694798743      4.107877233822     -3.039872346587
    8     -3.838174782515      4.108443088776     -3.044922025091
    8     -3.837201703030     -4.107483863621     -3.045018616902
    8      3.836902040066     -4.107570607089     -3.043751226773
    8      3.839204684796     -6.743231225273     -3.039783362647
    8     -3.838127194157     -6.742982121526     -3.040600403303
    8     -3.838567021018      6.744901235208     -3.044679948950
    8      3.836982457141      6.742153940952     -3.042710813074
    8      7.670065368615     -1.318324700109     -3.043858511287
    8      7.669306269140      1.318511593126     -3.041897444785
    8      7.669542388948      4.106348189117     -3.044200266185
    8      7.670115590031     -4.108542034856     -3.042433634195
    8      7.669165611523     -6.743247069833     -3.040464217381
    8      7.669472443977      6.741996376519     -3.041037049643
  258      0.000000000000      0.000000000000     -4.794687825205
  258      0.000000000000      5.424570039800     -4.794687825205
  258      0.000000000000     -5.424570039800     -4.794687825205
  258      3.835750260160      0.000000000000     -4.794687825205
  258     -3.835750260160      0.000000000000     -4.794687825205
  258      3.835750260160      5.424570039800     -4.794687825205
  258     -3.835750260160      5.424570039800     -4.794687825205
  258     -3.835750260160     -5.424570039800     -4.794687825205
  258      3.835750260160     -5.424570039800     -4.794687825205
  258      7.671500520300      0.000000000000     -4.794687825205
  258      7.671500520300      5.424570039800     -4.794687825205
  258      7.671500520300     -5.424570039800     -4.794687825205
    8      1.917875130080      1.356142509950     -4.794687825205
    8     -1.917875130080      1.356142509950     -4.794687825205
    8     -1.917875130080     -1.356142509950     -4.794687825205
    8      1.917875130080     -1.356142509950     -4.794687825205
    8      1.917875130080      6.780712549750     -4.794687825205
    8     -1.917875130080      6.780712549750     -4.794687825205
    8     -1.917875130080     -6.780712549750     -4.794687825205
    8      1.917875130080     -6.780712549750     -4.794687825205
    8      1.917875130080     -4.068427529850     -4.794687825205
    8     -1.917875130080     -4.068427529850     -4.794687825205
    8     -1.917875130080      4.068427529850     -4.794687825205
    8      1.917875130080      4.068427529850     -4.794687825205
    8      5.753625390240      1.356142509950     -4.794687825205
    8     -5.753625390240      1.356142509950     -4.794687825205
    8     -5.753625390240     -1.356142509950     -4.794687825205
    8      5.753625390240     -1.356142509950     -4.794687825205
    8      5.753625390240      6.780712549750     -4.794687825205
    8     -5.753625390240      6.780712549750     -4.794687825205
    8     -5.753625390240     -6.780712549750     -4.794687825205
    8      5.753625390240     -6.780712549750     -4.794687825205
    8      5.753625390240     -4.068427529850     -4.794687825205
    8     -5.753625390240     -4.068427529850     -4.794687825205
    8     -5.753625390240      4.068427529850     -4.794687825205
    8      5.753625390240      4.068427529850     -4.794687825205
   14      8.324596592439      5.879922282126      6.107193285465
    8      6.935581324748      5.939047626407      6.970559424232
    8     -5.958476929877      7.045538788881      6.743032037418
    8      9.201125384577      4.474708222972      6.284672687427
    6      5.717288709443      5.386906616489      6.412038238513
    6     -4.622796374646      6.709902021801      7.197259352299
    6      9.463386864201      3.918131825446      7.600586268731
    6      4.508372385640      6.101243903015      6.968084764379
    6     -3.786731778972      7.973101916070      7.320825019628
    6      8.787176163364      2.567825720352      7.672293049562
    1      3.623975851885      5.696644765064      6.461970539539
    1     -2.743023773525      7.684496069790      7.516669276247
    1      8.833051277255      2.148831079092      8.681926358546
    1      4.441388502516    -10.316618040402      8.054170705196
    1     -4.117865456361     -7.662602593918      8.146422848755
    1      4.529164612467     -9.087036619835      6.773774691634
    1     -3.807966456146     -7.702255004149      6.402527440682
    1      5.670240179403      4.330592454902      6.682818135415
    1     -4.691571880771      6.214923210989      8.178417113295
    1      5.728607280338      5.464362611781      5.313757925491
    1     -4.165316705303      6.025519870082      6.474489136278
    1      7.743485479588      2.681624748267      7.361958685699
    1     -6.076873162881      1.839314935901      7.002233690480
    1     -4.782693255960      3.866591987349      7.726452954329
    1      9.057618170047      4.594979013674      8.383167237349
    8      5.866244737387      2.165589499278      6.479545289748
    6      6.185285422209      0.899752357773      6.982318672573
    6      5.422778624353     -0.169969737511      6.235287742123
    1      4.349396455702     -0.021167955562      6.246788380485
    1     -9.621430298711     -0.128157536014      5.188789066064
    1      5.963913590367      0.848587457853      8.060552064503
    1     -8.090033033426      0.687538425664      6.855994559364
    1      5.659164247932     -1.172813054810      6.641675446336
    0    0
