   2   1   1 E -4.5963146257730E+04 DE 4.1E-06(  8)
  0.153430010406E+02  0.000000000000E+00  0.000000000000E+00
  0.000000000000E+00  0.162737101194E+02  0.000000000000E+00
  0.000000000000E+00  0.000000000000E+00  0.500000000000E+03
    1
  0.100000000000E+01  0.000000000000E+00  0.000000000000E+00
  0.000000000000E+00  0.100000000000E+01  0.000000000000E+00
  0.000000000000E+00  0.000000000000E+00  0.100000000000E+01
  0.000000000000E+00  0.000000000000E+00  0.000000000000E+00
  249
  258      1.899492234593      2.709919214330      4.264213610199
  258     -1.926639356091      2.720161144034      4.263455156766
  258     -1.921703425186     -2.694957323917      4.263649468254
  258      1.898980889075     -2.704111297439      4.259501813642
  258      1.880045117941     -8.136940947031      4.269105637136
  258     -1.883789560576     -8.125248413204      4.264751791703
  258      5.730801737853      2.688797722193      4.348387981592
  258     -5.760444985338      2.732686077966      4.307516164116
  258     -5.749191922600     -2.718733312977      4.263280433540
  258      5.747745206800     -2.737960416392      4.264154308346
  258      5.639880359549     -8.084404811108      4.318223386657
  258     -5.634866058737     -8.073266134939      4.270270156409
    8     -0.019424647544      4.000298648988      4.363466851493
    8     -0.007798519056     -3.984531052169      4.368140152758
    8     -0.000091598070     -6.857226967804      4.379167434652
    8      0.001372421365      6.881196269929      4.413151184988
    8     -0.016587705081     -1.439339806512      4.379607292853
    8     -0.024347428564      1.445431998994      4.377280107276
    8      3.773032185808      4.016145686224      4.377128820905
    8     -3.798837869846      4.018122106478      4.362456272263
    8     -3.833977406178     -3.972850057768      4.358056461224
    8      3.851464748476     -4.009657509878      4.362431423409
    8      3.865197288246     -6.861303676287      4.461161603394
    8     -3.786749829196     -6.815983970782      4.373772947714
    8     -3.812521529269      6.906613856474      4.340933713340
    8      3.795756841423      6.907980286639      4.301566626168
    8      3.759719346731     -1.490936376224      4.325433394680
    8     -3.838665972546     -1.434709148904      4.384942093637
    8     -3.840481778079      1.463653045407      4.388009618050
    8      3.721660091007      1.439670719550      4.301516943405
    8      7.597411632268      3.965578661514      4.266793380651
    8      7.652518238281     -4.087185350510      4.380179709989
    8      7.656776265179     -7.116729823904      4.308036905520
    8      8.063276136541      6.485935384514      4.652398333215
    8      7.698342706982     -1.517601012900      4.365503670873
    8      7.778173883423      1.414077296675      4.347600324536
  258     -0.014076609067      0.010117699206      2.590845597745
  258     -0.004392589708      5.416347978793      2.588935631221
  258     -0.001182371364     -5.408040790868      2.587016972048
  258      3.819573403789     -0.000387752914      2.596908564233
  258     -3.846939376014      0.012840342557      2.603865046989
  258      3.830316067101      5.402583625742      2.607844741798
  258     -3.834559516124      5.423706022680      2.591424234117
  258     -3.814205010483     -5.391123797838      2.567744038915
  258      3.820422086875     -5.405384509943      2.587330304621
  258      7.673972285033      0.008300399552      2.617990186129
  258      7.669088137454      5.386361565277      2.549985255781
  258      7.668460421623     -5.436761238538      2.598716315912
    8      1.871596138197      1.366444637762      2.506921862091
    8     -1.928960365646      1.373144643003      2.533478566821
    8     -1.927455401912     -1.357317949166      2.535933767777
    8      1.884824618032     -1.365844324527      2.520291261514
    8      1.881385925904      6.796614592773      2.535812460835
    8     -1.899597872200      6.798297741893      2.540194168771
    8     -1.905455803144     -6.780644103582      2.529867903891
    8      1.934678586831     -6.788486636513      2.563977435276
    8      1.911709057232     -4.059730036324      2.531707993328
    8     -1.912222163421     -4.046733826168      2.528121630798
    8     -1.923984144804      4.069956682616      2.521366983601
    8      1.906782063019      4.066795503304      2.524935069551
    8      5.753375767201      1.331100329398      2.557306991025
    8     -5.734094421538      1.373813671506      2.518751875837
    8     -5.746109367239     -1.362655663235      2.538959268183
    8      5.748437590235     -1.382190291011      2.564575548272
    8      5.875181986734      6.817583733761      2.681738557943
    8     -5.773940883360      6.838952784664      2.535647436362
    8     -5.721859012580     -6.732238461656      2.533664516426
    8      5.698303863328     -6.780262321094      2.567841441987
    8      5.755693110609     -4.069298599890      2.524500465495
    8     -5.761904649691     -4.047149446765      2.537869016040
    8     -5.745475322722      4.087205769269      2.549158805488
    8      5.716458614265      4.105942355051      2.490657717056
  258      1.909864281395      2.711539292709      0.648797519932
  258     -1.922345899985      2.713745591893      0.645536610395
  258     -1.920261847297     -2.696791136806      0.644211428708
  258      1.912166077817     -2.703665412547      0.645311780337
  258      1.921023181265      8.136036049604      0.657059002198
  258     -1.914029967102      8.138664870795      0.649685562565
  258      5.745183419232      2.700299608996      0.679981614451
  258     -5.749825981948      2.704721082546      0.663601272360
  258     -5.760326592409     -2.704765162703      0.652078776039
  258      5.754027315592     -2.707280125390      0.654003175398
  258      5.756945370625      8.134965296463      0.676306887834
  258     -5.750969416804      8.139072386372      0.657028175068
    8     -0.007001960063      4.064993865969      0.685749853082
    8     -0.001723852831     -4.055986320001      0.686348003342
    8      0.015636639871     -6.784939056493      0.700153259900
    8     -0.001442563838      6.794127641393      0.678939875900
    8     -0.011609567468     -1.360792171201      0.680180928879
    8     -0.020408541016      1.367662170849      0.673862165234
    8      3.815047383728      4.055571326069      0.678257413304
    8     -3.840687058509      4.065569598741      0.688165444420
    8     -3.836792010569     -4.050873367342      0.685855614774
    8      3.831969552805     -4.059867341637      0.693823532702
    8      3.831979341498     -6.789815948591      0.692140604329
    8     -3.827592527832     -6.785191364458      0.684350560791
    8     -3.836702210940      6.792802113770      0.701089380199
    8      3.880049825931      6.787518728836      0.750267242345
    8      3.835565956730     -1.367307449440      0.690381523203
    8     -3.838964487434     -1.359335415640      0.688393461715
    8     -3.833650678208      1.366529214020      0.682714250788
    8      3.831611591115      1.363613102198      0.696121603230
    8      7.680768663860      4.048279884606      0.697770098665
    8      7.670734504044     -4.075738064289      0.696744547717
    8      7.659042385796     -6.799738493444      0.724044167975
    8      7.653865237741      6.771146640648      0.686775324963
    8      7.664526117968     -1.369800873318      0.699387337791
    8      7.668882217217      1.360271962205      0.699509979920
  258     -0.003827578934      0.004783840624     -1.140249975372
  258      0.000014964961      5.424895448303     -1.136568088836
  258      0.000978209703     -5.422391860798     -1.136417986959
  258      3.834471652116      0.002456620758     -1.133472614975
  258     -3.839891826434      0.002650169732     -1.135613430046
  258      3.840605049937      5.420448460936     -1.126712859767
  258     -3.838869369223      5.424620992394     -1.134816645095
  258     -3.836013554903     -5.421396383640     -1.140267539902
  258      3.836738288429     -5.424293464409     -1.133963894533
  258      7.667873661217      0.004241449699     -1.127674264253
  258      7.669333908659      5.417195926660     -1.141975228510
  258      7.669087845714     -5.424150181902     -1.131283566069
    8      1.917393896109      1.344520042524     -1.169548103507
    8     -1.924655244081      1.346979562141     -1.176885273907
    8     -1.922369949574     -1.341203445310     -1.173685285376
    8      1.916848377827     -1.342824527680     -1.168830153816
    8      1.940649992469      6.772221892308     -1.146961805138
    8     -1.923893661989      6.772739293381     -1.166679370583
    8     -1.910890671030     -6.766415480956     -1.165728253776
    8      1.918690512791     -6.771318475222     -1.163716675172
    8      1.918791892774     -4.081432679001     -1.168002917435
    8     -1.919400213760     -4.078756791183     -1.167982525438
    8     -1.920544595701      4.085416708232     -1.171134634567
    8      1.911398953160      4.085753993552     -1.174717138611
    8      5.750427342125      1.345157112281     -1.158472383491
    8     -5.757475429037      1.345857553106     -1.163968458068
    8     -5.760132642248     -1.343671496865     -1.164710276218
    8      5.753072586662     -1.345075779995     -1.164252372912
    8      5.746691838655      6.775119081757     -1.155031168251
    8     -5.756190202459      6.773616392592     -1.159346946336
    8     -5.763279270414     -6.767847364259     -1.155885380407
    8      5.759269690069     -6.776257035163     -1.145406322102
    8      5.753858883294     -4.081668365238     -1.162864491211
    8     -5.757208545847     -4.080135437955     -1.165532570297
    8     -5.756889924661      4.082522526189     -1.166027832786
    8      5.756028332169      4.079808526791     -1.155321443292
  258      1.918223543660      2.713233409838     -3.053325873585
  258     -1.919593283280      2.713108847371     -3.054605338819
  258     -1.918640348422     -2.710901811126     -3.054990648531
  258      1.918284847564     -2.711298028689     -3.054207480438
  258      1.920269199877      8.136332233302     -3.050267453728
  258     -1.917459663417      8.136887199584     -3.052657078838
  258      5.752361825485      2.711065024207     -3.046450996179
  258     -5.754294505735      2.711120574048     -3.049743104972
  258     -5.756089239974     -2.710413307332     -3.052191159889
  258      5.753617278278     -2.710997421521     -3.052127769412
  258      5.753040929700      8.136135325120     -3.045749294810
  258     -5.755070450656      8.136366110746     -3.051099456154
    8     -0.000290703995     -1.318866105261     -3.047159917711
    8      0.000062293400      1.320859368063     -3.047622445556
    8     -0.001743102256      4.109105085672     -3.048086299154
    8      0.000054195710     -4.106731808547     -3.045146127924
    8      0.002050333845     -6.743175699146     -3.045126930664
    8      0.005432656556      6.745838032331     -3.038803244126
    8      3.836363501985     -1.318611947030     -3.044469971873
    8     -3.838919821671     -1.319571122961     -3.046234097824
    8     -3.839694429112      1.319475002690     -3.047221281172
    8      3.836909072268      1.318514412051     -3.044102772340
    8      3.838825828536      4.107878410943     -3.039878371195
    8     -3.838094009417      4.108511130565     -3.044963542340
    8     -3.837102088219     -4.107542456141     -3.045043036895
    8      3.836916153351     -4.107591849979     -3.043900488537
    8      3.839276177447     -6.743285969957     -3.039958911078
    8     -3.838055761822     -6.743026750844     -3.040631960621
    8     -3.838515019351      6.744969848215     -3.044588355978
    8      3.836986405225      6.742100405095     -3.042778670499
    8      7.670116780045     -1.318329961239     -3.043959818788
    8      7.669285494335      1.318569813932     -3.041986000241
    8      7.669435619116      4.106325065302     -3.044227044687
    8      7.670208138206     -4.108582976512     -3.042494767975
    8      7.669325053521     -6.743271461154     -3.040603855414
    8      7.669525432784      6.742007041431     -3.041115312441
  258      0.000000000000      0.000000000000     -4.794687825205
  258      0.000000000000      5.424570039800     -4.794687825205
  258      0.000000000000     -5.424570039800     -4.794687825205
  258      3.835750260160      0.000000000000     -4.794687825205
  258     -3.835750260160      0.000000000000     -4.794687825205
  258      3.835750260160      5.424570039800     -4.794687825205
  258     -3.835750260160      5.424570039800     -4.794687825205
  258     -3.835750260160     -5.424570039800     -4.794687825205
  258      3.835750260160     -5.424570039800     -4.794687825205
  258      7.671500520300      0.000000000000     -4.794687825205
  258      7.671500520300      5.424570039800     -4.794687825205
  258      7.671500520300     -5.424570039800     -4.794687825205
    8      1.917875130080      1.356142509950     -4.794687825205
    8     -1.917875130080      1.356142509950     -4.794687825205
    8     -1.917875130080     -1.356142509950     -4.794687825205
    8      1.917875130080     -1.356142509950     -4.794687825205
    8      1.917875130080      6.780712549750     -4.794687825205
    8     -1.917875130080      6.780712549750     -4.794687825205
    8     -1.917875130080     -6.780712549750     -4.794687825205
    8      1.917875130080     -6.780712549750     -4.794687825205
    8      1.917875130080     -4.068427529850     -4.794687825205
    8     -1.917875130080     -4.068427529850     -4.794687825205
    8     -1.917875130080      4.068427529850     -4.794687825205
    8      1.917875130080      4.068427529850     -4.794687825205
    8      5.753625390240      1.356142509950     -4.794687825205
    8     -5.753625390240      1.356142509950     -4.794687825205
    8     -5.753625390240     -1.356142509950     -4.794687825205
    8      5.753625390240     -1.356142509950     -4.794687825205
    8      5.753625390240      6.780712549750     -4.794687825205
    8     -5.753625390240      6.780712549750     -4.794687825205
    8     -5.753625390240     -6.780712549750     -4.794687825205
    8      5.753625390240     -6.780712549750     -4.794687825205
    8      5.753625390240     -4.068427529850     -4.794687825205
    8     -5.753625390240     -4.068427529850     -4.794687825205
    8     -5.753625390240      4.068427529850     -4.794687825205
    8      5.753625390240      4.068427529850     -4.794687825205
   14      8.336685704090      5.870848477918      6.105881598913
    8      6.953474308377      5.914897780995      6.988322527939
    8     -5.950282653539      7.042967228460      6.738453453538
    8      9.240700562429      4.470481985516      6.275994684023
    6      5.722336038336      5.387093105453      6.420909367220
    6     -4.618788534455      6.705943774644      7.198792831311
    6      9.480457834261      3.914388296610      7.585300229551
    6      4.519002050455      6.122664678033      6.975979979627
    6     -3.782676234325      7.967870661256      7.326058096621
    6      8.797597093402      2.564644902197      7.650766315296
    1      3.630187142777      5.741459844794      6.451574815413
    1     -2.738214235822      7.681945088283      7.525884018520
    1      8.825374779288      2.143772733503      8.661798905869
    1      4.437873253699    -10.313280460714      8.061661529900
    1     -4.120074426781     -7.668569960878      8.150363966252
    1      4.562759175084     -9.057339599853      6.798777861377
    1     -3.798565922427     -7.706121525008      6.411660737050
    1      5.652595257298      4.324906775316      6.687707009878
    1     -4.694579992109      6.210353077584      8.178080221484
    1      5.738361622311      5.469832580407      5.321151847997
    1     -4.160823562582      6.021762971774      6.476638154287
    1      7.763098486649      2.679654900136      7.322133349423
    1     -6.062542426639      1.831896108868      6.991523466787
    1     -4.774488575171      3.864532406816      7.725976596793
    1      9.071785895136      4.589869077541      8.351537137024
    8      5.873063269431      2.164449733263      6.479672407058
    6      6.181307142237      0.896101953027      6.986359375715
    6      5.408907350187     -0.174658722272      6.237828473714
    1      4.334068625384     -0.012627814843      6.239284602509
    1     -9.621275589502     -0.146004337583      5.192229310487
    1      5.955660115453      0.850779393995      8.067881413156
    1     -8.089782976621      0.674146126404      6.862234687556
    1      5.631594656066     -1.177727636367      6.653086871982
    0    0
