   2   1   1 E -4.0957807711424E+04 DE 2.9E-06(  6)
  0.153430010406E+02  0.000000000000E+00  0.000000000000E+00
 -0.767150052032E+01  0.132874286715E+02  0.000000000000E+00
  0.000000000000E+00  0.000000000000E+00  0.500000000000E+03
    1
  0.100000000000E+01  0.000000000000E+00  0.000000000000E+00
  0.000000000000E+00  0.100000000000E+01  0.000000000000E+00
  0.000000000000E+00  0.000000000000E+00  0.100000000000E+01
  0.000000000000E+00  0.000000000000E+00  0.000000000000E+00
  225
    8      0.006811779700      2.217476309443      5.082476723799
    8      1.933120806004     -1.029926751273      4.993700078680
    8     -1.947068917529     -1.014768090440      4.988863437291
    8     -1.891998926867      5.547083645919      5.075870642054
    8      5.754706282127     -1.096453106322      5.090224319594
    8     -3.990684552481     -4.414487437287      5.363906906972
    8      3.887495209357     -4.450266428863      5.024804256081
    8      1.944840874813      5.548786268759      5.088085039800
    8     -5.796470186014     -1.111765313006      5.071589816926
    8      3.836539333406      2.205420294894      5.087821643767
    8      0.100451861731     -4.513969479475      5.061037452949
    8     -3.845030824677      2.207199353759      5.086031425443
    8     -7.664730606900     -4.407767310364      5.080734661785
    8      7.661113752509      2.191693952016      5.088422702982
    8      5.696970279927      5.468503920783      4.990336814945
    8     -5.704235672217      5.513725817103      5.007637982058
  258      0.003525700648      0.014869663487      4.341248660651
  258     -1.909132328540      3.327690808901      4.335113802688
  258      3.836330681567      0.009504840973      4.341372889993
  258     -1.908106053159     -3.262362026208      4.434980063331
  258      1.969935152858     -3.310900288953      4.350940814624
  258      1.913810136583      3.305590889746      4.332485995087
  258     -3.841871453907      0.016568995594      4.346706788076
  258     -3.819760181219      6.639458399983      4.328906601907
  258      7.657032321060      0.010934739029      4.339118939278
  258      3.830381418911      6.566296162271      4.326850456358
  258      0.005676832928      6.649797095427      4.340964034064
  258      5.739484077768     -3.312674410128      4.342862961981
  258     -5.842322130033     -3.269546857561      4.311683479847
  258      5.751976365711      3.293430725690      4.340665814890
  258      0.015130425116     -6.705852871591      4.354889357211
  258     -5.742047718116      3.312072602534      4.345752378220
    8     -1.921120426165      1.156831030711      3.564909054823
    8      1.916199550737      1.144465015222      3.562420877732
    8      0.007898269879     -2.232719278003      3.627407667818
    8     -3.806521284883      4.412639192684      3.576130818906
    8      5.753125970653      1.104692687505      3.573446050606
    8     -2.008308165287     -5.489666385785      3.663578900408
    8      1.943809789135     -5.548247463559      3.564363674385
    8      3.804298301660      4.397380137894      3.566360932621
    8     -5.758759120504      1.109779942525      3.581861333835
    8      0.014671235574      4.437279728005      3.587950266199
    8      3.858830560962     -2.205824757292      3.583171088741
    8     -3.870750341620     -2.281902743742      3.630011163520
    8     -1.886370548060      7.746735266876      3.573159713562
    8      7.636581818535     -2.199802551551      3.568874161129
    8     -5.710754655312     -5.508299635536      3.593372768601
    8     -7.662564611333      4.392831614074      3.587139040401
    8     -0.003147466592     -0.008271378860      2.114599998872
    8     -1.904564357800      3.336214392438      2.092626757681
    8      3.834250246359      0.000608917771      2.097768387533
    8     -1.912329370971     -3.307914695612      2.103042208045
    8      1.926047724097     -3.314274621681      2.082857626074
    8      1.908876001612      3.323855298996      2.086164151112
    8     -3.837004303627     -0.020335122364      2.126260868607
    8     -3.819872465860      6.636663813294      2.096443636471
    8      7.668436121657      0.004429950628      2.095870928640
    8      3.837874890434      6.622671045507      2.105662025502
    8      0.020951861900      6.649300952885      2.114088888010
    8      5.747342972190     -3.321649725846      2.095564762890
    8     -5.784463817207     -3.307740706202      2.092426188126
    8      5.752730436987      3.316534021197      2.098624310760
    8     -0.030355060686     -6.643398273665      2.109364155591
    8     -5.747418064488      3.319651699498      2.103901476197
  258     -1.916645070341      1.108196336594      1.332741921077
  258      1.916142354638      1.104983681254      1.325387348404
  258     -0.003730687905     -2.219463757084      1.355970310307
  258     -3.831411363683      4.427654274031      1.331812672273
  258      5.750271297914      1.106524438436      1.323227359136
  258     -1.920988854472     -5.523717639449      1.370107010063
  258      1.916761423637     -5.536794496048      1.340918200122
  258      3.835434688580      4.417678222619      1.319805342407
  258     -5.755122666156      1.105628462092      1.331910343265
  258      0.004689110392      4.430979163945      1.329627324618
  258      3.832565474140     -2.212127336604      1.326136401327
  258     -3.830909363303     -2.217810575693      1.353951891398
  258      5.757586465081     -5.532907419981      1.329247285850
  258      7.655662075324     -2.205627708809      1.313696671470
  258     -5.752032245281     -5.533872596172      1.335884002929
  258     -0.001829129082     -8.863909999583      1.331875312238
    8     -0.001763280552      2.208334478740      0.591565751662
    8      1.914179846522     -1.103018029548      0.593423289808
    8     -1.922224796188     -1.101005801111      0.600381823424
    8     -1.906821453395      5.542912720757      0.590160415322
    8      5.749736931917     -1.104034230443      0.586261625536
    8     -3.840716963965     -4.429732963115      0.619467139405
    8      3.837701142409     -4.431419026114      0.591874670264
    8      1.919893080044      5.540885749519      0.589296997844
    8     -5.753100883531     -1.102382140267      0.594177153261
    8      3.835299529847      2.211647511886      0.587453698513
    8     -0.002608499594     -4.432151205166      0.608921485972
    8     -3.833741700361      2.205387948934      0.600476122821
    8      7.668687536937     -4.429511921967      0.589024450137
    8     -7.670822572169      2.215123945387      0.593134444734
    8     -1.919275511349     -7.753041636808      0.596778237160
    8      1.912104538154     -7.750529776299      0.602499959552
    8     -1.919308101755      1.107769098788     -0.943777802168
    8      1.916918655210      1.106964117739     -0.947872727170
    8     -0.004553673214     -2.218708185730     -0.930310251000
    8     -3.835961336983      4.427885930864     -0.937246305781
    8      5.754024856906      1.107706224042     -0.946879152207
    8     -1.922377788575     -5.530255468498     -0.919289171073
    8      1.915273383142     -5.537676197315     -0.938257304982
    8      3.835649764143      4.427774199511     -0.947501759861
    8     -5.752727516068      1.108718279633     -0.941357689446
    8      0.002174865381      4.427804370142     -0.943734799250
    8      3.833578080737     -2.214294522069     -0.944490689954
    8     -3.833965193715     -2.220613850953     -0.927080218565
    8      5.754000391536     -5.535539433950     -0.947041770931
    8      7.669479960162     -2.212443068807     -0.948133288607
    8     -5.749750142577     -5.532776940234     -0.937279209806
    8      0.000792964469     -8.858827978732     -0.940088396839
  258     -0.000786213724      2.214069330085     -1.680425097800
  258      1.911821685945     -1.110472142901     -1.678062411112
  258     -1.917693859308     -1.110476503198     -1.672850665726
  258     -1.916980906030      5.536956595738     -1.679617539403
  258      5.749933889119     -1.106282390429     -1.687022645464
  258     -3.832670363255     -4.428428440912     -1.672094837036
  258      3.833379429429     -4.430347959698     -1.678358693676
  258      1.918458236218      5.538211388526     -1.680621779587
  258     -5.749305115013     -1.108307078977     -1.677914987993
  258      3.835181939830      2.213474775281     -1.685352934791
  258     -0.003840073325     -4.429195791688     -1.670113151554
  258     -3.835532151329      2.213615183007     -1.678971090528
  258     -7.670483302277     -4.429701440458     -1.681528388543
  258     -7.671081473862      2.215021795929     -1.681545079139
  258     -1.917154178622     -7.744787930271     -1.673807108029
  258      1.917101962377     -7.749821546943     -1.676717260264
    8     -0.001928354457     -0.003086340890     -2.456926610105
    8     -1.919287500548      3.322744452444     -2.458558463270
    8      3.835108458259     -0.000462505544     -2.460685478504
    8     -1.919524731368     -3.323344358249     -2.455204512581
    8      1.913969444462     -3.322421041608     -2.456235054453
    8      1.917729569747      3.322690705565     -2.460514835961
    8     -3.836123808869     -0.002868464378     -2.456022749355
    8      3.833879701965     -6.645144309099     -2.457402879689
    8     -7.670132437545      0.001057176619     -2.459709433538
    8     -3.833247372854     -6.639661036455     -2.455793733253
    8      0.002121622732      6.644726306884     -2.458493673442
    8      5.752927921763     -3.320927997707     -2.460112648458
    8     -5.750460392906     -3.321037025658     -2.456907953681
    8      5.754900945234      3.323402748394     -2.458739090135
    8     -0.003349940287     -6.641277782837     -2.454515081465
    8     -5.752608977246      3.323012598983     -2.458104993643
    8      0.000000000000      2.214571445248     -3.914846215896
    8      1.917875130079     -1.107285722624     -3.914846215896
    8     -1.917875130079     -1.107285722624     -3.914846215896
    8     -1.917875130080      5.536428613118     -3.914846215896
    8      5.753625390237     -1.107285722624     -3.914846215896
    8     -3.835750260157     -4.429142890494     -3.914846215896
    8      3.835750260157     -4.429142890494     -3.914846215896
    8      1.917875130080      5.536428613118     -3.914846215896
    8     -5.753625390237     -1.107285722624     -3.914846215896
    8      3.835750260159      2.214571445247     -3.914846215896
    8     -0.000000000001     -4.429142890492     -3.914846215896
    8     -3.835750260158      2.214571445246     -3.914846215896
    8     -7.671500520293     -4.429142890500     -3.914846215896
    8     -7.671500520300      2.214571445248     -3.914846215896
    8      5.753625390229      5.536428613098     -3.914846215896
    8      1.917875130071     -7.751000058346     -3.914846215896
  258      0.000000000000      0.000000000000     -4.697815459075
  258     -1.917875130080      3.321857167872     -4.697815459075
  258      3.835750260159     -0.000000000001     -4.697815459075
  258     -1.917875130079     -3.321857167871     -4.697815459075
  258      1.917875130079     -3.321857167871     -4.697815459075
  258      1.917875130080      3.321857167872     -4.697815459075
  258     -3.835750260159     -0.000000000001     -4.697815459075
  258     -3.835750260165      6.643714335750     -4.697815459075
  258      7.671500520294      0.000000000010     -4.697815459075
  258      3.835750260140      6.643714335750     -4.697815459075
  258      0.000000000000      6.643714335750     -4.697815459075
  258      5.753625390243     -3.321857167875     -4.697815459075
  258      9.589375650380     -3.321857167875     -4.697815459075
  258      5.753625390228      3.321857167862     -4.697815459075
  258     -7.671500520307      6.643714335750     -4.697815459075
  258     -5.753625390224      3.321857167861     -4.697815459075
    8     -1.917875130080      1.107285722623     -5.480784702254
    8      1.917875130079      1.107285722623     -5.480784702254
    8      0.000000000001     -2.214571445246     -5.480784702254
    8     -3.835750260160      4.429142890495     -5.480784702254
    8      5.753625390238      1.107285722622     -5.480784702254
    8     -1.917875130078     -5.536428613117     -5.480784702254
    8      1.917875130078     -5.536428613117     -5.480784702254
    8      3.835750260160      4.429142890495     -5.480784702254
    8     -5.753625390238      1.107285722622     -5.480784702254
    8      0.000000000000      4.429142890495     -5.480784702254
    8      3.835750260158     -2.214571445248     -5.480784702254
    8     -3.835750260158     -2.214571445248     -5.480784702254
    8      5.753625390243     -5.536428613123     -5.480784702254
    8     -7.671500520276     -2.214571445257     -5.480784702254
    8      1.917875130032      7.751000058380     -5.480784702254
    8      7.671500520293      4.429142890500     -5.480784702254
   14     -0.137458322911     -4.377869000854      6.877766383130
    8     -0.205501300781     -6.153455958708      6.699740580507
    8     -0.051903944441     -4.459571900619      8.576081861818
    8      1.361610770772     -3.450277872156      6.714454992901
    6     -0.669344030441     -7.191091321594      7.577766514240
    6      1.901441668642     -2.449573845561      7.585681176886
    6      1.076449346273     -5.009459747345      9.232479154236
    6      0.184376438210     -8.436709400411      7.396935312809
    6      3.413158086058     -2.388399155773      7.400106401911
    6      1.123882981906     -4.493563381893     10.661122789021
    1     -7.763825142306      4.091772175420      8.138294943616
    1      3.850506904969     -1.639342185462      8.072316498907
    1      1.973237295144     -4.929751756134     11.204349646425
    1      1.252412178104     -8.215366896956      7.475382969969
    1     -7.658281333083      4.408755469507      6.408899119839
    1     -0.676748823272     -6.819459390939      8.605721962910
    1     -1.697186695092     -7.440864338076      7.291165988983
    1      0.202118067198     -4.753532602193     11.192369968741
    1      1.221903494721     -3.402557411367     10.684072413575
    1      2.011650593336     -4.755250083347      8.703336187861
    1      1.035831742526     -6.113021675622      9.242422990267
    1      1.634114195820     -2.678076544613      8.623031038359
    1      1.448936567451     -1.486820343679      7.310565098532
    1      3.876528559306     -3.360693606247      7.596701330472
    1      3.684203660460     -2.105160948560      6.377263796675
    8     -1.501065840214     -3.528704287173      6.607759448788
    6     -4.242830835145     -4.382684071882      6.770800011022
    6     -3.703102694757     -5.651334388008      7.402940555014
    1     -2.683613731834     -5.770065202014      7.039601850691
    1     -3.758038488709     -3.502719570482      7.205341587414
    1     -5.342444812653     -4.312276710288      6.936620654475
    1      3.359328086749      6.759960414442      7.123725460900
    1     -3.678990085074     -5.596981148033      8.495643073198
    0    0
