   2   1   1 E -4.0957747122289E+04 DE 8.7E-07( 11)
  0.153430010406E+02  0.000000000000E+00  0.000000000000E+00
 -0.767150052032E+01  0.132874286715E+02  0.000000000000E+00
  0.000000000000E+00  0.000000000000E+00  0.500000000000E+03
    1
  0.100000000000E+01  0.000000000000E+00  0.000000000000E+00
  0.000000000000E+00  0.100000000000E+01  0.000000000000E+00
  0.000000000000E+00  0.000000000000E+00  0.100000000000E+01
  0.000000000000E+00  0.000000000000E+00  0.000000000000E+00
  225
    8      0.009733624450      2.217819636518      5.203927909759
    8      1.960639880625     -1.033076204973      5.162310449459
    8     -1.941400778717     -1.005685715838      5.140241449590
    8     -1.894555089061      5.549569136215      5.200147080133
    8      5.755777094106     -1.097987722732      5.221024428303
    8     -4.394521453074     -4.649004945643      5.469089317538
    8      3.888992659387     -4.429867576870      5.185676869749
    8      1.944935507034      5.543502181825      5.212861377765
    8     -5.797121061513     -1.104661232546      5.197733837501
    8      3.836198867728      2.208998296172      5.209297487726
    8      0.125566764537     -4.517914441209      5.267152708494
    8     -3.836487588299      2.206161782397      5.205361301745
    8     -7.664109329413     -4.405603471194      5.202864449732
    8      7.668467602818      2.199624020801      5.223270910433
    8      5.707307945012      5.459393436104      5.165099603688
    8     -5.724271621650      5.498953228233      5.179031913022
  258      0.008543185950      0.020369656977      4.460738286672
  258     -1.911241755377      3.329867465118      4.449124093298
  258      3.840850066302      0.010902734010      4.460525535760
  258     -1.904895839552     -3.246811276437      4.607722161480
  258      1.978001107705     -3.298934864175      4.525448942366
  258      1.914774622076      3.307316151894      4.448324954451
  258     -3.841518583439      0.019940468852      4.462335070675
  258     -3.822824089074      6.641619472503      4.453315757216
  258      7.657699975094      0.013005501816      4.460654344857
  258      3.834524765903      6.567044382150      4.461483809098
  258      0.006113427762      6.652254823209      4.456946635401
  258      5.741594140213     -3.311475200843      4.459594565743
  258     -5.838735701445     -3.269941691801      4.435896845032
  258      5.752202398631      3.293567509877      4.458951925811
  258      0.013055003063     -6.710354242860      4.529929701539
  258     -5.744093160517      3.311475035813      4.462023408566
    8     -1.915700173414      1.154703036042      3.669947027682
    8      1.918057675526      1.138313429182      3.670630866380
    8      0.012578240170     -2.231005315217      3.774575654346
    8     -3.812949476666      4.421815437916      3.687330536713
    8      5.759780361038      1.107387130279      3.682228623288
    8     -2.005728391251     -5.484845391354      3.813893807629
    8      1.948083851647     -5.551840276457      3.705283248205
    8      3.812624721189      4.405199149450      3.678327184344
    8     -5.756457771494      1.111682751418      3.688027079289
    8      0.012914649712      4.438650098806      3.693331238491
    8      3.860195238624     -2.205167142041      3.699846323027
    8     -3.859870047126     -2.287482802173      3.760129733949
    8     -1.894431242307      7.748187106957      3.684487930564
    8      7.642835497652     -2.199133768488      3.679088157954
    8     -5.707900872111     -5.507623271865      3.711540410634
    8     -7.663061120531      4.398714281589      3.705457618081
    8     -0.000148894249     -0.013642219159      2.228363804076
    8     -1.906220523042      3.338536234698      2.197324712319
    8      3.836157553183      0.001529424376      2.203355743619
    8     -1.905273211553     -3.307244727225      2.223992514317
    8      1.923028603841     -3.313560214420      2.219170068057
    8      1.910481617503      3.325420988090      2.191490376271
    8     -3.834137930517     -0.023913112862      2.235407673068
    8     -3.823322143363      6.640033458068      2.213258042681
    8      7.671049306566      0.005795155553      2.200286848057
    8      3.845520748891      6.628582418784      2.226438059659
    8      0.021912444914      6.652371985387      2.221960983933
    8      5.748950929433     -3.322328804654      2.201096716365
    8     -5.776894810003     -3.306372419965      2.207673878743
    8      5.754030271601      3.319478694269      2.205495540511
    8     -0.032944372227     -6.636158434443      2.249300016464
    8     -5.746868227142      3.322996945442      2.208813610685
  258     -1.915352536100      1.107097014294      1.423012808149
  258      1.919305951326      1.104325320758      1.415548234911
  258     -0.000802824355     -2.225091881155      1.465575649386
  258     -3.833876582350      4.430706593123      1.422657511767
  258      5.753866865571      1.107151610615      1.412352596092
  258     -1.915891288328     -5.518599867498      1.482872408979
  258      1.912280372205     -5.530906519763      1.454907252144
  258      3.838926599436      4.422327804677      1.410664810346
  258     -5.755620559742      1.105908312680      1.420807560778
  258      0.005669091550      4.432112571892      1.418484422328
  258      3.828870469936     -2.214433731288      1.424746781876
  258     -3.822488205146     -2.222399326699      1.454106205571
  258      5.756009385986     -5.530754726927      1.420502134421
  258      7.660170045171     -2.204813839655      1.403436376231
  258     -5.747833544897     -5.531963297026      1.431108354343
  258     -0.002343938542     -8.853544981239      1.431780811542
    8     -0.000863948471      2.206309370583      0.662959521908
    8      1.914083552523     -1.106400229666      0.670222550631
    8     -1.917778558835     -1.103101068341      0.677318829679
    8     -1.908283558601      5.546045161173      0.661337327890
    8      5.751489391842     -1.104178560167      0.658083692525
    8     -3.835058758355     -4.428229448179      0.698479476982
    8      3.833090729812     -4.430160483684      0.670626822300
    8      1.923112178770      5.544331819835      0.662709026607
    8     -5.748465712476     -1.103528220048      0.665842946336
    8      3.837225276863      2.213715227524      0.657993685339
    8     -0.000165041187     -4.432342765230      0.695676833551
    8     -3.832757126771      2.205203107213      0.671442350025
    8      7.673046120024     -4.427793403352      0.661829121324
    8     -7.669221648571      2.218422007205      0.663896940793
    8     -1.914903434234     -7.746199918187      0.675460616938
    8      1.909414294180     -7.742526389892      0.681742973244
    8     -1.918909252133      1.106383270131     -0.875265701476
    8      1.917859867183      1.105710909726     -0.878664755800
    8     -0.002901642659     -2.222113538709     -0.855396963264
    8     -3.838365741230      4.429583659019     -0.866729422277
    8      5.754635558749      1.108084372276     -0.879232201846
    8     -1.919158481521     -5.527547617953     -0.845118640025
    8      1.912721209348     -5.534644056435     -0.862472532150
    8      3.837666597884      4.430359121177     -0.876876756106
    8     -5.752354835039      1.108830353552     -0.873954885861
    8      0.003004838006      4.428309216744     -0.874986457918
    8      3.831729404374     -2.215759230326     -0.872566366029
    8     -3.830479531100     -2.222429291446     -0.855528175207
    8      5.753148842647     -5.533348820546     -0.876608091706
    8      7.670776679179     -2.212447758136     -0.878077906534
    8     -5.746685718006     -5.531466427257     -0.866220909093
    8      0.001148895836     -8.853953146818     -0.868272552850
  258      0.000237026911      2.213262314739     -1.636777119183
  258      1.912147385966     -1.112473138882     -1.630639398139
  258     -1.915442265703     -1.112371576187     -1.625280508301
  258     -1.917485220239      5.538216055248     -1.635655239955
  258      5.750585809056     -1.106777857447     -1.642235962362
  258     -3.828886398757     -4.428376036165     -1.623517725809
  258      3.831167206862     -4.429460672284     -1.631126381787
  258      1.920134785112      5.539781041114     -1.636403859592
  258     -5.746858004811     -1.108669870015     -1.632527057529
  258      3.836814116095      2.213969986776     -1.641759892954
  258     -0.002886581493     -4.429041693010     -1.618779422583
  258     -3.835352973433      2.214012640671     -1.635056052746
  258     -7.669253882256     -4.428651204054     -1.637132963121
  258     -7.670248677960      2.217732913771     -1.637035470474
  258     -1.914987297070     -7.741392493896     -1.625582150553
  258      1.916090683688     -7.745375556061     -1.628605809400
    8     -0.001207770759     -0.004220512265     -2.422106476887
    8     -1.919618928838      3.323635920956     -2.424356448450
    8      3.834866238416     -0.000857255853     -2.426700279053
    8     -1.917945441995     -3.323171339358     -2.420560621556
    8      1.914144622407     -3.322250164592     -2.421469145533
    8      1.918279960062      3.323398243973     -2.426378414134
    8     -3.835304466780     -0.003414061631     -2.421811856945
    8      3.832981154492     -6.643560463573     -2.422306858958
    8     -7.670023698630      0.000681969611     -2.425914631333
    8     -3.832083504075     -6.638672594714     -2.421200296469
    8      0.002388327164      6.645624278702     -2.423919180159
    8      5.752637215045     -3.320669963758     -2.425696261191
    8     -5.749536588299     -3.320875610355     -2.422832510806
    8      5.755206300772      3.325417468861     -2.424384597468
    8     -0.003254922080     -6.640051098209     -2.419177135510
    8     -5.752850676398      3.324860870831     -2.423929173132
    8      0.000000000000      2.214571445248     -3.914846215896
    8      1.917875130079     -1.107285722624     -3.914846215896
    8     -1.917875130079     -1.107285722624     -3.914846215896
    8     -1.917875130080      5.536428613118     -3.914846215896
    8      5.753625390237     -1.107285722624     -3.914846215896
    8     -3.835750260157     -4.429142890494     -3.914846215896
    8      3.835750260157     -4.429142890494     -3.914846215896
    8      1.917875130080      5.536428613118     -3.914846215896
    8     -5.753625390237     -1.107285722624     -3.914846215896
    8      3.835750260159      2.214571445247     -3.914846215896
    8     -0.000000000001     -4.429142890492     -3.914846215896
    8     -3.835750260158      2.214571445246     -3.914846215896
    8     -7.671500520293     -4.429142890500     -3.914846215896
    8     -7.671500520300      2.214571445248     -3.914846215896
    8      5.753625390229      5.536428613098     -3.914846215896
    8      1.917875130071     -7.751000058346     -3.914846215896
  258      0.000000000000      0.000000000000     -4.697815459075
  258     -1.917875130080      3.321857167872     -4.697815459075
  258      3.835750260159     -0.000000000001     -4.697815459075
  258     -1.917875130079     -3.321857167871     -4.697815459075
  258      1.917875130079     -3.321857167871     -4.697815459075
  258      1.917875130080      3.321857167872     -4.697815459075
  258     -3.835750260159     -0.000000000001     -4.697815459075
  258     -3.835750260165      6.643714335750     -4.697815459075
  258      7.671500520294      0.000000000010     -4.697815459075
  258      3.835750260140      6.643714335750     -4.697815459075
  258      0.000000000000      6.643714335750     -4.697815459075
  258      5.753625390243     -3.321857167875     -4.697815459075
  258      9.589375650380     -3.321857167875     -4.697815459075
  258      5.753625390228      3.321857167862     -4.697815459075
  258     -7.671500520307      6.643714335750     -4.697815459075
  258     -5.753625390224      3.321857167861     -4.697815459075
    8     -1.917875130080      1.107285722623     -5.480784702254
    8      1.917875130079      1.107285722623     -5.480784702254
    8      0.000000000001     -2.214571445246     -5.480784702254
    8     -3.835750260160      4.429142890495     -5.480784702254
    8      5.753625390238      1.107285722622     -5.480784702254
    8     -1.917875130078     -5.536428613117     -5.480784702254
    8      1.917875130078     -5.536428613117     -5.480784702254
    8      3.835750260160      4.429142890495     -5.480784702254
    8     -5.753625390238      1.107285722622     -5.480784702254
    8      0.000000000000      4.429142890495     -5.480784702254
    8      3.835750260158     -2.214571445248     -5.480784702254
    8     -3.835750260158     -2.214571445248     -5.480784702254
    8      5.753625390243     -5.536428613123     -5.480784702254
    8     -7.671500520276     -2.214571445257     -5.480784702254
    8      1.917875130032      7.751000058380     -5.480784702254
    8      7.671500520293      4.429142890500     -5.480784702254
   14     -0.139264111996     -4.366222215744      7.095088491200
    8     -0.238689287853     -6.132272806453      6.938407197429
    8     -0.109928123842     -4.410514863296      8.814619582002
    8      1.353069980346     -3.428911248291      6.965417392643
    6     -0.734607341051     -7.095537709058      7.885614716836
    6      1.804907701490     -2.417906378569      7.880285310725
    6      0.966193480063     -4.946155893212      9.567900634317
    6      0.244192061496     -8.250986965644      8.032457493359
    6      3.323811577737     -2.414002000314      7.934272861348
    6      0.929125349544     -4.410905479941     10.995405638743
    1     -7.759356390839      4.362633399544      8.835132492181
    1      3.672095265455     -1.682025270147      8.676833639240
    1      1.744745915052     -4.846066792582     11.590795648391
    1      1.252097117412     -7.896502937248      8.273029286497
    1     -7.370373636698      4.458187218218      7.100052361228
    1     -0.933637701001     -6.595606423387      8.839600000410
    1     -1.684333188299     -7.484514071465      7.497023269406
    1     -0.018575482258     -4.662732166702     11.483670977530
    1      1.035785391346     -3.320515662761     11.020030631513
    1      1.938836969524     -4.700077023290      9.105665906422
    1      0.922218821867     -6.049635539196      9.602657432755
    1      1.373949871959     -2.595171179284      8.871753069714
    1      1.439219003411     -1.446712536351      7.519521593268
    1      3.709148043477     -3.399476744000      8.218206144646
    1      3.757716880152     -2.148708127259      6.961334406150
    8     -1.495941839625     -3.510507930743      6.785052338757
    6     -4.421012168931     -4.434587266835      6.927126471803
    6     -3.860445457050     -5.630923386220      7.688747949984
    1     -2.800548961027     -5.730027270769      7.443062400571
    1     -3.825216017714     -3.526431487890      7.194544630202
    1     -5.500207929101     -4.280326908852      7.251307745347
    1      3.262177627874      6.728664759829      7.429982346510
    1     -3.948501833357     -5.494782724165      8.781943646753
    0    0
