   2   1   1 E -4.0957807720446E+04 DE 1.2E-06(  3)
  0.153430010406E+02  0.000000000000E+00  0.000000000000E+00
 -0.767150052032E+01  0.132874286715E+02  0.000000000000E+00
  0.000000000000E+00  0.000000000000E+00  0.500000000000E+03
    1
  0.100000000000E+01  0.000000000000E+00  0.000000000000E+00
  0.000000000000E+00  0.100000000000E+01  0.000000000000E+00
  0.000000000000E+00  0.000000000000E+00  0.100000000000E+01
  0.000000000000E+00  0.000000000000E+00  0.000000000000E+00
  225
    8      0.007874403261      2.218511200762      5.081707546437
    8      1.934874283960     -1.024470798472      4.991518238698
    8     -1.942744763243     -1.017146941645      4.993475309762
    8     -1.892608592384      5.547433183843      5.077016887067
    8      5.757629798290     -1.094844558433      5.088955757625
    8     -3.994035337431     -4.408121667703      5.364000242412
    8      3.888547353673     -4.449380575354      5.025371779184
    8      1.943895016532      5.548184418768      5.088053756538
    8     -5.794511109920     -1.111534809322      5.073268713841
    8      3.839518994650      2.207230979825      5.089347825382
    8      0.107453904235     -4.517237041851      5.065096797159
    8     -3.845022711610      2.208218128580      5.087664704863
    8     -7.664314135943     -4.406943889998      5.082389554691
    8      7.663017809799      2.187309500419      5.086388102574
    8      5.693657454417      5.470541672620      4.994908974016
    8     -5.699366149918      5.512613808319      5.005635801397
  258      0.005536453797      0.015324230492      4.340379616649
  258     -1.908900234688      3.327619438356      4.335168774057
  258      3.837910028298      0.011111777180      4.339846902672
  258     -1.906246751552     -3.261517278053      4.439043888207
  258      1.972474877394     -3.308235101579      4.350239434112
  258      1.913779339741      3.306536805190      4.331568787750
  258     -3.840453855828      0.015498353232      4.346188437042
  258     -3.819496731044      6.639149227829      4.329067297446
  258      7.658303577418      0.012277562357      4.338976122193
  258      3.830422402834      6.565593557949      4.326226361315
  258      0.005843569694      6.649676387874      4.340792768893
  258      5.740860456689     -3.312061362813      4.342715693108
  258     -5.841102631779     -3.269533290372      4.314070546757
  258      5.750745831037      3.294352055261      4.340826027521
  258      0.015913157609     -6.705327846791      4.355548970685
  258     -5.741260090512      3.311573000767      4.345919741067
    8     -1.921795662081      1.154662601210      3.567076964808
    8      1.918339810596      1.146772466854      3.561636289693
    8      0.009437976496     -2.234795710407      3.629097168198
    8     -3.803596660047      4.411409184833      3.574586419208
    8      5.752035976978      1.105844798120      3.572059116006
    8     -2.004153204522     -5.487934085781      3.665332923311
    8      1.942919127965     -5.547113923298      3.563728184698
    8      3.804511657356      4.397162052412      3.565507621755
    8     -5.755122964821      1.108670688568      3.581268855513
    8      0.014383560897      4.438136804496      3.587690450974
    8      3.859642467666     -2.204898474919      3.584302436696
    8     -3.868603855600     -2.280409000821      3.631602495568
    8     -1.884107728998      7.746769289872      3.573128561728
    8      7.638629300308     -2.200095343148      3.568133542062
    8     -5.710322245785     -5.508908280599      3.593605767144
    8     -7.663627846154      4.392906562059      3.591072379413
    8     -0.001991964715     -0.008445111720      2.115716925508
    8     -1.902614171751      3.334217771912      2.092004565745
    8      3.834413493618      0.000088762454      2.095999931417
    8     -1.912440695642     -3.307328167556      2.106824971485
    8      1.927190894590     -3.312607336202      2.081985290206
    8      1.908489127803      3.324730311262      2.084514742615
    8     -3.835118362490     -0.020038537658      2.124463901698
    8     -3.820087843944      6.637246158508      2.098160643870
    8      7.669098786367      0.005575739711      2.094469975676
    8      3.840255905352      6.623719068336      2.106673685439
    8      0.022474762663      6.649369919067      2.113078669408
    8      5.747171458045     -3.321436243483      2.096015010680
    8     -5.781823326765     -3.308343448899      2.093211347639
    8      5.753904439906      3.318044643145      2.098961465982
    8     -0.029819345051     -6.645322002512      2.109696081052
    8     -5.747995246893      3.320376477112      2.104754676583
  258     -1.916129562009      1.108153464238      1.332918341655
  258      1.916738751735      1.105429903579      1.324787018375
  258     -0.003512483321     -2.219963100592      1.356882672662
  258     -3.831321967809      4.427507386846      1.331689768352
  258      5.751334639985      1.107095927906      1.322965209292
  258     -1.919731880679     -5.523144570117      1.370728498890
  258      1.918502268801     -5.536219350123      1.340977804194
  258      3.836191533345      4.418313392280      1.319301137295
  258     -5.754092835740      1.105457459474      1.331722156189
  258      0.004839775650      4.431278734284      1.329328772676
  258      3.833756981349     -2.211644796351      1.325602982362
  258     -3.829143772293     -2.219144241071      1.354974317932
  258      5.758131234612     -5.532651495011      1.329629529088
  258      7.657306258448     -2.205396476176      1.314183799484
  258     -5.751315996960     -5.533512258369      1.336106040026
  258     -0.001354276378     -8.863255897792      1.332771499345
    8     -0.001358825332      2.207376525060      0.590347106521
    8      1.914079132696     -1.102446538971      0.592370297451
    8     -1.920211314786     -1.102540074108      0.599973117288
    8     -1.907059577227      5.543038381099      0.590542016893
    8      5.750389116582     -1.104453402820      0.586166823633
    8     -3.838017516612     -4.429507261226      0.617736521778
    8      3.838477115962     -4.431892510381      0.591448039112
    8      1.921196907511      5.541723173047      0.588852749785
    8     -5.752255608278     -1.102901381112      0.595084784268
    8      3.836591270653      2.212247000044      0.587534022839
    8     -0.003182192114     -4.432156181798      0.610034033460
    8     -3.833351843270      2.206456891055      0.600310559343
    8      7.669255183285     -4.428954900772      0.589637413033
    8     -7.669953432457      2.216335815427      0.592447211047
    8     -1.919161709483     -7.753078244338      0.596138630688
    8      1.913341726519     -7.750257438704      0.602171931932
    8     -1.919469828004      1.107023546914     -0.942758205703
    8      1.917761463353      1.107458885554     -0.947836974335
    8     -0.003766358946     -2.219365150047     -0.929193009947
    8     -3.835429255670      4.427989893390     -0.937334948230
    8      5.754640679898      1.107724281524     -0.946703125301
    8     -1.921284078896     -5.530588316980     -0.918259207429
    8      1.914942550260     -5.536943355003     -0.936894477421
    8      3.835578596553      4.427868377243     -0.947475745524
    8     -5.752215767236      1.108339407825     -0.941046514694
    8      0.002477369437      4.428025327706     -0.943500907675
    8      3.833752408030     -2.214477007703     -0.944148451204
    8     -3.833516309917     -2.220344047163     -0.926414014670
    8      5.754788725551     -5.535471350378     -0.946272769277
    8      7.670180925386     -2.212286123265     -0.947564845557
    8     -5.749398349099     -5.532079885577     -0.936310996655
    8      0.001394538322     -8.857774969228     -0.939151712219
  258     -0.000694141085      2.214143700989     -1.680693041267
  258      1.911823140303     -1.110674310519     -1.677849068103
  258     -1.917391543688     -1.110597620433     -1.672786897926
  258     -1.916852797085      5.537061258130     -1.679650465537
  258      5.750585809706     -1.106148786219     -1.687034595151
  258     -3.832026707146     -4.428433070011     -1.672043955706
  258      3.833925314543     -4.430222542537     -1.678708236584
  258      1.918740013836      5.538410218214     -1.680883044958
  258     -5.748508396544     -1.108562911303     -1.677417428694
  258      3.835278533192      2.213671024336     -1.685440298911
  258     -0.003555864432     -4.429159468547     -1.669866298277
  258     -3.835149637366      2.213513259424     -1.679173630156
  258     -7.670073366906     -4.429620302599     -1.681478600731
  258     -7.670747772310      2.215402687015     -1.681510595824
  258     -1.916721005036     -7.744274370694     -1.673505878616
  258      1.917241395053     -7.749737023014     -1.676638163541
    8     -0.001772174206     -0.003242837728     -2.456925466794
    8     -1.919157386821      3.322526555065     -2.458288364355
    8      3.835401084641     -0.000416266748     -2.460538129315
    8     -1.918990963560     -3.323438466342     -2.455396204706
    8      1.914260311821     -3.322534393223     -2.456408065482
    8      1.917831749746      3.322737104434     -2.460628242558
    8     -3.835805767614     -0.002842525800     -2.455991825559
    8      3.833968589922     -6.644639555993     -2.457136369926
    8     -7.669951189238      0.000977622932     -2.459521597974
    8     -3.833049805930     -6.639392113373     -2.455929984564
    8      0.002416549891      6.644991730487     -2.458246682865
    8      5.753129197682     -3.320924848933     -2.459808772141
    8     -5.750158649120     -3.320971529943     -2.456749979757
    8      5.755288644984      3.323633694072     -2.458565375026
    8     -0.002908624340     -6.641108037928     -2.454922189973
    8     -5.752515057388      3.323247301574     -2.457822428148
    8      0.000000000000      2.214571445248     -3.914846215896
    8      1.917875130079     -1.107285722624     -3.914846215896
    8     -1.917875130079     -1.107285722624     -3.914846215896
    8     -1.917875130080      5.536428613118     -3.914846215896
    8      5.753625390237     -1.107285722624     -3.914846215896
    8     -3.835750260157     -4.429142890494     -3.914846215896
    8      3.835750260157     -4.429142890494     -3.914846215896
    8      1.917875130080      5.536428613118     -3.914846215896
    8     -5.753625390237     -1.107285722624     -3.914846215896
    8      3.835750260159      2.214571445247     -3.914846215896
    8     -0.000000000001     -4.429142890492     -3.914846215896
    8     -3.835750260158      2.214571445246     -3.914846215896
    8     -7.671500520293     -4.429142890500     -3.914846215896
    8     -7.671500520300      2.214571445248     -3.914846215896
    8      5.753625390229      5.536428613098     -3.914846215896
    8      1.917875130071     -7.751000058346     -3.914846215896
  258      0.000000000000      0.000000000000     -4.697815459075
  258     -1.917875130080      3.321857167872     -4.697815459075
  258      3.835750260159     -0.000000000001     -4.697815459075
  258     -1.917875130079     -3.321857167871     -4.697815459075
  258      1.917875130079     -3.321857167871     -4.697815459075
  258      1.917875130080      3.321857167872     -4.697815459075
  258     -3.835750260159     -0.000000000001     -4.697815459075
  258     -3.835750260165      6.643714335750     -4.697815459075
  258      7.671500520294      0.000000000010     -4.697815459075
  258      3.835750260140      6.643714335750     -4.697815459075
  258      0.000000000000      6.643714335750     -4.697815459075
  258      5.753625390243     -3.321857167875     -4.697815459075
  258      9.589375650380     -3.321857167875     -4.697815459075
  258      5.753625390228      3.321857167862     -4.697815459075
  258     -7.671500520307      6.643714335750     -4.697815459075
  258     -5.753625390224      3.321857167861     -4.697815459075
    8     -1.917875130080      1.107285722623     -5.480784702254
    8      1.917875130079      1.107285722623     -5.480784702254
    8      0.000000000001     -2.214571445246     -5.480784702254
    8     -3.835750260160      4.429142890495     -5.480784702254
    8      5.753625390238      1.107285722622     -5.480784702254
    8     -1.917875130078     -5.536428613117     -5.480784702254
    8      1.917875130078     -5.536428613117     -5.480784702254
    8      3.835750260160      4.429142890495     -5.480784702254
    8     -5.753625390238      1.107285722622     -5.480784702254
    8      0.000000000000      4.429142890495     -5.480784702254
    8      3.835750260158     -2.214571445248     -5.480784702254
    8     -3.835750260158     -2.214571445248     -5.480784702254
    8      5.753625390243     -5.536428613123     -5.480784702254
    8     -7.671500520276     -2.214571445257     -5.480784702254
    8      1.917875130032      7.751000058380     -5.480784702254
    8      7.671500520293      4.429142890500     -5.480784702254
   14     -0.123732058506     -4.379555605667      6.878532818786
    8     -0.191384218027     -6.159023191992      6.701195306851
    8     -0.002617028981     -4.469706139628      8.575116356732
    8      1.362644604130     -3.427482421575      6.701785861697
    6     -0.646456119496     -7.196087661156      7.585153860311
    6      1.910562079560     -2.433573276543      7.575368298418
    6      1.144480051900     -5.028240324629      9.193414733035
    6      0.185813807765     -8.453296767175      7.379601269961
    6      3.423198152794     -2.394128389661      7.401449065736
    6      1.221718234769     -4.549663905321     10.633395599644
    1     -7.774866995552      4.066828834832      8.108946462126
    1      3.866395211422     -1.650444868363      8.075896860906
    1      2.090407273442     -4.989003781536     11.142206728600
    1      1.257298743992     -8.253669623302      7.461034538027
    1     -7.663253919873      4.413758014623      6.383392746821
    1     -0.622294800468     -6.833187365222      8.616001709982
    1     -1.683751952111     -7.428990291103      7.325132003629
    1      0.317714395486     -4.834899401351     11.181881867937
    1      1.308420359872     -3.458403531710     10.681857603396
    1      2.066162242606     -4.751436083963      8.652350645289
    1      1.113096191380     -6.132055282048      9.172972919174
    1      1.631117058285     -2.656503638590      8.609750720069
    1      1.474524907666     -1.465754926145      7.295826087999
    1      3.870020310671     -3.372396862559      7.601473046370
    1      3.705519070144     -2.117817354304      6.381167133691
    8     -1.492107556252     -3.537716387281      6.617410864823
    6     -4.236306186909     -4.392532369128      6.772671972662
    6     -3.680879739908     -5.665142957251      7.385118813962
    1     -2.677757606505     -5.795074086166      6.979844915233
    1     -3.751985503578     -3.514528858918      7.210282605320
    1     -5.334549581055     -4.328647775641      6.946272723025
    1      3.363794083429      6.750107859161      7.133282184323
    1     -3.607157534443     -5.609695496027      8.475144581346
    0    0
