   2   1   1 E -4.0957800982105E+04 DE 9.8E-07(  8)
  0.153430010406E+02  0.000000000000E+00  0.000000000000E+00
 -0.767150052032E+01  0.132874286715E+02  0.000000000000E+00
  0.000000000000E+00  0.000000000000E+00  0.500000000000E+03
    1
  0.100000000000E+01  0.000000000000E+00  0.000000000000E+00
  0.000000000000E+00  0.100000000000E+01  0.000000000000E+00
  0.000000000000E+00  0.000000000000E+00  0.100000000000E+01
  0.000000000000E+00  0.000000000000E+00  0.000000000000E+00
  225
    8      0.009612575787      2.219144065920      5.089530536687
    8      1.950426632673     -1.031897772411      5.021505260801
    8     -1.938623424050     -1.007287834162      4.994732016870
    8     -1.892248522422      5.550685098817      5.085185577455
    8      5.757727905219     -1.096289171938      5.101042721791
    8     -4.089093843615     -4.414531163554      5.362172217665
    8      3.888107156886     -4.435963080621      5.048400897773
    8      1.945019971014      5.548112924929      5.093364801018
    8     -5.787607900868     -1.110942639947      5.072954084170
    8      3.838014674710      2.211126560678      5.092187319229
    8      0.108681739140     -4.509050168231      5.063095296131
    8     -3.833096137185      2.207191799165      5.088659943453
    8     -7.661262137772     -4.407067912939      5.081551912054
    8      7.672289743558      2.204790413099      5.103666315047
    8      5.708700208663      5.467681379808      5.020280959093
    8     -5.716333910366      5.509113508053      5.038348164706
  258      0.008505005578      0.021619937741      4.343705577988
  258     -1.908178701394      3.330075558856      4.341160961011
  258      3.840595305923      0.009980179674      4.349793766653
  258     -1.899373240190     -3.257267741040      4.435350695909
  258      1.970323445079     -3.302523458670      4.379170006786
  258      1.918419057444      3.308842883957      4.338891786047
  258     -3.836386335576      0.018688724301      4.349138247031
  258     -3.819353281290      6.642899237769      4.337042594943
  258      7.663197754473      0.014615989305      4.347876209992
  258      3.837575543247      6.568001153104      4.336815569191
  258      0.007690008321      6.651604266407      4.345216352221
  258      5.743430988425     -3.309720466422      4.346811010748
  258     -5.837577687723     -3.269714149260      4.312167211506
  258      5.756921569944      3.297706412710      4.345461122822
  258      0.015861913915     -6.702266151302      4.379042700062
  258     -5.740183555406      3.315909178871      4.350073176099
    8     -1.915818910943      1.156257712944      3.567907440981
    8      1.918482423781      1.139166155321      3.569894110558
    8      0.015959128560     -2.228412890168      3.636726995183
    8     -3.810011718478      4.422216656968      3.585204688267
    8      5.760933843682      1.106417687575      3.584032741087
    8     -1.996691547750     -5.488550644909      3.664102501055
    8      1.950403684470     -5.550762824467      3.577608221106
    8      3.815544947652      4.401208225905      3.571883176423
    8     -5.755163167086      1.112554032519      3.589586946161
    8      0.014995676056      4.439426321716      3.593132237142
    8      3.860940277216     -2.204221806205      3.591891210190
    8     -3.866434429699     -2.295078147857      3.641858555490
    8     -1.891200134535      7.749253566382      3.581578226931
    8      7.645269463648     -2.197551815742      3.574659129688
    8     -5.707614062947     -5.504997132299      3.593299027573
    8     -7.660989952789      4.397779111313      3.593756191746
    8      0.001248464077     -0.007748522608      2.119447232740
    8     -1.904668356743      3.338824643287      2.097196300740
    8      3.837849066279      0.003145211364      2.101929577757
    8     -1.906760047901     -3.304436600360      2.102891960773
    8      1.927373837076     -3.311781789332      2.099404418020
    8      1.912155935158      3.325607783890      2.092270574954
    8     -3.834097578577     -0.022750580812      2.130757887913
    8     -3.818425853506      6.639970521679      2.105215130638
    8      7.672606398451      0.006747694605      2.100589819548
    8      3.843917874579      6.625888622703      2.113953412718
    8      0.022741272915      6.652244038254      2.119972962604
    8      5.751418592263     -3.320294430236      2.099179660591
    8     -5.779315470690     -3.305627861550      2.097729791652
    8      5.755416417652      3.318187084201      2.102987370177
    8     -0.029044010524     -6.640387193397      2.125427627079
    8     -5.744402043565      3.322750181689      2.105692601102
  258     -1.914046824989      1.109746393540      1.334550297145
  258      1.919711555194      1.107010647484      1.328234273130
  258      0.000962357539     -2.219692241646      1.363174573909
  258     -3.830908332243      4.430412058492      1.334707516428
  258      5.753575984042      1.108076149582      1.327714558633
  258     -1.915621519951     -5.524174598056      1.376676270852
  258      1.916362039792     -5.532956897527      1.353872018962
  258      3.839232979748      4.421946121660      1.324389805924
  258     -5.753589593217      1.107407302646      1.334965859972
  258      0.006068010262      4.432620604920      1.332366810719
  258      3.831209402895     -2.212906048035      1.334659728995
  258     -3.825795716910     -2.220030452205      1.357655993739
  258      5.758314626928     -5.530988370765      1.332675077676
  258      7.659845768182     -2.203869883687      1.317986701979
  258     -5.748336865441     -5.533375927801      1.338898401140
  258      0.000819530886     -8.856295391811      1.339886017525
    8     -0.000051929939      2.209315862702      0.593966891963
    8      1.915151174630     -1.103406801382      0.594686519543
    8     -1.918312503019     -1.100347789777      0.600523304446
    8     -1.905833093383      5.545576327547      0.592395458162
    8      5.751516356878     -1.103547945771      0.590039650013
    8     -3.836239133240     -4.428491623466      0.617719806690
    8      3.836741262902     -4.430453385107      0.596040539812
    8      1.922831530697      5.543320120441      0.591984094940
    8     -5.749406821947     -1.102310996296      0.596583224429
    8      3.837135080825      2.214688884522      0.589811525718
    8      0.002272705045     -4.431880409744      0.609095861264
    8     -3.831627365413      2.206316503919      0.603118907866
    8      7.672677477059     -4.428530567433      0.591366780525
    8     -7.668678990058      2.217746209622      0.596078214351
    8     -1.914822337474     -7.748520029744      0.597695298106
    8      1.912936644601     -7.744892935883      0.605964207465
    8     -1.918296684562      1.108741068649     -0.940829899513
    8      1.918165629022      1.108177331829     -0.944097954100
    8     -0.002685921655     -2.218751269443     -0.924990287943
    8     -3.836210520333      4.428967595892     -0.933153128928
    8      5.754625388231      1.108867269937     -0.942959538455
    8     -1.920335907622     -5.529092396761     -0.914953314657
    8      1.915851984946     -5.535820760500     -0.931983455596
    8      3.836872263681      4.430028856990     -0.943055575257
    8     -5.751845186639      1.109637297790     -0.937789053734
    8      0.003435885657      4.428960249454     -0.939737709260
    8      3.833398991418     -2.214430746405     -0.939175362622
    8     -3.831964398571     -2.220133260621     -0.922366663114
    8      5.754783844508     -5.533674754005     -0.942229848381
    8      7.670514643430     -2.211641988717     -0.943596089220
    8     -5.748016163696     -5.532208709681     -0.933081795740
    8      0.002263745526     -8.856196933178     -0.934783224037
  258      0.000944649404      2.214764249127     -1.680961833555
  258      1.912593956872     -1.110996598302     -1.676747004172
  258     -1.915057095962     -1.110939381995     -1.672200508560
  258     -1.915947865348      5.537977151995     -1.680182537519
  258      5.750731548500     -1.106221570461     -1.685150697003
  258     -3.829144449224     -4.428660678629     -1.670798183954
  258      3.833082652560     -4.429672677179     -1.676558304439
  258      1.920501850765      5.539181907313     -1.681211212187
  258     -5.746737975684     -1.108203029427     -1.676739740285
  258      3.837039972479      2.214989125196     -1.684797423560
  258     -0.001890607402     -4.428676659961     -1.668142562310
  258     -3.834325139933      2.214462406079     -1.679188225979
  258     -7.668746964899     -4.428879478404     -1.681482552013
  258     -7.669695560187      2.217853399168     -1.680179022366
  258     -1.914940705677     -7.742094907508     -1.672320796203
  258      1.918054103948     -7.746435503369     -1.674994752235
    8     -0.001332467913     -0.002771531543     -2.456283357943
    8     -1.919055959334      3.324013540483     -2.457307604134
    8      3.834743113185      0.000045010277     -2.459328951863
    8     -1.918287131611     -3.322701856133     -2.456214321558
    8      1.914568856813     -3.321913528927     -2.456591061100
    8      1.917905547774      3.323825946488     -2.459412044397
    8     -3.835463750560     -0.002428171360     -2.454947952245
    8      3.834336269233     -6.644113594271     -2.456385565681
    8     -7.670242235194      0.001186098438     -2.457629180364
    8     -3.832589623624     -6.638983887739     -2.456216684031
    8      0.002416271508      6.645298918078     -2.457238310211
    8      5.752861647781     -3.320594782163     -2.458686234312
    8     -5.749792739442     -3.320766802179     -2.456113472788
    8      5.755032275904      3.325155791513     -2.457736827223
    8     -0.002743278588     -6.640839324494     -2.454702464042
    8     -5.752432015613      3.324401766359     -2.457136165364
    8      0.000000000000      2.214571445248     -3.914846215896
    8      1.917875130079     -1.107285722624     -3.914846215896
    8     -1.917875130079     -1.107285722624     -3.914846215896
    8     -1.917875130080      5.536428613118     -3.914846215896
    8      5.753625390237     -1.107285722624     -3.914846215896
    8     -3.835750260157     -4.429142890494     -3.914846215896
    8      3.835750260157     -4.429142890494     -3.914846215896
    8      1.917875130080      5.536428613118     -3.914846215896
    8     -5.753625390237     -1.107285722624     -3.914846215896
    8      3.835750260159      2.214571445247     -3.914846215896
    8     -0.000000000001     -4.429142890492     -3.914846215896
    8     -3.835750260158      2.214571445246     -3.914846215896
    8     -7.671500520293     -4.429142890500     -3.914846215896
    8     -7.671500520300      2.214571445248     -3.914846215896
    8      5.753625390229      5.536428613098     -3.914846215896
    8      1.917875130071     -7.751000058346     -3.914846215896
  258      0.000000000000      0.000000000000     -4.697815459075
  258     -1.917875130080      3.321857167872     -4.697815459075
  258      3.835750260159     -0.000000000001     -4.697815459075
  258     -1.917875130079     -3.321857167871     -4.697815459075
  258      1.917875130079     -3.321857167871     -4.697815459075
  258      1.917875130080      3.321857167872     -4.697815459075
  258     -3.835750260159     -0.000000000001     -4.697815459075
  258     -3.835750260165      6.643714335750     -4.697815459075
  258      7.671500520294      0.000000000010     -4.697815459075
  258      3.835750260140      6.643714335750     -4.697815459075
  258      0.000000000000      6.643714335750     -4.697815459075
  258      5.753625390243     -3.321857167875     -4.697815459075
  258      9.589375650380     -3.321857167875     -4.697815459075
  258      5.753625390228      3.321857167862     -4.697815459075
  258     -7.671500520307      6.643714335750     -4.697815459075
  258     -5.753625390224      3.321857167861     -4.697815459075
    8     -1.917875130080      1.107285722623     -5.480784702254
    8      1.917875130079      1.107285722623     -5.480784702254
    8      0.000000000001     -2.214571445246     -5.480784702254
    8     -3.835750260160      4.429142890495     -5.480784702254
    8      5.753625390238      1.107285722622     -5.480784702254
    8     -1.917875130078     -5.536428613117     -5.480784702254
    8      1.917875130078     -5.536428613117     -5.480784702254
    8      3.835750260160      4.429142890495     -5.480784702254
    8     -5.753625390238      1.107285722622     -5.480784702254
    8      0.000000000000      4.429142890495     -5.480784702254
    8      3.835750260158     -2.214571445248     -5.480784702254
    8     -3.835750260158     -2.214571445248     -5.480784702254
    8      5.753625390243     -5.536428613123     -5.480784702254
    8     -7.671500520276     -2.214571445257     -5.480784702254
    8      1.917875130032      7.751000058380     -5.480784702254
    8      7.671500520293      4.429142890500     -5.480784702254
   14     -0.169191902910     -4.354183682201      6.887292858564
    8     -0.231267371928     -6.114720462850      6.709786334184
    8     -0.140774844141     -4.400047851107      8.582651440338
    8      1.325908380361     -3.434920933159      6.733351453126
    6     -0.706253453454     -7.144023815738      7.591366329429
    6      1.832604028972     -2.400335937237      7.588535815492
    6      0.943316913422     -4.933947996901      9.313946402386
    6      0.259776313341     -8.318927532706      7.572342094030
    6      3.351403996680     -2.367619389107      7.466847517783
    6      0.897054852158     -4.398228074121     10.735339342640
    1     -7.698231859620      4.235216275381      8.337437146769
    1      3.771191976947     -1.613949120387      8.147923063228
    1      1.708900519833     -4.829386662683     11.336118909975
    1      1.290777540076     -7.997661272070      7.753170944319
    1     -7.437910296651      4.469515073969      6.593674589744
    1     -0.857938761551     -6.721005256318      8.589520841040
    1     -1.667713467195     -7.488610402967      7.195801070967
    1     -0.056837981242     -4.650982389225     11.210559866258
    1      0.996545695620     -3.307083379139     10.751810396942
    1      1.908214670921     -4.677054496221      8.842068900293
    1      0.905073068783     -6.037532675436      9.334451012714
    1      1.510793257256     -2.583612037220      8.621512924545
    1      1.406151530446     -1.445727635560      7.251153056935
    1      3.784298719019     -3.343777918629      7.710805512477
    1      3.668834883498     -2.113926854277      6.446816238109
    8     -1.533606834807     -3.515934050385      6.591805896090
    6     -4.286257240416     -4.367462574040      6.779852176560
    6     -3.797017403223     -5.649762471804      7.424345774159
    1     -2.732143142694     -5.749993455123      7.228063788614
    1     -3.770795474907     -3.497746006117      7.207773089749
    1     -5.385851865568     -4.273133037680      6.971275053449
    1      3.335151668228      6.757388382708      7.028579312818
    1     -3.954538670007     -5.622587184744      8.510062919481
    0    0
