   2   1   1 E -4.0957804294641E+04 DE-3.5E-06(  6)
  0.153430010406E+02  0.000000000000E+00  0.000000000000E+00
 -0.767150052032E+01  0.132874286715E+02  0.000000000000E+00
  0.000000000000E+00  0.000000000000E+00  0.500000000000E+03
    1
  0.100000000000E+01  0.000000000000E+00  0.000000000000E+00
  0.000000000000E+00  0.100000000000E+01  0.000000000000E+00
  0.000000000000E+00  0.000000000000E+00  0.100000000000E+01
  0.000000000000E+00  0.000000000000E+00  0.000000000000E+00
  225
    8      0.007569724575      2.219697711908      5.083422860635
    8      1.938963656829     -1.028687540661      4.998699841045
    8     -1.945426141312     -1.006412416561      4.986650572127
    8     -1.894356635846      5.550253762395      5.078552992450
    8      5.752669669826     -1.096105570302      5.093836466774
    8     -3.989098481376     -4.425548181700      5.374221316596
    8      3.883047770484     -4.440679304227      5.034202987254
    8      1.943768982302      5.548389561439      5.087011021265
    8     -5.795120756612     -1.107137989261      5.071142784624
    8      3.834633952525      2.210457956111      5.085904139894
    8      0.098457075178     -4.506737888287      5.056130038760
    8     -3.838751971899      2.209774709429      5.085208836566
    8     -7.667941861196     -4.409632973602      5.080065218260
    8      7.666037266235      2.203462723682      5.095450992039
    8      5.699953289236      5.469094267652      5.001570499597
    8     -5.714233964565      5.513074830249      5.020409585855
  258      0.003710298237      0.021350935890      4.337041713557
  258     -1.910470727815      3.330730664220      4.336345759372
  258      3.836323283615      0.011024323073      4.342356961526
  258     -1.913428199273     -3.253083934580      4.424734003961
  258      1.966030958634     -3.304595473601      4.361766055204
  258      1.915552726289      3.308333835643      4.332907536524
  258     -3.841601393011      0.020973305431      4.345796310174
  258     -3.821479316144      6.643003608186      4.330625597742
  258      7.657939972513      0.014092879981      4.342634436260
  258      3.829500615240      6.567704424746      4.328232269650
  258      0.004028668499      6.651071151174      4.341423807257
  258      5.738517343137     -3.310480539723      4.342917549726
  258     -5.842629654750     -3.269406312929      4.313303825592
  258      5.753494256750      3.296670419421      4.340000039071
  258      0.012412481855     -6.703571068196      4.365401600853
  258     -5.742236581660      3.316597472275      4.345501251085
    8     -1.920034900666      1.159357061304      3.563568654422
    8      1.915737131440      1.142217600622      3.562931387082
    8      0.009577374316     -2.227152989246      3.626870408951
    8     -3.810861758816      4.420542639020      3.579639408183
    8      5.756803108802      1.106491751677      3.578681120512
    8     -2.009753108725     -5.488258074932      3.661153912622
    8      1.945979556243     -5.550114254867      3.569223795468
    8      3.809782515358      4.401170148081      3.566682230665
    8     -5.759796383157      1.113286512623      3.585280026628
    8      0.013217768500      4.439043877614      3.588173775369
    8      3.857749256824     -2.204037846311      3.583743319475
    8     -3.872342992986     -2.287957291036      3.632400001127
    8     -1.892846577302      7.749143420648      3.576858529494
    8      7.637188911719     -2.196933457856      3.571362582168
    8     -5.711651895307     -5.508007046958      3.591789229215
    8     -7.663355520984      4.396268251934      3.587030891487
    8     -0.002479346155     -0.005765111018      2.113270516412
    8     -1.906471981975      3.338975514639      2.093305906124
    8      3.835569852582      0.003503268345      2.097639945378
    8     -1.912681576879     -3.303812993953      2.095735026323
    8      1.924578502346     -3.312761998706      2.089317094815
    8      1.909857579910      3.325393456822      2.088165785287
    8     -3.837504023903     -0.020559432296      2.126550500413
    8     -3.819781890079      6.639337030670      2.099175178802
    8      7.669125741917      0.006618683844      2.097483240337
    8      3.838303044772      6.624498619488      2.108425696689
    8      0.019399041121      6.651395249963      2.116057540059
    8      5.748229023203     -3.320599597448      2.095514774148
    8     -5.784560945879     -3.305696564410      2.092556367400
    8      5.752772766036      3.317105666510      2.098837026000
    8     -0.031563273410     -6.640890521419      2.115416823453
    8     -5.746337277316      3.322325462943      2.102116777855
  258     -1.916991864587      1.110850504727      1.331129292639
  258      1.917688802145      1.107394558159      1.324649518139
  258     -0.002395493286     -2.218335878452      1.356584022704
  258     -3.832056931496      4.430007460718      1.331642437450
  258      5.751108376114      1.107627898541      1.324449973302
  258     -1.920892712754     -5.524048126687      1.370151515358
  258      1.914776832057     -5.533923022969      1.347001011575
  258      3.835926663275      4.420254182721      1.320461108512
  258     -5.755804408112      1.107487736390      1.332003631181
  258      0.003995673308      4.432499194768      1.329357889608
  258      3.830356723435     -2.212105625352      1.329238361582
  258     -3.831217614752     -2.217324588248      1.352246429025
  258      5.756661464083     -5.531163717035      1.329714268722
  258      7.655802147372     -2.203969185101      1.314741878275
  258     -5.752390192386     -5.533529839218      1.335815333026
  258     -0.001298019366     -8.859439705690      1.334308050147
    8     -0.001683015030      2.210129049655      0.591722556839
    8      1.914193555183     -1.102511698868      0.592175650686
    8     -1.921717801802     -1.098459661662      0.598107872697
    8     -1.907091267314      5.544908492946      0.590589698240
    8      5.749396597652     -1.103139317845      0.587591322437
    8     -3.840237122578     -4.428465559218      0.616245115110
    8      3.836397061564     -4.430129278611      0.593291338566
    8      1.920014064712      5.541800495263      0.589734122723
    8     -5.752873724344     -1.101222898587      0.594126638179
    8      3.835576582872      2.213855810851      0.587493074073
    8     -0.000968848753     -4.431379491164      0.607269642699
    8     -3.833760245618      2.206565647906      0.601112821189
    8      7.669367140151     -4.428745306205      0.589519509670
    8     -7.670648148400      2.216405212491      0.593935687211
    8     -1.918125056586     -7.750105403972      0.595801548575
    8      1.911659612314     -7.747058383324      0.603304791460
    8     -1.919864977360      1.109420665077     -0.943793542587
    8      1.917221233248      1.108273968382     -0.947110439665
    8     -0.004201269380     -2.217976110998     -0.929000209241
    8     -3.836843425702      4.428742408526     -0.936066287870
    8      5.753673035519      1.108384300085     -0.945638005868
    8     -1.922247276802     -5.529564512689     -0.918358924820
    8      1.915081307330     -5.536512752142     -0.935848817072
    8      3.835404975322      4.428899476284     -0.946171012245
    8     -5.753140080118      1.109613954923     -0.940380576036
    8      0.002045015463      4.428866661434     -0.942548070431
    8      3.832940830568     -2.214064121764     -0.942711408203
    8     -3.834869286075     -2.219384402345     -0.926127786935
    8      5.753702132385     -5.534110254355     -0.945336772203
    8      7.668833532784     -2.211606837348     -0.946890899560
    8     -5.750408568236     -5.532438615423     -0.936292400247
    8      0.000933835930     -8.857838613077     -0.938219008024
  258     -0.000118090579      2.214873923609     -1.681339277946
  258      1.912299205258     -1.110457263368     -1.677724543359
  258     -1.916994002796     -1.110074960183     -1.673233655874
  258     -1.916764413211      5.537898219064     -1.680344226833
  258      5.749892398566     -1.106078162410     -1.686096422570
  258     -3.831381199286     -4.428517945665     -1.671556380975
  258      3.832948831375     -4.429597130101     -1.677424184928
  258      1.919084664491      5.538689504464     -1.681437282826
  258     -5.748715712371     -1.107894808576     -1.677780982372
  258      3.836202041357      2.214314649869     -1.685403267357
  258     -0.002947407183     -4.428716973385     -1.669010906438
  258     -3.835482957451      2.214471508485     -1.679630715114
  258     -7.670159289416     -4.428873636133     -1.681767443566
  258     -7.670747333212      2.216642169699     -1.680984224734
  258     -1.916288353186     -7.743361773289     -1.673217929469
  258      1.917318093864     -7.747708048483     -1.675860658941
    8     -0.001970958756     -0.002325904597     -2.457402423819
    8     -1.919699364445      3.323911893568     -2.458680064071
    8      3.834446331597      0.000038565528     -2.460900270506
    8     -1.919520671687     -3.322629068854     -2.456493749553
    8      1.914192512138     -3.321840531921     -2.457263804841
    8      1.917173044517      3.323482422911     -2.460839496509
    8     -3.836531684028     -0.001996412001     -2.456353386125
    8      3.833905503956     -6.644483116532     -2.457510602609
    8     -7.670891271508      0.001231559643     -2.459349399280
    8     -3.833655859474     -6.639391360676     -2.456942045511
    8      0.001551582328      6.645063242724     -2.458469647192
    8      5.752342287848     -3.320621449841     -2.460167684909
    8     -5.750800378349     -3.320674580539     -2.457303018959
    8      5.754435109077      3.324356439706     -2.459107788574
    8     -0.003457386174     -6.641240298564     -2.454996888493
    8     -5.753051568058      3.323815984118     -2.458459062500
    8      0.000000000000      2.214571445248     -3.914846215896
    8      1.917875130079     -1.107285722624     -3.914846215896
    8     -1.917875130079     -1.107285722624     -3.914846215896
    8     -1.917875130080      5.536428613118     -3.914846215896
    8      5.753625390237     -1.107285722624     -3.914846215896
    8     -3.835750260157     -4.429142890494     -3.914846215896
    8      3.835750260157     -4.429142890494     -3.914846215896
    8      1.917875130080      5.536428613118     -3.914846215896
    8     -5.753625390237     -1.107285722624     -3.914846215896
    8      3.835750260159      2.214571445247     -3.914846215896
    8     -0.000000000001     -4.429142890492     -3.914846215896
    8     -3.835750260158      2.214571445246     -3.914846215896
    8     -7.671500520293     -4.429142890500     -3.914846215896
    8     -7.671500520300      2.214571445248     -3.914846215896
    8      5.753625390229      5.536428613098     -3.914846215896
    8      1.917875130071     -7.751000058346     -3.914846215896
  258      0.000000000000      0.000000000000     -4.697815459075
  258     -1.917875130080      3.321857167872     -4.697815459075
  258      3.835750260159     -0.000000000001     -4.697815459075
  258     -1.917875130079     -3.321857167871     -4.697815459075
  258      1.917875130079     -3.321857167871     -4.697815459075
  258      1.917875130080      3.321857167872     -4.697815459075
  258     -3.835750260159     -0.000000000001     -4.697815459075
  258     -3.835750260165      6.643714335750     -4.697815459075
  258      7.671500520294      0.000000000010     -4.697815459075
  258      3.835750260140      6.643714335750     -4.697815459075
  258      0.000000000000      6.643714335750     -4.697815459075
  258      5.753625390243     -3.321857167875     -4.697815459075
  258      9.589375650380     -3.321857167875     -4.697815459075
  258      5.753625390228      3.321857167862     -4.697815459075
  258     -7.671500520307      6.643714335750     -4.697815459075
  258     -5.753625390224      3.321857167861     -4.697815459075
    8     -1.917875130080      1.107285722623     -5.480784702254
    8      1.917875130079      1.107285722623     -5.480784702254
    8      0.000000000001     -2.214571445246     -5.480784702254
    8     -3.835750260160      4.429142890495     -5.480784702254
    8      5.753625390238      1.107285722622     -5.480784702254
    8     -1.917875130078     -5.536428613117     -5.480784702254
    8      1.917875130078     -5.536428613117     -5.480784702254
    8      3.835750260160      4.429142890495     -5.480784702254
    8     -5.753625390238      1.107285722622     -5.480784702254
    8      0.000000000000      4.429142890495     -5.480784702254
    8      3.835750260158     -2.214571445248     -5.480784702254
    8     -3.835750260158     -2.214571445248     -5.480784702254
    8      5.753625390243     -5.536428613123     -5.480784702254
    8     -7.671500520276     -2.214571445257     -5.480784702254
    8      1.917875130032      7.751000058380     -5.480784702254
    8      7.671500520293      4.429142890500     -5.480784702254
   14     -0.159523959166     -4.357920699471      6.882597533736
    8     -0.245816361169     -6.124158162906      6.714808481864
    8     -0.116219035805     -4.407465483405      8.582078546538
    8      1.349058860301     -3.450307219282      6.730078168566
    6     -0.690410468206     -7.152271852841      7.614861194472
    6      1.860369088968     -2.418062184205      7.582614978427
    6      0.962054077663     -4.982003255085      9.296958094838
    6      0.242700702370     -8.356698967474      7.510905509610
    6      3.374682995492     -2.369463262646      7.450304044022
    6      0.957106190735     -4.438967433950     10.717336633267
    1     -7.682694182012      4.191078057437      8.281606063008
    1      3.790606448546     -1.599594475224      8.113246467377
    1      1.765845859717     -4.883614928119     11.312429769782
    1      1.296638808870     -8.071214962257      7.617909717215
    1     -7.541923275667      4.443836173623      6.528775784903
    1     -0.765545091935     -6.741132156200      8.628785184497
    1     -1.685087177369     -7.475027249527      7.282039756007
    1      0.002794323280     -4.663102081043     11.205951414452
    1      1.081701302830     -3.350269608861     10.720538800878
    1      1.929027119119     -4.766345121323      8.807776256460
    1      0.882879511898     -6.084196189435      9.321843307615
    1      1.550077385349     -2.602511018505      8.614484357530
    1      1.425258781858     -1.467081475928      7.251907749462
    1      3.819809061521     -3.336862152903      7.698562721967
    1      3.685414617869     -2.123898186660      6.431288548071
    8     -1.513359216435     -3.503489376615      6.589993516827
    6     -4.271969225340     -4.371294503685      6.771907792431
    6     -3.766511694377     -5.629117092079      7.450783934294
    1     -2.717397528286     -5.747840596380      7.173930705819
    1     -3.779826840404     -3.488946694992      7.192048846696
    1     -5.373067997183     -4.277677754817      6.918574523543
    1      3.318064955089      6.775758846721      7.140219373583
    1     -3.837158808430     -5.565246808357      8.543610706218
    0    0
