   2   1   1 E -4.0957804676660E+04 DE 9.9E-07(  6)
  0.153430010406E+02  0.000000000000E+00  0.000000000000E+00
 -0.767150052032E+01  0.132874286715E+02  0.000000000000E+00
  0.000000000000E+00  0.000000000000E+00  0.500000000000E+03
    1
  0.100000000000E+01  0.000000000000E+00  0.000000000000E+00
  0.000000000000E+00  0.100000000000E+01  0.000000000000E+00
  0.000000000000E+00  0.000000000000E+00  0.100000000000E+01
  0.000000000000E+00  0.000000000000E+00  0.000000000000E+00
  225
    8      0.007014694757      2.219692117360      5.084306936566
    8      1.937537324108     -1.028610474486      4.998330726426
    8     -1.946371971690     -1.006799757269      4.987568077322
    8     -1.894446496175      5.550168204405      5.079143222918
    8      5.752306456486     -1.096019818138      5.094407855939
    8     -3.986642243872     -4.422008184377      5.371689352110
    8      3.883034012047     -4.441590116703      5.033735847907
    8      1.943366644459      5.548621302465      5.088342753476
    8     -5.796096829181     -1.107327492551      5.071908046748
    8      3.834238768574      2.210070815636      5.087173213135
    8      0.098127406365     -4.507636593095      5.056111034488
    8     -3.839817708988      2.209790437075      5.086179909357
    8     -7.668358823390     -4.409094040839      5.080834645049
    8      7.665089696680      2.202543873489      5.095838687951
    8      5.699261527416      5.469105003352      5.001331782240
    8     -5.713524473665      5.513408695493      5.019627763299
  258      0.003114359124      0.020985691849      4.338312725400
  258     -1.910693604105      3.330648314704      4.337233001173
  258      3.835868418332      0.011060615622      4.343246414459
  258     -1.913666249468     -3.253353058397      4.426159302993
  258      1.966028798245     -3.305292423239      4.361041644462
  258      1.914917200676      3.308178812560      4.334024049267
  258     -3.842309925345      0.020990731532      4.346863063846
  258     -3.821549037646      6.642861768225      4.331202026324
  258      7.657316378488      0.013959751751      4.343276658535
  258      3.829065710045      6.567693270925      4.329380117971
  258      0.003671161276      6.651267921741      4.342385763518
  258      5.738082486600     -3.310490623406      4.343756753564
  258     -5.843830947586     -3.268841742969      4.313619585351
  258      5.753026725818      3.296368155374      4.341214376778
  258      0.012422291596     -6.704085040423      4.364812719708
  258     -5.742530492777      3.316337703719      4.346498340761
    8     -1.920666808199      1.159523806507      3.564404262729
    8      1.915347898166      1.142767275011      3.563602266980
    8      0.008957008108     -2.227406804701      3.627382246346
    8     -3.810749804140      4.419906008611      3.580022289961
    8      5.756080349229      1.106429907891      3.579078829575
    8     -2.010387707676     -5.488265594804      3.662173059661
    8      1.945509439575     -5.549969900744      3.569091957753
    8      3.808792521350      4.400918102806      3.567631560165
    8     -5.760266616136      1.113197725134      3.585756257569
    8      0.012952227275      4.439034249645      3.589066678493
    8      3.857493442151     -2.204056505433      3.584314538337
    8     -3.873173473280     -2.286728789293      3.632896956351
    8     -1.892658258375      7.749139671265      3.577124326754
    8      7.636339235572     -2.196892381427      3.571781872846
    8     -5.712342562327     -5.507657284499      3.592831020204
    8     -7.663611259324      4.395877060729      3.587805603631
    8     -0.003005183815     -0.005690390529      2.113993028885
    8     -1.906603220043      3.338898644355      2.093995393502
    8      3.835142674470      0.003429216385      2.098408879831
    8     -1.913165986968     -3.304018082619      2.096429419858
    8      1.924442807461     -3.312889736387      2.088997801335
    8      1.909417412372      3.325401911745      2.088809265952
    8     -3.837882899620     -0.020237007128      2.127342566629
    8     -3.819977747986      6.639153755449      2.099436054544
    8      7.668659276168      0.006582670788      2.098138570490
    8      3.837724655406      6.624452776734      2.108925225176
    8      0.019080973518      6.651345953089      2.116664612731
    8      5.747790928565     -3.320563328790      2.096119222859
    8     -5.785337637623     -3.305576015750      2.093182895957
    8      5.752430858348      3.317067299576      2.099593558779
    8     -0.031771151693     -6.641123764309      2.115129568542
    8     -5.746691285399      3.322175768493      2.102974025189
  258     -1.917311235706      1.110820074290      1.331932951665
  258      1.917239828593      1.107341686350      1.325344741260
  258     -0.002859354379     -2.218263515091      1.356897448256
  258     -3.832202763195      4.429874520792      1.332244737198
  258      5.750729271878      1.107625963009      1.324937968367
  258     -1.921375552735     -5.523911813247      1.370416303371
  258      1.914697588762     -5.534192324536      1.346795365061
  258      3.835520116014      4.420049813195      1.321014686101
  258     -5.756077563451      1.107472663233      1.332656009402
  258      0.003761822907      4.432472958182      1.330041791683
  258      3.830314861008     -2.211952219854      1.329427397220
  258     -3.831805993868     -2.217013028120      1.352847177274
  258      5.756465665183     -5.531206644339      1.330188815833
  258      7.655330247249     -2.203964818405      1.315196538361
  258     -5.752880946835     -5.533307850040      1.336465484833
  258     -0.001614566188     -8.859911277502      1.334579695325
    8     -0.001940402053      2.210152733465      0.592251175525
    8      1.913949047025     -1.102421837266      0.592741526700
    8     -1.922164693908     -1.098372879005      0.598819224739
    8     -1.907273563116      5.544792986378      0.591012292816
    8      5.749155828031     -1.103027176571      0.587840716824
    8     -3.840793795066     -4.428402883974      0.617072816114
    8      3.836362899929     -4.430115515498      0.593506895653
    8      1.919655107070      5.541759679489      0.590216937118
    8     -5.753298141328     -1.101088792523      0.594618917176
    8      3.835288686289      2.213723214426      0.587918203588
    8     -0.001406271599     -4.431354457374      0.607851745907
    8     -3.834068362526      2.206563981496      0.601562146136
    8      7.668925784485     -4.428685334532      0.589888255243
    8     -7.670957773843      2.216288215331      0.594347276668
    8     -1.918541317357     -7.750285129022      0.596427099541
    8      1.911484849117     -7.747423524621      0.603625158987
    8     -1.920025651217      1.109413020695     -0.943593196256
    8      1.916997654737      1.108225251508     -0.946976766361
    8     -0.004438216490     -2.217893033209     -0.929007142541
    8     -3.836917221293      4.428717897961     -0.935992936120
    8      5.753519971288      1.108362802809     -0.945539190511
    8     -1.922523004289     -5.529561292455     -0.918287907920
    8      1.914955932363     -5.536624231731     -0.935966480155
    8      3.835238298515      4.428807988991     -0.946097690610
    8     -5.753312453240      1.109623029231     -0.940196788654
    8      0.001887516369      4.428832694587     -0.942435947650
    8      3.832830055905     -2.213991797383     -0.942717175184
    8     -3.835130971231     -2.219339176173     -0.926046809177
    8      5.753549688010     -5.534188029592     -0.945362214376
    8      7.668645640479     -2.211582611520     -0.946831898704
    8     -5.750630012080     -5.532406456110     -0.936190093808
    8      0.000711825162     -8.857981029230     -0.938194149017
  258     -0.000307786983      2.214853828234     -1.681048095720
  258      1.912136188949     -1.110375609218     -1.677571071896
  258     -1.917240445785     -1.109983149613     -1.673018502386
  258     -1.916910852506      5.537868977431     -1.680099223180
  258      5.749742402454     -1.106014231164     -1.686042663588
  258     -3.831695922430     -4.428463581999     -1.671340843164
  258      3.832879295653     -4.429613832686     -1.677369748961
  258      1.918877338815      5.538670274057     -1.681158182465
  258     -5.748997652542     -1.107838275142     -1.677621531311
  258      3.835984126487      2.214260175336     -1.685240256747
  258     -0.003165760823     -4.428712812713     -1.668910615941
  258     -3.835648484644      2.214471750295     -1.679380791029
  258     -7.670368092492     -4.428871067471     -1.681576315791
  258     -7.670949734580      2.216485351500     -1.680866756930
  258     -1.916524858532     -7.743467557354     -1.673049410038
  258      1.917170186453     -7.747908504403     -1.675772264665
    8     -0.002070863745     -0.002316410365     -2.457320750417
    8     -1.919774654402      3.323862835417     -2.458695252555
    8      3.834373877769      0.000038309098     -2.460932771454
    8     -1.919663492219     -3.322645028048     -2.456301447863
    8      1.914075859019     -3.321848890948     -2.457151522016
    8      1.917092859153      3.323451213133     -2.460834794938
    8     -3.836620960075     -0.001980870485     -2.456309412585
    8      3.833811842475     -6.644537696017     -2.457542398650
    8     -7.670956158653      0.001257924008     -2.459414252560
    8     -3.833758132607     -6.639383390447     -2.456799148620
    8      0.001479908975      6.645062410864     -2.458496917396
    8      5.752274523764     -3.320630088082     -2.460227544229
    8     -5.750895994519     -3.320661471378     -2.457266976566
    8      5.754346666721      3.324304180935     -2.459105209143
    8     -0.003567764146     -6.641215343469     -2.454855868884
    8     -5.753130435648      3.323760573165     -2.458464674431
    8      0.000000000000      2.214571445248     -3.914846215896
    8      1.917875130079     -1.107285722624     -3.914846215896
    8     -1.917875130079     -1.107285722624     -3.914846215896
    8     -1.917875130080      5.536428613118     -3.914846215896
    8      5.753625390237     -1.107285722624     -3.914846215896
    8     -3.835750260157     -4.429142890494     -3.914846215896
    8      3.835750260157     -4.429142890494     -3.914846215896
    8      1.917875130080      5.536428613118     -3.914846215896
    8     -5.753625390237     -1.107285722624     -3.914846215896
    8      3.835750260159      2.214571445247     -3.914846215896
    8     -0.000000000001     -4.429142890492     -3.914846215896
    8     -3.835750260158      2.214571445246     -3.914846215896
    8     -7.671500520293     -4.429142890500     -3.914846215896
    8     -7.671500520300      2.214571445248     -3.914846215896
    8      5.753625390229      5.536428613098     -3.914846215896
    8      1.917875130071     -7.751000058346     -3.914846215896
  258      0.000000000000      0.000000000000     -4.697815459075
  258     -1.917875130080      3.321857167872     -4.697815459075
  258      3.835750260159     -0.000000000001     -4.697815459075
  258     -1.917875130079     -3.321857167871     -4.697815459075
  258      1.917875130079     -3.321857167871     -4.697815459075
  258      1.917875130080      3.321857167872     -4.697815459075
  258     -3.835750260159     -0.000000000001     -4.697815459075
  258     -3.835750260165      6.643714335750     -4.697815459075
  258      7.671500520294      0.000000000010     -4.697815459075
  258      3.835750260140      6.643714335750     -4.697815459075
  258      0.000000000000      6.643714335750     -4.697815459075
  258      5.753625390243     -3.321857167875     -4.697815459075
  258      9.589375650380     -3.321857167875     -4.697815459075
  258      5.753625390228      3.321857167862     -4.697815459075
  258     -7.671500520307      6.643714335750     -4.697815459075
  258     -5.753625390224      3.321857167861     -4.697815459075
    8     -1.917875130080      1.107285722623     -5.480784702254
    8      1.917875130079      1.107285722623     -5.480784702254
    8      0.000000000001     -2.214571445246     -5.480784702254
    8     -3.835750260160      4.429142890495     -5.480784702254
    8      5.753625390238      1.107285722622     -5.480784702254
    8     -1.917875130078     -5.536428613117     -5.480784702254
    8      1.917875130078     -5.536428613117     -5.480784702254
    8      3.835750260160      4.429142890495     -5.480784702254
    8     -5.753625390238      1.107285722622     -5.480784702254
    8      0.000000000000      4.429142890495     -5.480784702254
    8      3.835750260158     -2.214571445248     -5.480784702254
    8     -3.835750260158     -2.214571445248     -5.480784702254
    8      5.753625390243     -5.536428613123     -5.480784702254
    8     -7.671500520276     -2.214571445257     -5.480784702254
    8      1.917875130032      7.751000058380     -5.480784702254
    8      7.671500520293      4.429142890500     -5.480784702254
   14     -0.156429358525     -4.363115143268      6.880649549636
    8     -0.239832727817     -6.129605109715      6.707239722587
    8     -0.107937696911     -4.419669190633      8.579864463055
    8      1.351475929965     -3.454183267054      6.726859850735
    6     -0.699617336573     -7.161808998421      7.594919416316
    6      1.866660448282     -2.424958036199      7.581042785296
    6      0.980958309822     -4.985667112352      9.285263390157
    6      0.223737607314     -8.369489200085      7.496166356767
    6      3.379957157229     -2.385290791794      7.451890819219
    6      0.982256737449     -4.446441477343     10.706687318163
    1     -7.718676364050      4.171583842252      8.254196390075
    1      3.798319431585     -1.609459916512      8.107931732990
    1      1.796004738035     -4.890759019858     11.295233496881
    1      1.273421702115     -8.088989984140      7.621941312351
    1     -7.547166114981      4.439876262243      6.511998710985
    1     -0.782500190887     -6.756986945436      8.608303176795
    1     -1.692701625930     -7.474914518479      7.252482266423
    1      0.031500581226     -4.674931211294     11.200230449110
    1      1.103942744596     -3.357389912504     10.712527132028
    1      1.941730560029     -4.759750935907      8.788846666516
    1      0.912644203989     -6.088284026867      9.308170484059
    1      1.554972345730     -2.607745583159      8.612159875476
    1      1.438145778537     -1.471130812877      7.251858897831
    1      3.819034425094     -3.352131011321      7.710471161738
    1      3.694014786928     -2.152512474077      6.431201955041
    8     -1.511879306727     -3.508999029451      6.592591893788
    6     -4.266801049094     -4.370131109566      6.771001126483
    6     -3.757364765200     -5.630186252174      7.442379565797
    1     -2.713824451568     -5.753199820222      7.144232652350
    1     -3.776502031310     -3.488561983552      7.195130457149
    1     -5.368081859061     -4.280530145088      6.921065759919
    1      3.317595326990      6.777476983809      7.140472176153
    1     -3.805224866468     -5.564592629036      8.537729050077
    0    0
