   2   1   1 E -4.0957807599102E+04 DE-8.2E-06(  6)
  0.153430010406E+02  0.000000000000E+00  0.000000000000E+00
 -0.767150052032E+01  0.132874286715E+02  0.000000000000E+00
  0.000000000000E+00  0.000000000000E+00  0.500000000000E+03
    1
  0.100000000000E+01  0.000000000000E+00  0.000000000000E+00
  0.000000000000E+00  0.100000000000E+01  0.000000000000E+00
  0.000000000000E+00  0.000000000000E+00  0.100000000000E+01
  0.000000000000E+00  0.000000000000E+00  0.000000000000E+00
  225
    8      0.006716895635      2.217854135816      5.082573103319
    8      1.933768227170     -1.029938298574      4.994063785156
    8     -1.947472848481     -1.013254375137      4.988141688510
    8     -1.892294374558      5.547529234102      5.076120803552
    8      5.754172253596     -1.096582700020      5.090707100024
    8     -3.988780082883     -4.411692539109      5.362321733781
    8      3.886837380504     -4.448907619975      5.025981528639
    8      1.944661664310      5.548771423699      5.087820167361
    8     -5.796581868254     -1.111102718802      5.071073372077
    8      3.835902295552      2.206072854323      5.087399289520
    8      0.099782278652     -4.513204152461      5.059725848057
    8     -3.844162439169      2.207585530924      5.085707164924
    8     -7.665309771848     -4.408080704946      5.080344028685
    8      7.661740859834      2.193650142482      5.089461883799
    8      5.697346912194      5.468258009759      4.991482751859
    8     -5.706075289492      5.513561888487      5.009319963069
  258      0.003243989468      0.015960012223      4.340634919847
  258     -1.909429898408      3.328165174916      4.335296382044
  258      3.836216090404      0.009598862627      4.341615069161
  258     -1.909223385770     -3.261019323097      4.432997334139
  258      1.969311594476     -3.310287386966      4.352466594045
  258      1.913936863470      3.305947535371      4.332589459186
  258     -3.842153657600      0.017460241439      4.346558644920
  258     -3.819933421815      6.640014372984      4.329058638504
  258      7.656971850748      0.011321547608      4.339578188086
  258      3.830268642829      6.566551391153      4.326958788942
  258      0.005318472321      6.650015451946      4.340971061562
  258      5.739195855465     -3.312388166662      4.342772721142
  258     -5.842772093867     -3.269372923611      4.311439560525
  258      5.752202096480      3.293686225252      4.340466032280
  258      0.014520667623     -6.705920129497      4.356099320932
  258     -5.742164202616      3.312711839292      4.345610100413
    8     -1.921177751039      1.157446890675      3.564568501013
    8      1.915951946598      1.144129655142      3.562502229111
    8      0.008090772744     -2.231758958104      3.627146815797
    8     -3.807344192966      4.413853784907      3.576623762277
    8      5.753682906556      1.104799980865      3.574343331138
    8     -2.008875401406     -5.489873257229      3.662838044881
    8      1.944309304548     -5.548877602203      3.564886258449
    8      3.805078899305      4.397855989331      3.566344097466
    8     -5.759270687950      1.110346346398      3.582329327067
    8      0.014327776250      4.437496555504      3.587931029731
    8      3.858667180142     -2.205642287354      3.583113705837
    8     -3.871552316475     -2.282744604104      3.630296321055
    8     -1.887558651161      7.747109892085      3.573620127105
    8      7.636390383193     -2.199287881183      3.569157527979
    8     -5.711175685855     -5.508103061131      3.592924665458
    8     -7.662741755224      4.393074097822      3.586730119020
    8     -0.003233527873     -0.007744895187      2.114209354747
    8     -1.905013800355      3.336696062678      2.092738459971
    8      3.834420925960      0.001092101027      2.097808378985
    8     -1.912604216257     -3.307297088891      2.101351575656
    8      1.925807513512     -3.314231038969      2.083620177921
    8      1.908939681956      3.324035794655      2.086566513827
    8     -3.837302398240     -0.020357389009      2.126399124496
    8     -3.819766149500      6.636960440738      2.096608638588
    8      7.668375408184      0.004717342744      2.096189019646
    8      3.837634495647      6.622794406396      2.105963515619
    8      0.020494489956      6.649596185973      2.114409171401
    8      5.747444171267     -3.321515300736      2.095416483697
    8     -5.784914234426     -3.307311012041      2.092312959633
    8      5.752578781206      3.316336158408      2.098540848954
    8     -0.030636176224     -6.643163649823      2.109993728267
    8     -5.747266942226      3.319953706722      2.103475357500
  258     -1.916852852086      1.108668867478      1.332507788467
  258      1.916303245754      1.105389658279      1.325304477989
  258     -0.003569342745     -2.219222147746      1.355907308387
  258     -3.831501089055      4.427961067628      1.331768074973
  258      5.750282451423      1.106604819862      1.323430446731
  258     -1.921186376974     -5.523986525541      1.370011858865
  258      1.916379471404     -5.536488395956      1.341785028453
  258      3.835322705615      4.417908902530      1.319876261048
  258     -5.755399015136      1.105910269193      1.331954244656
  258      0.004488770254      4.431166180568      1.329630933842
  258      3.832162502231     -2.212152250813      1.326626749020
  258     -3.831382791384     -2.217537390787      1.353573116723
  258      5.757379913011     -5.532687911866      1.329243760531
  258      7.655419550035     -2.205362975155      1.313807647747
  258     -5.752336056663     -5.533803498423      1.335902977261
  258     -0.001830527432     -8.863455856031      1.332120385447
    8     -0.001826292130      2.208687186877      0.591730065215
    8      1.914152219932     -1.102908504539      0.593320457283
    8     -1.922406623684     -1.100378360934      0.600117100732
    8     -1.906878847276      5.543160458772      0.590278676084
    8      5.749586400828     -1.103842021858      0.586502148880
    8     -3.841045926378     -4.429520014036      0.619146291997
    8      3.837512346848     -4.431222377796      0.592088417608
    8      1.919759978254      5.540919783412      0.589470752880
    8     -5.753331349121     -1.102096689386      0.594203214669
    8      3.835219674674      2.211929957101      0.587491214380
    8     -0.002360541381     -4.432083705621      0.608683346444
    8     -3.833888929506      2.205512666882      0.600681962515
    8      7.668646981572     -4.429424040025      0.589116600203
    8     -7.670929128508      2.215145516880      0.593313234426
    8     -1.919247328092     -7.752742205164      0.596651166017
    8      1.911986942563     -7.750166560357      0.602607366614
    8     -1.919484731182      1.108097360512     -0.943880007541
    8      1.916888410570      1.107174429615     -0.947808720894
    8     -0.004595090785     -2.218534848157     -0.930319405748
    8     -3.836132572483      4.427965216603     -0.937131100409
    8      5.753884852801      1.107761640786     -0.946743037626
    8     -1.922507630953     -5.530193697451     -0.919380588878
    8      1.915228589606     -5.537597487955     -0.938111443707
    8      3.835519542580      4.427846454661     -0.947394325844
    8     -5.752897392960      1.108855327240     -0.941242888051
    8      0.002088818726      4.427938033581     -0.943563411805
    8      3.833444022780     -2.214249580657     -0.944305393643
    8     -3.834352406952     -2.220349309035     -0.927084708615
    8      5.753890390329     -5.535366001622     -0.946876990155
    8      7.669223227947     -2.212303762955     -0.948048884797
    8     -5.750020851499     -5.532776169445     -0.937237675453
    8      0.000713129787     -8.858888040653     -0.939967027536
  258     -0.000702065383      2.214175470507     -1.680457204431
  258      1.911887480800     -1.110443836470     -1.677952867209
  258     -1.917665527229     -1.110361559704     -1.672872033526
  258     -1.916960895027      5.537084413493     -1.679642939807
  258      5.749864262409     -1.106244422974     -1.686811238594
  258     -3.832618079659     -4.428462860147     -1.671996075639
  258      3.833287928354     -4.430254836357     -1.678149870155
  258      1.918509253044      5.538224831045     -1.680668375739
  258     -5.749368499260     -1.108213009530     -1.677901121723
  258      3.835332406274      2.213551699585     -1.685297361005
  258     -0.003708131209     -4.429132901943     -1.669940410424
  258     -3.835591124179      2.213743858625     -1.678999714874
  258     -7.670506157950     -4.429568230306     -1.681504531683
  258     -7.671091847659      2.215205752087     -1.681416119240
  258     -1.917081788340     -7.744698862578     -1.673740759042
  258      1.917112708212     -7.749562247931     -1.676559988789
    8     -0.001993682255     -0.002920816754     -2.456962810669
    8     -1.919388438899      3.322935093471     -2.458553016443
    8      3.834956995294     -0.000385162238     -2.460736758045
    8     -1.919633897008     -3.323223101998     -2.455379953173
    8      1.913980575156     -3.322338480673     -2.456409662416
    8      1.917570746517      3.322793277471     -2.460551588306
    8     -3.836286116370     -0.002691598732     -2.456065273130
    8      3.833871851157     -6.645110097159     -2.457426506211
    8     -7.670323306673      0.001087049086     -2.459686688045
    8     -3.833392593870     -6.639679703029     -2.455998055671
    8      0.001961628500      6.644741929602     -2.458478202203
    8      5.752789758375     -3.320904823996     -2.460148513252
    8     -5.750617998704     -3.320979220360     -2.457008878317
    8      5.754773989989      3.323486025493     -2.458844876420
    8     -0.003412473939     -6.641340850885     -2.454579558881
    8     -5.752729725731      3.323076286706     -2.458185029849
    8      0.000000000000      2.214571445248     -3.914846215896
    8      1.917875130079     -1.107285722624     -3.914846215896
    8     -1.917875130079     -1.107285722624     -3.914846215896
    8     -1.917875130080      5.536428613118     -3.914846215896
    8      5.753625390237     -1.107285722624     -3.914846215896
    8     -3.835750260157     -4.429142890494     -3.914846215896
    8      3.835750260157     -4.429142890494     -3.914846215896
    8      1.917875130080      5.536428613118     -3.914846215896
    8     -5.753625390237     -1.107285722624     -3.914846215896
    8      3.835750260159      2.214571445247     -3.914846215896
    8     -0.000000000001     -4.429142890492     -3.914846215896
    8     -3.835750260158      2.214571445246     -3.914846215896
    8     -7.671500520293     -4.429142890500     -3.914846215896
    8     -7.671500520300      2.214571445248     -3.914846215896
    8      5.753625390229      5.536428613098     -3.914846215896
    8      1.917875130071     -7.751000058346     -3.914846215896
  258      0.000000000000      0.000000000000     -4.697815459075
  258     -1.917875130080      3.321857167872     -4.697815459075
  258      3.835750260159     -0.000000000001     -4.697815459075
  258     -1.917875130079     -3.321857167871     -4.697815459075
  258      1.917875130079     -3.321857167871     -4.697815459075
  258      1.917875130080      3.321857167872     -4.697815459075
  258     -3.835750260159     -0.000000000001     -4.697815459075
  258     -3.835750260165      6.643714335750     -4.697815459075
  258      7.671500520294      0.000000000010     -4.697815459075
  258      3.835750260140      6.643714335750     -4.697815459075
  258      0.000000000000      6.643714335750     -4.697815459075
  258      5.753625390243     -3.321857167875     -4.697815459075
  258      9.589375650380     -3.321857167875     -4.697815459075
  258      5.753625390228      3.321857167862     -4.697815459075
  258     -7.671500520307      6.643714335750     -4.697815459075
  258     -5.753625390224      3.321857167861     -4.697815459075
    8     -1.917875130080      1.107285722623     -5.480784702254
    8      1.917875130079      1.107285722623     -5.480784702254
    8      0.000000000001     -2.214571445246     -5.480784702254
    8     -3.835750260160      4.429142890495     -5.480784702254
    8      5.753625390238      1.107285722622     -5.480784702254
    8     -1.917875130078     -5.536428613117     -5.480784702254
    8      1.917875130078     -5.536428613117     -5.480784702254
    8      3.835750260160      4.429142890495     -5.480784702254
    8     -5.753625390238      1.107285722622     -5.480784702254
    8      0.000000000000      4.429142890495     -5.480784702254
    8      3.835750260158     -2.214571445248     -5.480784702254
    8     -3.835750260158     -2.214571445248     -5.480784702254
    8      5.753625390243     -5.536428613123     -5.480784702254
    8     -7.671500520276     -2.214571445257     -5.480784702254
    8      1.917875130032      7.751000058380     -5.480784702254
    8      7.671500520293      4.429142890500     -5.480784702254
   14     -0.141243833192     -4.376250743860      6.878089111212
    8     -0.209424080345     -6.150559288702      6.702637847362
    8     -0.063109590669     -4.453072572271      8.577372853934
    8      1.358579983494     -3.451553913788      6.715743981526
    6     -0.671463341273     -7.187183639657      7.583048368332
    6      1.900264267555     -2.454247353355      7.589830925062
    6      1.058228918455     -5.004418509977      9.244262452480
    6      0.195994219965     -8.424929748917      7.417768599065
    6      3.412656171871     -2.406704051227      7.411621980997
    6      1.095805444491     -4.481852650244     10.670764211731
    1     -7.749144509073      4.105477393002      8.162915332343
    1      3.852625999910     -1.656743396982      8.081726403225
    1      1.939699305170     -4.916304582638     11.223307221350
    1      1.260091592313     -8.191025396087      7.503206644315
    1     -7.634205129026      4.412950580863      6.431076086984
    1     -0.692698472823     -6.808870959759      8.608072339752
    1     -1.693411996947     -7.448758198544      7.287008333251
    1      0.169219072374     -4.737616244550     11.195343251631
    1      1.195228404663     -3.391061685263     10.688684297142
    1      1.998562303087     -4.756676085756      8.721767655484
    1      1.013250310383     -6.107534698928      9.258745771239
    1      1.625253212961     -2.677892964845      8.625500090849
    1      1.457044903397     -1.489120708404      7.311464963089
    1      3.866409144877     -3.380733962705      7.616725123763
    1      3.691146019426     -2.133689102186      6.388372401252
    8     -1.504450143894     -3.528114458625      6.604000947252
    6     -4.232964092990     -4.369077930860      6.770688697127
    6     -3.700992429441     -5.637212639008      7.409670704308
    1     -2.678198538385     -5.762869991697      7.051765174286
    1     -3.739724132572     -3.490018374308      7.198048923371
    1     -5.331676382009     -4.289566780743      6.941619682745
    1      3.356602924510      6.775331830856      7.130810851619
    1     -3.682851198989     -5.577089911378      8.504608832481
    0    0
