   2   1   1 E -4.0957807722854E+04 DE 2.1E-06(  6)
  0.153430010406E+02  0.000000000000E+00  0.000000000000E+00
 -0.767150052032E+01  0.132874286715E+02  0.000000000000E+00
  0.000000000000E+00  0.000000000000E+00  0.500000000000E+03
    1
  0.100000000000E+01  0.000000000000E+00  0.000000000000E+00
  0.000000000000E+00  0.100000000000E+01  0.000000000000E+00
  0.000000000000E+00  0.000000000000E+00  0.100000000000E+01
  0.000000000000E+00  0.000000000000E+00  0.000000000000E+00
  225
    8      0.008137569779      2.218099349874      5.081416584937
    8      1.935463533203     -1.024078881881      4.990380138648
    8     -1.942085584263     -1.018247475448      4.994187851337
    8     -1.892662946803      5.547251702947      5.077302047755
    8      5.757968073086     -1.095303519071      5.089031030611
    8     -3.993746298495     -4.408414964600      5.364242604830
    8      3.888177561368     -4.449556216085      5.025178938850
    8      1.943974609507      5.547599648285      5.087639527371
    8     -5.794135397478     -1.111717887254      5.073173113610
    8      3.839530941474      2.207525758950      5.089436372318
    8      0.108927767026     -4.517711487131      5.065482713743
    8     -3.844663167171      2.208205066803      5.087947163835
    8     -7.664302156149     -4.407404156142      5.082710664025
    8      7.663886376795      2.186920237399      5.085890635389
    8      5.693359613853      5.469928686971      4.996185038342
    8     -5.698995597233      5.512092448391      5.004986243309
  258      0.005812960906      0.015183672399      4.340198412320
  258     -1.908967866231      3.327406213549      4.335274713926
  258      3.838193585873      0.010996413571      4.339680329463
  258     -1.905915740257     -3.261680904026      4.439766072579
  258      1.972865201174     -3.308105407928      4.349700070615
  258      1.913895525552      3.306361300958      4.331443016847
  258     -3.840262423238      0.015332587325      4.346161815283
  258     -3.819467275942      6.638960916845      4.328852682631
  258      7.658567074536      0.012081044756      4.339077049406
  258      3.830408654629      6.565274880332      4.325808909838
  258      0.005749611313      6.649486025867      4.340779817950
  258      5.741213266336     -3.312301427773      4.342623924760
  258     -5.840575045175     -3.269994855916      4.314621240552
  258      5.750621996322      3.294245662595      4.340613492530
  258      0.015797653182     -6.706018533795      4.356060016257
  258     -5.741080129870      3.311356931013      4.345851256020
    8     -1.921968892955      1.153870635948      3.567498013766
    8      1.918713304184      1.146881259155      3.561336765704
    8      0.009750541194     -2.235468598939      3.629322272557
    8     -3.803209334827      4.411020393119      3.574350014451
    8      5.752049010125      1.105774837516      3.572326129280
    8     -2.003471003301     -5.488341308283      3.665712091735
    8      1.943151542293     -5.547694421234      3.563275372554
    8      3.804957120132      4.397127734530      3.565053052933
    8     -5.754493011202      1.108379782436      3.581220295946
    8      0.014052437051      4.438047973552      3.587646689516
    8      3.860136836236     -2.205100724000      3.584178069965
    8     -3.868013237049     -2.280642406199      3.632058194652
    8     -1.884112635334      7.746562207155      3.573191937883
    8      7.638962198939     -2.200395533884      3.568182271520
    8     -5.710430494338     -5.509347458011      3.593697837270
    8     -7.664029907448      4.392769932603      3.591350589339
    8     -0.001906110233     -0.008685799196      2.115857847075
    8     -1.902369438887      3.333522711767      2.091981011541
    8      3.834601891155     -0.000110985108      2.095730490423
    8     -1.912474678907     -3.307395642919      2.107168875667
    8      1.927383881726     -3.312650708772      2.081458194410
    8      1.908434100624      3.324686695178      2.084494397570
    8     -3.834773708062     -0.020630247722      2.124342249261
    8     -3.819942434912      6.637057371836      2.097997874650
    8      7.669156957888      0.005572931163      2.094621717441
    8      3.840525195930      6.623925753585      2.106669397983
    8      0.022486651604      6.649235305694      2.112929738530
    8      5.747387345775     -3.321674885734      2.095937821550
    8     -5.781314964983     -3.308610865970      2.093411002946
    8      5.754113648578      3.317864479674      2.098759237423
    8     -0.029825782243     -6.645893357896      2.109612960289
    8     -5.748146585141      3.320396177694      2.104454914623
  258     -1.916096333329      1.107952027978      1.332891463782
  258      1.916948442230      1.105328223524      1.324635012092
  258     -0.003477831057     -2.220208951540      1.356862310815
  258     -3.831230314484      4.427307538506      1.331559872662
  258      5.751554288295      1.106930665900      1.322931524795
  258     -1.919566455229     -5.523328531622      1.370929397792
  258      1.918539544437     -5.536427986375      1.341104302153
  258      3.836227057329      4.418168716394      1.319030017041
  258     -5.754032172500      1.105259319258      1.331689318354
  258      0.004826482009      4.431100361420      1.329326044366
  258      3.833970356143     -2.211745965323      1.325607685246
  258     -3.829183909091     -2.219413879661      1.355077702444
  258      5.758239955560     -5.532813188274      1.329505423226
  258      7.657546665753     -2.205567031203      1.314373343393
  258     -5.751369130520     -5.533600097678      1.336176076193
  258     -0.001300252756     -8.863327402709      1.332832017909
    8     -0.001210257794      2.207010624893      0.590178812333
    8      1.914022301115     -1.102416773163      0.592187319210
    8     -1.919910845355     -1.102733096776      0.599880223892
    8     -1.907060372986      5.542759526784      0.590687082140
    8      5.750531542905     -1.104616772029      0.586223339345
    8     -3.837761645591     -4.429638851567      0.617555807795
    8      3.838694636675     -4.432135386728      0.591282782302
    8      1.921489199702      5.541676014671      0.588966634082
    8     -5.752359098098     -1.103031839780      0.595302102246
    8      3.836773757865      2.212182188368      0.587542206208
    8     -0.003327617200     -4.432315785534      0.610382937234
    8     -3.833454306083      2.206325711268      0.600504385408
    8      7.669471553502     -4.428971886190      0.589780869472
    8     -7.669875563889      2.216106156259      0.592317082564
    8     -1.919257609249     -7.753035581111      0.596086382935
    8      1.913559107724     -7.750430024202      0.601992675808
    8     -1.919650475314      1.106908070264     -0.942744871698
    8      1.917997584414      1.107508636701     -0.948025109982
    8     -0.003676374386     -2.219683314622     -0.929387614974
    8     -3.835261164181      4.427845137061     -0.937566827978
    8      5.754670082211      1.107540913008     -0.946706038685
    8     -1.921081214067     -5.530708674441     -0.918468552128
    8      1.914745099858     -5.537008762963     -0.936947483871
    8      3.835532832729      4.427726521046     -0.947687014986
    8     -5.752114290466      1.108092630009     -0.940960905967
    8      0.002513346571      4.427999762647     -0.943436773192
    8      3.833777226548     -2.214565506323     -0.944243940065
    8     -3.833665141389     -2.220260041550     -0.926449591963
    8      5.754972986367     -5.535648629933     -0.946271254371
    8      7.670257907013     -2.212407749533     -0.947569186802
    8     -5.749477452470     -5.532142507755     -0.936297135856
    8      0.001365171368     -8.857856870196     -0.939226779949
  258     -0.000581998657      2.214044746203     -1.680723428589
  258      1.911926752623     -1.110777607667     -1.677838346451
  258     -1.917321631202     -1.110738782476     -1.672750121593
  258     -1.916735493960      5.536969157632     -1.679710374883
  258      5.750717048922     -1.106237019573     -1.686994791880
  258     -3.831927012383     -4.428569287698     -1.671982846467
  258      3.834019603995     -4.430282592719     -1.678687411892
  258      1.918818505424      5.538379824801     -1.680921144079
  258     -5.748406361616     -1.108695817035     -1.677417764189
  258      3.835438655432      2.213518051850     -1.685529725320
  258     -0.003442967566     -4.429259376783     -1.669795578317
  258     -3.835046766131      2.213390867594     -1.679208774965
  258     -7.669933412252     -4.429665893367     -1.681482772827
  258     -7.670627131887      2.215348181704     -1.681489684326
  258     -1.916579562190     -7.744319225622     -1.673541540587
  258      1.917286518729     -7.749742887259     -1.676580858185
    8     -0.001791512857     -0.003271711619     -2.456858647275
    8     -1.919077583760      3.322458484232     -2.458279854960
    8      3.835465196952     -0.000502839379     -2.460615866428
    8     -1.919079099510     -3.323461366236     -2.455347506377
    8      1.914338829673     -3.322610372249     -2.456541053421
    8      1.917746275594      3.322735486939     -2.460730998669
    8     -3.835847328177     -0.002857076423     -2.456100955879
    8      3.833987623085     -6.644661535286     -2.457093480639
    8     -7.669930058441      0.000906246110     -2.459577814379
    8     -3.833117556566     -6.639415022617     -2.455881593663
    8      0.002406536493      6.644917897674     -2.458285589270
    8      5.753156819666     -3.321016935040     -2.459830674711
    8     -5.750176141951     -3.321044021552     -2.456803114143
    8      5.755315938055      3.323544803767     -2.458610708199
    8     -0.002879023072     -6.641231086689     -2.455029329393
    8     -5.752531477460      3.323084918130     -2.457800269129
    8      0.000000000000      2.214571445248     -3.914846215896
    8      1.917875130079     -1.107285722624     -3.914846215896
    8     -1.917875130079     -1.107285722624     -3.914846215896
    8     -1.917875130080      5.536428613118     -3.914846215896
    8      5.753625390237     -1.107285722624     -3.914846215896
    8     -3.835750260157     -4.429142890494     -3.914846215896
    8      3.835750260157     -4.429142890494     -3.914846215896
    8      1.917875130080      5.536428613118     -3.914846215896
    8     -5.753625390237     -1.107285722624     -3.914846215896
    8      3.835750260159      2.214571445247     -3.914846215896
    8     -0.000000000001     -4.429142890492     -3.914846215896
    8     -3.835750260158      2.214571445246     -3.914846215896
    8     -7.671500520293     -4.429142890500     -3.914846215896
    8     -7.671500520300      2.214571445248     -3.914846215896
    8      5.753625390229      5.536428613098     -3.914846215896
    8      1.917875130071     -7.751000058346     -3.914846215896
  258      0.000000000000      0.000000000000     -4.697815459075
  258     -1.917875130080      3.321857167872     -4.697815459075
  258      3.835750260159     -0.000000000001     -4.697815459075
  258     -1.917875130079     -3.321857167871     -4.697815459075
  258      1.917875130079     -3.321857167871     -4.697815459075
  258      1.917875130080      3.321857167872     -4.697815459075
  258     -3.835750260159     -0.000000000001     -4.697815459075
  258     -3.835750260165      6.643714335750     -4.697815459075
  258      7.671500520294      0.000000000010     -4.697815459075
  258      3.835750260140      6.643714335750     -4.697815459075
  258      0.000000000000      6.643714335750     -4.697815459075
  258      5.753625390243     -3.321857167875     -4.697815459075
  258      9.589375650380     -3.321857167875     -4.697815459075
  258      5.753625390228      3.321857167862     -4.697815459075
  258     -7.671500520307      6.643714335750     -4.697815459075
  258     -5.753625390224      3.321857167861     -4.697815459075
    8     -1.917875130080      1.107285722623     -5.480784702254
    8      1.917875130079      1.107285722623     -5.480784702254
    8      0.000000000001     -2.214571445246     -5.480784702254
    8     -3.835750260160      4.429142890495     -5.480784702254
    8      5.753625390238      1.107285722622     -5.480784702254
    8     -1.917875130078     -5.536428613117     -5.480784702254
    8      1.917875130078     -5.536428613117     -5.480784702254
    8      3.835750260160      4.429142890495     -5.480784702254
    8     -5.753625390238      1.107285722622     -5.480784702254
    8      0.000000000000      4.429142890495     -5.480784702254
    8      3.835750260158     -2.214571445248     -5.480784702254
    8     -3.835750260158     -2.214571445248     -5.480784702254
    8      5.753625390243     -5.536428613123     -5.480784702254
    8     -7.671500520276     -2.214571445257     -5.480784702254
    8      1.917875130032      7.751000058380     -5.480784702254
    8      7.671500520293      4.429142890500     -5.480784702254
   14     -0.120823724428     -4.378438031950      6.877890940789
    8     -0.188715446197     -6.158234319373      6.701552848931
    8      0.009697137802     -4.470024205174      8.573579431649
    8      1.361153622080     -3.419316175038      6.697666056452
    6     -0.640674398843     -7.193890555278      7.588212818708
    6      1.910161373497     -2.427668943566      7.572584998775
    6      1.162139673304     -5.030783967644      9.181165559596
    6      0.196589353652     -8.448467689531      7.386967248443
    6      3.422744569462     -2.391803796771      7.400643062428
    6      1.243168431894     -4.568286603098     10.626013634217
    1     -7.758416971364      4.074649139431      8.121562672875
    1      3.866842330227     -1.650080372747      8.076488399966
    1      2.116692607546     -5.009059947809     11.125673087196
    1      1.267425542747     -8.243493524245      7.463972654790
    1     -7.653065642092      4.412741472627      6.392807225356
    1     -0.618701640806     -6.827514701647      8.617694629071
    1     -1.676722578990     -7.431337506197      7.327817825177
    1      0.343348812154     -4.864675430462     11.175703462926
    1      1.324235501023     -3.477022769294     10.686219501661
    1      2.080376838682     -4.743648867045      8.639710202246
    1      1.135829452880     -6.134653056418      9.147957055433
    1      1.628882454141     -2.650809562262      8.606195216207
    1      1.476918299802     -1.458584300822      7.293521907284
    1      3.866861560107     -3.371324108850      7.599886519936
    1      3.707183220797     -2.115257467439      6.381089576376
    8     -1.491398815279     -3.540273349791      6.619236144503
    6     -4.234190408733     -4.398612630931      6.773365447971
    6     -3.678233513666     -5.673588451619      7.380723651444
    1     -2.677196606512     -5.804715393387      6.970457386917
    1     -3.748944859835     -3.522506431124      7.213429006992
    1     -5.332219471412     -4.335101179202      6.948482539844
    1      3.363955457734      6.742994158036      7.130931132746
    1     -3.598708527055     -5.620472497524      8.470512267845
    0    0
