   2   1   1 E -4.0957770417208E+04 DE 3.1E-07( 10)
  0.153430010406E+02  0.000000000000E+00  0.000000000000E+00
 -0.767150052032E+01  0.132874286715E+02  0.000000000000E+00
  0.000000000000E+00  0.000000000000E+00  0.500000000000E+03
    1
  0.100000000000E+01  0.000000000000E+00  0.000000000000E+00
  0.000000000000E+00  0.100000000000E+01  0.000000000000E+00
  0.000000000000E+00  0.000000000000E+00  0.100000000000E+01
  0.000000000000E+00  0.000000000000E+00  0.000000000000E+00
  225
    8      0.010297009238      2.221458030603      5.123049703978
    8      1.957918212687     -1.033072655035      5.085298222623
    8     -1.943067280095     -1.000851844862      5.049764273160
    8     -1.893275307001      5.553554191563      5.121654252822
    8      5.757528411166     -1.095987573918      5.138941500722
    8     -4.268813553915     -4.466667414434      5.570767365142
    8      3.887693442942     -4.426072336236      5.109141493594
    8      1.949675390601      5.553116311622      5.136226939961
    8     -5.789834477106     -1.100934130687      5.109217784089
    8      3.837434755031      2.213403413816      5.128802170417
    8      0.125892623331     -4.515426974058      5.206874189329
    8     -3.836059161773      2.209904226292      5.122376614453
    8     -7.655814654861     -4.401270030155      5.123795963319
    8      7.669801038412      2.204676386195      5.140515099284
    8      5.709513360909      5.470644394011      5.090445737362
    8     -5.725658770969      5.504855237054      5.103202302418
  258      0.007631130618      0.021290424790      4.380779654479
  258     -1.911631021801      3.333472270203      4.367471322779
  258      3.839590142936      0.011419081324      4.380493435126
  258     -1.909886157037     -3.246944078012      4.514377419997
  258      1.970470452155     -3.297043389035      4.447604413839
  258      1.916521212719      3.312923671872      4.367971166317
  258     -3.839897021034      0.023013332844      4.375666668245
  258     -3.824820846641      6.646267663578      4.376936028944
  258      7.658915721791      0.015288508455      4.373845654274
  258      3.840893014349      6.581720771912      4.390060697639
  258      0.009055502712      6.657529877768      4.378764594261
  258      5.742494977105     -3.308213694765      4.379638997777
  258     -5.826181673528     -3.266240141392      4.352430125913
  258      5.753034791976      3.301366938026      4.379652803165
  258      0.010917768735     -6.699225343147      4.455650908967
  258     -5.745852782369      3.316946499973      4.381405259486
    8     -1.914870836887      1.157818675312      3.596845675322
    8      1.919556476660      1.140130637621      3.601288772139
    8      0.013173477417     -2.229825355979      3.701346216105
    8     -3.813974584827      4.426257627514      3.617237286598
    8      5.760407994046      1.110926775134      3.610681305309
    8     -2.004401125882     -5.478451465120      3.742066565336
    8      1.944517487472     -5.546380288093      3.638685135792
    8      3.815825655183      4.413725616065      3.611960816487
    8     -5.756067899076      1.115655012149      3.613303715955
    8      0.015152744131      4.443332595137      3.623432674912
    8      3.858663330129     -2.202569771369      3.629911420519
    8     -3.858778798795     -2.286354758374      3.674665269401
    8     -1.892980117427      7.752441878942      3.615937958728
    8      7.647322295025     -2.196689300293      3.606891021210
    8     -5.697158421510     -5.498498646234      3.645571785013
    8     -7.663147653836      4.405979511525      3.636518721797
    8      0.000957050305     -0.011341570100      2.168347962874
    8     -1.905797697928      3.342214320143      2.138087642005
    8      3.836080662470      0.003357977618      2.145100557053
    8     -1.903713383735     -3.305617903903      2.160918351767
    8      1.921835063122     -3.311573660117      2.162973253170
    8      1.912400810022      3.329236519262      2.134291519104
    8     -3.833325313574     -0.020279134664      2.171440411078
    8     -3.824028364769      6.643979151551      2.155842069636
    8      7.671045624061      0.008164201233      2.139714480771
    8      3.848742959922      6.634686964519      2.169803448955
    8      0.024657034853      6.656756872657      2.164387893286
    8      5.749567384944     -3.319554911326      2.143191635063
    8     -5.774008163410     -3.303890591123      2.144795492781
    8      5.754336887691      3.324132220994      2.148152209823
    8     -0.032821300124     -6.630716929707      2.192975964713
    8     -5.747295327383      3.327480160751      2.149537622898
  258     -1.914828551366      1.110276981349      1.369743176610
  258      1.919899257483      1.106586539959      1.364852075395
  258      0.000124815221     -2.222794196500      1.414201405848
  258     -3.834465667053      4.434090669233      1.371070346773
  258      5.753204678625      1.109704260287      1.361519518315
  258     -1.913859244828     -5.515761256817      1.430523989528
  258      1.911253233223     -5.527824792187      1.404228665349
  258      3.840321647052      4.425879121729      1.362043111091
  258     -5.755491924813      1.109241755753      1.367572661530
  258      0.006590898235      4.435550737197      1.367972360931
  258      3.828497935173     -2.212036970338      1.374543185406
  258     -3.821307391953     -2.219296533272      1.397996922037
  258      5.756388800723     -5.527936448636      1.370046478805
  258      7.660213943434     -2.202179180689      1.351555216087
  258     -5.745306320448     -5.529255785550      1.378816907424
  258     -0.002105966256     -8.849909967669      1.381456051530
    8     -0.000004907263      2.209230521937      0.622398026935
    8      1.914622943756     -1.104501838641      0.629684251423
    8     -1.916691072166     -1.100551786488      0.633704870952
    8     -1.907656894624      5.548893174361      0.621142397941
    8      5.751030832115     -1.102159844829      0.617927336091
    8     -3.833421901700     -4.426403322621      0.653791078648
    8      3.833204589891     -4.427780462736      0.630589773281
    8      1.924794404424      5.547141094718      0.623279672620
    8     -5.748049631545     -1.101207496884      0.622597976305
    8      3.837605629055      2.216182773680      0.618805639912
    8      0.000688155714     -4.430358135726      0.653341641300
    8     -3.832603842447      2.208354712629      0.629240050422
    8      7.674309706075     -4.425249455422      0.620956322620
    8     -7.669347470881      2.221260502700      0.623269872940
    8     -1.913951097064     -7.743241684066      0.635360147058
    8      1.909352336905     -7.739647675940      0.640875278478
    8     -1.918444225228      1.108698016105     -0.904146333453
    8      1.918099405523      1.107546297478     -0.906702969227
    8     -0.002115771256     -2.220512515404     -0.883034922961
    8     -3.838457383672      4.431635336869     -0.895286296715
    8      5.754080146913      1.109832321039     -0.907235757092
    8     -1.918172376856     -5.526339285401     -0.872392297837
    8      1.912953464928     -5.532931557446     -0.889838464483
    8      3.838019236114      4.432195923612     -0.904481076963
    8     -5.752532653182      1.111055994035     -0.902882472062
    8      0.003529310903      4.430452026589     -0.902952268317
    8      3.831602567526     -2.214288330441     -0.900507580976
    8     -3.830008687291     -2.220637783871     -0.884685794227
    8      5.753355472888     -5.531658487733     -0.904443105587
    8      7.670193051986     -2.210875005313     -0.907022785732
    8     -5.746397042756     -5.530351303323     -0.894366642152
    8      0.001212432907     -8.852000184507     -0.895980408621
  258      0.000735629204      2.214948724825     -1.656147042257
  258      1.912355238921     -1.111334349337     -1.650083219972
  258     -1.914608873332     -1.111038121955     -1.645114054255
  258     -1.917086702513      5.539606245831     -1.655117969036
  258      5.750212734278     -1.105688858809     -1.661437531169
  258     -3.827998007880     -4.427423972659     -1.643178406077
  258      3.831374796738     -4.428374274690     -1.650150821616
  258      1.920645051925      5.541023782601     -1.655696462880
  258     -5.746581449168     -1.107359654777     -1.652764658160
  258      3.836913505573      2.215315286471     -1.660613402126
  258     -0.002130754822     -4.427816433054     -1.638152373473
  258     -3.835006669130      2.215772124788     -1.654866859590
  258     -7.668914081414     -4.427662463998     -1.656722957381
  258     -7.670179723746      2.219392587992     -1.656252380812
  258     -1.914487329360     -7.739820743756     -1.644849860543
  258      1.916549351449     -7.743727208768     -1.647904650828
    8     -0.001052311362     -0.003188596204     -2.436154799623
    8     -1.919450954248      3.324937198762     -2.438262923972
    8      3.834601230463      0.000102959054     -2.440316179950
    8     -1.917590492482     -3.322401389056     -2.434798048609
    8      1.914133305366     -3.321455996548     -2.435371267765
    8      1.918412661111      3.324577416412     -2.439943041882
    8     -3.835097200340     -0.002266718740     -2.436187634002
    8      3.833073809316     -6.642516932787     -2.436130703505
    8     -7.670272205384      0.001704394811     -2.439734398001
    8     -3.831883512185     -6.637672569236     -2.435168941413
    8      0.002508748990      6.646528185655     -2.437718823445
    8      5.752471564621     -3.319911433369     -2.439497427870
    8     -5.749280256319     -3.320215947843     -2.437035591523
    8      5.755155888470      3.326605892953     -2.437991580432
    8     -0.003187150911     -6.639201657495     -2.433176348065
    8     -5.752878149826      3.326230155622     -2.437918003942
    8      0.000000000000      2.214571445248     -3.914846215896
    8      1.917875130079     -1.107285722624     -3.914846215896
    8     -1.917875130079     -1.107285722624     -3.914846215896
    8     -1.917875130080      5.536428613118     -3.914846215896
    8      5.753625390237     -1.107285722624     -3.914846215896
    8     -3.835750260157     -4.429142890494     -3.914846215896
    8      3.835750260157     -4.429142890494     -3.914846215896
    8      1.917875130080      5.536428613118     -3.914846215896
    8     -5.753625390237     -1.107285722624     -3.914846215896
    8      3.835750260159      2.214571445247     -3.914846215896
    8     -0.000000000001     -4.429142890492     -3.914846215896
    8     -3.835750260158      2.214571445246     -3.914846215896
    8     -7.671500520293     -4.429142890500     -3.914846215896
    8     -7.671500520300      2.214571445248     -3.914846215896
    8      5.753625390229      5.536428613098     -3.914846215896
    8      1.917875130071     -7.751000058346     -3.914846215896
  258      0.000000000000      0.000000000000     -4.697815459075
  258     -1.917875130080      3.321857167872     -4.697815459075
  258      3.835750260159     -0.000000000001     -4.697815459075
  258     -1.917875130079     -3.321857167871     -4.697815459075
  258      1.917875130079     -3.321857167871     -4.697815459075
  258      1.917875130080      3.321857167872     -4.697815459075
  258     -3.835750260159     -0.000000000001     -4.697815459075
  258     -3.835750260165      6.643714335750     -4.697815459075
  258      7.671500520294      0.000000000010     -4.697815459075
  258      3.835750260140      6.643714335750     -4.697815459075
  258      0.000000000000      6.643714335750     -4.697815459075
  258      5.753625390243     -3.321857167875     -4.697815459075
  258      9.589375650380     -3.321857167875     -4.697815459075
  258      5.753625390228      3.321857167862     -4.697815459075
  258     -7.671500520307      6.643714335750     -4.697815459075
  258     -5.753625390224      3.321857167861     -4.697815459075
    8     -1.917875130080      1.107285722623     -5.480784702254
    8      1.917875130079      1.107285722623     -5.480784702254
    8      0.000000000001     -2.214571445246     -5.480784702254
    8     -3.835750260160      4.429142890495     -5.480784702254
    8      5.753625390238      1.107285722622     -5.480784702254
    8     -1.917875130078     -5.536428613117     -5.480784702254
    8      1.917875130078     -5.536428613117     -5.480784702254
    8      3.835750260160      4.429142890495     -5.480784702254
    8     -5.753625390238      1.107285722622     -5.480784702254
    8      0.000000000000      4.429142890495     -5.480784702254
    8      3.835750260158     -2.214571445248     -5.480784702254
    8     -3.835750260158     -2.214571445248     -5.480784702254
    8      5.753625390243     -5.536428613123     -5.480784702254
    8     -7.671500520276     -2.214571445257     -5.480784702254
    8      1.917875130032      7.751000058380     -5.480784702254
    8      7.671500520293      4.429142890500     -5.480784702254
   14     -0.103562317477     -4.380726405279      7.073084571043
    8     -0.212188894997     -6.135317056362      6.873227534622
    8     -0.048775723206     -4.446627540610      8.789672046824
    8      1.376150836856     -3.445423495540      6.894198687658
    6     -0.685847848103     -7.121401149377      7.805965435455
    6      1.823449409287     -2.385308601026      7.755443171166
    6      1.023678225164     -4.968515239113      9.549190378277
    6      0.289869566270     -8.286733953870      7.884707502129
    6      3.340796916791     -2.381912608685      7.800660830739
    6      0.957163983471     -4.418251410366     10.969962395533
    1     -7.688247036259      4.309527170334      8.683713904995
    1      3.692771995854     -1.641357160025      8.533593781151
    1      1.763001141562     -4.846396392892     11.582921520773
    1      1.307480378776     -7.944709395574      8.100165093390
    1     -7.362143283058      4.448355225596      6.934443098207
    1     -0.848933725933     -6.650772183570      8.782869423652
    1     -1.652042748907     -7.488541472464      7.438346866439
    1      0.001807757823     -4.667577285188     11.445596499036
    1      1.059905780353     -3.327267457957     10.988036598417
    1      1.998121891212     -4.718581647854      9.094675779347
    1      0.984180895008     -6.071192069381      9.595165491353
    1      1.399502548646     -2.515262464906      8.759606554023
    1      1.453282716285     -1.430629759535      7.351423324678
    1      3.724071334673     -3.364563969367      8.099508113229
    1      3.767862346005     -2.132959238398      6.819704762307
    8     -1.466581755810     -3.511788633003      6.870826324787
    6     -4.321211017172     -4.374370544136      7.021285520825
    6     -3.860107814207     -5.680101747960      7.652109514933
    1     -2.774341528347     -5.742196178750      7.568108315281
    1     -3.717620109515     -3.535353043689      7.416134997460
    1     -5.399002623826     -4.189780627673      7.288942565126
    1      3.337754869618      6.736387611055      7.154147573467
    1     -4.133545163370     -5.726806169361      8.722799680566
    0    0
