   2   1   1 E -4.0957785180221E+04 DE-4.5E-08( 10)
  0.153430010406E+02  0.000000000000E+00  0.000000000000E+00
 -0.767150052032E+01  0.132874286715E+02  0.000000000000E+00
  0.000000000000E+00  0.000000000000E+00  0.500000000000E+03
    1
  0.100000000000E+01  0.000000000000E+00  0.000000000000E+00
  0.000000000000E+00  0.100000000000E+01  0.000000000000E+00
  0.000000000000E+00  0.000000000000E+00  0.100000000000E+01
  0.000000000000E+00  0.000000000000E+00  0.000000000000E+00
  225
    8      0.009046365458      2.221088079672      5.086704656612
    8      1.953672849860     -1.035055849720      5.046520847674
    8     -1.940237845412     -1.005108825010      5.008684604200
    8     -1.896092817949      5.553808759415      5.084675265085
    8      5.754050794722     -1.095360569891      5.102063887344
    8     -3.890285746949     -4.706205680449      5.414736498876
    8      3.883195126347     -4.427227344701      5.068885285262
    8      1.946688336945      5.554347775350      5.098726478754
    8     -5.792507500731     -1.099085633428      5.074521185557
    8      3.835085081808      2.214839366278      5.091916125154
    8      0.120221172593     -4.514073011882      5.142352304363
    8     -3.837201429793      2.210700428196      5.085983591259
    8     -7.663240989834     -4.402158376277      5.084823160146
    8      7.666964527784      2.207828689188      5.104797471544
    8      5.704958702094      5.477493786220      5.054237670263
    8     -5.727694707083      5.508803978751      5.063263121806
  258      0.007216879086      0.020095465192      4.345608451796
  258     -1.913207087321      3.333612337345      4.332466587147
  258      3.837139551141      0.010841650183      4.345536381219
  258     -1.905220376747     -3.249702035965      4.469755471012
  258      1.964572644386     -3.299093169763      4.406880817967
  258      1.915199275925      3.313868610998      4.332635947100
  258     -3.841048927486      0.022690109232      4.341552198910
  258     -3.827334487112      6.647016264427      4.340645802972
  258      7.656556438926      0.015957811332      4.338961220207
  258      3.834556441552      6.584462989926      4.356408132931
  258      0.005783280442      6.658101721498      4.342954812969
  258      5.739424490246     -3.307935399258      4.343943792618
  258     -5.832206514606     -3.265576837426      4.319089934723
  258      5.750252530137      3.304364379683      4.345569410728
  258      0.009037056473     -6.693577349565      4.416363525779
  258     -5.748293014930      3.319063184118      4.347073946229
    8     -1.916010205733      1.157026357084      3.564674156552
    8      1.918140031219      1.139724353056      3.568812721172
    8      0.011035880163     -2.232086476768      3.662856616521
    8     -3.816282274304      4.426936886569      3.584398061133
    8      5.757769881484      1.111872659433      3.578674302347
    8     -2.007490515992     -5.472769638576      3.706059175638
    8      1.941233661561     -5.545382869978      3.601453610912
    8      3.813617292548      4.416583281639      3.580147081934
    8     -5.758578741697      1.116592563534      3.582494845035
    8      0.013453129825      4.443638536537      3.590458614688
    8      3.855517183566     -2.202831306470      3.596319806873
    8     -3.858662839455     -2.288863292360      3.644128281798
    8     -1.895826469360      7.752679298586      3.582352334798
    8      7.642614866196     -2.195060570403      3.573225831325
    8     -5.700076487001     -5.498769403897      3.610252181935
    8     -7.667238212171      4.408332795438      3.604976329001
    8      0.000358500382     -0.011450761348      2.134373634296
    8     -1.907273350568      3.342209496335      2.104917276886
    8      3.834558669750      0.003538295372      2.111823488321
    8     -1.904782865869     -3.305390487915      2.128661295815
    8      1.920717332157     -3.311314526724      2.127826750846
    8      1.911420361768      3.329687866784      2.101731637035
    8     -3.835105589641     -0.020479288415      2.138001355171
    8     -3.825882186189      6.644356202244      2.121371759481
    8      7.669076334084      0.008795220746      2.106861879302
    8      3.846271016759      6.635880889851      2.137202676063
    8      0.022714946744      6.657047986414      2.130475435214
    8      5.747468027524     -3.319152450723      2.109484164609
    8     -5.776078086714     -3.304153424827      2.109297053817
    8      5.752110930622      3.325544205924      2.115982254734
    8     -0.035327959107     -6.630378192879      2.158383119662
    8     -5.749591450866      3.328236767125      2.116710217652
  258     -1.915894508271      1.110495768514      1.339878824605
  258      1.918666297808      1.106886887100      1.335181265118
  258     -0.000734769357     -2.222368681753      1.382735981563
  258     -3.836132199079      4.434371782217      1.341232283755
  258      5.751100996009      1.110347616532      1.332594244514
  258     -1.915773252088     -5.515749486364      1.398789586364
  258      1.909610376171     -5.527960155244      1.372569484444
  258      3.838541603367      4.426889374933      1.333769436614
  258     -5.757177972371      1.109823726937      1.338553643676
  258      0.004972161256      4.435856757415      1.338320001243
  258      3.827043010338     -2.211966622345      1.344500826128
  258     -3.823133538920     -2.218865995047      1.367794876539
  258      5.754647693523     -5.527955751877      1.339977485600
  258      7.658155968392     -2.201872833559      1.322485400788
  258     -5.747487462459     -5.529545251172      1.348251078933
  258     -0.004012799884     -8.849297092778      1.352241904652
    8     -0.000997409163      2.209592772832      0.597681618141
    8      1.913291346932     -1.104440121404      0.603809985194
    8     -1.917557454722     -1.100570399150      0.608129781217
    8     -1.908906756528      5.548844861121      0.596121205858
    8      5.749151631557     -1.102020049857      0.593340672578
    8     -3.834456392317     -4.426547924285      0.627457263197
    8      3.831791478352     -4.427985760555      0.604690863368
    8      1.923444121047      5.547317481575      0.598656969168
    8     -5.749369608386     -1.100974072992      0.598033145101
    8      3.836129352639      2.216931721864      0.594583537594
    8     -0.000725289924     -4.430178981476      0.625855531786
    8     -3.833886492582      2.208689282039      0.604760612799
    8      7.672710077628     -4.425533141080      0.595715954580
    8     -7.671190564826      2.221921957864      0.599234593140
    8     -1.915686916630     -7.742292849515      0.610223477427
    8      1.907790133985     -7.739446716284      0.615321131344
    8     -1.919155470534      1.108963896952     -0.925690076759
    8      1.917284617574      1.107925910696     -0.928251932415
    8     -0.002931944173     -2.220249512153     -0.904637978720
    8     -3.839394045530      4.431694722964     -0.917073880217
    8      5.752912066975      1.110268518270     -0.928516194904
    8     -1.919183061873     -5.526443869799     -0.893671499072
    8      1.912120668519     -5.533052034934     -0.911695469422
    8      3.837003178617      4.432625109511     -0.925697762997
    8     -5.753588059194      1.111382233605     -0.924137286743
    8      0.002713460741      4.430628775548     -0.924488983842
    8      3.830755827334     -2.214211205744     -0.922361060280
    8     -3.830963399624     -2.220332372981     -0.906049990762
    8      5.752478551176     -5.531730792087     -0.926241308502
    8      7.669257219858     -2.210792676263     -0.928873265030
    8     -5.747414967741     -5.530543723533     -0.916034495845
    8      0.000075578851     -8.851857749038     -0.917197936510
  258      0.000214842248      2.215226350414     -1.672037720003
  258      1.911610926477     -1.111248976004     -1.666306946090
  258     -1.915039324242     -1.110955361295     -1.661267155237
  258     -1.917658066325      5.539575673589     -1.671156955184
  258      5.749350102879     -1.105631986946     -1.677129408721
  258     -3.828567855018     -4.427505344023     -1.659297016193
  258      3.830743886388     -4.428519054800     -1.666233553331
  258      1.919995245782      5.541053317673     -1.671612088113
  258     -5.747196687252     -1.107303678339     -1.668536600834
  258      3.836163526580      2.215707635943     -1.676185356523
  258     -0.002790225195     -4.427711036318     -1.654721069421
  258     -3.835622110609      2.215953263669     -1.670703570082
  258     -7.669545744958     -4.427809962296     -1.672691552668
  258     -7.671015203891      2.219741019299     -1.671729549771
  258     -1.915316345503     -7.739467925644     -1.660823903265
  258      1.915883345584     -7.743671307476     -1.664014168243
    8     -0.001526666913     -0.003106033537     -2.448107964199
    8     -1.919901482646      3.325018569868     -2.450041535058
    8      3.833910150632      0.000264820003     -2.452023576332
    8     -1.918062828854     -3.322441151252     -2.446957203373
    8      1.913456081547     -3.321487171936     -2.447550579302
    8      1.917887012338      3.324747001493     -2.451656569621
    8     -3.835500932054     -0.002186326666     -2.447917307274
    8      3.832528857991     -6.642610638076     -2.448129157398
    8     -7.670893327600      0.001870725496     -2.451232332727
    8     -3.832367462742     -6.637553588000     -2.447157401639
    8      0.002029271070      6.646409375800     -2.449616484689
    8      5.751839739491     -3.320011027051     -2.451357521328
    8     -5.749632093524     -3.320341965017     -2.448820976393
    8      5.754512972487      3.326902619114     -2.449644612306
    8     -0.003823099806     -6.639069738653     -2.445308817828
    8     -5.753525352772      3.326375890190     -2.449649755394
    8      0.000000000000      2.214571445248     -3.914846215896
    8      1.917875130079     -1.107285722624     -3.914846215896
    8     -1.917875130079     -1.107285722624     -3.914846215896
    8     -1.917875130080      5.536428613118     -3.914846215896
    8      5.753625390237     -1.107285722624     -3.914846215896
    8     -3.835750260157     -4.429142890494     -3.914846215896
    8      3.835750260157     -4.429142890494     -3.914846215896
    8      1.917875130080      5.536428613118     -3.914846215896
    8     -5.753625390237     -1.107285722624     -3.914846215896
    8      3.835750260159      2.214571445247     -3.914846215896
    8     -0.000000000001     -4.429142890492     -3.914846215896
    8     -3.835750260158      2.214571445246     -3.914846215896
    8     -7.671500520293     -4.429142890500     -3.914846215896
    8     -7.671500520300      2.214571445248     -3.914846215896
    8      5.753625390229      5.536428613098     -3.914846215896
    8      1.917875130071     -7.751000058346     -3.914846215896
  258      0.000000000000      0.000000000000     -4.697815459075
  258     -1.917875130080      3.321857167872     -4.697815459075
  258      3.835750260159     -0.000000000001     -4.697815459075
  258     -1.917875130079     -3.321857167871     -4.697815459075
  258      1.917875130079     -3.321857167871     -4.697815459075
  258      1.917875130080      3.321857167872     -4.697815459075
  258     -3.835750260159     -0.000000000001     -4.697815459075
  258     -3.835750260165      6.643714335750     -4.697815459075
  258      7.671500520294      0.000000000010     -4.697815459075
  258      3.835750260140      6.643714335750     -4.697815459075
  258      0.000000000000      6.643714335750     -4.697815459075
  258      5.753625390243     -3.321857167875     -4.697815459075
  258      9.589375650380     -3.321857167875     -4.697815459075
  258      5.753625390228      3.321857167862     -4.697815459075
  258     -7.671500520307      6.643714335750     -4.697815459075
  258     -5.753625390224      3.321857167861     -4.697815459075
    8     -1.917875130080      1.107285722623     -5.480784702254
    8      1.917875130079      1.107285722623     -5.480784702254
    8      0.000000000001     -2.214571445246     -5.480784702254
    8     -3.835750260160      4.429142890495     -5.480784702254
    8      5.753625390238      1.107285722622     -5.480784702254
    8     -1.917875130078     -5.536428613117     -5.480784702254
    8      1.917875130078     -5.536428613117     -5.480784702254
    8      3.835750260160      4.429142890495     -5.480784702254
    8     -5.753625390238      1.107285722622     -5.480784702254
    8      0.000000000000      4.429142890495     -5.480784702254
    8      3.835750260158     -2.214571445248     -5.480784702254
    8     -3.835750260158     -2.214571445248     -5.480784702254
    8      5.753625390243     -5.536428613123     -5.480784702254
    8     -7.671500520276     -2.214571445257     -5.480784702254
    8      1.917875130032      7.751000058380     -5.480784702254
    8      7.671500520293      4.429142890500     -5.480784702254
   14     -0.136890685609     -4.366791158206      6.982097523561
    8     -0.216982401213     -6.123082755982      6.781468697711
    8     -0.104754433676     -4.415371875441      8.696438819632
    8      1.340706697821     -3.432976463764      6.797231304980
    6     -0.680619748252     -7.117884248037      7.709509518679
    6      1.809480892922     -2.411003554777      7.683464807677
    6      0.965650976779     -4.935579501500      9.459338673341
    6      0.298701215667     -8.278710319986      7.778461197532
    6      3.329399996914     -2.397089677955      7.677874093322
    6      0.901637892398     -4.395876846459     10.883233241048
    1     -7.684141144535      4.306500068919      8.565882591213
    1      3.700197899742     -1.659782033065      8.404609661313
    1      1.709223425756     -4.828571583355     11.490703739889
    1      1.312014222623     -7.933008384508      8.007283927987
    1     -7.342605660741      4.468836148792      6.821167062740
    1     -0.841901486676     -6.651887773765      8.688266261148
    1     -1.647464717550     -7.485755744198      7.346573791997
    1     -0.052220594295     -4.649817726817     11.358833991227
    1      1.004924037119     -3.305229937352     10.908794714772
    1      1.940597059384     -4.681649617016      9.007173497470
    1      0.929098774201     -6.039099585356      9.497980213881
    1      1.416311790197     -2.586192920369      8.691501797197
    1      1.419291854299     -1.448153311267      7.327412294605
    1      3.727847992212     -3.378550048250      7.957253354771
    1      3.724612762933     -2.138438917875      6.685305728652
    8     -1.497884192955     -3.521650445913      6.697822118860
    6     -4.242354480615     -4.474712590180      6.776775151680
    6     -3.812695655466     -5.665520776169      7.606948542280
    1     -2.732976643916     -5.755304356785      7.513053586583
    1     -3.776506522604     -3.557204373252      7.147966928916
    1     -5.339911318506     -4.352857544947      6.831537881205
    1      3.366543944737      6.704440109292      7.257490387517
    1     -4.071971510291     -5.540936600596      8.664509939282
    0    0
