   2   1   1 E -4.0957807802215E+04 DE-1.0E-05(  4)
  0.153430010406E+02  0.000000000000E+00  0.000000000000E+00
 -0.767150052032E+01  0.132874286715E+02  0.000000000000E+00
  0.000000000000E+00  0.000000000000E+00  0.500000000000E+03
    1
  0.100000000000E+01  0.000000000000E+00  0.000000000000E+00
  0.000000000000E+00  0.100000000000E+01  0.000000000000E+00
  0.000000000000E+00  0.000000000000E+00  0.100000000000E+01
  0.000000000000E+00  0.000000000000E+00  0.000000000000E+00
  225
    8      0.007042326748      2.217807774442      5.081859647383
    8      1.932905591481     -1.028497467167      4.992657841164
    8     -1.945861756775     -1.014894557407      4.989274510859
    8     -1.892176169217      5.547228578463      5.075623012605
    8      5.755219611136     -1.095634075923      5.089340588451
    8     -3.991257596078     -4.409189020963      5.362409211610
    8      3.887792789992     -4.450077008560      5.024454569246
    8      1.944564682616      5.549069835008      5.087822103049
    8     -5.796012072250     -1.111635528654      5.072056376578
    8      3.837376702865      2.205711882600      5.087603470605
    8      0.102508865585     -4.513523518568      5.062236002587
    8     -3.845576830775      2.207379425612      5.086077648940
    8     -7.664635076811     -4.407256169151      5.080788681698
    8      7.660854341821      2.190429862320      5.087329958019
    8      5.696244628475      5.469488472260      4.990364629452
    8     -5.702660074165      5.513839476203      5.006787579250
  258      0.004005150659      0.014913094123      4.340643442232
  258     -1.909066964542      3.327736801176      4.334625888777
  258      3.836476927639      0.010312121214      4.340249389899
  258     -1.907582863436     -3.261869053380      4.435728009822
  258      1.970595243315     -3.309989990030      4.349922530008
  258      1.913754843343      3.305887473738      4.331771184150
  258     -3.841479992942      0.016161668903      4.346271664114
  258     -3.819831600965      6.639329539004      4.328772032029
  258      7.657232038075      0.011280647052      4.338472006726
  258      3.830080711625      6.566433364196      4.326473838957
  258      0.005729557092      6.649884681550      4.340548789822
  258      5.739773003289     -3.312281343791      4.342601161057
  258     -5.841754585108     -3.269485160133      4.312004725946
  258      5.751486746031      3.293849955809      4.340387861588
  258      0.015770830426     -6.705215037872      4.354413485113
  258     -5.742086290913      3.311904929038      4.345617737493
    8     -1.921144258081      1.156505496973      3.565017909839
    8      1.916526967978      1.145115151230      3.561744984928
    8      0.008126617994     -2.232886899722      3.627274691207
    8     -3.805888394811      4.412164823603      3.575621421059
    8      5.752578768504      1.105176473127      3.572313401463
    8     -2.007442134153     -5.488686379761      3.664001559966
    8      1.943279962202     -5.547141026003      3.564243302124
    8      3.803770015020      4.397454315318      3.566025751231
    8     -5.758017553321      1.109605722988      3.581357860960
    8      0.014751463758      4.437530567219      3.587647937973
    8      3.858839887364     -2.205359461888      3.583075587876
    8     -3.869990446269     -2.281109998844      3.629449500284
    8     -1.885537289666      7.746810917488      3.572794825768
    8      7.636959237733     -2.199896817486      3.568337997884
    8     -5.710623530571     -5.508565070935      3.593014871537
    8     -7.662671098200      4.393089457366      3.587911166489
    8     -0.002947811077     -0.008316343317      2.114661854011
    8     -1.904203513723      3.335977541237      2.092262694833
    8      3.834121300775      0.000533326396      2.097136091627
    8     -1.912179397818     -3.307792620938      2.104295482350
    8      1.926281996641     -3.313736296268      2.082627362870
    8      1.908746567174      3.324115253004      2.085382876373
    8     -3.836708760789     -0.019993922888      2.125603767481
    8     -3.820153207668      6.636884505251      2.096769898678
    8      7.668578943848      0.004614427865      2.095204709149
    8      3.838383212942      6.622987255910      2.105594283224
    8      0.021319949825      6.649331255136      2.113577093352
    8      5.747160612116     -3.321486015490      2.095657894790
    8     -5.783822789503     -3.307898872523      2.092281256742
    8      5.752917170066      3.317249975777      2.098591274921
    8     -0.030051558151     -6.643369130687      2.109256973593
    8     -5.747644924898      3.319786967976      2.104187141179
  258     -1.916504565119      1.108171493182      1.332654137991
  258      1.916076878646      1.105030315368      1.325108438814
  258     -0.003822158344     -2.219430509265      1.356009728298
  258     -3.831514030535      4.427664954950      1.331791500716
  258      5.750377683622      1.106789816210      1.322980563703
  258     -1.920693870122     -5.523202218469      1.370065399981
  258      1.917222941620     -5.536624201635      1.340515952564
  258      3.835655199659      4.417967236073      1.319685004817
  258     -5.754837257094      1.105641999155      1.331741148375
  258      0.004721743332      4.431120146553      1.329393439453
  258      3.832892848601     -2.211888260526      1.325698395484
  258     -3.830231422555     -2.218094275799      1.354087642205
  258      5.757680915435     -5.532783416006      1.329340377037
  258      7.656087780736     -2.205556016426      1.313616534066
  258     -5.751734678040     -5.533813215857      1.335651576410
  258     -0.001767357719     -8.863712701195      1.331955663596
    8     -0.001775959566      2.208197813690      0.591145815662
    8      1.914188856983     -1.102921346249      0.593125718165
    8     -1.921788895090     -1.101545963835      0.600183879481
    8     -1.906922934663      5.543000675086      0.590096039786
    8      5.749872156321     -1.104137458603      0.586050776839
    8     -3.839968939004     -4.429711158682      0.619061202748
    8      3.837796374355     -4.431450668275      0.591803940603
    8      1.920027647620      5.541117390662      0.588983948167
    8     -5.752746395816     -1.102555736321      0.594136712041
    8      3.835492479391      2.211761795459      0.587353149141
    8     -0.002783770375     -4.432009282979      0.608952946851
    8     -3.833570803040      2.205648130795      0.600213175281
    8      7.668735166127     -4.429361676910      0.588963903356
    8     -7.670648875645      2.215524957463      0.592946189332
    8     -1.919218917943     -7.752979539810      0.596745834104
    8      1.912290734363     -7.750384019918      0.602493641627
    8     -1.919227466719      1.107588784307     -0.943552443044
    8      1.917012745844      1.106998705687     -0.947862296505
    8     -0.004399304032     -2.218783633972     -0.929990561216
    8     -3.835886738889      4.427971371708     -0.937215139614
    8      5.754186129620      1.107817681477     -0.946845025209
    8     -1.922139700182     -5.530249630338     -0.918856988156
    8      1.915324701984     -5.537473409331     -0.937870497823
    8      3.835726680570      4.427932891307     -0.947433326115
    8     -5.752581887760      1.108711285384     -0.941347292809
    8      0.002203491132      4.427877636745     -0.943818813145
    8      3.833672356947     -2.214291909875     -0.944433733665
    8     -3.833553084788     -2.220710874916     -0.926878466817
    8      5.754108654762     -5.535469788668     -0.946910978140
    8      7.669756460515     -2.212414126401     -0.948006973540
    8     -5.749518716701     -5.532597946789     -0.937125150160
    8      0.000973132136     -8.858382423439     -0.939809259545
  258     -0.000883913108      2.214145868598     -1.680492601112
  258      1.911766643280     -1.110472454429     -1.678085144207
  258     -1.917672613784     -1.110499193427     -1.672862874011
  258     -1.917031813787      5.536968192924     -1.679614685182
  258      5.750053917109     -1.106254070231     -1.687076718228
  258     -3.832531700201     -4.428338784703     -1.672092786548
  258      3.833491280633     -4.430311681043     -1.678457269225
  258      1.918422157459      5.538324963035     -1.680647954558
  258     -5.749077155778     -1.108344077659     -1.677739290212
  258      3.835053074498      2.213596648993     -1.685334053642
  258     -0.003901462320     -4.429179350249     -1.670108795255
  258     -3.835457367080      2.213610542109     -1.678959794817
  258     -7.670437674933     -4.429713618036     -1.681526051496
  258     -7.671034471323      2.215096011682     -1.681523106261
  258     -1.917148670145     -7.744588426497     -1.673649437986
  258      1.917125445719     -7.749824262307     -1.676704670224
    8     -0.001849115704     -0.003181394894     -2.456959897582
    8     -1.919268347986      3.322673085460     -2.458524755372
    8      3.835218685175     -0.000447515362     -2.460551096646
    8     -1.919311656928     -3.323367944684     -2.455222249279
    8      1.914008057558     -3.322414506302     -2.456105018122
    8      1.917854741678      3.322699543604     -2.460476525909
    8     -3.835965445131     -0.002937043494     -2.455967469209
    8      3.833875707929     -6.644993349494     -2.457316694962
    8     -7.670000768769      0.001068341461     -2.459568289203
    8     -3.833124267061     -6.639545943775     -2.455673293907
    8      0.002244959647      6.644823774717     -2.458438599334
    8      5.753015917635     -3.320854190268     -2.459977008965
    8     -5.750301373420     -3.321000167913     -2.456750426045
    8      5.754997390974      3.323491422135     -2.458553224215
    8     -0.003251404653     -6.641150177181     -2.454487305430
    8     -5.752525367006      3.323130663215     -2.457963742518
    8      0.000000000000      2.214571445248     -3.914846215896
    8      1.917875130079     -1.107285722624     -3.914846215896
    8     -1.917875130079     -1.107285722624     -3.914846215896
    8     -1.917875130080      5.536428613118     -3.914846215896
    8      5.753625390237     -1.107285722624     -3.914846215896
    8     -3.835750260157     -4.429142890494     -3.914846215896
    8      3.835750260157     -4.429142890494     -3.914846215896
    8      1.917875130080      5.536428613118     -3.914846215896
    8     -5.753625390237     -1.107285722624     -3.914846215896
    8      3.835750260159      2.214571445247     -3.914846215896
    8     -0.000000000001     -4.429142890492     -3.914846215896
    8     -3.835750260158      2.214571445246     -3.914846215896
    8     -7.671500520293     -4.429142890500     -3.914846215896
    8     -7.671500520300      2.214571445248     -3.914846215896
    8      5.753625390229      5.536428613098     -3.914846215896
    8      1.917875130071     -7.751000058346     -3.914846215896
  258      0.000000000000      0.000000000000     -4.697815459075
  258     -1.917875130080      3.321857167872     -4.697815459075
  258      3.835750260159     -0.000000000001     -4.697815459075
  258     -1.917875130079     -3.321857167871     -4.697815459075
  258      1.917875130079     -3.321857167871     -4.697815459075
  258      1.917875130080      3.321857167872     -4.697815459075
  258     -3.835750260159     -0.000000000001     -4.697815459075
  258     -3.835750260165      6.643714335750     -4.697815459075
  258      7.671500520294      0.000000000010     -4.697815459075
  258      3.835750260140      6.643714335750     -4.697815459075
  258      0.000000000000      6.643714335750     -4.697815459075
  258      5.753625390243     -3.321857167875     -4.697815459075
  258      9.589375650380     -3.321857167875     -4.697815459075
  258      5.753625390228      3.321857167862     -4.697815459075
  258     -7.671500520307      6.643714335750     -4.697815459075
  258     -5.753625390224      3.321857167861     -4.697815459075
    8     -1.917875130080      1.107285722623     -5.480784702254
    8      1.917875130079      1.107285722623     -5.480784702254
    8      0.000000000001     -2.214571445246     -5.480784702254
    8     -3.835750260160      4.429142890495     -5.480784702254
    8      5.753625390238      1.107285722622     -5.480784702254
    8     -1.917875130078     -5.536428613117     -5.480784702254
    8      1.917875130078     -5.536428613117     -5.480784702254
    8      3.835750260160      4.429142890495     -5.480784702254
    8     -5.753625390238      1.107285722622     -5.480784702254
    8      0.000000000000      4.429142890495     -5.480784702254
    8      3.835750260158     -2.214571445248     -5.480784702254
    8     -3.835750260158     -2.214571445248     -5.480784702254
    8      5.753625390243     -5.536428613123     -5.480784702254
    8     -7.671500520276     -2.214571445257     -5.480784702254
    8      1.917875130032      7.751000058380     -5.480784702254
    8      7.671500520293      4.429142890500     -5.480784702254
   14     -0.127951907419     -4.375225525022      6.878438073529
    8     -0.198210485049     -6.152275835335      6.701085839807
    8     -0.031234165959     -4.456270894526      8.576936752426
    8      1.369759118149     -3.444467907281      6.706932238971
    6     -0.663894411050     -7.191089338448      7.578169201562
    6      1.911266711942     -2.441130325490      7.574354128869
    6      1.098711151074     -5.013202041137      9.225867637023
    6      0.175198736364     -8.447935853255      7.380125216022
    6      3.422832815367     -2.389126016960      7.397286383400
    6      1.154390743395     -4.504657085403     10.657032693128
    1     -7.786323173185      4.066495833285      8.105143535736
    1      3.860150627106     -1.642656089828      8.071400101416
    1      2.009360946877     -4.940168548418     11.191945103191
    1      1.243746116609     -8.241817620513      7.472310850776
    1     -7.665148176379      4.419227973727      6.380463260587
    1     -0.657770927507     -6.827712936536      8.610482222564
    1     -1.696615004738     -7.428210682995      7.299147430884
    1      0.237391099540     -4.771123799815     11.193562378546
    1      1.248384373124     -3.413132405162     10.684842088455
    1      2.032557146920     -4.758472196625      8.695008865043
    1      1.055580189767     -6.117046440894      9.229668597746
    1      1.637502042655     -2.661033833904      8.610399842193
    1      1.466292408330     -1.478336014153      7.292072060652
    1      3.878454823107     -3.363674085350      7.595373333360
    1      3.701491173811     -2.109003156821      6.378126420648
    8     -1.490098795645     -3.524678706130      6.611602145256
    6     -4.241921907572     -4.374377850917      6.768324012375
    6     -3.691973054280     -5.638533696992      7.400611817106
    1     -2.677978057317     -5.761737507197      7.019178686126
    1     -3.758618036902     -3.491168320350      7.196576220733
    1     -5.340991665532     -4.306501350920      6.935284571557
    1      3.362968819065      6.771525559084      7.138623079563
    1     -3.647142948095     -5.576538263037      8.493150700851
    0    0
