   2   1   1 E -4.0957725906844E+04 DE-1.3E-06(  8)
  0.153430010406E+02  0.000000000000E+00  0.000000000000E+00
 -0.767150052032E+01  0.132874286715E+02  0.000000000000E+00
  0.000000000000E+00  0.000000000000E+00  0.500000000000E+03
    1
  0.100000000000E+01  0.000000000000E+00  0.000000000000E+00
  0.000000000000E+00  0.100000000000E+01  0.000000000000E+00
  0.000000000000E+00  0.000000000000E+00  0.100000000000E+01
  0.000000000000E+00  0.000000000000E+00  0.000000000000E+00
  225
    8      0.008687296778      2.217548299287      5.295234031936
    8      1.962158625197     -1.030808634698      5.251525355421
    8     -1.941412194865     -1.001989371251      5.234550794187
    8     -1.895733838174      5.548326120525      5.290149356177
    8      5.754317242173     -1.097164247712      5.313608374105
    8     -3.958184111807     -4.396715643921      5.644475315846
    8      3.889880148623     -4.430722642293      5.275210131023
    8      1.941853994350      5.537540617479      5.299872680397
    8     -5.804130935822     -1.104355493507      5.292653984618
    8      3.834964800811      2.207040742829      5.299739655689
    8      0.122334803997     -4.516681439930      5.341181592911
    8     -3.837504052309      2.205395317527      5.297794785440
    8     -7.670791785484     -4.405750256853      5.292284765826
    8      7.667008341461      2.197298545266      5.315652077449
    8      5.704559169476      5.450695758650      5.248155933341
    8     -5.724428749843      5.495309928590      5.267114015085
  258      0.008164939537      0.023241309341      4.549658277897
  258     -1.910969947020      3.328824358892      4.540856544899
  258      3.841810858466      0.012572987805      4.551117880318
  258     -1.903627136771     -3.238585375618      4.701822905021
  258      1.983468832309     -3.298077138769      4.614359401780
  258      1.913505928564      3.304190958982      4.538720489428
  258     -3.843150398537      0.020942190634      4.555522492019
  258     -3.821131649364      6.639355686776      4.541268945227
  258      7.657119499116      0.013752053255      4.556109651488
  258      3.830065363888      6.553689072977      4.540875609752
  258      0.003747023967      6.649938710252      4.545357114733
  258      5.741385297038     -3.311401202286      4.550230903890
  258     -5.851460844909     -3.265592996498      4.524878292120
  258      5.751247691780      3.287895780508      4.547615647581
  258      0.013963487197     -6.717680477510      4.614575202694
  258     -5.742722748362      3.308180766206      4.552540682415
    8     -1.917162987829      1.155310010318      3.749920182402
    8      1.916259332553      1.138860531485      3.749241527288
    8      0.012593508516     -2.227259816190      3.853651237366
    8     -3.812424651641      4.419844547029      3.766749390081
    8      5.758577180020      1.105727593754      3.762593535715
    8     -2.007558404655     -5.490625737583      3.890283538910
    8      1.950224424637     -5.554471312841      3.781670869236
    8      3.809989409726      4.399126452954      3.752978395742
    8     -5.757178175677      1.111081149112      3.769907707233
    8      0.010874255980      4.436720649124      3.772574446604
    8      3.860969381423     -2.205780598602      3.779600539301
    8     -3.864517189533     -2.280918537928      3.844394001560
    8     -1.895638837772      7.746707598387      3.762787166122
    8      7.638300483663     -2.197941061143      3.758335926613
    8     -5.716231246970     -5.512686080836      3.785322733118
    8     -7.663364238745      4.394011834721      3.783138756887
    8     -0.001423896658     -0.012945280881      2.291998727902
    8     -1.906811620982      3.337383171388      2.261255880173
    8      3.835813929851      0.001357216892      2.266587091507
    8     -1.907775390338     -3.305577340049      2.286492211836
    8      1.923778916578     -3.313667507963      2.280555279186
    8      1.908651889470      3.323632378582      2.253732707521
    8     -3.835416199325     -0.023802260048      2.301385228281
    8     -3.822991452947      6.638277065459      2.276297435365
    8      7.670669607099      0.005740412249      2.264813839443
    8      3.842462066227      6.624146330384      2.287253894988
    8      0.019365195073      6.650325402472      2.284695451569
    8      5.748129193943     -3.322952368147      2.264175264966
    8     -5.780827088238     -3.305477438553      2.272861641051
    8      5.753437184269      3.316594065495      2.267493471235
    8     -0.033106886088     -6.639319568687      2.310359751061
    8     -5.746770724620      3.320864239198      2.272591437260
  258     -1.916191687349      1.106558300628      1.478958596851
  258      1.918320713092      1.103931916405      1.469978670162
  258     -0.002212836269     -2.224874194490      1.519462522838
  258     -3.833584187656      4.429369791912      1.478100899253
  258      5.754024817121      1.106261787288      1.466852976713
  258     -1.918013013473     -5.519758821475      1.537378497213
  258      1.912832703165     -5.532113185533      1.509473974430
  258      3.837498513401      4.420493519553      1.463158702404
  258     -5.756040943164      1.105008664980      1.476760537829
  258      0.004592417384      4.430655564242      1.472883736319
  258      3.828711370141     -2.215280273043      1.478979428278
  258     -3.824605953118     -2.222199812085      1.510677893921
  258      5.755435229152     -5.531694635414      1.475081400747
  258      7.659719522835     -2.205176979546      1.458407151667
  258     -5.750241245591     -5.532735489371      1.486305577518
  258     -0.002752874364     -8.855309822252      1.485778033962
    8     -0.001928022228      2.205429159425      0.706467407072
    8      1.913233158756     -1.106697556840      0.713618607838
    8     -1.919340095088     -1.103165533219      0.721959128695
    8     -1.909068533383      5.544963859390      0.704957208578
    8      5.751409937981     -1.104786599271      0.701313125009
    8     -3.837122126052     -4.428564460782      0.744232236042
    8      3.832634512430     -4.431102311823      0.714096098332
    8      1.921403392342      5.543158911083      0.705298343010
    8     -5.749507392040     -1.103586198801      0.710617843842
    8      3.836545369590      2.212813101348      0.700463226650
    8     -0.001225072060     -4.432886820374      0.740119829219
    8     -3.833241803071      2.204318318581      0.716076907877
    8      7.671732300350     -4.428688494084      0.705457991952
    8     -7.669491489811      2.217362055660      0.707494196149
    8     -1.916199087499     -7.747801722441      0.718304765846
    8      1.909173066092     -7.743740599677      0.725810412099
    8     -1.919483743222      1.105669393825     -0.846907289629
    8      1.917412188084      1.105059482532     -0.850660445922
    8     -0.003832279411     -2.222468318341     -0.828334256167
    8     -3.838378707036      4.428934455422     -0.838184563589
    8      5.754864582615      1.107418301470     -0.851267940634
    8     -1.920280848164     -5.527919099919     -0.818347702785
    8      1.912426801502     -5.535344009893     -0.835037478125
    8      3.837116403359      4.429575365019     -0.849220852395
    8     -5.752470693036      1.108081217385     -0.845495782704
    8      0.002371179904      4.427419848648     -0.846935659723
    8      3.831572749772     -2.216305766680     -0.844585755495
    8     -3.831276690869     -2.222828344330     -0.827547356227
    8      5.752756678914     -5.533949328925     -0.848619898822
    8      7.670959165683     -2.212868573101     -0.849534380181
    8     -5.747329515656     -5.531680122597     -0.838358106918
    8      0.000928379265     -8.854784179318     -0.840584913144
  258     -0.000421041669      2.212584251044     -1.617645427950
  258      1.911631920407     -1.112828491110     -1.611437261087
  258     -1.916437947360     -1.112652936084     -1.606161050763
  258     -1.918012467544      5.537757354581     -1.616293202223
  258      5.750636902354     -1.107079965478     -1.623243629620
  258     -3.829899096568     -4.428540202318     -1.604536699649
  258      3.830725894669     -4.429787545235     -1.612158592368
  258      1.919504510923      5.539352753085     -1.617315335687
  258     -5.747333900243     -1.108981741811     -1.612947627053
  258      3.836503717030      2.213482036619     -1.623013075805
  258     -0.003793232858     -4.429439936795     -1.599825784220
  258     -3.835870314519      2.213372981423     -1.615669255427
  258     -7.669760511647     -4.428842771332     -1.617849232528
  258     -7.670527014947      2.217040099802     -1.618029088327
  258     -1.915629144547     -7.742080976504     -1.606568405532
  258      1.915458307084     -7.746129119068     -1.609497250894
    8     -0.001472663193     -0.004550104267     -2.408572480516
    8     -1.919866682669      3.323133311720     -2.410857511588
    8      3.834969442322     -0.001200689382     -2.413388033898
    8     -1.918404519892     -3.323330737927     -2.407051585123
    8      1.914007631742     -3.322490066782     -2.407962849720
    8      1.918070879777      3.322906332103     -2.413134101206
    8     -3.835661795258     -0.003712849336     -2.408143294244
    8      3.832785589708     -6.643954078941     -2.408758549783
    8     -7.669966487924      0.000368197859     -2.412515920406
    8     -3.832416474910     -6.639110021817     -2.407717702124
    8      0.002180967116      6.645336878329     -2.410460212847
    8      5.752642149890     -3.320857732698     -2.412227061804
    8     -5.749927431920     -3.320954844054     -2.409259532013
    8      5.755114806598      3.324863180279     -2.411079093625
    8     -0.003427845368     -6.640260967820     -2.405581393854
    8     -5.752995154026      3.324253111206     -2.410355805405
    8      0.000000000000      2.214571445248     -3.914846215896
    8      1.917875130079     -1.107285722624     -3.914846215896
    8     -1.917875130079     -1.107285722624     -3.914846215896
    8     -1.917875130080      5.536428613118     -3.914846215896
    8      5.753625390237     -1.107285722624     -3.914846215896
    8     -3.835750260157     -4.429142890494     -3.914846215896
    8      3.835750260157     -4.429142890494     -3.914846215896
    8      1.917875130080      5.536428613118     -3.914846215896
    8     -5.753625390237     -1.107285722624     -3.914846215896
    8      3.835750260159      2.214571445247     -3.914846215896
    8     -0.000000000001     -4.429142890492     -3.914846215896
    8     -3.835750260158      2.214571445246     -3.914846215896
    8     -7.671500520293     -4.429142890500     -3.914846215896
    8     -7.671500520300      2.214571445248     -3.914846215896
    8      5.753625390229      5.536428613098     -3.914846215896
    8      1.917875130071     -7.751000058346     -3.914846215896
  258      0.000000000000      0.000000000000     -4.697815459075
  258     -1.917875130080      3.321857167872     -4.697815459075
  258      3.835750260159     -0.000000000001     -4.697815459075
  258     -1.917875130079     -3.321857167871     -4.697815459075
  258      1.917875130079     -3.321857167871     -4.697815459075
  258      1.917875130080      3.321857167872     -4.697815459075
  258     -3.835750260159     -0.000000000001     -4.697815459075
  258     -3.835750260165      6.643714335750     -4.697815459075
  258      7.671500520294      0.000000000010     -4.697815459075
  258      3.835750260140      6.643714335750     -4.697815459075
  258      0.000000000000      6.643714335750     -4.697815459075
  258      5.753625390243     -3.321857167875     -4.697815459075
  258      9.589375650380     -3.321857167875     -4.697815459075
  258      5.753625390228      3.321857167862     -4.697815459075
  258     -7.671500520307      6.643714335750     -4.697815459075
  258     -5.753625390224      3.321857167861     -4.697815459075
    8     -1.917875130080      1.107285722623     -5.480784702254
    8      1.917875130079      1.107285722623     -5.480784702254
    8      0.000000000001     -2.214571445246     -5.480784702254
    8     -3.835750260160      4.429142890495     -5.480784702254
    8      5.753625390238      1.107285722622     -5.480784702254
    8     -1.917875130078     -5.536428613117     -5.480784702254
    8      1.917875130078     -5.536428613117     -5.480784702254
    8      3.835750260160      4.429142890495     -5.480784702254
    8     -5.753625390238      1.107285722622     -5.480784702254
    8      0.000000000000      4.429142890495     -5.480784702254
    8      3.835750260158     -2.214571445248     -5.480784702254
    8     -3.835750260158     -2.214571445248     -5.480784702254
    8      5.753625390243     -5.536428613123     -5.480784702254
    8     -7.671500520276     -2.214571445257     -5.480784702254
    8      1.917875130032      7.751000058380     -5.480784702254
    8      7.671500520293      4.429142890500     -5.480784702254
   14     -0.153382556320     -4.361176080966      7.145649335128
    8     -0.237216889555     -6.134159380676      7.008804098924
    8     -0.130453697266     -4.397422297827      8.861477326332
    8      1.334711735555     -3.407022971826      7.025454278480
    6     -0.722205564065     -7.090099668826      7.969644203954
    6      1.792546077787     -2.417841218237      7.961117037142
    6      0.948239509203     -4.940599519399      9.604515809727
    6      0.249641932821     -8.252423903905      8.104296467021
    6      3.311866519195     -2.418944020187      8.012864036886
    6      0.919600898450     -4.404993303804     11.029897868541
    1     -7.745415521819      4.365337131020      8.912629057393
    1      3.664155596977     -1.697114023711      8.762156773433
    1      1.735460305386     -4.841272288566     11.623157177742
    1      1.264224196868     -7.904818916696      8.322731863253
    1     -7.386229564379      4.452294846987      7.174435524695
    1     -0.901341704194     -6.582011227801      8.922077949902
    1     -1.681719019843     -7.469919444746      7.599038404471
    1     -0.029258386704     -4.652824567873     11.517367286427
    1      1.028193038773     -3.314837812978     11.049248078486
    1      1.918262152643     -4.699043679365      9.134857272242
    1      0.898297915581     -6.043461638816      9.634982988623
    1      1.360905246633     -2.616135297219      8.946796930498
    1      1.428985386664     -1.439045807841      7.620684234716
    1      3.697051644904     -3.409158232798      8.278141838092
    1      3.744971741619     -2.139718931344      7.044072929504
    8     -1.521700861646     -3.522329083102      6.828781557297
    6     -4.313305039527     -4.352296926352      7.031920197034
    6     -3.849912248631     -5.606137454370      7.755076394775
    1     -2.776559899098     -5.705045858612      7.605783374623
    1     -3.854211818754     -3.471685893440      7.496957073120
    1     -5.421728753803     -4.261187991135      7.123579398107
    1      3.299096173312      6.786511813805      7.378728491527
    1     -4.044733057917     -5.543563743294      8.832529162873
    0    0
