   2   1   1 E -4.0957807726318E+04 DE-1.1E-05(  4)
  0.153430010406E+02  0.000000000000E+00  0.000000000000E+00
 -0.767150052032E+01  0.132874286715E+02  0.000000000000E+00
  0.000000000000E+00  0.000000000000E+00  0.500000000000E+03
    1
  0.100000000000E+01  0.000000000000E+00  0.000000000000E+00
  0.000000000000E+00  0.100000000000E+01  0.000000000000E+00
  0.000000000000E+00  0.000000000000E+00  0.100000000000E+01
  0.000000000000E+00  0.000000000000E+00  0.000000000000E+00
  225
    8      0.007979989406      2.218373115362      5.081443108558
    8      1.935218473694     -1.024175418397      4.990920832194
    8     -1.942400838735     -1.017502383256      4.993632325988
    8     -1.892663310051      5.547400097054      5.077077472850
    8      5.757765249629     -1.095020385120      5.088913040211
    8     -3.995174312017     -4.407900680255      5.363831026490
    8      3.888362392863     -4.449333179672      5.025273658776
    8      1.943851082928      5.547925260901      5.087726536624
    8     -5.794287815648     -1.111516460492      5.073092399068
    8      3.839481890174      2.207456433992      5.089275161548
    8      0.108052846707     -4.517578721744      5.065262341645
    8     -3.844767763434      2.208300582132      5.087662907035
    8     -7.664343050778     -4.407145627298      5.082448662996
    8      7.663473333624      2.187229029567      5.086084366376
    8      5.693411885719      5.470325375939      4.995539571731
    8     -5.699245142091      5.512382466842      5.005253770829
  258      0.005657802011      0.015369813124      4.340111103377
  258     -1.908952620128      3.327569955384      4.335109263706
  258      3.838020749521      0.011099101939      4.339671034787
  258     -1.906113718153     -3.261406113245      4.439173405279
  258      1.972652990055     -3.308062328477      4.350051265929
  258      1.913809020512      3.306512233946      4.331394508459
  258     -3.840329438613      0.015520752004      4.346017360678
  258     -3.819483994471      6.639121825699      4.328865841825
  258      7.658428149303      0.012273353518      4.338944735914
  258      3.830343405218      6.565508255444      4.325959437018
  258      0.005769628393      6.649615039318      4.340679324718
  258      5.740989104745     -3.312121319044      4.342557958539
  258     -5.840883771950     -3.269681142877      4.314204853998
  258      5.750637400007      3.294335242415      4.340593253474
  258      0.015794694573     -6.705609940893      4.355731330241
  258     -5.741155830600      3.311561457534      4.345734919419
    8     -1.921879083458      1.154329412395      3.567162497646
    8      1.918499711511      1.146839147053      3.561405916840
    8      0.009631239846     -2.235007870931      3.629121438659
    8     -3.803435144179      4.411341509092      3.574382836217
    8      5.752044108893      1.105857509232      3.572136181142
    8     -2.003846895477     -5.488066156520      3.665376336474
    8      1.943074010402     -5.547409572564      3.563443423913
    8      3.804736350886      4.397198276700      3.565199768067
    8     -5.754821842795      1.108591814869      3.581173103143
    8      0.014187089262      4.438141028736      3.587553080629
    8      3.859849292329     -2.204932368609      3.584173447988
    8     -3.868328677813     -2.280502427186      3.631758412369
    8     -1.884179276357      7.746723693307      3.573107082066
    8      7.638789267170     -2.200152067655      3.568068986667
    8     -5.710432775050     -5.509061103047      3.593500132694
    8     -7.663849249102      4.392889545882      3.591064614725
    8     -0.001935376419     -0.008498449210      2.115688302189
    8     -1.902509416116      3.333927913796      2.091902747104
    8      3.834489776187      0.000048980750      2.095787758939
    8     -1.912477021850     -3.307248952766      2.106806827174
    8      1.927266530554     -3.312578469654      2.081708398477
    8      1.908443615833      3.324748083771      2.084438914050
    8     -3.834939009120     -0.020285418910      2.124295310530
    8     -3.820016343138      6.637218066407      2.098027071599
    8      7.669120617379      0.005647982936      2.094451643213
    8      3.840358158172      6.623864257886      2.106628821506
    8      0.022452915517      6.649353815452      2.112937422535
    8      5.747260189239     -3.321500769777      2.095898777407
    8     -5.781603714901     -3.308404496883      2.093200618470
    8      5.753975369063      3.317992383616      2.098777039368
    8     -0.029861339010     -6.645569982562      2.109593764048
    8     -5.748056347996      3.320449709002      2.104484622808
  258     -1.916122154074      1.108109767259      1.332825075117
  258      1.916848400044      1.105434431569      1.324653060745
  258     -0.003470788330     -2.220030224847      1.356828926153
  258     -3.831280303384      4.427460421414      1.331549484455
  258      5.751429528195      1.107051945666      1.322903321536
  258     -1.919663409252     -5.523207933362      1.370747737331
  258      1.918520052789     -5.536243496788      1.341040000167
  258      3.836173522591      4.418280372671      1.319111171659
  258     -5.754074203290      1.105405460449      1.331631613865
  258      0.004807587404      4.431231178428      1.329261189647
  258      3.833819726341     -2.211662183550      1.325595794022
  258     -3.829179017625     -2.219222316229      1.354935708546
  258      5.758164276436     -5.532683937961      1.329510868320
  258      7.657400432502     -2.205414524199      1.314216462993
  258     -5.751378967686     -5.533509382139      1.336082947031
  258     -0.001333175526     -8.863222590592      1.332738625263
    8     -0.001291522249      2.207232702309      0.590214342581
    8      1.914037787168     -1.102391989153      0.592220867477
    8     -1.920064518973     -1.102569905003      0.599857851934
    8     -1.907070620601      5.542953298071      0.590571178033
    8      5.750425625066     -1.104496395742      0.586168573868
    8     -3.837900734405     -4.429510741533      0.617559509506
    8      3.838563421082     -4.431977041983      0.591327915360
    8      1.921329727891      5.541734409912      0.588867806801
    8     -5.752319007561     -1.102915396516      0.595145260910
    8      3.836671985755      2.212259747368      0.587495327589
    8     -0.003240745266     -4.432195353943      0.610149952096
    8     -3.833412762183      2.206443322738      0.600350706329
    8      7.669346951771     -4.428925737814      0.589670744560
    8     -7.669922106723      2.216275908559      0.592328499769
    8     -1.919218751609     -7.753016890310      0.596026998104
    8      1.913448036630     -7.750277951794      0.602030599138
    8     -1.919571680068      1.106992082264     -0.942798383066
    8      1.917872145670      1.107518841966     -0.947961933195
    8     -0.003727893148     -2.219490124453     -0.929313419626
    8     -3.835361637711      4.427947688849     -0.937487442879
    8      5.754637266360      1.107655537938     -0.946743828395
    8     -1.921198296833     -5.530617645592     -0.918411796439
    8      1.914828946928     -5.536933441745     -0.936947591812
    8      3.835525324003      4.427819871417     -0.947617139401
    8     -5.752181605746      1.108245022647     -0.941045419558
    8      0.002483672918      4.428036703865     -0.943506984330
    8      3.833738070218     -2.214501782525     -0.944221153206
    8     -3.833623532059     -2.220255877592     -0.926477451095
    8      5.754868290664     -5.535524318535     -0.946298042635
    8      7.670190706397     -2.212309444174     -0.947601478428
    8     -5.749459139643     -5.532077690862     -0.936338069136
    8      0.001375400529     -8.857789031540     -0.939226365275
  258     -0.000633738103      2.214110943194     -1.680728415390
  258      1.911868731152     -1.110710450484     -1.677845325732
  258     -1.917352249091     -1.110644306684     -1.672781403700
  258     -1.916796313713      5.537043562561     -1.679698354134
  258      5.750639683436     -1.106172023051     -1.687013836727
  258     -3.831975426570     -4.428480522989     -1.672031937676
  258      3.833965854141     -4.430226640958     -1.678706138743
  258      1.918781324872      5.538409914374     -1.680928531408
  258     -5.748462503108     -1.108607046031     -1.677430803944
  258      3.835359829838      2.213611739669     -1.685495769506
  258     -0.003491548636     -4.429176405481     -1.669836482915
  258     -3.835101698409      2.213475090989     -1.679213032017
  258     -7.670008634930     -4.429615813978     -1.681495483466
  258     -7.670691014410      2.215408976660     -1.681508360160
  258     -1.916649189206     -7.744270382703     -1.673543290629
  258      1.917263666208     -7.749698184184     -1.676614995973
    8     -0.001790709808     -0.003236847003     -2.456912973388
    8     -1.919129497025      3.322510974355     -2.458291454650
    8      3.835411201297     -0.000441007844     -2.460595489827
    8     -1.919041450937     -3.323430493594     -2.455393960707
    8      1.914291059419     -3.322553223378     -2.456505111636
    8      1.917772582476      3.322746589266     -2.460695793260
    8     -3.835838727438     -0.002823749541     -2.456059059315
    8      3.833973468476     -6.644628181005     -2.457130251773
    8     -7.669963952572      0.000954317768     -2.459562520375
    8     -3.833097713874     -6.639386406998     -2.455943924935
    8      0.002396928579      6.644972646174     -2.458275830311
    8      5.753124337219     -3.320958033089     -2.459834505006
    8     -5.750181800744     -3.320989232204     -2.456799099489
    8      5.755292397166      3.323608280577     -2.458611240867
    8     -0.002902049037     -6.641155082530     -2.455000186514
    8     -5.752534660124      3.323191488567     -2.457826712555
    8      0.000000000000      2.214571445248     -3.914846215896
    8      1.917875130079     -1.107285722624     -3.914846215896
    8     -1.917875130079     -1.107285722624     -3.914846215896
    8     -1.917875130080      5.536428613118     -3.914846215896
    8      5.753625390237     -1.107285722624     -3.914846215896
    8     -3.835750260157     -4.429142890494     -3.914846215896
    8      3.835750260157     -4.429142890494     -3.914846215896
    8      1.917875130080      5.536428613118     -3.914846215896
    8     -5.753625390237     -1.107285722624     -3.914846215896
    8      3.835750260159      2.214571445247     -3.914846215896
    8     -0.000000000001     -4.429142890492     -3.914846215896
    8     -3.835750260158      2.214571445246     -3.914846215896
    8     -7.671500520293     -4.429142890500     -3.914846215896
    8     -7.671500520300      2.214571445248     -3.914846215896
    8      5.753625390229      5.536428613098     -3.914846215896
    8      1.917875130071     -7.751000058346     -3.914846215896
  258      0.000000000000      0.000000000000     -4.697815459075
  258     -1.917875130080      3.321857167872     -4.697815459075
  258      3.835750260159     -0.000000000001     -4.697815459075
  258     -1.917875130079     -3.321857167871     -4.697815459075
  258      1.917875130079     -3.321857167871     -4.697815459075
  258      1.917875130080      3.321857167872     -4.697815459075
  258     -3.835750260159     -0.000000000001     -4.697815459075
  258     -3.835750260165      6.643714335750     -4.697815459075
  258      7.671500520294      0.000000000010     -4.697815459075
  258      3.835750260140      6.643714335750     -4.697815459075
  258      0.000000000000      6.643714335750     -4.697815459075
  258      5.753625390243     -3.321857167875     -4.697815459075
  258      9.589375650380     -3.321857167875     -4.697815459075
  258      5.753625390228      3.321857167862     -4.697815459075
  258     -7.671500520307      6.643714335750     -4.697815459075
  258     -5.753625390224      3.321857167861     -4.697815459075
    8     -1.917875130080      1.107285722623     -5.480784702254
    8      1.917875130079      1.107285722623     -5.480784702254
    8      0.000000000001     -2.214571445246     -5.480784702254
    8     -3.835750260160      4.429142890495     -5.480784702254
    8      5.753625390238      1.107285722622     -5.480784702254
    8     -1.917875130078     -5.536428613117     -5.480784702254
    8      1.917875130078     -5.536428613117     -5.480784702254
    8      3.835750260160      4.429142890495     -5.480784702254
    8     -5.753625390238      1.107285722622     -5.480784702254
    8      0.000000000000      4.429142890495     -5.480784702254
    8      3.835750260158     -2.214571445248     -5.480784702254
    8     -3.835750260158     -2.214571445248     -5.480784702254
    8      5.753625390243     -5.536428613123     -5.480784702254
    8     -7.671500520276     -2.214571445257     -5.480784702254
    8      1.917875130032      7.751000058380     -5.480784702254
    8      7.671500520293      4.429142890500     -5.480784702254
   14     -0.123939238940     -4.379796501026      6.878472373740
    8     -0.192299774141     -6.159440112077      6.701198519254
    8     -0.000066739204     -4.471134191869      8.574723455823
    8      1.360985473367     -3.425168884415      6.701761217732
    6     -0.646786331471     -7.196089819884      7.585868001683
    6      1.909111468102     -2.432121073153      7.575998357904
    6      1.148611975989     -5.031323923586      9.189051475744
    6      0.186901232745     -8.453158460083      7.382231906301
    6      3.421917536683     -2.393536187251      7.402351582528
    6      1.227813153086     -4.558979610410     10.631081810549
    1     -7.772256324368      4.067814242856      8.113234835794
    1      3.865708969989     -1.648889545274      8.075770079791
    1      2.098150422015     -4.999567047006     11.136300629779
    1      1.258341691127     -8.252091527022      7.462593343228
    1     -7.662010563681      4.411948046275      6.386378969239
    1     -0.623570297625     -6.831881606844      8.616418265571
    1     -1.683601573148     -7.430500080568      7.324992642763
    1      0.325212404801     -4.847785112729     11.180148118907
    1      1.313215815962     -3.467736886985     10.684132831853
    1      2.069144657269     -4.751104752582      8.647697385515
    1      1.118436518015     -6.135201546956      9.163497597755
    1      1.629256955762     -2.655350093092      8.610320624556
    1      1.473596585178     -1.463892297055      7.296702467382
    1      3.868038492869     -3.371718415893      7.604012068491
    1      3.704661314630     -2.119075119848      6.381458903511
    8     -1.492875073962     -3.539028040938      6.617507251733
    6     -4.236594023448     -4.394081004047      6.772678310060
    6     -3.681716787296     -5.667899293283      7.383095906255
    1     -2.679421819360     -5.799196318098      6.975772582053
    1     -3.751259531930     -3.517087844473      7.211235615665
    1     -5.334731025191     -4.329621764895      6.947241560834
    1      3.361380172155      6.748252677020      7.132026534293
    1     -3.605468617730     -5.613144538025      8.473225188074
    0    0
