   2   1   1 E -4.0957807714843E+04 DE-6.1E-07(  4)
  0.153430010406E+02  0.000000000000E+00  0.000000000000E+00
 -0.767150052032E+01  0.132874286715E+02  0.000000000000E+00
  0.000000000000E+00  0.000000000000E+00  0.500000000000E+03
    1
  0.100000000000E+01  0.000000000000E+00  0.000000000000E+00
  0.000000000000E+00  0.100000000000E+01  0.000000000000E+00
  0.000000000000E+00  0.000000000000E+00  0.100000000000E+01
  0.000000000000E+00  0.000000000000E+00  0.000000000000E+00
  225
    8      0.007838842767      2.218597293974      5.081880052077
    8      1.934657044832     -1.024605340708      4.991741965998
    8     -1.942974692384     -1.017067057305      4.993476781885
    8     -1.892549078883      5.547465265451      5.076976695491
    8      5.757600101877     -1.094732757009      5.088914764490
    8     -3.992172161558     -4.408403756027      5.363988463824
    8      3.888668702439     -4.449464122373      5.025313479332
    8      1.943982784225      5.548346185310      5.088264929031
    8     -5.794683792247     -1.111533508969      5.073308109109
    8      3.839601211444      2.207114339855      5.089421193089
    8      0.107075648057     -4.517021403755      5.064886061226
    8     -3.845189556437      2.208176763556      5.087689361253
    8     -7.664319107923     -4.406773020398      5.082316120484
    8      7.662796036619      2.187306672550      5.086485521470
    8      5.693818096634      5.470654691716      4.994425983639
    8     -5.699333951121      5.512769958140      5.005662510000
  258      0.005476055446      0.015277359413      4.340554676072
  258     -1.908851308211      3.327651860362      4.335193544360
  258      3.837885418217      0.011129740882      4.339908807090
  258     -1.906408806284     -3.261677765693      4.438964600798
  258      1.972394358751     -3.308358832520      4.350199540079
  258      1.913793589030      3.306554289770      4.331666897242
  258     -3.840561339570      0.015471494987      4.346274604524
  258     -3.819476577719      6.639174864840      4.329120590936
  258      7.658233750033      0.012267019730      4.338920277101
  258      3.830535626184      6.565639396627      4.326298718641
  258      0.005893512877      6.649747603258      4.340834953423
  258      5.740806803898     -3.312019480706      4.342742395517
  258     -5.841323827939     -3.269374059643      4.313907444638
  258      5.750876042932      3.294366824671      4.340951527265
  258      0.015977760862     -6.705214832952      4.355278892080
  258     -5.741283304802      3.311567616570      4.345985188912
    8     -1.921764759420      1.154838685030      3.567052530823
    8      1.918294299986      1.146787389183      3.561752996459
    8      0.009311590530     -2.234732147761      3.629069231028
    8     -3.803628375092      4.411407200950      3.574635584665
    8      5.752045986623      1.105850484814      3.571982555744
    8     -2.004339471549     -5.487889977672      3.665272551100
    8      1.942821513734     -5.546927487887      3.563781650386
    8      3.804435318480      4.397143131809      3.565665208390
    8     -5.755266574353      1.108701149750      3.581263725934
    8      0.014518318571      4.438148154971      3.587771702318
    8      3.859561024703     -2.204881985469      3.584318076169
    8     -3.868830458933     -2.280284982599      3.631446158315
    8     -1.884017266835      7.746816036289      3.573087157441
    8      7.638509670757     -2.200053499136      3.568093957500
    8     -5.710242398345     -5.508777167763      3.593687282856
    8     -7.663478992505      4.392878620865      3.591057814005
    8     -0.002026544766     -0.008418004256      2.115736025956
    8     -1.902634270516      3.334356943376      2.092054634751
    8      3.834387444917      0.000113774902      2.096102022842
    8     -1.912443688172     -3.307403642091      2.106832486731
    8      1.927162036405     -3.312623831894      2.082036171544
    8      1.908533699755      3.324730215234      2.084549743059
    8     -3.835204629077     -0.019889819107      2.124546504892
    8     -3.820100637963      6.637258231143      2.098185487911
    8      7.669087238534      0.005544754238      2.094467782010
    8      3.840228226139      6.623643328148      2.106657284789
    8      0.022502272885      6.649385820544      2.113133902344
    8      5.747125010614     -3.321402476596      2.096052327397
    8     -5.781963761408     -3.308294160402      2.093195860815
    8      5.753905967230      3.318067741124      2.099053784358
    8     -0.029791583139     -6.645212790200      2.109639760468
    8     -5.747949773773      3.320331084395      2.104914550255
  258     -1.916125184954      1.108181116813      1.332978487701
  258      1.916697937416      1.105432412257      1.324863601033
  258     -0.003542111031     -2.219931169317      1.356885164239
  258     -3.831317026400      4.427525781122      1.331758922635
  258      5.751303780865      1.107118919875      1.322991455625
  258     -1.919774783933     -5.523115282371      1.370681929272
  258      1.918510330905     -5.536218964760      1.340881775187
  258      3.836223150463      4.418321551294      1.319386967520
  258     -5.754090557975      1.105483224225      1.331772134341
  258      0.004878070728      4.431310441435      1.329369301631
  258      3.833757924292     -2.211621328308      1.325566785310
  258     -3.829153287306     -2.219089989241      1.354987336261
  258      5.758134857580     -5.532628387067      1.329680457465
  258      7.657255346379     -2.205386255364      1.314160137523
  258     -5.751284480028     -5.533489008048      1.336114381774
  258     -0.001345918609     -8.863309450783      1.332763475818
    8     -0.001375292570      2.207453341053      0.590425374646
    8      1.914114877254     -1.102466154961      0.592453214339
    8     -1.920288832306     -1.102526753057      0.600050059015
    8     -1.907035418334      5.543077641322      0.590526919174
    8      5.750385898215     -1.104426853165      0.586155304380
    8     -3.838087125915     -4.429502678485      0.617839696258
    8      3.838458209738     -4.431840119590      0.591491485555
    8      1.921146100116      5.541722176594      0.588840062935
    8     -5.752227677123     -1.102887865378      0.595056818451
    8      3.836571996111      2.212240019815      0.587560732228
    8     -0.003165110907     -4.432136409681      0.609979194495
    8     -3.833308325880      2.206464385078      0.600297460739
    8      7.669206380992     -4.428961746385      0.589618211947
    8     -7.669959269092      2.216357423154      0.592508557047
    8     -1.919128988651     -7.753133365652      0.596185499933
    8      1.913305370749     -7.750271127841      0.602227952844
    8     -1.919410967974      1.107042004151     -0.942747413754
    8      1.917716017554      1.107429279965     -0.947791832279
    8     -0.003782704445     -2.219297769672     -0.929163096433
    8     -3.835445760640      4.428007201263     -0.937283921156
    8      5.754653887307      1.107759882895     -0.946701597324
    8     -1.921324740114     -5.530577413473     -0.918205372344
    8      1.915006815553     -5.536951553503     -0.936901300460
    8      3.835617466262      4.427887059115     -0.947427645980
    8     -5.752221898516      1.108388153710     -0.941070815189
    8      0.002485391902      4.428022407301     -0.943512482699
    8      3.833772072038     -2.214456286057     -0.944138257890
    8     -3.833461375736     -2.220385088109     -0.926405059755
    8      5.754760881675     -5.535448633598     -0.946286453883
    8      7.670185037581     -2.212272094485     -0.947571245713
    8     -5.749367168595     -5.532075935364     -0.936313349536
    8      0.001410240532     -8.857778648236     -0.939140343138
  258     -0.000719652475      2.214161999358     -1.680664133043
  258      1.911812119969     -1.110649569447     -1.677849504041
  258     -1.917416020938     -1.110563522301     -1.672788196366
  258     -1.916870724871      5.537072617612     -1.679617741321
  258      5.750568082744     -1.106129597353     -1.687047592266
  258     -3.832062574535     -4.428406099142     -1.672047352081
  258      3.833917637842     -4.430218719644     -1.678712976150
  258      1.918720108774      5.538411807454     -1.680849994167
  258     -5.748532853991     -1.108535902086     -1.677411667274
  258      3.835246440889      2.213696413835     -1.685406450338
  258     -0.003584917337     -4.429155230546     -1.669885040032
  258     -3.835166945885      2.213529058981     -1.679148081872
  258     -7.670104035896     -4.429622588173     -1.681463733498
  258     -7.670774292214      2.215386761804     -1.681513815715
  258     -1.916753961616     -7.744288092210     -1.673486180241
  258      1.917238108676     -7.749769588244     -1.676654531959
    8     -0.001757072081     -0.003245954895     -2.456939816844
    8     -1.919165924871      3.322532963954     -2.458299986378
    8      3.835405908617     -0.000402071864     -2.460517589318
    8     -1.918964788551     -3.323441916196     -2.455406485263
    8      1.914248251748     -3.322522310830     -2.456364319114
    8      1.917871717449      3.322732323541     -2.460606450150
    8     -3.835786913806     -0.002850837738     -2.455967198862
    8      3.833973537042     -6.644648653108     -2.457153532896
    8     -7.669936705451      0.000989875733     -2.459518904231
    8     -3.833020930557     -6.639398879151     -2.455928498437
    8      0.002431970215      6.645002157852     -2.458239233782
    8      5.753141389704     -3.320903898494     -2.459815147467
    8     -5.750145420910     -3.320957147065     -2.456736000016
    8      5.755293289148      3.323643437007     -2.458553905273
    8     -0.002908400031     -6.641088130033     -2.454886578309
    8     -5.752498945838      3.323271470905     -2.457841026173
    8      0.000000000000      2.214571445248     -3.914846215896
    8      1.917875130079     -1.107285722624     -3.914846215896
    8     -1.917875130079     -1.107285722624     -3.914846215896
    8     -1.917875130080      5.536428613118     -3.914846215896
    8      5.753625390237     -1.107285722624     -3.914846215896
    8     -3.835750260157     -4.429142890494     -3.914846215896
    8      3.835750260157     -4.429142890494     -3.914846215896
    8      1.917875130080      5.536428613118     -3.914846215896
    8     -5.753625390237     -1.107285722624     -3.914846215896
    8      3.835750260159      2.214571445247     -3.914846215896
    8     -0.000000000001     -4.429142890492     -3.914846215896
    8     -3.835750260158      2.214571445246     -3.914846215896
    8     -7.671500520293     -4.429142890500     -3.914846215896
    8     -7.671500520300      2.214571445248     -3.914846215896
    8      5.753625390229      5.536428613098     -3.914846215896
    8      1.917875130071     -7.751000058346     -3.914846215896
  258      0.000000000000      0.000000000000     -4.697815459075
  258     -1.917875130080      3.321857167872     -4.697815459075
  258      3.835750260159     -0.000000000001     -4.697815459075
  258     -1.917875130079     -3.321857167871     -4.697815459075
  258      1.917875130079     -3.321857167871     -4.697815459075
  258      1.917875130080      3.321857167872     -4.697815459075
  258     -3.835750260159     -0.000000000001     -4.697815459075
  258     -3.835750260165      6.643714335750     -4.697815459075
  258      7.671500520294      0.000000000010     -4.697815459075
  258      3.835750260140      6.643714335750     -4.697815459075
  258      0.000000000000      6.643714335750     -4.697815459075
  258      5.753625390243     -3.321857167875     -4.697815459075
  258      9.589375650380     -3.321857167875     -4.697815459075
  258      5.753625390228      3.321857167862     -4.697815459075
  258     -7.671500520307      6.643714335750     -4.697815459075
  258     -5.753625390224      3.321857167861     -4.697815459075
    8     -1.917875130080      1.107285722623     -5.480784702254
    8      1.917875130079      1.107285722623     -5.480784702254
    8      0.000000000001     -2.214571445246     -5.480784702254
    8     -3.835750260160      4.429142890495     -5.480784702254
    8      5.753625390238      1.107285722622     -5.480784702254
    8     -1.917875130078     -5.536428613117     -5.480784702254
    8      1.917875130078     -5.536428613117     -5.480784702254
    8      3.835750260160      4.429142890495     -5.480784702254
    8     -5.753625390238      1.107285722622     -5.480784702254
    8      0.000000000000      4.429142890495     -5.480784702254
    8      3.835750260158     -2.214571445248     -5.480784702254
    8     -3.835750260158     -2.214571445248     -5.480784702254
    8      5.753625390243     -5.536428613123     -5.480784702254
    8     -7.671500520276     -2.214571445257     -5.480784702254
    8      1.917875130032      7.751000058380     -5.480784702254
    8      7.671500520293      4.429142890500     -5.480784702254
   14     -0.123801298897     -4.379299792622      6.878288333518
    8     -0.191342829502     -6.158671342178      6.700934412169
    8     -0.003878634028     -4.469128568051      8.574884612609
    8      1.363293011789     -3.428545712065      6.702182187367
    6     -0.647249960756     -7.196265048139      7.583885743203
    6      1.910991807791     -2.434569530603      7.575826034235
    6      1.142329407548     -5.027943468446      9.194405725382
    6      0.183234705196     -8.454386722038      7.375726921047
    6      3.423465410526     -2.394506741090      7.401375936824
    6      1.219030210912     -4.547527955532     10.633706241171
    1     -7.778647108144      4.064750066756      8.103601501091
    1      3.866849178491     -1.649993255737      8.074997628841
    1      2.086839006139     -4.987028548518     11.143687013921
    1      1.255080916414     -8.256583628806      7.457701441965
    1     -7.667187068966      4.414484245777      6.378839806760
    1     -0.622153810913     -6.834820286243      8.615290444514
    1     -1.685012037523     -7.427547239787      7.324234435778
    1      0.314386398109     -4.831174832453     11.181864408738
    1      1.306768810509     -3.456321922773     10.680863597135
    1      2.064614336150     -4.752949565249      8.653667553086
    1      1.109744763058     -6.131697806463      9.175550848487
    1      1.631909909850     -2.657630373957      8.610201983312
    1      1.474712474314     -1.466846253128      7.296513360264
    1      3.870610263964     -3.372374590333      7.602000009234
    1      3.705042086505     -2.118935167682      6.380599401478
    8     -1.491555768421     -3.536646067161      6.617014059987
    6     -4.235671174658     -4.391717605049      6.772407880859
    6     -3.680501111612     -5.663862588374      7.385873268162
    1     -2.677217818356     -5.793139507448      6.980938512942
    1     -3.752017807893     -3.513261310352      7.209790868894
    1     -5.334047251310     -4.327994280138      6.944864921917
    1      3.364670645553      6.751091374356      7.133679353957
    1     -3.607360264913     -5.608247425638      8.475932731801
    0    0
