   2   1   1 E -4.0957803960877E+04 DE 3.2E-06(  7)
  0.153430010406E+02  0.000000000000E+00  0.000000000000E+00
 -0.767150052032E+01  0.132874286715E+02  0.000000000000E+00
  0.000000000000E+00  0.000000000000E+00  0.500000000000E+03
    1
  0.100000000000E+01  0.000000000000E+00  0.000000000000E+00
  0.000000000000E+00  0.100000000000E+01  0.000000000000E+00
  0.000000000000E+00  0.000000000000E+00  0.100000000000E+01
  0.000000000000E+00  0.000000000000E+00  0.000000000000E+00
  225
    8      0.007863931490      2.219751865915      5.082999683138
    8      1.939783273064     -1.028686008591      4.999262287170
    8     -1.944767300615     -1.006312464266      4.986144082847
    8     -1.894282239130      5.550412210522      5.078318597623
    8      5.752923211473     -1.095987269046      5.093600895630
    8     -3.991841191482     -4.427505326594      5.376853179802
    8      3.883099242528     -4.440053324548      5.034503565067
    8      1.943949910067      5.548461790614      5.086463856555
    8     -5.794510081964     -1.107018018932      5.070780201929
    8      3.834875148162      2.210788380477      5.085372982666
    8      0.098593070100     -4.506258844179      5.055567933655
    8     -3.838132514648      2.209780218635      5.084729642465
    8     -7.667692475539     -4.409675310393      5.079619694246
    8      7.666569449198      2.203999549481      5.095357942745
    8      5.700385324141      5.469404735408      5.002156805321
    8     -5.714601348548      5.513055071725      5.021016513186
  258      0.004097493845      0.021555693617      4.336420815062
  258     -1.910286204234      3.330835084628      4.335891571598
  258      3.836584795166      0.011138741109      4.341942017404
  258     -1.913017573561     -3.252952003052      4.423896047472
  258      1.966021314191     -3.304089775600      4.362122353146
  258      1.915879501973      3.308564147419      4.332391061160
  258     -3.841113932332      0.020940343635      4.345191830466
  258     -3.821434235650      6.643197122971      4.330317857087
  258      7.658321646904      0.014292113224      4.342331396765
  258      3.829762482182      6.568015325486      4.327858785904
  258      0.004283743008      6.651122676128      4.340944931114
  258      5.738771075310     -3.310336005450      4.342464020084
  258     -5.842004963740     -3.269589414304      4.313018553428
  258      5.753720789241      3.297029927395      4.339503648710
  258      0.012424779974     -6.703059011598      4.365751025542
  258     -5.742070158451      3.316826215495      4.345046026073
    8     -1.919606552296      1.159242898295      3.563108911235
    8      1.915974699691      1.142034118026      3.562612055117
    8      0.009886865722     -2.227018151012      3.626547895821
    8     -3.810868746780      4.420951920761      3.579437606729
    8      5.757178227951      1.106680405014      3.578456743973
    8     -2.009244716542     -5.487913316636      3.660580432153
    8      1.946225588183     -5.550010359695      3.569184132798
    8      3.810296740240      4.401504945661      3.566295835905
    8     -5.759443651769      1.113411408748      3.585038873452
    8      0.013396616469      4.439168969942      3.587742913228
    8      3.857900142144     -2.203887410025      3.583494175148
    8     -3.871724020880     -2.288609334138      3.632186181826
    8     -1.892886496882      7.749246313582      3.576672905300
    8      7.637713336337     -2.196849721512      3.571092788529
    8     -5.711251737392     -5.507971338499      3.591225342300
    8     -7.663239169633      4.396665481392      3.586786295417
    8     -0.002137932055     -0.005782135691      2.112969936565
    8     -1.906335423348      3.339085437870      2.092965233215
    8      3.835795988316      0.003629641058      2.097262527483
    8     -1.912320082159     -3.303639425811      2.095441965899
    8      1.924697273171     -3.312541232314      2.089476225319
    8      1.910109133862      3.325517371566      2.087840576881
    8     -3.837223011992     -0.020668690105      2.126154543503
    8     -3.819683032360      6.639532798756      2.099063949000
    8      7.669421706436      0.006742583855      2.097136620091
    8      3.838679528805      6.624723763469      2.108234317217
    8      0.019648165127      6.651528342643      2.115747907647
    8      5.748477805807     -3.320503387837      2.095188243754
    8     -5.784051959956     -3.305690766101      2.092241272199
    8      5.752976953420      3.317321750876      2.098517980195
    8     -0.031455765908     -6.640655767310      2.115648928378
    8     -5.746148326065      3.322514888228      2.101736938775
  258     -1.916742360189      1.110891468428      1.330720253368
  258      1.917929431782      1.107492185160      1.324290399413
  258     -0.002131473202     -2.218314589873      1.356427294552
  258     -3.831963054589      4.430160260506      1.331314653379
  258      5.751325904973      1.107756626615      1.324180507321
  258     -1.920569896840     -5.523951156712      1.370030474727
  258      1.914838056187     -5.533680062172      1.347057296971
  258      3.836181333109      4.420516486262      1.320203047345
  258     -5.755614753320      1.107577567110      1.331660031476
  258      0.004173341791      4.432601343827      1.328996295316
  258      3.830387437620     -2.212085692870      1.329114284380
  258     -3.830756217653     -2.217476660910      1.351977144162
  258      5.756786884820     -5.531060653309      1.329422237475
  258      7.656114628096     -2.203881851748      1.314459626116
  258     -5.752049921739     -5.533543765547      1.335455351703
  258     -0.001132280739     -8.859034967298      1.334209371960
    8     -0.001509703658      2.210161549152      0.591403543754
    8      1.914308677921     -1.102493771183      0.591835041217
    8     -1.921399176001     -1.098499232244      0.597697681271
    8     -1.906972189617      5.545045965591      0.590302870147
    8      5.749551391160     -1.103111508443      0.587391753593
    8     -3.839859643036     -4.428421900520      0.615753186072
    8      3.836408959115     -4.430067180096      0.593095465142
    8      1.920257029876      5.541948550523      0.589444245283
    8     -5.752562249970     -1.101246915228      0.593838141670
    8      3.835738937814      2.214031641911      0.587239899149
    8     -0.000713419596     -4.431307749898      0.606870807510
    8     -3.833551619301      2.206634244205      0.600823635733
    8      7.669657546027     -4.428693778564      0.589247775707
    8     -7.670466581237      2.216599574918      0.593690000428
    8     -1.917870028636     -7.749866163397      0.595461793750
    8      1.911756586599     -7.746754433220      0.603088786573
    8     -1.919731625775      1.109448328370     -0.943866702154
    8      1.917348054936      1.108346253377     -0.947157728486
    8     -0.004046424560     -2.217975443374     -0.928965200480
    8     -3.836787100372      4.428815400756     -0.936091494231
    8      5.753767864171      1.108476113396     -0.945676517303
    8     -1.922067668721     -5.529491061655     -0.918366879268
    8      1.915152847348     -5.536388033867     -0.935777472659
    8      3.835526862052      4.429039779379     -0.946180667615
    8     -5.753020581795      1.109667943424     -0.940454812172
    8      0.002167121678      4.428936256848     -0.942593849628
    8      3.833000572911     -2.214044763650     -0.942693048779
    8     -3.834640746962     -2.219381126091     -0.926126548166
    8      5.753804037100     -5.534016141696     -0.945326323583
    8      7.668975162923     -2.211564511328     -0.946904497401
    8     -5.750222488330     -5.532397863187     -0.936320034088
    8      0.001060278582     -8.857657070894     -0.938196050059
  258     -0.000001565416      2.214921116092     -1.681524735444
  258      1.912369938984     -1.110459929212     -1.677845219179
  258     -1.916818052962     -1.110099943261     -1.673372498674
  258     -1.916674389564      5.537949897234     -1.680520645312
  258      5.749979598164     -1.106063414208     -1.686174722139
  258     -3.831170526849     -4.428504015559     -1.671703673824
  258      3.832979869078     -4.429551309202     -1.677512999472
  258      1.919217148073      5.538759301676     -1.681620027662
  258     -5.748526014359     -1.107888404581     -1.677889497102
  258      3.836310475309      2.214409964378     -1.685528026459
  258     -0.002830424035     -4.428667291495     -1.669123810467
  258     -3.835368737965      2.214512624888     -1.679794381690
  258     -7.670022585266     -4.428840426710     -1.681922609441
  258     -7.670633046534      2.216792727354     -1.681082137643
  258     -1.916155838698     -7.743221513998     -1.673336053386
  258      1.917398664748     -7.747543590760     -1.675955769497
    8     -0.001901877856     -0.002318066041     -2.457463319896
    8     -1.919637540253      3.323962355774     -2.458690080353
    8      3.834485553782      0.000075127417     -2.460892146075
    8     -1.919408584210     -3.322594935939     -2.456632441079
    8      1.914247825418     -3.321805111052     -2.457351346453
    8      1.917238551212      3.323541913406     -2.460850956670
    8     -3.836443672799     -0.001991899247     -2.456383044656
    8      3.833957659895     -6.644416748666     -2.457525324586
    8     -7.670835264024      0.001253287275     -2.459320223740
    8     -3.833568294180     -6.639343441674     -2.457036220151
    8      0.001619470929      6.645100847247     -2.458482534855
    8      5.752390520620     -3.320586982722     -2.460156210794
    8     -5.750712922172     -3.320656416450     -2.457340673238
    8      5.754491482578      3.324447378912     -2.459113801993
    8     -0.003391123371     -6.641193193685     -2.455106345037
    8     -5.752995476660      3.323895454839     -2.458467762260
    8      0.000000000000      2.214571445248     -3.914846215896
    8      1.917875130079     -1.107285722624     -3.914846215896
    8     -1.917875130079     -1.107285722624     -3.914846215896
    8     -1.917875130080      5.536428613118     -3.914846215896
    8      5.753625390237     -1.107285722624     -3.914846215896
    8     -3.835750260157     -4.429142890494     -3.914846215896
    8      3.835750260157     -4.429142890494     -3.914846215896
    8      1.917875130080      5.536428613118     -3.914846215896
    8     -5.753625390237     -1.107285722624     -3.914846215896
    8      3.835750260159      2.214571445247     -3.914846215896
    8     -0.000000000001     -4.429142890492     -3.914846215896
    8     -3.835750260158      2.214571445246     -3.914846215896
    8     -7.671500520293     -4.429142890500     -3.914846215896
    8     -7.671500520300      2.214571445248     -3.914846215896
    8      5.753625390229      5.536428613098     -3.914846215896
    8      1.917875130071     -7.751000058346     -3.914846215896
  258      0.000000000000      0.000000000000     -4.697815459075
  258     -1.917875130080      3.321857167872     -4.697815459075
  258      3.835750260159     -0.000000000001     -4.697815459075
  258     -1.917875130079     -3.321857167871     -4.697815459075
  258      1.917875130079     -3.321857167871     -4.697815459075
  258      1.917875130080      3.321857167872     -4.697815459075
  258     -3.835750260159     -0.000000000001     -4.697815459075
  258     -3.835750260165      6.643714335750     -4.697815459075
  258      7.671500520294      0.000000000010     -4.697815459075
  258      3.835750260140      6.643714335750     -4.697815459075
  258      0.000000000000      6.643714335750     -4.697815459075
  258      5.753625390243     -3.321857167875     -4.697815459075
  258      9.589375650380     -3.321857167875     -4.697815459075
  258      5.753625390228      3.321857167862     -4.697815459075
  258     -7.671500520307      6.643714335750     -4.697815459075
  258     -5.753625390224      3.321857167861     -4.697815459075
    8     -1.917875130080      1.107285722623     -5.480784702254
    8      1.917875130079      1.107285722623     -5.480784702254
    8      0.000000000001     -2.214571445246     -5.480784702254
    8     -3.835750260160      4.429142890495     -5.480784702254
    8      5.753625390238      1.107285722622     -5.480784702254
    8     -1.917875130078     -5.536428613117     -5.480784702254
    8      1.917875130078     -5.536428613117     -5.480784702254
    8      3.835750260160      4.429142890495     -5.480784702254
    8     -5.753625390238      1.107285722622     -5.480784702254
    8      0.000000000000      4.429142890495     -5.480784702254
    8      3.835750260158     -2.214571445248     -5.480784702254
    8     -3.835750260158     -2.214571445248     -5.480784702254
    8      5.753625390243     -5.536428613123     -5.480784702254
    8     -7.671500520276     -2.214571445257     -5.480784702254
    8      1.917875130032      7.751000058380     -5.480784702254
    8      7.671500520293      4.429142890500     -5.480784702254
   14     -0.161542553662     -4.355562018751      6.882422688267
    8     -0.247935492742     -6.121342150339      6.715675636400
    8     -0.120563502394     -4.402402792297      8.581188778894
    8      1.347014334762     -3.448469816603      6.730165135029
    6     -0.690146573064     -7.148159219616      7.618290607366
    6      1.855537447257     -2.411288037558      7.578583850922
    6      0.951915677129     -4.984076412941      9.298700578838
    6      0.249438368241     -8.347729644491      7.521090845756
    6      3.369677549956     -2.368701232301      7.456216855472
    6      0.947356633272     -4.439697274976     10.718586680963
    1     -7.674548196053      4.201668461020      8.293888486252
    1      3.784499396269     -1.594649177831      8.116185573127
    1      1.751961569035     -4.889319838129     11.315698953021
    1      1.301510299419     -8.056289254359      7.630698773250
    1     -7.529142668947      4.449679702190      6.540083895973
    1     -0.770159698831     -6.733747976196      8.630353121603
    1     -1.682225638671     -7.476652973730      7.283494528831
    1     -0.009623365455     -4.657128579011     11.205419392321
    1      1.079176260216     -3.351664471337     10.721165854515
    1      1.921729867991     -4.775302989026      8.811541243130
    1      0.864397266227     -6.086043285295      9.323788947787
    1      1.536892209705     -2.586504702830      8.608713154147
    1      1.426858050869     -1.461719105776      7.237067576290
    1      3.807884753070     -3.336035398635      7.714860293096
    1      3.687939552348     -2.132783494841      6.437394144673
    8     -1.515310849636     -3.501442101657      6.589294665306
    6     -4.273768591539     -4.372128230086      6.774361378375
    6     -3.769968303899     -5.629811059322      7.454461614196
    1     -2.719268000172     -5.748430352964      7.181280170025
    1     -3.777519203375     -3.490662378564      7.192229642943
    1     -5.374338815144     -4.274590496610      6.923308655745
    1      3.314791372597      6.774884235082      7.142925020596
    1     -3.845054934981     -5.565388259804      8.547174232605
    0    0
