   2   1   1 E -4.0957807907787E+04 DE 1.1E-06(  3)
  0.153430010406E+02  0.000000000000E+00  0.000000000000E+00
 -0.767150052032E+01  0.132874286715E+02  0.000000000000E+00
  0.000000000000E+00  0.000000000000E+00  0.500000000000E+03
    1
  0.100000000000E+01  0.000000000000E+00  0.000000000000E+00
  0.000000000000E+00  0.100000000000E+01  0.000000000000E+00
  0.000000000000E+00  0.000000000000E+00  0.100000000000E+01
  0.000000000000E+00  0.000000000000E+00  0.000000000000E+00
  225
    8      0.007872315724      2.218702079947      5.081996831382
    8      1.934394473584     -1.024793368014      4.991955123472
    8     -1.943081654757     -1.016691925801      4.993269795659
    8     -1.892454479502      5.547494071683      5.076874650546
    8      5.757544839628     -1.094577474845      5.088993873488
    8     -3.992060779595     -4.408143399441      5.364256210341
    8      3.888785289379     -4.449473269917      5.025262755811
    8      1.944069720524      5.548587779624      5.088409687023
    8     -5.794709563550     -1.111471097756      5.073415132021
    8      3.839616537055      2.206986665042      5.089344830064
    8      0.106548576049     -4.516537742511      5.064437465445
    8     -3.845221535653      2.208143941092      5.087595620979
    8     -7.664291519321     -4.406699285520      5.082196132348
    8      7.662587666392      2.187603691362      5.086583246151
    8      5.694173816750      5.470816024737      4.993959424988
    8     -5.699312135021      5.512998233909      5.005653684010
  258      0.005473692833      0.015315421489      4.340623203426
  258     -1.908775569663      3.327714402012      4.335141520901
  258      3.837865713978      0.011174845401      4.339948526305
  258     -1.906398095843     -3.261646922496      4.438715072713
  258      1.972335509919     -3.308397515368      4.350100787337
  258      1.913835644854      3.306572274550      4.331692249896
  258     -3.840582880977      0.015570383601      4.346373883989
  258     -3.819465212722      6.639208510762      4.329122676358
  258      7.658250059444      0.012289247068      4.338877593858
  258      3.830525503152      6.565784924006      4.326351698151
  258      0.005939113900      6.649822705834      4.340814330682
  258      5.740788316751     -3.311931643462      4.342825360512
  258     -5.841261216092     -3.269325673969      4.313829274647
  258      5.751018639568      3.294445395635      4.340979591423
  258      0.016194083400     -6.704997232088      4.355021755105
  258     -5.741238381966      3.311649531272      4.346003098376
    8     -1.921626248863      1.155131424211      3.566890756668
    8      1.918216026243      1.146714483454      3.561815851602
    8      0.009303323544     -2.234488308615      3.628925699802
    8     -3.803733532426      4.411484589548      3.574723115776
    8      5.752152435876      1.105906862803      3.571905987378
    8     -2.004588157131     -5.487785817128      3.665196296602
    8      1.942755630850     -5.546698587225      3.563826722160
    8      3.804336956862      4.397163570426      3.565811804420
    8     -5.755463549744      1.108839870982      3.581314186815
    8      0.014692217045      4.438137689788      3.587797795911
    8      3.859508528729     -2.204794038277      3.584340881278
    8     -3.868896761903     -2.280203080951      3.631290074023
    8     -1.883962650745      7.746871353570      3.573043220296
    8      7.638458938090     -2.199979454029      3.568151940876
    8     -5.710177052264     -5.508746679872      3.593533729977
    8     -7.663233734616      4.392986915173      3.590847477018
    8     -0.002030654160     -0.008334766054      2.115627308742
    8     -1.902714181648      3.334601502571      2.092043853775
    8      3.834393978248      0.000192446041      2.096172713730
    8     -1.912340796230     -3.307440196868      2.106686601124
    8      1.927149443070     -3.312599306007      2.082121388057
    8      1.908618497511      3.324712740010      2.084549349485
    8     -3.835310154370     -0.019740302665      2.124621700444
    8     -3.820106908460      6.637290509827      2.098123639643
    8      7.669147921461      0.005493278331      2.094434196473
    8      3.840176310974      6.623566294926      2.106573871510
    8      0.022507566532      6.649415998080      2.113149014861
    8      5.747153922133     -3.321333589169      2.096073657469
    8     -5.782070343818     -3.308231559569      2.093110762109
    8      5.753873499541      3.318151429965      2.099060910585
    8     -0.029713565651     -6.644930784326      2.109569973016
    8     -5.747838725998      3.320301818723      2.104851434316
  258     -1.916093097162      1.108229849492      1.332976471099
  258      1.916665137847      1.105450092452      1.324880372404
  258     -0.003513273791     -2.219819151202      1.356793573703
  258     -3.831310269755      4.427567395080      1.331759045338
  258      5.751281006636      1.107164314763      1.322967424780
  258     -1.919808452763     -5.523077867049      1.370573172796
  258      1.918517096926     -5.536200692960      1.340731828129
  258      3.836276580033      4.418381840409      1.319464390379
  258     -5.754055819984      1.105546236304      1.331752916976
  258      0.004929229490      4.431349061278      1.329344691235
  258      3.833789042638     -2.211562615208      1.325526430618
  258     -3.829123140012     -2.218970128467      1.354909043551
  258      5.758155678326     -5.532578366650      1.329687099455
  258      7.657249138894     -2.205345973075      1.314119575941
  258     -5.751208853806     -5.533491086800      1.336039601360
  258     -0.001313531277     -8.863287069463      1.332664598281
    8     -0.001391119780      2.207595094343      0.590480047523
    8      1.914215785801     -1.102471030244      0.592497873298
    8     -1.920381527769     -1.102453742496      0.600067551012
    8     -1.906984947354      5.543141283748      0.590425216044
    8      5.750410555244     -1.104353465672      0.586111645883
    8     -3.838157933297     -4.429500182193      0.617904339978
    8      3.838446501606     -4.431741266953      0.591523134525
    8      1.921067786915      5.541711817034      0.588775962995
    8     -5.752154415613     -1.102839482966      0.594944604504
    8      3.836545738506      2.212250838916      0.587525647128
    8     -0.003058942141     -4.432078062762      0.609781273815
    8     -3.833231688807      2.206463824224      0.600206267356
    8      7.669183246955     -4.428975983900      0.589534607766
    8     -7.669951281140      2.216391126328      0.592523896125
    8     -1.919066884799     -7.753092068217      0.596243650421
    8      1.913248986244     -7.750230993233      0.602227678885
    8     -1.919311755903      1.107087992714     -0.942816990867
    8      1.917659832913      1.107405952529     -0.947789053451
    8     -0.003789004170     -2.219175055804     -0.929206128307
    8     -3.835472417164      4.428037187344     -0.937287954418
    8      5.754679549246      1.107832808948     -0.946736543554
    8     -1.921369096636     -5.530545381809     -0.918201648546
    8      1.915134016231     -5.536961275478     -0.936970927690
    8      3.835689445457      4.427955493315     -0.947421339694
    8     -5.752218974914      1.108465907662     -0.941140612861
    8      0.002500340030      4.428025506218     -0.943600370827
    8      3.833830637902     -2.214408000521     -0.944184337091
    8     -3.833365293371     -2.220437965502     -0.926457828482
    8      5.754726581151     -5.535396675591     -0.946362748723
    8      7.670219067234     -2.212245536201     -0.947632474499
    8     -5.749295888054     -5.532084049127     -0.936397935696
    8      0.001424504425     -8.857749650073     -0.939198438088
  258     -0.000742673873      2.214198783322     -1.680676837796
  258      1.911824199021     -1.110598242172     -1.677897298993
  258     -1.917424869646     -1.110509088513     -1.672839170962
  258     -1.916881285970      5.537083944942     -1.679634430734
  258      5.750552596089     -1.106101055579     -1.687090612726
  258     -3.832081002549     -4.428364705544     -1.672097439966
  258      3.833919501716     -4.430202950736     -1.678744439977
  258      1.918702835645      5.538424023656     -1.680869065951
  258     -5.748543898047     -1.108491728481     -1.677439736258
  258      3.835214281801      2.213751724962     -1.685402599543
  258     -0.003600365034     -4.429139029113     -1.669948549614
  258     -3.835174939244      2.213558743269     -1.679161081390
  258     -7.670122353908     -4.429619124165     -1.681489099662
  258     -7.670789553054      2.215390026902     -1.681557590803
  258     -1.916789577636     -7.744276209986     -1.673516763130
  258      1.917246289254     -7.749775760544     -1.676725447241
    8     -0.001727390286     -0.003234103152     -2.457004041632
    8     -1.919173039023      3.322558521948     -2.458367125698
    8      3.835414933184     -0.000366123042     -2.460525063172
    8     -1.918918703381     -3.323430690121     -2.455476702936
    8      1.914246142495     -3.322489019942     -2.456354612986
    8      1.917932114454      3.322739154646     -2.460625413762
    8     -3.835757576247     -0.002853836937     -2.455975087299
    8      3.833985085389     -6.644659154547     -2.457232222482
    8     -7.669911148229      0.001024019415     -2.459544451335
    8     -3.832972774278     -6.639401731229     -2.455983152837
    8      0.002455804811      6.645013312286     -2.458281026063
    8      5.753163765677     -3.320862885725     -2.459863227253
    8     -5.750112367893     -3.320934943391     -2.456757878319
    8      5.755292850154      3.323676856366     -2.458591791075
    8     -0.002912421817     -6.641059124099     -2.454887564391
    8     -5.752474048934      3.323308820914     -2.457916658835
    8      0.000000000000      2.214571445248     -3.914846215896
    8      1.917875130079     -1.107285722624     -3.914846215896
    8     -1.917875130079     -1.107285722624     -3.914846215896
    8     -1.917875130080      5.536428613118     -3.914846215896
    8      5.753625390237     -1.107285722624     -3.914846215896
    8     -3.835750260157     -4.429142890494     -3.914846215896
    8      3.835750260157     -4.429142890494     -3.914846215896
    8      1.917875130080      5.536428613118     -3.914846215896
    8     -5.753625390237     -1.107285722624     -3.914846215896
    8      3.835750260159      2.214571445247     -3.914846215896
    8     -0.000000000001     -4.429142890492     -3.914846215896
    8     -3.835750260158      2.214571445246     -3.914846215896
    8     -7.671500520293     -4.429142890500     -3.914846215896
    8     -7.671500520300      2.214571445248     -3.914846215896
    8      5.753625390229      5.536428613098     -3.914846215896
    8      1.917875130071     -7.751000058346     -3.914846215896
  258      0.000000000000      0.000000000000     -4.697815459075
  258     -1.917875130080      3.321857167872     -4.697815459075
  258      3.835750260159     -0.000000000001     -4.697815459075
  258     -1.917875130079     -3.321857167871     -4.697815459075
  258      1.917875130079     -3.321857167871     -4.697815459075
  258      1.917875130080      3.321857167872     -4.697815459075
  258     -3.835750260159     -0.000000000001     -4.697815459075
  258     -3.835750260165      6.643714335750     -4.697815459075
  258      7.671500520294      0.000000000010     -4.697815459075
  258      3.835750260140      6.643714335750     -4.697815459075
  258      0.000000000000      6.643714335750     -4.697815459075
  258      5.753625390243     -3.321857167875     -4.697815459075
  258      9.589375650380     -3.321857167875     -4.697815459075
  258      5.753625390228      3.321857167862     -4.697815459075
  258     -7.671500520307      6.643714335750     -4.697815459075
  258     -5.753625390224      3.321857167861     -4.697815459075
    8     -1.917875130080      1.107285722623     -5.480784702254
    8      1.917875130079      1.107285722623     -5.480784702254
    8      0.000000000001     -2.214571445246     -5.480784702254
    8     -3.835750260160      4.429142890495     -5.480784702254
    8      5.753625390238      1.107285722622     -5.480784702254
    8     -1.917875130078     -5.536428613117     -5.480784702254
    8      1.917875130078     -5.536428613117     -5.480784702254
    8      3.835750260160      4.429142890495     -5.480784702254
    8     -5.753625390238      1.107285722622     -5.480784702254
    8      0.000000000000      4.429142890495     -5.480784702254
    8      3.835750260158     -2.214571445248     -5.480784702254
    8     -3.835750260158     -2.214571445248     -5.480784702254
    8      5.753625390243     -5.536428613123     -5.480784702254
    8     -7.671500520276     -2.214571445257     -5.480784702254
    8      1.917875130032      7.751000058380     -5.480784702254
    8      7.671500520293      4.429142890500     -5.480784702254
   14     -0.123785727866     -4.379202584617      6.878348880283
    8     -0.190280146689     -6.158627416894      6.701199830951
    8     -0.005712313433     -4.468386269625      8.575254950695
    8      1.363958719082     -3.429608319227      6.702326491118
    6     -0.648023775225     -7.196282420640      7.583199822681
    6      1.911268905466     -2.435505954586      7.576266129328
    6      1.139129261298     -5.027791737411      9.196729459776
    6      0.181251204481     -8.455327806903      7.375181850873
    6      3.423722182830     -2.395121540263      7.401447443067
    6      1.215605002395     -4.544811512377     10.635289124547
    1     -7.781895353826      4.064645733272      8.103004220920
    1      3.866543239598     -1.650562058012      8.075173831923
    1      2.082267166534     -4.984778320509     11.146790748886
    1      1.253734765466     -8.258953562845      7.457310220992
    1     -7.669702019245      4.413186822776      6.378568664908
    1     -0.623486766112     -6.835278200940      8.614765197818
    1     -1.685613290039     -7.426721408610      7.322259269828
    1      0.310031585134     -4.826123622960     11.183137282665
    1      1.305009135197     -3.453694883846     10.680645681193
    1      2.062210968404     -4.755336698238      8.656085225425
    1      1.104921702261     -6.131510600445      9.179961883027
    1      1.632643990155     -2.658736788157      8.610781061984
    1      1.474337248731     -1.467945421787      7.297380456146
    1      3.871479779747     -3.372782582982      7.601988946481
    1      3.705327963707     -2.119330058322      6.380875151708
    8     -1.491591311162     -3.536503836736      6.616823555007
    6     -4.236105791365     -4.390999573026      6.772626095442
    6     -3.680357014410     -5.662333623167      7.386814806826
    1     -2.676415455511     -5.790427049372      6.982837057796
    1     -3.752370564722     -3.512328203328      7.209314184072
    1     -5.334517831798     -4.327137677064      6.945329572181
    1      3.365953228624      6.752164578141      7.133712961747
    1     -3.608562496712     -5.606847668706      8.477221457837
    0    0
