   2   1   1 E -4.0957802957714E+04 DE-1.2E-06(  7)
  0.153430010406E+02  0.000000000000E+00  0.000000000000E+00
 -0.767150052032E+01  0.132874286715E+02  0.000000000000E+00
  0.000000000000E+00  0.000000000000E+00  0.500000000000E+03
    1
  0.100000000000E+01  0.000000000000E+00  0.000000000000E+00
  0.000000000000E+00  0.100000000000E+01  0.000000000000E+00
  0.000000000000E+00  0.000000000000E+00  0.100000000000E+01
  0.000000000000E+00  0.000000000000E+00  0.000000000000E+00
  225
    8      0.007713561080      2.218421567585      5.087162123130
    8      1.945772261167     -1.031124619241      5.015256208055
    8     -1.942413073498     -1.005707331750      4.992164699900
    8     -1.894141039384      5.549305007167      5.083387828640
    8      5.754881868009     -1.096852843151      5.099444380755
    8     -4.018784482612     -4.423719629502      5.356661979661
    8      3.885466895747     -4.437855436650      5.045594109796
    8      1.942664910529      5.546859042557      5.092846746540
    8     -5.791146079689     -1.109080632537      5.073467229322
    8      3.835566377622      2.209771988216      5.090851778994
    8      0.103205349938     -4.508457775759      5.064499473181
    8     -3.835418594282      2.207073023538      5.087192650028
    8     -7.665307557767     -4.408973269034      5.083102106866
    8      7.669640619743      2.203548990521      5.101839766814
    8      5.703627434132      5.467309982514      5.018748614507
    8     -5.716598804442      5.509079075814      5.034266594798
  258      0.005294120638      0.021533951091      4.341763178249
  258     -1.910001996905      3.329182065977      4.339794063549
  258      3.838178425494      0.009532000427      4.348049991694
  258     -1.907297247257     -3.254233135706      4.435194090003
  258      1.968222429476     -3.303045557179      4.376227813771
  258      1.916029032039      3.307633997976      4.337762116338
  258     -3.839073115323      0.018854489469      4.348680942071
  258     -3.820756471966      6.641999659706      4.336203913278
  258      7.660604498492      0.013803396159      4.347009702414
  258      3.831788380648      6.567662126854      4.338642493587
  258      0.005153542420      6.650234440979      4.345527091739
  258      5.740647738301     -3.310527215370      4.346807668509
  258     -5.839931719821     -3.269860160860      4.315645670311
  258      5.754519100731      3.296044169095      4.345426752640
  258      0.013233708453     -6.703668368236      4.378602015360
  258     -5.741592905615      3.314948229048      4.349324242363
    8     -1.918177961887      1.156389973588      3.566878086652
    8      1.916415311460      1.139079916406      3.568296382178
    8      0.012208115943     -2.227954905638      3.635696090869
    8     -3.811296759370      4.420928499609      3.584278038926
    8      5.758850405835      1.105588834660      3.583300392779
    8     -2.004569275773     -5.488340145546      3.668559362205
    8      1.948199284273     -5.551386677664      3.577300671056
    8      3.812336808775      4.400966447260      3.572722503329
    8     -5.757537975203      1.111897448698      3.589060467486
    8      0.013211326025      4.438237055888      3.592312441142
    8      3.859076834406     -2.204604544836      3.590137125969
    8     -3.869383929997     -2.293896629837      3.641491426996
    8     -1.892989876883      7.748355898238      3.581552075194
    8      7.641576619912     -2.197649204180      3.574953011987
    8     -5.709954123307     -5.506907496047      3.596092355996
    8     -7.663000674879      4.396269275975      3.593452513663
    8     -0.000909313035     -0.007631258551      2.118529396487
    8     -1.906168863511      3.338017391590      2.096913152344
    8      3.836376671290      0.002652225215      2.101629440320
    8     -1.910341574432     -3.304158624360      2.102964974687
    8      1.925562923846     -3.312470079193      2.098240194605
    8      1.910495515826      3.324810093003      2.092231954899
    8     -3.836187627431     -0.023000157480      2.130759690870
    8     -3.819612724483      6.639092643318      2.104770808800
    8      7.670766400181      0.006070925506      2.100813102463
    8      3.840803796688      6.625136561983      2.115445134022
    8      0.020800934058      6.651240384108      2.120348270414
    8      5.749628708262     -3.320959367244      2.099354907847
    8     -5.781624773093     -3.306120287337      2.097819779192
    8      5.753547413314      3.317114601219      2.103272214979
    8     -0.031177036631     -6.641093200183      2.124996187249
    8     -5.745844118140      3.321757781017      2.105710083854
  258     -1.915770097890      1.109406655488      1.334764745341
  258      1.918343450573      1.106574968124      1.328334116278
  258     -0.001108781994     -2.219408624125      1.362759134573
  258     -3.831961992215      4.429494265507      1.335104671943
  258      5.752138121212      1.107237866430      1.328140072396
  258     -1.918866352909     -5.524536886296      1.377040169663
  258      1.915101502169     -5.533682024492      1.353722123937
  258      3.837094919403      4.420852987904      1.325022043736
  258     -5.754994738648      1.106651014595      1.335469710570
  258      0.004604824078      4.431807967771      1.332811309421
  258      3.830238087560     -2.213157476920      1.334472384910
  258     -3.828361597937     -2.219715515144      1.358043465242
  258      5.757108058856     -5.531633404716      1.333314631020
  258      7.657954397104     -2.204321540719      1.318522989305
  258     -5.750359819787     -5.534081289139      1.340126455314
  258     -0.000750360018     -8.857955603434      1.339957018761
    8     -0.001229667601      2.208931096979      0.594558907469
    8      1.914194753015     -1.103531085157      0.595169628366
    8     -1.920106907210     -1.100213442469      0.601292281605
    8     -1.906853842820      5.544718368461      0.593276380794
    8      5.750292013969     -1.103944829029      0.590630524534
    8     -3.838259865342     -4.428899031804      0.619269172403
    8      3.836001693310     -4.430823114729      0.596711521705
    8      1.921170705213      5.542125057709      0.593132432275
    8     -5.751067908529     -1.102518685204      0.597389647718
    8      3.835990793951      2.213912275000      0.590545136546
    8      0.000353892790     -4.432034292091      0.610374607158
    8     -3.832884773315      2.205673930343      0.603907130978
    8      7.671124365877     -4.429077085792      0.592416517787
    8     -7.669900078459      2.216683583902      0.596851077704
    8     -1.916933054843     -7.749595331174      0.599063049533
    8      1.911837991032     -7.746085569038      0.606776666087
    8     -1.919285897500      1.108492380902     -0.940564573302
    8      1.917453677248      1.107856585777     -0.943903863450
    8     -0.003713244453     -2.218798494962     -0.924985845564
    8     -3.836889515537      4.428377465043     -0.932851731870
    8      5.753898941087      1.108313496349     -0.942579916853
    8     -1.921576914818     -5.529629118899     -0.914631674994
    8      1.915101715579     -5.536348205760     -0.931847352020
    8      3.835833620585      4.429295023029     -0.942692724713
    8     -5.752689922949      1.109132712036     -0.937356665245
    8      0.002547756820      4.428487305304     -0.939398604380
    8      3.832838104604     -2.214681449679     -0.939049074020
    8     -3.833369136534     -2.220263297578     -0.922057753265
    8      5.754051899746     -5.534172515059     -0.941920483021
    8      7.669639610159     -2.211991924844     -0.943360048907
    8     -5.749200424279     -5.532702669526     -0.932703539242
    8      0.001306247164     -8.857122116419     -0.934518539429
  258      0.000300472634      2.214457355965     -1.679983645546
  258      1.912201495694     -1.111087987479     -1.675921678991
  258     -1.916023849496     -1.110967996781     -1.671330752116
  258     -1.916490041173      5.537591368937     -1.679096531408
  258      5.750225115961     -1.106497423085     -1.684205862162
  258     -3.830197352821     -4.428925352417     -1.669757979378
  258      3.832743806823     -4.429895385551     -1.675631373261
  258      1.919726439226      5.538659583023     -1.680071599300
  258     -5.747614434382     -1.108435678692     -1.675768408731
  258      3.836467441788      2.214457069411     -1.683800385116
  258     -0.002632103683     -4.428917717893     -1.667220297849
  258     -3.834997973865      2.214044667071     -1.678158059208
  258     -7.669437573876     -4.429131460561     -1.680354205487
  258     -7.670323334865      2.217148403192     -1.679209495279
  258     -1.915819357446     -7.742834609026     -1.671370090678
  258      1.917485851930     -7.747120926215     -1.674051347028
    8     -0.001798174663     -0.002829398512     -2.455769342453
    8     -1.919538292162      3.323702966531     -2.456796054477
    8      3.834400208415     -0.000175352084     -2.458902849986
    8     -1.919005067694     -3.322862946119     -2.455414937730
    8      1.914196735972     -3.322048701571     -2.455933492828
    8      1.917374528218      3.323428765451     -2.458915514055
    8     -3.836087073115     -0.002535318865     -2.454431294801
    8      3.833951382806     -6.644463741741     -2.455797699587
    8     -7.670679685010      0.000943462630     -2.457202821249
    8     -3.833248414849     -6.639394562482     -2.455514419432
    8      0.001888866364      6.644960706256     -2.456637805581
    8      5.752460828283     -3.320803476496     -2.458212466633
    8     -5.750375504418     -3.320941772399     -2.455506258157
    8      5.754541278135      3.324624580271     -2.457218539269
    8     -0.003299528196     -6.641257455618     -2.453874852982
    8     -5.752894974479      3.323933622181     -2.456597653247
    8      0.000000000000      2.214571445248     -3.914846215896
    8      1.917875130079     -1.107285722624     -3.914846215896
    8     -1.917875130079     -1.107285722624     -3.914846215896
    8     -1.917875130080      5.536428613118     -3.914846215896
    8      5.753625390237     -1.107285722624     -3.914846215896
    8     -3.835750260157     -4.429142890494     -3.914846215896
    8      3.835750260157     -4.429142890494     -3.914846215896
    8      1.917875130080      5.536428613118     -3.914846215896
    8     -5.753625390237     -1.107285722624     -3.914846215896
    8      3.835750260159      2.214571445247     -3.914846215896
    8     -0.000000000001     -4.429142890492     -3.914846215896
    8     -3.835750260158      2.214571445246     -3.914846215896
    8     -7.671500520293     -4.429142890500     -3.914846215896
    8     -7.671500520300      2.214571445248     -3.914846215896
    8      5.753625390229      5.536428613098     -3.914846215896
    8      1.917875130071     -7.751000058346     -3.914846215896
  258      0.000000000000      0.000000000000     -4.697815459075
  258     -1.917875130080      3.321857167872     -4.697815459075
  258      3.835750260159     -0.000000000001     -4.697815459075
  258     -1.917875130079     -3.321857167871     -4.697815459075
  258      1.917875130079     -3.321857167871     -4.697815459075
  258      1.917875130080      3.321857167872     -4.697815459075
  258     -3.835750260159     -0.000000000001     -4.697815459075
  258     -3.835750260165      6.643714335750     -4.697815459075
  258      7.671500520294      0.000000000010     -4.697815459075
  258      3.835750260140      6.643714335750     -4.697815459075
  258      0.000000000000      6.643714335750     -4.697815459075
  258      5.753625390243     -3.321857167875     -4.697815459075
  258      9.589375650380     -3.321857167875     -4.697815459075
  258      5.753625390228      3.321857167862     -4.697815459075
  258     -7.671500520307      6.643714335750     -4.697815459075
  258     -5.753625390224      3.321857167861     -4.697815459075
    8     -1.917875130080      1.107285722623     -5.480784702254
    8      1.917875130079      1.107285722623     -5.480784702254
    8      0.000000000001     -2.214571445246     -5.480784702254
    8     -3.835750260160      4.429142890495     -5.480784702254
    8      5.753625390238      1.107285722622     -5.480784702254
    8     -1.917875130078     -5.536428613117     -5.480784702254
    8      1.917875130078     -5.536428613117     -5.480784702254
    8      3.835750260160      4.429142890495     -5.480784702254
    8     -5.753625390238      1.107285722622     -5.480784702254
    8      0.000000000000      4.429142890495     -5.480784702254
    8      3.835750260158     -2.214571445248     -5.480784702254
    8     -3.835750260158     -2.214571445248     -5.480784702254
    8      5.753625390243     -5.536428613123     -5.480784702254
    8     -7.671500520276     -2.214571445257     -5.480784702254
    8      1.917875130032      7.751000058380     -5.480784702254
    8      7.671500520293      4.429142890500     -5.480784702254
   14     -0.170112475250     -4.355350193282      6.886994256422
    8     -0.232952504127     -6.117590263405      6.711955146842
    8     -0.139745139920     -4.399630907433      8.587177162279
    8      1.326444122253     -3.434188191219      6.730189239156
    6     -0.700807014988     -7.145901727344      7.600823982385
    6      1.837939291946     -2.405593524012      7.590249063426
    6      0.945005969648     -4.940205752095      9.315819658271
    6      0.257090676392     -8.327876448690      7.562914540417
    6      3.355195944105     -2.366631126577      7.463574114874
    6      0.904175227507     -4.402933618304     10.736434569647
    1     -7.691491122143      4.225364125433      8.329741575147
    1      3.774532034784     -1.612730800175      8.142775420070
    1      1.718508302450     -4.829092254985     11.337349399201
    1      1.295343067497     -8.016600341115      7.723383993594
    1     -7.464878805461      4.463318343461      6.584079704618
    1     -0.831397001184     -6.725502445984      8.603460525225
    1     -1.672310656421     -7.486145422909      7.226022815967
    1     -0.048494588896     -4.656313126872     11.213366012719
    1      0.999553672177     -3.311457548076     10.747422121997
    1      1.910434286891     -4.690868842844      8.841551302531
    1      0.903119282611     -6.043392482194      9.338091809769
    1      1.524048946503     -2.594828596068      8.623704281938
    1      1.406476772009     -1.449552473084      7.264825090267
    1      3.794006666033     -3.341488113185      7.700780621173
    1      3.668669511806     -2.107374282580      6.446912677931
    8     -1.533066495968     -3.522651477943      6.576106010170
    6     -4.277168422470     -4.367730282327      6.763845697939
    6     -3.788177322834     -5.637648080849      7.425084491953
    1     -2.725734480457     -5.743519286789      7.217733479289
    1     -3.786538247901     -3.492737770123      7.209573390321
    1     -5.381412687593     -4.282695614278      6.925103527295
    1      3.335637216630      6.766917715052      7.050131529824
    1     -3.931085101452     -5.595033205952      8.511219273895
    0    0
