   2   1   1 E -4.0957807879848E+04 DE 1.6E-06(  6)
  0.153430010406E+02  0.000000000000E+00  0.000000000000E+00
 -0.767150052032E+01  0.132874286715E+02  0.000000000000E+00
  0.000000000000E+00  0.000000000000E+00  0.500000000000E+03
    1
  0.100000000000E+01  0.000000000000E+00  0.000000000000E+00
  0.000000000000E+00  0.100000000000E+01  0.000000000000E+00
  0.000000000000E+00  0.000000000000E+00  0.100000000000E+01
  0.000000000000E+00  0.000000000000E+00  0.000000000000E+00
  225
    8      0.007782117025      2.219044712677      5.082368295886
    8      1.933721787267     -1.025332437414      4.992255374685
    8     -1.943447069342     -1.015927852340      4.992427582169
    8     -1.892350030290      5.547840337276      5.076494701732
    8      5.757392701390     -1.094057823237      5.088956524240
    8     -3.991981780265     -4.409821612820      5.365591810225
    8      3.889353692733     -4.449814424095      5.024663967609
    8      1.944359795712      5.549678243207      5.089297831592
    8     -5.794904797491     -1.111499707496      5.073746006249
    8      3.839506059968      2.206737024324      5.089300017486
    8      0.105433259168     -4.515604607702      5.064899264089
    8     -3.846013862839      2.208118594240      5.087549746093
    8     -7.664045398378     -4.406015052945      5.082002688389
    8      7.661435642381      2.188030044732      5.086674129417
    8      5.694751697541      5.471510874373      4.992944298566
    8     -5.699502813128      5.513882324385      5.006282371705
  258      0.005451717546      0.015217469033      4.341166257971
  258     -1.908694946758      3.328083222531      4.335186140829
  258      3.837704632141      0.011589506752      4.339945622741
  258     -1.905763020620     -3.261771127282      4.438931925463
  258      1.972494950061     -3.308639804057      4.349382904974
  258      1.913829102457      3.306865276465      4.332037478367
  258     -3.840708013061      0.015754886239      4.346735121679
  258     -3.819510236899      6.639408108475      4.329290539840
  258      7.658153622169      0.012354895189      4.338723715969
  258      3.830448155989      6.566469822778      4.327552526914
  258      0.006074017553      6.650320118766      4.341045027011
  258      5.740850433751     -3.311651315862      4.342990778779
  258     -5.841158852321     -3.268958757485      4.313455280699
  258      5.750969102433      3.294867064475      4.341334758312
  258      0.016617926309     -6.704235906176      4.354866971894
  258     -5.741669898560      3.311813020960      4.346493485105
    8     -1.921406221333      1.155977232938      3.566675879457
    8      1.917933662524      1.146884350218      3.561928284427
    8      0.009030691042     -2.234035055839      3.628510282159
    8     -3.804165912137      4.411571384815      3.575227135892
    8      5.752123635325      1.106232972468      3.571499568768
    8     -2.005039381423     -5.487212804305      3.665741022133
    8      1.942532021340     -5.545761490140      3.564184225667
    8      3.803603801122      4.397719915084      3.566505446590
    8     -5.756069420025      1.109369199154      3.581424804510
    8      0.015029402953      4.438373237700      3.588161156742
    8      3.859570768667     -2.204554494837      3.584112589166
    8     -3.868747896954     -2.279538915282      3.630515000633
    8     -1.883650449137      7.747060100689      3.572812271587
    8      7.638293205082     -2.199803548608      3.568160851760
    8     -5.709750351577     -5.508326696155      3.594081491369
    8     -7.662874333613      4.393606003544      3.590722704992
    8     -0.002166227741     -0.008170260077      2.115507900332
    8     -1.903033065041      3.335418218240      2.092241848411
    8      3.834352162945      0.000445259199      2.096389218627
    8     -1.911866467775     -3.307698823060      2.107198411075
    8      1.927170129420     -3.312649564766      2.082128826510
    8      1.908751960009      3.324965368522      2.084702287014
    8     -3.835729212164     -0.019167458377      2.124935902594
    8     -3.820294854161      6.637411637712      2.098110341114
    8      7.669177528086      0.005390966892      2.094482783735
    8      3.839986063424      6.623720846801      2.106912190239
    8      0.022566744626      6.649625291074      2.113409478281
    8      5.747185534727     -3.321124865740      2.096148940946
    8     -5.782310398509     -3.308055079414      2.092998729929
    8      5.753681526737      3.318715650705      2.099338604009
    8     -0.029514530809     -6.643934040620      2.109874127419
    8     -5.747893612889      3.320367992395      2.105261196297
  258     -1.916083074920      1.108423816864      1.333066805252
  258      1.916383254112      1.105512563375      1.324978291048
  258     -0.003571185709     -2.219568343368      1.356594214756
  258     -3.831450657237      4.427830124664      1.332064834750
  258      5.751082729837      1.107467961331      1.322925271189
  258     -1.919844782763     -5.522631415956      1.370724461406
  258      1.918489510015     -5.536219272482      1.340331746173
  258      3.836363207302      4.418748112162      1.319968756454
  258     -5.754098431245      1.105854122174      1.331866501332
  258      0.005040466681      4.431622810720      1.329522836632
  258      3.833899263201     -2.211414027955      1.325240513803
  258     -3.828955421373     -2.218630276057      1.354909769631
  258      5.758192813227     -5.532432055507      1.329839657354
  258      7.657210022349     -2.205256775429      1.313941576834
  258     -5.750925958674     -5.533406984116      1.336112972620
  258     -0.001445527202     -8.863118685952      1.332717700942
    8     -0.001535937147      2.208070376403      0.590637543816
    8      1.914404484198     -1.102512634386      0.592624431672
    8     -1.920674619770     -1.102383451475      0.600168322106
    8     -1.906929886716      5.543353687632      0.590311678253
    8      5.750485188998     -1.104148344995      0.585865411248
    8     -3.838317805324     -4.429532683968      0.618469842939
    8      3.838380251011     -4.431534225336      0.591617036666
    8      1.920787805155      5.541875492209      0.588887088260
    8     -5.752002269567     -1.102698253801      0.594599677328
    8      3.836342656019      2.212369667190      0.587471077591
    8     -0.002919493915     -4.431917470248      0.609422413779
    8     -3.833185683006      2.206546825590      0.600083999782
    8      7.669161241500     -4.428926549254      0.589292889361
    8     -7.670058860806      2.216600721890      0.592725649899
    8     -1.918989778416     -7.752828441362      0.596855074709
    8      1.912938362349     -7.750072670321      0.602526067207
    8     -1.919077533814      1.107310928314     -0.942882401209
    8      1.917453457604      1.107355384753     -0.947735451888
    8     -0.003855578184     -2.218941047259     -0.929298940754
    8     -3.835578375824      4.428222041216     -0.937112172371
    8      5.754698598554      1.108124763880     -0.946711307438
    8     -1.921479911818     -5.530379569171     -0.917944467825
    8      1.915430878415     -5.537016311541     -0.937031030844
    8      3.835929914926      4.428290668538     -0.947195730274
    8     -5.752232866457      1.108769190159     -0.941169269859
    8      0.002503373639      4.428156670323     -0.943680643655
    8      3.833984494135     -2.214255525456     -0.944284094657
    8     -3.832967630282     -2.220651164587     -0.926432103028
    8      5.754618969500     -5.535278362649     -0.946481340227
    8      7.670358404143     -2.212204369104     -0.947697878764
    8     -5.749030389437     -5.532105745624     -0.936458994301
    8      0.001397977925     -8.857502119455     -0.939129688425
  258     -0.000882947872      2.214387177466     -1.680627159068
  258      1.911795224871     -1.110436187646     -1.678081524830
  258     -1.917502706176     -1.110400101808     -1.672932021303
  258     -1.916960792730      5.537133072552     -1.679597389337
  258      5.750477505823     -1.106034676405     -1.687235345145
  258     -3.832167202979     -4.428224427459     -1.672126824635
  258      3.833888494225     -4.430193666057     -1.678784811879
  258      1.918581312339      5.538584559107     -1.680740704515
  258     -5.748584097928     -1.108345087869     -1.677462686047
  258      3.835029371830      2.213962634183     -1.685359212018
  258     -0.003747023120     -4.429130284369     -1.670120646166
  258     -3.835241895936      2.213716154352     -1.679055735696
  258     -7.670188800850     -4.429636291996     -1.681532259608
  258     -7.670875246577      2.215422774865     -1.681573268906
  258     -1.916961965469     -7.744162779936     -1.673424794493
  258      1.917220266639     -7.749764741935     -1.676784831807
    8     -0.001656934457     -0.003232793155     -2.457071018499
    8     -1.919185127682      3.322654925747     -2.458458405958
    8      3.835486632173     -0.000284459069     -2.460443709273
    8     -1.918814135934     -3.323412041075     -2.455485076097
    8      1.914215221549     -3.322418079944     -2.456166361496
    8      1.918119821100      3.322835960727     -2.460530409342
    8     -3.835665255640     -0.002892969240     -2.455916810991
    8      3.833967735448     -6.644660181525     -2.457292391363
    8     -7.669781651912      0.001153319505     -2.459485018763
    8     -3.832843167687     -6.639334214095     -2.455778106526
    8      0.002547488983      6.645079607288     -2.458322374315
    8      5.753263820343     -3.320732915750     -2.459886667023
    8     -5.749998968815     -3.320887471910     -2.456663322618
    8      5.755271497487      3.323794175865     -2.458449035523
    8     -0.002948991726     -6.640918445293     -2.454688035208
    8     -5.752404570545      3.323447201757     -2.457897581764
    8      0.000000000000      2.214571445248     -3.914846215896
    8      1.917875130079     -1.107285722624     -3.914846215896
    8     -1.917875130079     -1.107285722624     -3.914846215896
    8     -1.917875130080      5.536428613118     -3.914846215896
    8      5.753625390237     -1.107285722624     -3.914846215896
    8     -3.835750260157     -4.429142890494     -3.914846215896
    8      3.835750260157     -4.429142890494     -3.914846215896
    8      1.917875130080      5.536428613118     -3.914846215896
    8     -5.753625390237     -1.107285722624     -3.914846215896
    8      3.835750260159      2.214571445247     -3.914846215896
    8     -0.000000000001     -4.429142890492     -3.914846215896
    8     -3.835750260158      2.214571445246     -3.914846215896
    8     -7.671500520293     -4.429142890500     -3.914846215896
    8     -7.671500520300      2.214571445248     -3.914846215896
    8      5.753625390229      5.536428613098     -3.914846215896
    8      1.917875130071     -7.751000058346     -3.914846215896
  258      0.000000000000      0.000000000000     -4.697815459075
  258     -1.917875130080      3.321857167872     -4.697815459075
  258      3.835750260159     -0.000000000001     -4.697815459075
  258     -1.917875130079     -3.321857167871     -4.697815459075
  258      1.917875130079     -3.321857167871     -4.697815459075
  258      1.917875130080      3.321857167872     -4.697815459075
  258     -3.835750260159     -0.000000000001     -4.697815459075
  258     -3.835750260165      6.643714335750     -4.697815459075
  258      7.671500520294      0.000000000010     -4.697815459075
  258      3.835750260140      6.643714335750     -4.697815459075
  258      0.000000000000      6.643714335750     -4.697815459075
  258      5.753625390243     -3.321857167875     -4.697815459075
  258      9.589375650380     -3.321857167875     -4.697815459075
  258      5.753625390228      3.321857167862     -4.697815459075
  258     -7.671500520307      6.643714335750     -4.697815459075
  258     -5.753625390224      3.321857167861     -4.697815459075
    8     -1.917875130080      1.107285722623     -5.480784702254
    8      1.917875130079      1.107285722623     -5.480784702254
    8      0.000000000001     -2.214571445246     -5.480784702254
    8     -3.835750260160      4.429142890495     -5.480784702254
    8      5.753625390238      1.107285722622     -5.480784702254
    8     -1.917875130078     -5.536428613117     -5.480784702254
    8      1.917875130078     -5.536428613117     -5.480784702254
    8      3.835750260160      4.429142890495     -5.480784702254
    8     -5.753625390238      1.107285722622     -5.480784702254
    8      0.000000000000      4.429142890495     -5.480784702254
    8      3.835750260158     -2.214571445248     -5.480784702254
    8     -3.835750260158     -2.214571445248     -5.480784702254
    8      5.753625390243     -5.536428613123     -5.480784702254
    8     -7.671500520276     -2.214571445257     -5.480784702254
    8      1.917875130032      7.751000058380     -5.480784702254
    8      7.671500520293      4.429142890500     -5.480784702254
   14     -0.125146197710     -4.378165283378      6.879131931130
    8     -0.187302650288     -6.157725511673      6.702996096594
    8     -0.013774624963     -4.466095372900      8.575687700077
    8      1.364991430664     -3.432952938964      6.706490162831
    6     -0.645704766825     -7.195402108337      7.584386611009
    6      1.909674101739     -2.435330524191      7.577811943519
    6      1.128994981530     -5.020914972764      9.204394398128
    6      0.182082132587     -8.454542723567      7.374515262354
    6      3.421235545942     -2.392189454746      7.403266955864
    6      1.200330981623     -4.528854407354     10.640014114800
    1     -7.785537434426      4.059456672563      8.095868026311
    1      3.862457021721     -1.643053901733      8.072801663893
    1      2.063994953085     -4.967296074791     11.157955321750
    1      1.252185223456     -8.258848455366      7.464247690695
    1     -7.662739148683      4.421322768101      6.374560686440
    1     -0.619900675573     -6.835724037612      8.616124260956
    1     -1.684033988831     -7.423856230804      7.324583396366
    1      0.291997218126     -4.804832281599     11.185888933773
    1      1.291436318522     -3.437628461225     10.678823610246
    1      2.053943365158     -4.752102208458      8.664485500587
    1      1.094940057211     -6.124882911776      9.195291618312
    1      1.631448224054     -2.656039938139      8.612159939949
    1      1.471626809172     -1.469553128556      7.296146379941
    1      3.871118460185     -3.367909051047      7.608313507529
    1      3.701501188626     -2.120664600801      6.381367403773
    8     -1.493306404318     -3.534924496221      6.615837411382
    6     -4.233776195848     -4.390518929534      6.774810695189
    6     -3.680149359254     -5.661690873673      7.390945301840
    1     -2.674179667586     -5.784076133454      6.996596889008
    1     -3.748541290636     -3.511621760874      7.210156853926
    1     -5.331825358066     -4.324827805170      6.948949598902
    1      3.372814731671      6.751287398150      7.130859144636
    1     -3.619298494500     -5.608487404295      8.479865568256
    0    0
