   2   1   1 E -4.0957807194987E+04 DE-3.0E-06(  6)
  0.153430010406E+02  0.000000000000E+00  0.000000000000E+00
 -0.767150052032E+01  0.132874286715E+02  0.000000000000E+00
  0.000000000000E+00  0.000000000000E+00  0.500000000000E+03
    1
  0.100000000000E+01  0.000000000000E+00  0.000000000000E+00
  0.000000000000E+00  0.100000000000E+01  0.000000000000E+00
  0.000000000000E+00  0.000000000000E+00  0.100000000000E+01
  0.000000000000E+00  0.000000000000E+00  0.000000000000E+00
  225
    8      0.006930886153      2.218914363124      5.084115942831
    8      1.934922686578     -1.029018867187      4.994824409715
    8     -1.947275555805     -1.009591157132      4.988469065694
    8     -1.893127407964      5.548936489078      5.078053469613
    8      5.752955116514     -1.096489918569      5.093088843510
    8     -3.985970757226     -4.418810494236      5.366437852399
    8      3.884826329782     -4.445491264625      5.029337630969
    8      1.944224412876      5.548548969847      5.088850439859
    8     -5.796831391882     -1.109088066357      5.072072851858
    8      3.834811211149      2.208073684812      5.087796305672
    8      0.100017217985     -4.510224537589      5.056832629164
    8     -3.841841579798      2.208931308498      5.086564334288
    8     -7.667084229015     -4.408821661026      5.081151972441
    8      7.663468748558      2.198534732085      5.093523021505
    8      5.698611479049      5.468287091239      4.996090968420
    8     -5.709519108590      5.513616748578      5.014034523610
  258      0.003058215523      0.018770260795      4.339861418823
  258     -1.909944250463      3.329558820825      4.337056786532
  258      3.835955184310      0.010429113112      4.342943391434
  258     -1.911614294744     -3.256505210424      4.429457306188
  258      1.967722753263     -3.308144972160      4.356122998989
  258      1.914560691492      3.306999598225      4.334108220407
  258     -3.842549159385      0.019749460659      4.347699796359
  258     -3.820379712714      6.641527448488      4.330336974916
  258      7.656958118901      0.012601940419      4.342263162665
  258      3.829846377625      6.566666398613      4.328790414930
  258      0.004487248334      6.650667933079      4.342482530656
  258      5.738497249151     -3.311492516102      4.343795861178
  258     -5.843794938863     -3.269023705529      4.313294093750
  258      5.752979971813      3.294782551472      4.341483111526
  258      0.014038994546     -6.705709314772      4.360122774642
  258     -5.742077894717      3.314677320689      4.346640503226
    8     -1.921062959865      1.158986006346      3.564943634341
    8      1.915610068053      1.143701209868      3.563282094412
    8      0.008729419284     -2.229261832529      3.627102966719
    8     -3.808949528490      4.416988418028      3.578760262662
    8      5.755081785179      1.105486659911      3.577482994735
    8     -2.009847159470     -5.489468005614      3.662597219833
    8      1.945437262611     -5.549881136047      3.566646145065
    8      3.807141693451      4.399203149174      3.567448852339
    8     -5.760105706313      1.111888827458      3.584762356535
    8      0.013709524116      4.438229711353      3.589077883963
    8      3.858166168744     -2.204870342669      3.583656049652
    8     -3.872975337074     -2.284350228757      3.632352528216
    8     -1.890238460080      7.748228821859      3.575789305682
    8      7.635974426102     -2.198029789891      3.571201199041
    8     -5.711910829723     -5.507839642733      3.593745145238
    8     -7.662886502883      4.394076309927      3.587396142339
    8     -0.003289466261     -0.006347131532      2.114257728677
    8     -1.905793562667      3.337914888092      2.093907788521
    8      3.834923718810      0.002451682544      2.098548395865
    8     -1.913005298255     -3.305579383304      2.098126299889
    8      1.925220158871     -3.313825065351      2.086076844988
    8      1.909254819303      3.324724746553      2.088356784726
    8     -3.837668508698     -0.020175933647      2.127639691079
    8     -3.819451902756      6.637958699604      2.098123859305
    8      7.668461950631      0.005611489649      2.097905128902
    8      3.837459316877      6.623372540344      2.107925429647
    8      0.019660427955      6.650451791374      2.116255553257
    8      5.747752172215     -3.321114735808      2.096077907919
    8     -5.785633663524     -3.306296681522      2.093343968501
    8      5.752560654213      3.316335765462      2.099494832681
    8     -0.030970142076     -6.642343140899      2.112239361928
    8     -5.746694368802      3.320979979882      2.103484050666
  258     -1.917169791183      1.109947442917      1.332637180959
  258      1.916866951254      1.106513597864      1.325666670093
  258     -0.003125775307     -2.218677067655      1.356399644022
  258     -3.831636108807      4.428863032191      1.332325007201
  258      5.750542157199      1.107025569127      1.324589732891
  258     -1.921418584869     -5.524204119100      1.370049294023
  258      1.915628163311     -5.535531669152      1.344404757716
  258      3.835391133589      4.418792505526      1.320807449885
  258     -5.755781269089      1.106704669179      1.332810486924
  258      0.004165901594      4.431804135236      1.330282365909
  258      3.831306428963     -2.212037412680      1.328253107673
  258     -3.832019139705     -2.216941304557      1.353399737958
  258      5.757035618625     -5.531967884777      1.330008922850
  258      7.655158440907     -2.204680084711      1.314951092510
  258     -5.752804362748     -5.533512078473      1.336746255393
  258     -0.001544844746     -8.862001773826      1.333509496247
    8     -0.001823081910      2.209608479501      0.592452908492
    8      1.914154255166     -1.102633229951      0.593256629848
    8     -1.922476764080     -1.098949740954      0.599859804505
    8     -1.906898421247      5.543922943279      0.591014880138
    8      5.749372314007     -1.103321983325      0.587440418959
    8     -3.841247570157     -4.428904490647      0.618582634851
    8      3.837192669509     -4.430606752130      0.592989831455
    8      1.919640817297      5.541150700451      0.590285855297
    8     -5.753509820838     -1.101439617641      0.594879728811
    8      3.835296924824      2.212773455699      0.587927833992
    8     -0.001758684028     -4.431779989533      0.608498231826
    8     -3.834036266830      2.205979221373      0.601582042414
    8      7.668717054490     -4.429088419572      0.589906777650
    8     -7.670958766651      2.215419624319      0.594203923683
    8     -1.918853528639     -7.751583540065      0.596875367684
    8      1.911895316557     -7.749061140144      0.603296342306
    8     -1.919825933933      1.108899187852     -0.943754462434
    8      1.916954724341      1.107720482300     -0.947392196237
    8     -0.004528224196     -2.218093825729     -0.929787783747
    8     -3.836452511175      4.428274439069     -0.936575048098
    8      5.753705906634      1.107957600732     -0.946095865307
    8     -1.922607631928     -5.529932253493     -0.918897207001
    8      1.915217056739     -5.537266612338     -0.937168139545
    8      3.835378750288      4.428180983223     -0.946747263152
    8     -5.753143201172      1.109208081967     -0.940566269677
    8      0.002031070375      4.428379097384     -0.942919747321
    8      3.833191569133     -2.214112106130     -0.943548189013
    8     -3.835053168178     -2.219709182885     -0.926548988147
    8      5.753784417255     -5.534808333048     -0.946157642185
    8      7.668825893613     -2.211934162123     -0.947428694143
    8     -5.750491133644     -5.532658585095     -0.936660067862
    8      0.000712542440     -8.858750228606     -0.939097368873
  258     -0.000442639396      2.214512155250     -1.680599547120
  258      1.912110620998     -1.110388481661     -1.677618214229
  258     -1.917498747996     -1.110067346277     -1.672818572380
  258     -1.916857715301      5.537480866501     -1.679742320063
  258      5.749802211977     -1.106118287688     -1.686305844904
  258     -3.832192733278     -4.428536753457     -1.671356732182
  258      3.833179445758     -4.429943522156     -1.677639797173
  258      1.918733054798      5.538361089508     -1.680747234323
  258     -5.749305992734     -1.108003771629     -1.677628055223
  258      3.835756062555      2.213828388462     -1.685171506527
  258     -0.003343902897     -4.428965532072     -1.669216142840
  258     -3.835637511613      2.214116904866     -1.679057887498
  258     -7.670448056852     -4.429191778763     -1.681381101353
  258     -7.671040532733      2.215713868844     -1.681013363321
  258     -1.916764964215     -7.744184951520     -1.673206051875
  258      1.917213811889     -7.748843533478     -1.676041239723
    8     -0.002038519803     -0.002535403590     -2.457219821031
    8     -1.919587254352      3.323443985437     -2.458788862555
    8      3.834620975890     -0.000178793517     -2.461063883955
    8     -1.919709509096     -3.322923423013     -2.455861457780
    8      1.914085279864     -3.322097456168     -2.456910041013
    8      1.917268989275      3.323122068051     -2.460880526621
    8     -3.836518427347     -0.002253892469     -2.456291443284
    8      3.833914141840     -6.644905482946     -2.457669944251
    8     -7.670714545299      0.001135553787     -2.459720863590
    8     -3.833638282390     -6.639593779433     -2.456509465855
    8      0.001674223039      6.644865617082     -2.458624832996
    8      5.752518523207     -3.320822986741     -2.460406345293
    8     -5.750809442427     -3.320827925171     -2.457257448699
    8      5.754510884427      3.323850093550     -2.459195024661
    8     -0.003490807532     -6.641368508968     -2.454695543258
    8     -5.752954246939      3.323331818155     -2.458540672775
    8      0.000000000000      2.214571445248     -3.914846215896
    8      1.917875130079     -1.107285722624     -3.914846215896
    8     -1.917875130079     -1.107285722624     -3.914846215896
    8     -1.917875130080      5.536428613118     -3.914846215896
    8      5.753625390237     -1.107285722624     -3.914846215896
    8     -3.835750260157     -4.429142890494     -3.914846215896
    8      3.835750260157     -4.429142890494     -3.914846215896
    8      1.917875130080      5.536428613118     -3.914846215896
    8     -5.753625390237     -1.107285722624     -3.914846215896
    8      3.835750260159      2.214571445247     -3.914846215896
    8     -0.000000000001     -4.429142890492     -3.914846215896
    8     -3.835750260158      2.214571445246     -3.914846215896
    8     -7.671500520293     -4.429142890500     -3.914846215896
    8     -7.671500520300      2.214571445248     -3.914846215896
    8      5.753625390229      5.536428613098     -3.914846215896
    8      1.917875130071     -7.751000058346     -3.914846215896
  258      0.000000000000      0.000000000000     -4.697815459075
  258     -1.917875130080      3.321857167872     -4.697815459075
  258      3.835750260159     -0.000000000001     -4.697815459075
  258     -1.917875130079     -3.321857167871     -4.697815459075
  258      1.917875130079     -3.321857167871     -4.697815459075
  258      1.917875130080      3.321857167872     -4.697815459075
  258     -3.835750260159     -0.000000000001     -4.697815459075
  258     -3.835750260165      6.643714335750     -4.697815459075
  258      7.671500520294      0.000000000010     -4.697815459075
  258      3.835750260140      6.643714335750     -4.697815459075
  258      0.000000000000      6.643714335750     -4.697815459075
  258      5.753625390243     -3.321857167875     -4.697815459075
  258      9.589375650380     -3.321857167875     -4.697815459075
  258      5.753625390228      3.321857167862     -4.697815459075
  258     -7.671500520307      6.643714335750     -4.697815459075
  258     -5.753625390224      3.321857167861     -4.697815459075
    8     -1.917875130080      1.107285722623     -5.480784702254
    8      1.917875130079      1.107285722623     -5.480784702254
    8      0.000000000001     -2.214571445246     -5.480784702254
    8     -3.835750260160      4.429142890495     -5.480784702254
    8      5.753625390238      1.107285722622     -5.480784702254
    8     -1.917875130078     -5.536428613117     -5.480784702254
    8      1.917875130078     -5.536428613117     -5.480784702254
    8      3.835750260160      4.429142890495     -5.480784702254
    8     -5.753625390238      1.107285722622     -5.480784702254
    8      0.000000000000      4.429142890495     -5.480784702254
    8      3.835750260158     -2.214571445248     -5.480784702254
    8     -3.835750260158     -2.214571445248     -5.480784702254
    8      5.753625390243     -5.536428613123     -5.480784702254
    8     -7.671500520276     -2.214571445257     -5.480784702254
    8      1.917875130032      7.751000058380     -5.480784702254
    8      7.671500520293      4.429142890500     -5.480784702254
   14     -0.142622581261     -4.372455811261      6.878707080198
    8     -0.227576744377     -6.141791660771      6.699348215295
    8     -0.076779400918     -4.443283370976      8.578668339121
    8      1.368098911957     -3.464901373666      6.723524695704
    6     -0.677969833259     -7.181489852157      7.583772233275
    6      1.902100772253     -2.459702227307      7.594131399198
    6      1.037281671624     -4.992508681891      9.260700715731
    6      0.217029914895     -8.408868144612      7.428429313194
    6      3.413699043461     -2.422379024821      7.443025651628
    6      1.056536431411     -4.465588043068     10.686623876671
    1     -7.711253025103      4.125438691368      8.185265502164
    1      3.842009703390     -1.670148812382      8.115967042108
    1      1.893634206591     -4.896390795956     11.252972477978
    1      1.280343327575     -8.156420477994      7.512451263214
    1     -7.607325244372      4.415994478351      6.440423528187
    1     -0.716171611989     -6.796204379391      8.609758250360
    1     -1.690759149377     -7.467787331449      7.273780047145
    1      0.122500599413     -4.720636089252     11.199223589993
    1      1.153686469030     -3.374148404832     10.700421611750
    1      1.983954179438     -4.743425999804      8.748213727464
    1      0.993662738402     -6.096419460949      9.276969484001
    1      1.608530551646     -2.667686152152      8.625615292644
    1      1.470970162893     -1.495822037302      7.299107022605
    1      3.857284060896     -3.397003866288      7.661685928558
    1      3.713703026251     -2.158210212048      6.427433613654
    8     -1.496546709979     -3.512113698560      6.598420927345
    6     -4.261490853585     -4.382871222377      6.767745817832
    6     -3.735234952379     -5.646718507633      7.420606159436
    1     -2.699064915014     -5.762242857894      7.106929884691
    1     -3.782651259192     -3.500344623530      7.202070458952
    1     -5.363544611049     -4.310005257178      6.918765598637
    1      3.344764587098      6.761425653272      7.117196213681
    1     -3.764750867592     -5.593265917539      8.513740023561
    0    0
