   2   1   1 E -4.0957806883716E+04 DE-2.3E-06(  7)
  0.153430010406E+02  0.000000000000E+00  0.000000000000E+00
 -0.767150052032E+01  0.132874286715E+02  0.000000000000E+00
  0.000000000000E+00  0.000000000000E+00  0.500000000000E+03
    1
  0.100000000000E+01  0.000000000000E+00  0.000000000000E+00
  0.000000000000E+00  0.100000000000E+01  0.000000000000E+00
  0.000000000000E+00  0.000000000000E+00  0.100000000000E+01
  0.000000000000E+00  0.000000000000E+00  0.000000000000E+00
  225
    8      0.006872903337      2.219462821877      5.084026295529
    8      1.935527525727     -1.028445386287      4.995308643076
    8     -1.947101444932     -1.007900316480      4.987510780160
    8     -1.893772722405      5.549672623761      5.078399639958
    8      5.752494088691     -1.096122752225      5.093455406348
    8     -3.987274788067     -4.420660055666      5.366948336736
    8      3.883759685081     -4.443657766036      5.030843773556
    8      1.943805286895      5.548759457426      5.088456380398
    8     -5.796668265749     -1.108062142564      5.071634436744
    8      3.834396084932      2.209139439124      5.087296110666
    8      0.098760414315     -4.508637844425      5.055437216850
    8     -3.841018202902      2.209540528904      5.086221613496
    8     -7.667799157748     -4.408810680232      5.080858100801
    8      7.664111980838      2.200558218916      5.094367673214
    8      5.698720591203      5.468796810304      4.997638095806
    8     -5.711255743654      5.513777693404      5.015904328986
  258      0.002870109046      0.020048758215      4.338774233930
  258     -1.910344280951      3.330227204345      4.337057198588
  258      3.835730313686      0.010937423356      4.342861730638
  258     -1.913043422176     -3.254422946013      4.426881008827
  258      1.966698241007     -3.306711137173      4.357579925625
  258      1.914661838809      3.307665640076      4.333963780122
  258     -3.842605175753      0.020628208332      4.347097300664
  258     -3.820951723869      6.642296468169      4.330508458229
  258      7.657018864301      0.013380896477      4.342566454378
  258      3.829373458591      6.567120421122      4.328648561213
  258      0.004002522374      6.651094459718      4.342348120792
  258      5.738140870298     -3.310855915875      4.343649878309
  258     -5.844047343006     -3.268599982867      4.313047579019
  258      5.752993752247      3.295571957117      4.341179968286
  258      0.013284942707     -6.705013252792      4.361549484014
  258     -5.742271200447      3.315613695269      4.346413561003
    8     -1.921053398206      1.159549955128      3.564434128832
    8      1.915355996232      1.143541080611      3.563137543246
    8      0.008745700000     -2.228045609706      3.626532220160
    8     -3.809799422398      4.418442687971      3.579154573782
    8      5.755456070018      1.106009016411      3.578109929473
    8     -2.010378735677     -5.488925293682      3.661780025709
    8      1.945385883249     -5.549846004895      3.567258678111
    8      3.807812285466      4.400035897667      3.567288855375
    8     -5.760336796275      1.112667941949      3.585037414276
    8      0.013291236636      4.438725068824      3.588956572254
    8      3.857729622330     -2.204327721494      3.583642361831
    8     -3.873479290785     -2.284908995188      3.631915802766
    8     -1.891448095241      7.748820413187      3.576246822115
    8      7.635891741397     -2.197304091272      3.571269078648
    8     -5.712272559560     -5.507623575724      3.593093154169
    8     -7.663223338135      4.394887890554      3.587275658944
    8     -0.003323425379     -0.005757790451      2.113819146573
    8     -1.906227791983      3.338502831054      2.093812520384
    8      3.834953900208      0.003059778484      2.098313225262
    8     -1.913288787055     -3.304652984236      2.096500331394
    8      1.924782583844     -3.313321760713      2.086915962281
    8      1.909250565188      3.325148774921      2.088446582031
    8     -3.837867174265     -0.019962443195      2.127303440102
    8     -3.819672144462      6.638592844653      2.098497133419
    8      7.668455353660      0.006177866849      2.097900970783
    8      3.837398725908      6.623892792932      2.108119382771
    8      0.019260051734      6.650954956282      2.116366196602
    8      5.747689323406     -3.320749974855      2.095935004689
    8     -5.785789558620     -3.305756109507      2.093000097751
    8      5.752445502360      3.316676177481      2.099369247239
    8     -0.031346105095     -6.641754079759      2.112961394056
    8     -5.746686968031      3.321621534852      2.103032716218
  258     -1.917341742981      1.110537985443      1.332148911665
  258      1.916964553707      1.107042611896      1.325359731113
  258     -0.003107360434     -2.218311437272      1.356235137062
  258     -3.831905440851      4.429402757254      1.332138304011
  258      5.750556130654      1.107371007921      1.324609469300
  258     -1.921570467964     -5.524025933177      1.369675349040
  258      1.915160289238     -5.534879851850      1.345182202292
  258      3.835356760260      4.419405023137      1.320730171347
  258     -5.755974514701      1.107173881576      1.332596647457
  258      0.003903476009      4.432208163315      1.330052701342
  258      3.830800860865     -2.211872866924      1.328571474518
  258     -3.832148192101     -2.216713810815      1.352770176602
  258      5.756728920712     -5.531517987624      1.329956607070
  258      7.655093638813     -2.204237719238      1.314911036687
  258     -5.752996676222     -5.533303035293      1.336446937961
  258     -0.001583671975     -8.861069726401      1.333736479206
    8     -0.001935219680      2.210015084924      0.592274594475
    8      1.914011131636     -1.102421605098      0.592845163847
    8     -1.922464282464     -1.098445245950      0.599182148751
    8     -1.907088005077      5.544387320675      0.590937470770
    8      5.749197755402     -1.103069162469      0.587489481418
    8     -3.841203442882     -4.428565151791      0.617667117271
    8      3.836835502081     -4.430272722567      0.593079134137
    8      1.919536589783      5.541442131302      0.590140723511
    8     -5.753532926090     -1.101122906660      0.594636061650
    8      3.835240100867      2.213266105976      0.587784256574
    8     -0.001667448543     -4.431501915700      0.607970678186
    8     -3.834129714020      2.206339955780      0.601473877070
    8      7.668703746960     -4.428817353069      0.589785762297
    8     -7.671018300188      2.215815261147      0.594169477965
    8     -1.918783207215     -7.750932528877      0.596518636462
    8      1.911699329518     -7.748329042083      0.603276224032
    8     -1.919988367425      1.109253210155     -0.943910468017
    8      1.916927319875      1.108017836192     -0.947423178167
    8     -0.004537962990     -2.217879477482     -0.929701090831
    8     -3.836681813576      4.428520587759     -0.936535869283
    8      5.753576579988      1.108165687989     -0.946037335615
    8     -1.922654056807     -5.529727114034     -0.918861833114
    8      1.915104313701     -5.536961627243     -0.936861905679
    8      3.835259291473      4.428473996495     -0.946674820753
    8     -5.753270502765      1.109457340270     -0.940566981783
    8      0.001924909893      4.428647164197     -0.942901664518
    8      3.832995169471     -2.213992047921     -0.943393576956
    8     -3.835230878824     -2.219422441631     -0.926556460472
    8      5.753649900466     -5.534471761668     -0.946018470075
    8      7.668664574913     -2.211703328680     -0.947374835675
    8     -5.750667022281     -5.532507148908     -0.936662545992
    8      0.000674997403     -8.858431346797     -0.938890732174
  258     -0.000410104896      2.214723614757     -1.680915568330
  258      1.912110132762     -1.110325261189     -1.677704123216
  258     -1.917441151275     -1.109934887168     -1.673041875412
  258     -1.916900065767      5.537705066586     -1.680016539341
  258      5.749737443435     -1.106022516377     -1.686299811568
  258     -3.832008045889     -4.428479509369     -1.671398469708
  258      3.833046958690     -4.429745932864     -1.677631598576
  258      1.918761718285      5.538518524841     -1.681038645080
  258     -5.749231744308     -1.107871922339     -1.677728522194
  258      3.835839664506      2.214046052478     -1.685320154987
  258     -0.003282006238     -4.428815552499     -1.669163574800
  258     -3.835681410647      2.214334828637     -1.679319479487
  258     -7.670457121715     -4.428990725263     -1.681574662892
  258     -7.671041274457      2.216061559168     -1.681052875634
  258     -1.916687867604     -7.743830260274     -1.673207309758
  258      1.917185152848     -7.748416295991     -1.676027175378
    8     -0.002079523786     -0.002372580473     -2.457435433511
    8     -1.919704866332      3.323682885716     -2.458947264344
    8      3.834461710278     -0.000046885815     -2.461208322195
    8     -1.919729057366     -3.322757834778     -2.456207408990
    8      1.914071364909     -3.321946639167     -2.457182383284
    8      1.917137965988      3.323306979743     -2.461061336562
    8     -3.836602824012     -0.002060414454     -2.456478840645
    8      3.833864242053     -6.644721670889     -2.457806917747
    8     -7.670870745041      0.001211886416     -2.459761117341
    8     -3.833745145850     -6.639475760513     -2.456805249662
    8      0.001545144487      6.644980228170     -2.458754982418
    8      5.752373861545     -3.320717912423     -2.460526881466
    8     -5.750880951066     -3.320720569647     -2.457430211876
    8      5.754389011291      3.324081837535     -2.459347992292
    8     -0.003555547507     -6.641286539722     -2.454877987840
    8     -5.753065716538      3.323539356830     -2.458708358748
    8      0.000000000000      2.214571445248     -3.914846215896
    8      1.917875130079     -1.107285722624     -3.914846215896
    8     -1.917875130079     -1.107285722624     -3.914846215896
    8     -1.917875130080      5.536428613118     -3.914846215896
    8      5.753625390237     -1.107285722624     -3.914846215896
    8     -3.835750260157     -4.429142890494     -3.914846215896
    8      3.835750260157     -4.429142890494     -3.914846215896
    8      1.917875130080      5.536428613118     -3.914846215896
    8     -5.753625390237     -1.107285722624     -3.914846215896
    8      3.835750260159      2.214571445247     -3.914846215896
    8     -0.000000000001     -4.429142890492     -3.914846215896
    8     -3.835750260158      2.214571445246     -3.914846215896
    8     -7.671500520293     -4.429142890500     -3.914846215896
    8     -7.671500520300      2.214571445248     -3.914846215896
    8      5.753625390229      5.536428613098     -3.914846215896
    8      1.917875130071     -7.751000058346     -3.914846215896
  258      0.000000000000      0.000000000000     -4.697815459075
  258     -1.917875130080      3.321857167872     -4.697815459075
  258      3.835750260159     -0.000000000001     -4.697815459075
  258     -1.917875130079     -3.321857167871     -4.697815459075
  258      1.917875130079     -3.321857167871     -4.697815459075
  258      1.917875130080      3.321857167872     -4.697815459075
  258     -3.835750260159     -0.000000000001     -4.697815459075
  258     -3.835750260165      6.643714335750     -4.697815459075
  258      7.671500520294      0.000000000010     -4.697815459075
  258      3.835750260140      6.643714335750     -4.697815459075
  258      0.000000000000      6.643714335750     -4.697815459075
  258      5.753625390243     -3.321857167875     -4.697815459075
  258      9.589375650380     -3.321857167875     -4.697815459075
  258      5.753625390228      3.321857167862     -4.697815459075
  258     -7.671500520307      6.643714335750     -4.697815459075
  258     -5.753625390224      3.321857167861     -4.697815459075
    8     -1.917875130080      1.107285722623     -5.480784702254
    8      1.917875130079      1.107285722623     -5.480784702254
    8      0.000000000001     -2.214571445246     -5.480784702254
    8     -3.835750260160      4.429142890495     -5.480784702254
    8      5.753625390238      1.107285722622     -5.480784702254
    8     -1.917875130078     -5.536428613117     -5.480784702254
    8      1.917875130078     -5.536428613117     -5.480784702254
    8      3.835750260160      4.429142890495     -5.480784702254
    8     -5.753625390238      1.107285722622     -5.480784702254
    8      0.000000000000      4.429142890495     -5.480784702254
    8      3.835750260158     -2.214571445248     -5.480784702254
    8     -3.835750260158     -2.214571445248     -5.480784702254
    8      5.753625390243     -5.536428613123     -5.480784702254
    8     -7.671500520276     -2.214571445257     -5.480784702254
    8      1.917875130032      7.751000058380     -5.480784702254
    8      7.671500520293      4.429142890500     -5.480784702254
   14     -0.149662178160     -4.366351555629      6.878253992262
    8     -0.242922069556     -6.134072762060      6.703911822196
    8     -0.092898625176     -4.429115296115      8.577796159420
    8      1.365181773492     -3.466137466620      6.724871945090
    6     -0.695464041337     -7.167243476239      7.594038072217
    6      1.895359342676     -2.453756663364      7.589792304879
    6      1.012386198731     -4.980118315170      9.270933489111
    6      0.209695061796     -8.388321664008      7.461170196810
    6      3.406863394122     -2.425300841322      7.452854724899
    6      1.017241190478     -4.450703958593     10.695914868856
    1     -7.720262170974      4.154627143114      8.224827290145
    1      3.832521410378     -1.666077797952      8.120691114571
    1      1.847189973891     -4.881252075399     11.272410015633
    1      1.270372993414     -8.126201881684      7.552643682933
    1     -7.601591627238      4.424359315712      6.477890345325
    1     -0.747558164223     -6.770791551543      8.614354589008
    1     -1.701734959802     -7.465480007443      7.274781776014
    1      0.077216554233     -4.703343769943     11.198318910503
    1      1.115402327258     -3.359283846014     10.708178489307
    1      1.964419939056     -4.733049679126      8.767540246995
    1      0.965489207827     -6.084024404215      9.287400371886
    1      1.590574608034     -2.648494336546      8.619790584921
    1      1.472705250320     -1.491508743931      7.280446726465
    1      3.841417215615     -3.399290719912      7.687955479816
    1      3.718061742166     -2.175971738753      6.437632956736
    8     -1.499704627414     -3.501960609024      6.592944234826
    6     -4.277499817145     -4.379215849101      6.764470730683
    6     -3.760559876814     -5.640467824325      7.427943625671
    1     -2.719046670611     -5.754319994560      7.133486110411
    1     -3.801117422319     -3.495602924404      7.199221697399
    1     -5.380721791196     -4.303397079833      6.905002408475
    1      3.326054538227      6.766120006260      7.116532265005
    1     -3.811172722058     -5.585386635713      8.519773642692
    0    0
