   2   1   1 E -4.0957807876759E+04 DE 1.6E-06(  3)
  0.153430010406E+02  0.000000000000E+00  0.000000000000E+00
 -0.767150052032E+01  0.132874286715E+02  0.000000000000E+00
  0.000000000000E+00  0.000000000000E+00  0.500000000000E+03
    1
  0.100000000000E+01  0.000000000000E+00  0.000000000000E+00
  0.000000000000E+00  0.100000000000E+01  0.000000000000E+00
  0.000000000000E+00  0.000000000000E+00  0.100000000000E+01
  0.000000000000E+00  0.000000000000E+00  0.000000000000E+00
  225
    8      0.007416565254      2.218748257229      5.082402897198
    8      1.932999044561     -1.026117478015      4.992010571036
    8     -1.944320647897     -1.015489577331      4.991428534707
    8     -1.892384142952      5.547761355242      5.076350250889
    8      5.756520062463     -1.094360594847      5.089186886107
    8     -3.992572679111     -4.408391224412      5.364174986899
    8      3.888802356417     -4.449896416364      5.024535433355
    8      1.944293183518      5.549713489833      5.089148814934
    8     -5.795460320929     -1.111474466410      5.073495365988
    8      3.838734223726      2.206454177198      5.089002864909
    8      0.104458973685     -4.514963058549      5.063820770706
    8     -3.846152064195      2.207981430334      5.087309561128
    8     -7.664445480206     -4.406192158371      5.081797857587
    8      7.660966455126      2.188752815400      5.087016604058
    8      5.695053210824      5.471162901783      4.992013409297
    8     -5.700334670930      5.514159161486      5.006268095226
  258      0.004858729157      0.015154385786      4.341171924772
  258     -1.908876342225      3.328075529469      4.335248722667
  258      3.837135947835      0.011412697150      4.340161683976
  258     -1.906387360024     -3.261661384651      4.437988807037
  258      1.971877407392     -3.309049283698      4.349275719634
  258      1.913674405319      3.306650712956      4.332238828212
  258     -3.841073877229      0.015952320494      4.346864268132
  258     -3.819658516725      6.639473075000      4.329318431415
  258      7.657719464074      0.012097350907      4.338850479888
  258      3.830069862603      6.566618072454      4.327542725556
  258      0.005834723160      6.650329335655      4.341151139981
  258      5.740374940703     -3.311687415855      4.343111260565
  258     -5.841646837842     -3.268943234711      4.313116179277
  258      5.751004381711      3.294647809692      4.341377726063
  258      0.016422491376     -6.704400826008      4.354538204834
  258     -5.741879687140      3.311903202027      4.346511475891
    8     -1.921448580574      1.156301654045      3.566326225964
    8      1.917345546947      1.146539007333      3.561969072081
    8      0.008581758783     -2.233553333264      3.628004599063
    8     -3.804731815105      4.411740167589      3.575534612651
    8      5.752073374117      1.106022496713      3.571863095235
    8     -2.005981542003     -5.487483749829      3.665363251273
    8      1.942654530214     -5.545966232260      3.564231824577
    8      3.803357103163      4.397740323173      3.566645590234
    8     -5.756816593285      1.109541144374      3.581593052468
    8      0.014867010292      4.438206159900      3.588249973988
    8      3.859240427616     -2.204660936602      3.583869981050
    8     -3.869289573627     -2.279685899558      3.630174722282
    8     -1.884243855684      7.747089646480      3.572920902037
    8      7.637611156167     -2.199721732306      3.568331969818
    8     -5.710285752051     -5.508339600053      3.593910670302
    8     -7.662840402084      4.393547712277      3.590025830854
    8     -0.002551340355     -0.008107178608      2.115283077525
    8     -1.903484936936      3.335707014369      2.092366040965
    8      3.834176378086      0.000572585877      2.096721827914
    8     -1.912058109118     -3.307666435400      2.106390408652
    8      1.926860466256     -3.312938122251      2.082177871619
    8      1.908648857797      3.324797355870      2.085009218105
    8     -3.836174046073     -0.019267197968      2.125265160743
    8     -3.820327907255      6.637307791971      2.097736119275
    8      7.668881851838      0.005206120302      2.094821534213
    8      3.839305694778      6.623567129274      2.106595646874
    8      0.022052851659      6.649592058517      2.113559236785
    8      5.747046266027     -3.321135648631      2.096111100349
    8     -5.782998370054     -3.307908336572      2.092809158551
    8      5.753352060580      3.318391010892      2.099259348305
    8     -0.029696247247     -6.643637808402      2.109600045435
    8     -5.747900525477      3.320232693284      2.105113094007
  258     -1.916299901419      1.108411653778      1.333045220583
  258      1.916155825248      1.105420827098      1.325110806621
  258     -0.003772271391     -2.219414810863      1.356371869603
  258     -3.831528252134      4.427837900515      1.332114808106
  258      5.750751973421      1.107349009098      1.323030803560
  258     -1.920233843334     -5.522656031099      1.370511755343
  258      1.918075882267     -5.536324224718      1.340293319926
  258      3.836043399242      4.418569717767      1.320018554111
  258     -5.754394616373      1.105861767335      1.331951429268
  258      0.004862907502      4.431542717056      1.329601255742
  258      3.833559611510     -2.211461373586      1.325364851676
  258     -3.829470462337     -2.218333361834      1.354714908580
  258      5.757962279431     -5.532474678708      1.329792332329
  258      7.656739989553     -2.205286733763      1.313903633659
  258     -5.751305146926     -5.533452254707      1.336054970359
  258     -0.001622257134     -8.863308083319      1.332529394534
    8     -0.001699142011      2.208200387541      0.590879080614
    8      1.914290307884     -1.102581463078      0.592843006854
    8     -1.921142080866     -1.102072871668      0.600250832364
    8     -1.906986192671      5.543286355049      0.590327542377
    8      5.750224723396     -1.104072999100      0.585957198455
    8     -3.838948183173     -4.429527350758      0.618807868698
    8      3.838162984648     -4.431440777254      0.591735272044
    8      1.920411286831      5.541681834038      0.589007925135
    8     -5.752316471790     -1.102581396497      0.594512008072
    8      3.835986683352      2.212216570157      0.587512304962
    8     -0.002967681134     -4.431859101290      0.609302660809
    8     -3.833367865501      2.206314990594      0.600203592429
    8      7.668900897268     -4.429001370399      0.589235731204
    8     -7.670320704548      2.216311645600      0.592911343298
    8     -1.919147470017     -7.752826303274      0.596981079477
    8      1.912670628854     -7.750160112168      0.602615804895
    8     -1.919154970050      1.107448552425     -0.943112409753
    8      1.917253858916      1.107265933916     -0.947803183139
    8     -0.004085373494     -2.218824584521     -0.929588767699
    8     -3.835706385957      4.428188589344     -0.937164344533
    8      5.754501473576      1.108083640811     -0.946765641721
    8     -1.921755926627     -5.530289719189     -0.918238171553
    8      1.915394273516     -5.537145174275     -0.937347320055
    8      3.835839870370      4.428231305643     -0.947282643407
    8     -5.752379202766      1.108804582743     -0.941233713246
    8      0.002354287058      4.428114255817     -0.943761782522
    8      3.833871064831     -2.214208047678     -0.944385046032
    8     -3.833173567189     -2.220643182048     -0.926600330575
    8      5.754406769032     -5.535307523563     -0.946665857877
    8      7.670140545207     -2.212231850175     -0.947833478643
    8     -5.749224794230     -5.532225132300     -0.936706790648
    8      0.001221129157     -8.857734230100     -0.939358384634
  258     -0.000946873411      2.214352520920     -1.680567404523
  258      1.911752047931     -1.110394168687     -1.678110602806
  258     -1.917628158283     -1.110381803247     -1.672924216670
  258     -1.917025346862      5.537107110231     -1.679585238584
  258      5.750301625912     -1.106066775782     -1.687206231957
  258     -3.832354157254     -4.428208626031     -1.672109314384
  258      3.833743742745     -4.430205175768     -1.678695904670
  258      1.918458427978      5.538546613113     -1.680678822542
  258     -5.748788784868     -1.108300881963     -1.677538767603
  258      3.834970517462      2.213876722737     -1.685339666507
  258     -0.003861382197     -4.429123241707     -1.670147681919
  258     -3.835350085671      2.213709261346     -1.678996555566
  258     -7.670323660803     -4.429642353172     -1.681525591168
  258     -7.670972216610      2.215316580954     -1.681546908340
  258     -1.917083932676     -7.744267788457     -1.673471851708
  258      1.917154806934     -7.749785483773     -1.676765573689
    8     -0.001732884957     -0.003206160437     -2.457059419570
    8     -1.919237724929      3.322676967182     -2.458511119697
    8      3.835393989772     -0.000314720112     -2.460480533391
    8     -1.918988464029     -3.323372860830     -2.455399961538
    8      1.914121168568     -3.322385813067     -2.456128831306
    8      1.918033838091      3.322814119569     -2.460524826700
    8     -3.835775787361     -0.002893617395     -2.455933158016
    8      3.833915127232     -6.644752321133     -2.457320443591
    8     -7.669852989687      0.001152842216     -2.459520855532
    8     -3.832950074488     -6.639373094603     -2.455707133949
    8      0.002435550651      6.645024923763     -2.458376079264
    8      5.753177995883     -3.320734960485     -2.459939459935
    8     -5.750111224897     -3.320891729040     -2.456686021927
    8      5.755159109719      3.323717162230     -2.458468753507
    8     -0.003071284243     -6.640953029787     -2.454583821438
    8     -5.752449935989      3.323368829018     -2.457923109653
    8      0.000000000000      2.214571445248     -3.914846215896
    8      1.917875130079     -1.107285722624     -3.914846215896
    8     -1.917875130079     -1.107285722624     -3.914846215896
    8     -1.917875130080      5.536428613118     -3.914846215896
    8      5.753625390237     -1.107285722624     -3.914846215896
    8     -3.835750260157     -4.429142890494     -3.914846215896
    8      3.835750260157     -4.429142890494     -3.914846215896
    8      1.917875130080      5.536428613118     -3.914846215896
    8     -5.753625390237     -1.107285722624     -3.914846215896
    8      3.835750260159      2.214571445247     -3.914846215896
    8     -0.000000000001     -4.429142890492     -3.914846215896
    8     -3.835750260158      2.214571445246     -3.914846215896
    8     -7.671500520293     -4.429142890500     -3.914846215896
    8     -7.671500520300      2.214571445248     -3.914846215896
    8      5.753625390229      5.536428613098     -3.914846215896
    8      1.917875130071     -7.751000058346     -3.914846215896
  258      0.000000000000      0.000000000000     -4.697815459075
  258     -1.917875130080      3.321857167872     -4.697815459075
  258      3.835750260159     -0.000000000001     -4.697815459075
  258     -1.917875130079     -3.321857167871     -4.697815459075
  258      1.917875130079     -3.321857167871     -4.697815459075
  258      1.917875130080      3.321857167872     -4.697815459075
  258     -3.835750260159     -0.000000000001     -4.697815459075
  258     -3.835750260165      6.643714335750     -4.697815459075
  258      7.671500520294      0.000000000010     -4.697815459075
  258      3.835750260140      6.643714335750     -4.697815459075
  258      0.000000000000      6.643714335750     -4.697815459075
  258      5.753625390243     -3.321857167875     -4.697815459075
  258      9.589375650380     -3.321857167875     -4.697815459075
  258      5.753625390228      3.321857167862     -4.697815459075
  258     -7.671500520307      6.643714335750     -4.697815459075
  258     -5.753625390224      3.321857167861     -4.697815459075
    8     -1.917875130080      1.107285722623     -5.480784702254
    8      1.917875130079      1.107285722623     -5.480784702254
    8      0.000000000001     -2.214571445246     -5.480784702254
    8     -3.835750260160      4.429142890495     -5.480784702254
    8      5.753625390238      1.107285722622     -5.480784702254
    8     -1.917875130078     -5.536428613117     -5.480784702254
    8      1.917875130078     -5.536428613117     -5.480784702254
    8      3.835750260160      4.429142890495     -5.480784702254
    8     -5.753625390238      1.107285722622     -5.480784702254
    8      0.000000000000      4.429142890495     -5.480784702254
    8      3.835750260158     -2.214571445248     -5.480784702254
    8     -3.835750260158     -2.214571445248     -5.480784702254
    8      5.753625390243     -5.536428613123     -5.480784702254
    8     -7.671500520276     -2.214571445257     -5.480784702254
    8      1.917875130032      7.751000058380     -5.480784702254
    8      7.671500520293      4.429142890500     -5.480784702254
   14     -0.124423925774     -4.378167622731      6.878387389995
    8     -0.191288165142     -6.157192045082      6.701463023505
    8     -0.016489511031     -4.464930362718      8.575527828007
    8      1.369921973211     -3.440046730763      6.705174157043
    6     -0.650772877580     -7.194749379803      7.582665786321
    6      1.919535914969     -2.446182525156      7.578425624015
    6      1.121370929629     -5.024297790857      9.209307677742
    6      0.180419965919     -8.452362971275      7.377089037972
    6      3.431269341187     -2.404128784928      7.396623850596
    6      1.191845342364     -4.526788499229     10.643839796288
    1     -7.781738169484      4.066506343602      8.104512229702
    1      3.875237372612     -1.661429018426      8.070664119139
    1      2.052958165754     -4.966167939061     11.165748368577
    1      1.251507991567     -8.253277507714      7.459737498455
    1     -7.668506901265      4.416046983210      6.380689463304
    1     -0.630109758770     -6.833272404546      8.614035994111
    1     -1.687294634783     -7.427221394802      7.318865385488
    1      0.281012088451     -4.797253778267     11.188689491760
    1      1.286494999873     -3.435672571565     10.678732795530
    1      2.049365475884     -4.763279684211      8.670645649345
    1      1.080678917547     -6.128197650795      9.204215923612
    1      1.646860133449     -2.670662253350      8.614233251648
    1      1.479824041161     -1.478799364558      7.303583642078
    1      3.882587085253     -3.381890948433      7.591227274727
    1      3.707678080416     -2.124770532056      6.375952230030
    8     -1.489778704109     -3.530203102416      6.615363413934
    6     -4.238785558879     -4.389115444812      6.772408293093
    6     -3.682593336738     -5.658786996107      7.389575290897
    1     -2.675063684233     -5.781352351879      6.991932927263
    1     -3.756802442019     -3.508928586892      7.208281579455
    1     -5.337430290340     -4.326015845339      6.944659828499
    1      3.368290313605      6.753958858796      7.130905903238
    1     -3.619132003427     -5.603725635023      8.481294920691
    0    0
