   2   1   1 E -4.0957807463295E+04 DE 4.6E-06(  6)
  0.153430010406E+02  0.000000000000E+00  0.000000000000E+00
 -0.767150052032E+01  0.132874286715E+02  0.000000000000E+00
  0.000000000000E+00  0.000000000000E+00  0.500000000000E+03
    1
  0.100000000000E+01  0.000000000000E+00  0.000000000000E+00
  0.000000000000E+00  0.100000000000E+01  0.000000000000E+00
  0.000000000000E+00  0.000000000000E+00  0.100000000000E+01
  0.000000000000E+00  0.000000000000E+00  0.000000000000E+00
  225
    8      0.006862178446      2.218384180664      5.083679945527
    8      1.934627324164     -1.029682973187      4.995094330090
    8     -1.947410871949     -1.011442200516      4.988984581258
    8     -1.892770717819      5.548248545311      5.077366632638
    8      5.753372433159     -1.096670294036      5.092349980365
    8     -3.987167661326     -4.417646239606      5.366056376392
    8      3.885722082804     -4.446984686889      5.028264907184
    8      1.944445376349      5.548560815616      5.088655107531
    8     -5.796948370105     -1.109930534101      5.072159871410
    8      3.835213086510      2.207123871731      5.087851262202
    8      0.100451812660     -4.511666063868      5.059265881500
    8     -3.842931706231      2.208326325811      5.086466549671
    8     -7.666463086549     -4.408632104403      5.081058529836
    8      7.662560347929      2.196396509638      5.092066653741
    8      5.698039211605      5.468238015248      4.994699142427
    8     -5.708204825246      5.513502459436      5.012472540078
  258      0.003198264249      0.017403905251      4.340621997916
  258     -1.909755515926      3.328935350383      4.336439261971
  258      3.836092669322      0.009955743010      4.342604589572
  258     -1.910457564759     -3.258699237822      4.432002812933
  258      1.968539560504     -3.309248492035      4.355104165467
  258      1.914250564044      3.306505911823      4.333604352255
  258     -3.842495953428      0.018734822719      4.347573467049
  258     -3.820203550989      6.640841967085      4.330017576914
  258      7.656789433172      0.011928397914      4.341338904257
  258      3.829931674419      6.566733668253      4.328534596531
  258      0.004827390460      6.650357432279      4.342018974005
  258      5.738756107380     -3.312011499339      4.343561677613
  258     -5.843410927092     -3.269420740661      4.313127400979
  258      5.752538973152      3.294267538024      4.341289557687
  258      0.014227805031     -6.705826662254      4.359036953362
  258     -5.742246287684      3.313778206114      4.346441624574
    8     -1.921098316398      1.158279524159      3.565038976162
    8      1.915798163718      1.143827641265      3.563164623177
    8      0.008399252307     -2.230559034050      3.627790643438
    8     -3.808325777986      4.415592611756      3.578022593019
    8      5.754441509241      1.105163465554      3.576282351692
    8     -2.009580315996     -5.489512465677      3.663576886312
    8      1.944968622254     -5.549513964453      3.566354798512
    8      3.806186582550      4.398704512703      3.567269016776
    8     -5.759867645535      1.111188060184      3.583930427116
    8      0.013975036778      4.437862493381      3.588708305362
    8      3.858398368534     -2.205304087039      3.583651613940
    8     -3.872180536128     -2.283783635488      3.632115316606
    8     -1.889127294238      7.747680636595      3.575007944375
    8      7.636031566122     -2.198666254360      3.570611895077
    8     -5.711602469912     -5.508039199599      3.593840383745
    8     -7.662920877871      4.393656625510      3.587419104986
    8     -0.003246808708     -0.007080454409      2.114593287989
    8     -1.905485946069      3.337375683095      2.093660500609
    8      3.834708976128      0.001808361547      2.098536923569
    8     -1.912774722124     -3.306458015358      2.100195075855
    8      1.925460299506     -3.314104568790      2.085491925465
    8      1.909130275259      3.324395120764      2.087860619056
    8     -3.837548282486     -0.020331484973      2.127472693010
    8     -3.819630819908      6.637479860929      2.097729147106
    8      7.668355238062      0.005157567128      2.097457323888
    8      3.837504483634      6.623131511550      2.107511973956
    8      0.020002008996      6.650048729595      2.115700599933
    8      5.747589569739     -3.321356984687      2.096038649911
    8     -5.785309844673     -3.306848626187      2.093276722246
    8      5.752507170775      3.316318818021      2.099386840165
    8     -0.030895297709     -6.642661722583      2.111844275942
    8     -5.747010895547      3.320509387955      2.103797872494
  258     -1.917050661738      1.109339270424      1.332813511714
  258      1.916641169879      1.105971429004      1.325738475234
  258     -0.003289905922     -2.219005114520      1.356581218880
  258     -3.831610468479      4.428458101686      1.332301038283
  258      5.750396776133      1.106805429668      1.324290405196
  258     -1.921322703788     -5.524102083767      1.370573657487
  258      1.915903821341     -5.535975033205      1.343620740810
  258      3.835327978039      4.418371247598      1.320648066430
  258     -5.755692282427      1.106322187678      1.332664098406
  258      0.004311802869      4.431501459263      1.330208479992
  258      3.831673556115     -2.212135974717      1.327793481123
  258     -3.831764023061     -2.217240777323      1.353833877255
  258      5.757158212151     -5.532322219032      1.329868180212
  258      7.655204816630     -2.205037450443      1.314656354146
  258     -5.752627224517     -5.533671174662      1.336678890340
  258     -0.001748412874     -8.862661135388      1.333183754943
    8     -0.001815930415      2.209169994426      0.592304435339
    8      1.914174325587     -1.102799818593      0.593540473903
    8     -1.922460507118     -1.099599120785      0.600255977322
    8     -1.906909438646      5.543567502756      0.590828339689
    8      5.749444164881     -1.103563980063      0.587183420569
    8     -3.841203524504     -4.429207137824      0.619210783134
    8      3.837300264442     -4.430897197105      0.592790242935
    8      1.919696566761      5.541032783347      0.590133142527
    8     -5.753476844396     -1.101753890838      0.594745977944
    8      3.835252668851      2.212377797003      0.587901683439
    8     -0.002022535879     -4.431942204021      0.608961316739
    8     -3.834010330040      2.205741838300      0.601349403005
    8      7.668666118725     -4.429271495018      0.589730280601
    8     -7.670995258573      2.215273452726      0.593973278245
    8     -1.919054269716     -7.752105719779      0.597068177215
    8      1.911879837778     -7.749558815120      0.603220582537
    8     -1.919681247246      1.108524513275     -0.943535193381
    8      1.916929113926      1.107451223773     -0.947285260243
    8     -0.004556706691     -2.218337548824     -0.929717127083
    8     -3.836340365748      4.428131695386     -0.936523853651
    8      5.753771014377      1.107856065576     -0.946112529278
    8     -1.922553678777     -5.530053001066     -0.918801095163
    8      1.915183887190     -5.537429516504     -0.937300430310
    8      3.835449072112      4.428016672534     -0.946732135510
    8     -5.753065624514      1.109040209047     -0.940603069834
    8      0.002052081752      4.428166571447     -0.942912045651
    8      3.833296073127     -2.214192601002     -0.943599950797
    8     -3.834766627788     -2.220020323492     -0.926514679778
    8      5.753805303508     -5.535078628877     -0.946200131884
    8      7.668973368738     -2.212122874928     -0.947441318459
    8     -5.750284110056     -5.532727828634     -0.936625020651
    8      0.000675840913     -8.858837024213     -0.939213715943
  258     -0.000552643497      2.214341091421     -1.680327336627
  258      1.912024101679     -1.110426070341     -1.677565348967
  258     -1.917577551861     -1.110212295381     -1.672629088472
  258     -1.916913385353      5.537299198195     -1.679490584827
  258      5.749817175715     -1.106184693664     -1.686351845564
  258     -3.832413608203     -4.428509366111     -1.671453878117
  258      3.833206989092     -4.430095355108     -1.677659930573
  258      1.918631170144      5.538291946290     -1.680501767054
  258     -5.749372522477     -1.108101901529     -1.677593158338
  258      3.835577084483      2.213683009259     -1.685037859403
  258     -0.003497767663     -4.429049925589     -1.669319513905
  258     -3.835637864380      2.213944248899     -1.678836505185
  258     -7.670488689780     -4.429371485116     -1.681240714053
  258     -7.671080260796      2.215476490067     -1.681014626164
  258     -1.916910365530     -7.744452578466     -1.673262730191
  258      1.917145626929     -7.749167562022     -1.676068562050
    8     -0.002020082806     -0.002716459070     -2.456919931034
    8     -1.919501326768      3.323213267189     -2.458503812800
    8      3.834776861942     -0.000281266441     -2.460756224389
    8     -1.919687656960     -3.323066592482     -2.455450526987
    8      1.914036069654     -3.322217699835     -2.456509048269
    8      1.917407625223      3.322963858940     -2.460553907888
    8     -3.836432221084     -0.002458591627     -2.456025406774
    8      3.833879827893     -6.645012544780     -2.457379580517
    8     -7.670549483158      0.001112956966     -2.459567812102
    8     -3.833525897007     -6.639649698561     -2.456103942967
    8      0.001793326790      6.644798134974     -2.458382379266
    8      5.752633150825     -3.320869809833     -2.460129643007
    8     -5.750742234074     -3.320904080623     -2.456997299465
    8      5.754631256459      3.323670290959     -2.458876538008
    8     -0.003462687920     -6.641366389391     -2.454465016123
    8     -5.752868159192      3.323209311145     -2.458213930643
    8      0.000000000000      2.214571445248     -3.914846215896
    8      1.917875130079     -1.107285722624     -3.914846215896
    8     -1.917875130079     -1.107285722624     -3.914846215896
    8     -1.917875130080      5.536428613118     -3.914846215896
    8      5.753625390237     -1.107285722624     -3.914846215896
    8     -3.835750260157     -4.429142890494     -3.914846215896
    8      3.835750260157     -4.429142890494     -3.914846215896
    8      1.917875130080      5.536428613118     -3.914846215896
    8     -5.753625390237     -1.107285722624     -3.914846215896
    8      3.835750260159      2.214571445247     -3.914846215896
    8     -0.000000000001     -4.429142890492     -3.914846215896
    8     -3.835750260158      2.214571445246     -3.914846215896
    8     -7.671500520293     -4.429142890500     -3.914846215896
    8     -7.671500520300      2.214571445248     -3.914846215896
    8      5.753625390229      5.536428613098     -3.914846215896
    8      1.917875130071     -7.751000058346     -3.914846215896
  258      0.000000000000      0.000000000000     -4.697815459075
  258     -1.917875130080      3.321857167872     -4.697815459075
  258      3.835750260159     -0.000000000001     -4.697815459075
  258     -1.917875130079     -3.321857167871     -4.697815459075
  258      1.917875130079     -3.321857167871     -4.697815459075
  258      1.917875130080      3.321857167872     -4.697815459075
  258     -3.835750260159     -0.000000000001     -4.697815459075
  258     -3.835750260165      6.643714335750     -4.697815459075
  258      7.671500520294      0.000000000010     -4.697815459075
  258      3.835750260140      6.643714335750     -4.697815459075
  258      0.000000000000      6.643714335750     -4.697815459075
  258      5.753625390243     -3.321857167875     -4.697815459075
  258      9.589375650380     -3.321857167875     -4.697815459075
  258      5.753625390228      3.321857167862     -4.697815459075
  258     -7.671500520307      6.643714335750     -4.697815459075
  258     -5.753625390224      3.321857167861     -4.697815459075
    8     -1.917875130080      1.107285722623     -5.480784702254
    8      1.917875130079      1.107285722623     -5.480784702254
    8      0.000000000001     -2.214571445246     -5.480784702254
    8     -3.835750260160      4.429142890495     -5.480784702254
    8      5.753625390238      1.107285722622     -5.480784702254
    8     -1.917875130078     -5.536428613117     -5.480784702254
    8      1.917875130078     -5.536428613117     -5.480784702254
    8      3.835750260160      4.429142890495     -5.480784702254
    8     -5.753625390238      1.107285722622     -5.480784702254
    8      0.000000000000      4.429142890495     -5.480784702254
    8      3.835750260158     -2.214571445248     -5.480784702254
    8     -3.835750260158     -2.214571445248     -5.480784702254
    8      5.753625390243     -5.536428613123     -5.480784702254
    8     -7.671500520276     -2.214571445257     -5.480784702254
    8      1.917875130032      7.751000058380     -5.480784702254
    8      7.671500520293      4.429142890500     -5.480784702254
   14     -0.138507153027     -4.375107193840      6.879953116276
    8     -0.217496397921     -6.146663455629      6.700428932051
    8     -0.064831661193     -4.449383780936      8.580341252948
    8      1.367435623293     -3.460646045874      6.718092039652
    6     -0.676986543102     -7.186635557111      7.579691490718
    6      1.905892745941     -2.456100805865      7.586529994051
    6      1.049502090339     -5.006734716943      9.255408780642
    6      0.207021661265     -8.417741768941      7.423342540469
    6      3.418820103187     -2.409120479219      7.414700846108
    6      1.083491243811     -4.478598208403     10.680800880793
    1     -7.735750842259      4.107735778022      8.166929707484
    1      3.854681472726     -1.655083572287      8.082619783276
    1      1.922983163714     -4.913696378903     11.239997681106
    1      1.266954110755     -8.171993175151      7.522151508289
    1     -7.607833158955      4.419340842498      6.431773191251
    1     -0.714105113972     -6.806243462434      8.605242112720
    1     -1.691205451575     -7.463230739769      7.269814261133
    1      0.152842416259     -4.728214038817     11.201780864108
    1      1.187074761940     -3.388053913268     10.694013561996
    1      1.994891632454     -4.767627200925      8.737068636653
    1      0.996704987948     -6.109750269260      9.273544170280
    1      1.625794542700     -2.670186308279      8.622526856543
    1      1.464286502485     -1.493833339706      7.298158485133
    1      3.871757579880     -3.381493072007      7.628110274632
    1      3.702607372309     -2.142279891993      6.391680253816
    8     -1.495833611045     -3.518697425459      6.603739535627
    6     -4.259987623447     -4.387785106006      6.768056589920
    6     -3.725150536381     -5.652075476386      7.414246652675
    1     -2.694764527482     -5.768841284912      7.078115545573
    1     -3.784344407870     -3.504838754557      7.204557184265
    1     -5.361571709158     -4.320191030292      6.920939873609
    1      3.346606650742      6.756489605952      7.123519343120
    1     -3.730699105995     -5.596721853253      8.508975166991
    0    0
