   2   1   1 E -4.0957803863442E+04 DE 9.5E-07(  6)
  0.153430010406E+02  0.000000000000E+00  0.000000000000E+00
 -0.767150052032E+01  0.132874286715E+02  0.000000000000E+00
  0.000000000000E+00  0.000000000000E+00  0.500000000000E+03
    1
  0.100000000000E+01  0.000000000000E+00  0.000000000000E+00
  0.000000000000E+00  0.100000000000E+01  0.000000000000E+00
  0.000000000000E+00  0.000000000000E+00  0.100000000000E+01
  0.000000000000E+00  0.000000000000E+00  0.000000000000E+00
  225
    8      0.007720502512      2.219199688880      5.084490117920
    8      1.943442638660     -1.029969752812      5.008306576196
    8     -1.943402985598     -1.005562369618      4.988556260642
    8     -1.894416656822      5.550069055863      5.080527101289
    8      5.753914907975     -1.096226966468      5.096255630216
    8     -4.002986011651     -4.424125309907      5.365658014148
    8      3.884174696733     -4.438204772302      5.040667076310
    8      1.943091550111      5.547961263242      5.089484872530
    8     -5.792545482118     -1.107663398257      5.071488174051
    8      3.835159209046      2.210595703145      5.087734820365
    8      0.100657913074     -4.507406037544      5.060536943403
    8     -3.836483085840      2.208461881230      5.085200376103
    8     -7.666525162007     -4.408975528583      5.080851779513
    8      7.668363179408      2.204275910833      5.098476788079
    8      5.702132054683      5.468887676288      5.012164845955
    8     -5.716318505207      5.511031704999      5.028619989780
  258      0.004699707059      0.021810343631      4.338475109785
  258     -1.910265603019      3.330142066530      4.337162262580
  258      3.837392811120      0.010427868095      4.344589815287
  258     -1.910262631679     -3.253120436561      4.429313125596
  258      1.966916886348     -3.303022587181      4.370057094012
  258      1.915876985975      3.308413235327      4.334596438970
  258     -3.839957254010      0.019984515079      4.346046665661
  258     -3.821330736059      6.642850068988      4.332986472059
  258      7.659556883527      0.014334241740      4.344120118821
  258      3.830660920955      6.568690083537      4.333855604146
  258      0.004669726228      6.650954567447      4.342771449295
  258      5.739696023273     -3.310165460549      4.344081127496
  258     -5.840747872499     -3.269430507575      4.313798766468
  258      5.753993598114      3.296960395866      4.342196621361
  258      0.012435893229     -6.702798356512      4.373131360540
  258     -5.741994574203      3.316095251434      4.346634550734
    8     -1.918749597129      1.157739182855      3.564373520451
    8      1.916178699983      1.140426020350      3.565158198271
    8      0.010995336397     -2.227324107066      3.631248913218
    8     -3.811362012643      4.421369489229      3.581558760605
    8      5.758112004514      1.106418096170      3.580553891502
    8     -2.006966290902     -5.487406522121      3.664938017232
    8      1.947086157131     -5.550488306917      3.573529627830
    8      3.811483790369      4.401895522946      3.569571189926
    8     -5.758381950948      1.112870236061      3.586566076146
    8      0.013196199871      4.438929710077      3.589626300622
    8      3.858399903757     -2.204030624417      3.586677707588
    8     -3.870289707618     -2.291610560386      3.636638591758
    8     -1.893212194250      7.748995145929      3.578848318223
    8      7.639890854151     -2.196981097161      3.572556789721
    8     -5.710433170633     -5.506990970193      3.593502841534
    8     -7.663344099487      4.396993358971      3.590145226599
    8     -0.001424429599     -0.006720780374      2.115701832919
    8     -1.906333570773      3.338722698063      2.094720697800
    8      3.836068350685      0.003286225750      2.099286466509
    8     -1.911248404571     -3.303641817123      2.099300204894
    8      1.925007756952     -3.312225829410      2.094441088939
    8      1.910314439822      3.325400735708      2.089928161027
    8     -3.836673342979     -0.021831744397      2.128178050300
    8     -3.819847334046      6.639580898444      2.102043313178
    8      7.670145801233      0.006625318109      2.098714013504
    8      3.839908762333      6.625460454054      2.112252268844
    8      0.020279695983      6.651652904051      2.117952512719
    8      5.749044794749     -3.320548487483      2.097092932360
    8     -5.782570236900     -3.305723967249      2.094892621992
    8      5.753197084706      3.317601142948      2.100894443153
    8     -0.031572656144     -6.640490701071      2.121112811363
    8     -5.746101424476      3.322410635382      2.103549510281
  258     -1.916205832500      1.110220673059      1.332496938139
  258      1.918149434865      1.107157454239      1.326147847715
  258     -0.001606387453     -2.218780468892      1.359764210611
  258     -3.832105990167      4.430035884552      1.333030019565
  258      5.751740086296      1.107699074357      1.326032974933
  258     -1.919663159939     -5.523932328036      1.373836113610
  258      1.914778849210     -5.533355654400      1.350714519328
  258      3.836669105947      4.421068160398      1.322646336476
  258     -5.755338888716      1.107276431434      1.333338607400
  258      0.004375236471      4.432374998561      1.330729583118
  258      3.830140909713     -2.212535710552      1.331856630161
  258     -3.829303352988     -2.218641076201      1.354979462873
  258      5.756852268353     -5.531168408998      1.331218164635
  258      7.657154081951     -2.203900610072      1.316305667240
  258     -5.751066387562     -5.533643380834      1.337696465565
  258     -0.001051984753     -8.857981757860      1.337258818821
    8     -0.001370615114      2.209603843808      0.592793397382
    8      1.914167718596     -1.102953741927      0.593359527744
    8     -1.920611847347     -1.099352667896      0.599266533456
    8     -1.906989941233      5.545078329796      0.591605211127
    8      5.749908256359     -1.103425643312      0.588877269513
    8     -3.838882093859     -4.428510282122      0.617269071186
    8      3.836003926706     -4.430324288692      0.594842198489
    8      1.920790026992      5.542297066422      0.591230235435
    8     -5.751676756361     -1.101819000375      0.595407099908
    8      3.835842166787      2.214213050775      0.588801855754
    8     -0.000161212396     -4.431523639617      0.608511172408
    8     -3.833198343571      2.206285543399      0.602146848084
    8      7.670518967333     -4.428721812284      0.590650384808
    8     -7.670201545917      2.216939185058      0.595133635053
    8     -1.917378918606     -7.749376105080      0.597239175041
    8      1.911659309815     -7.746028647782      0.604896030377
    8     -1.919488880825      1.109016566765     -0.942034290590
    8      1.917392928233      1.108193820200     -0.945318224503
    8     -0.003856858513     -2.218359852334     -0.926646773811
    8     -3.836934032200      4.428717801606     -0.934252107597
    8      5.753790896676      1.108541115713     -0.943928421579
    8     -1.921780842967     -5.529419001279     -0.916186424453
    8      1.915031025184     -5.536184523565     -0.933456980095
    8      3.835681169487      4.429378185131     -0.944153903220
    8     -5.752874512484      1.109510842886     -0.938747227226
    8      0.002368689643      4.428818042015     -0.940791942430
    8      3.832831157932     -2.214307471059     -0.940595967778
    8     -3.833874593312     -2.219785089490     -0.923823931560
    8      5.753890537501     -5.533956017290     -0.943381921882
    8      7.669328137043     -2.211683577072     -0.944912247617
    8     -5.749623692536     -5.532452737955     -0.934259929745
    8      0.001143696695     -8.857116101802     -0.936048161274
  258      0.000170411423      2.214755544060     -1.680759730096
  258      1.912239023760     -1.110748368164     -1.676822431309
  258     -1.916330588487     -1.110529850174     -1.672293623667
  258     -1.916598505382      5.537850026524     -1.679821907710
  258      5.750088681310     -1.106228117917     -1.685123640929
  258     -3.830569111547     -4.428655081296     -1.670677419884
  258      3.832773992996     -4.429647681932     -1.676501858531
  258      1.919507934348      5.538823317340     -1.680839729420
  258     -5.747975702060     -1.108111249856     -1.676772439757
  258      3.836383668077      2.214563794841     -1.684620039462
  258     -0.002736585985     -4.428698822342     -1.668090968371
  258     -3.835168137281      2.214356130742     -1.678971879983
  258     -7.669689746718     -4.428913056228     -1.681141571866
  258     -7.670475251102      2.217167656519     -1.680083094621
  258     -1.915975654577     -7.742827377885     -1.672266256088
  258      1.917402623088     -7.747117554625     -1.674920896880
    8     -0.001848234235     -0.002556538401     -2.456530294675
    8     -1.919601000143      3.323900937636     -2.457620351149
    8      3.834400869771      0.000008897667     -2.459753496124
    8     -1.919166045955     -3.322673543033     -2.456012180554
    8      1.914185294097     -3.321867293516     -2.456584134350
    8      1.917308788558      3.323567806803     -2.459743771842
    8     -3.836237374631     -0.002237454571     -2.455299724412
    8      3.833911678743     -6.644343882729     -2.456548581096
    8     -7.670770381418      0.001151812963     -2.458108692254
    8     -3.833388266836     -6.639281660117     -2.456205130618
    8      0.001761947117      6.645096896622     -2.457441565592
    8      5.752395805954     -3.320637127431     -2.459052299650
    8     -5.750518289753     -3.320756149030     -2.456329575678
    8      5.754493397632      3.324669827077     -2.458021307027
    8     -0.003371940561     -6.641133111880     -2.454449608399
    8     -5.752969207368      3.324039418225     -2.457405421927
    8      0.000000000000      2.214571445248     -3.914846215896
    8      1.917875130079     -1.107285722624     -3.914846215896
    8     -1.917875130079     -1.107285722624     -3.914846215896
    8     -1.917875130080      5.536428613118     -3.914846215896
    8      5.753625390237     -1.107285722624     -3.914846215896
    8     -3.835750260157     -4.429142890494     -3.914846215896
    8      3.835750260157     -4.429142890494     -3.914846215896
    8      1.917875130080      5.536428613118     -3.914846215896
    8     -5.753625390237     -1.107285722624     -3.914846215896
    8      3.835750260159      2.214571445247     -3.914846215896
    8     -0.000000000001     -4.429142890492     -3.914846215896
    8     -3.835750260158      2.214571445246     -3.914846215896
    8     -7.671500520293     -4.429142890500     -3.914846215896
    8     -7.671500520300      2.214571445248     -3.914846215896
    8      5.753625390229      5.536428613098     -3.914846215896
    8      1.917875130071     -7.751000058346     -3.914846215896
  258      0.000000000000      0.000000000000     -4.697815459075
  258     -1.917875130080      3.321857167872     -4.697815459075
  258      3.835750260159     -0.000000000001     -4.697815459075
  258     -1.917875130079     -3.321857167871     -4.697815459075
  258      1.917875130079     -3.321857167871     -4.697815459075
  258      1.917875130080      3.321857167872     -4.697815459075
  258     -3.835750260159     -0.000000000001     -4.697815459075
  258     -3.835750260165      6.643714335750     -4.697815459075
  258      7.671500520294      0.000000000010     -4.697815459075
  258      3.835750260140      6.643714335750     -4.697815459075
  258      0.000000000000      6.643714335750     -4.697815459075
  258      5.753625390243     -3.321857167875     -4.697815459075
  258      9.589375650380     -3.321857167875     -4.697815459075
  258      5.753625390228      3.321857167862     -4.697815459075
  258     -7.671500520307      6.643714335750     -4.697815459075
  258     -5.753625390224      3.321857167861     -4.697815459075
    8     -1.917875130080      1.107285722623     -5.480784702254
    8      1.917875130079      1.107285722623     -5.480784702254
    8      0.000000000001     -2.214571445246     -5.480784702254
    8     -3.835750260160      4.429142890495     -5.480784702254
    8      5.753625390238      1.107285722622     -5.480784702254
    8     -1.917875130078     -5.536428613117     -5.480784702254
    8      1.917875130078     -5.536428613117     -5.480784702254
    8      3.835750260160      4.429142890495     -5.480784702254
    8     -5.753625390238      1.107285722622     -5.480784702254
    8      0.000000000000      4.429142890495     -5.480784702254
    8      3.835750260158     -2.214571445248     -5.480784702254
    8     -3.835750260158     -2.214571445248     -5.480784702254
    8      5.753625390243     -5.536428613123     -5.480784702254
    8     -7.671500520276     -2.214571445257     -5.480784702254
    8      1.917875130032      7.751000058380     -5.480784702254
    8      7.671500520293      4.429142890500     -5.480784702254
   14     -0.168376469645     -4.358785168084      6.885570658230
    8     -0.239269577323     -6.121647413182      6.706856591943
    8     -0.134211575424     -4.408147337178      8.584343407594
    8      1.331165714263     -3.441132759924      6.734370251449
    6     -0.710329668496     -7.152478591556      7.591282257643
    6      1.845387809387     -2.422035220974      7.601208506802
    6      0.959610575291     -4.939131609563      9.306168677074
    6      0.240000199579     -8.340384380260      7.542130848684
    6      3.362428355463     -2.374018570526      7.459934832291
    6      0.919619799921     -4.404794039034     10.728107814329
    1     -7.711047213123      4.208258366656      8.304071628161
    1      3.784326947952     -1.616066185338      8.133452744984
    1      1.736080932408     -4.828521083998     11.327777044965
    1      1.279401905941     -8.035382050959      7.701238367205
    1     -7.487322742050      4.456496038792      6.560693035604
    1     -0.835936325925     -6.736932097304      8.596221459237
    1     -1.684824275890     -7.486425820122      7.217527456416
    1     -0.031747062294     -4.662311878225     11.205543331758
    1      1.010579902813     -3.312921945965     10.740038697300
    1      1.920100530664     -4.679065280586      8.826846515243
    1      0.927749810529     -6.043110411318      9.325750209349
    1      1.540313287825     -2.624153458646      8.634814173083
    1      1.405667412292     -1.465343151893      7.287943092176
    1      3.808787320526     -3.345908508610      7.694470393469
    1      3.666055650232     -2.114490837452      6.439456561455
    8     -1.528756474929     -3.518016982112      6.586920256409
    6     -4.275786688884     -4.367832239024      6.767673410529
    6     -3.784828043135     -5.634558692784      7.435233526114
    1     -2.728225034236     -5.749484598738      7.194437531985
    1     -3.780397214012     -3.492531248961      7.204238011521
    1     -5.378145233881     -4.273485733006      6.922618316759
    1      3.316368699590      6.772690654921      7.089158226785
    1     -3.894004767816     -5.581714951977      8.525296841311
    0    0
