   2   1   1 E -4.0957806830933E+04 DE 4.9E-06(  7)
  0.153430010406E+02  0.000000000000E+00  0.000000000000E+00
 -0.767150052032E+01  0.132874286715E+02  0.000000000000E+00
  0.000000000000E+00  0.000000000000E+00  0.500000000000E+03
    1
  0.100000000000E+01  0.000000000000E+00  0.000000000000E+00
  0.000000000000E+00  0.100000000000E+01  0.000000000000E+00
  0.000000000000E+00  0.000000000000E+00  0.100000000000E+01
  0.000000000000E+00  0.000000000000E+00  0.000000000000E+00
  225
    8      0.006575028048      2.219616582848      5.085091493044
    8      1.935610361440     -1.028633566371      4.997559645325
    8     -1.947325859809     -1.007859779098      4.988762582260
    8     -1.894075025473      5.549998058160      5.079509849695
    8      5.752279015322     -1.095981752096      5.094636810652
    8     -3.984507604575     -4.421614079040      5.371451210411
    8      3.883467571129     -4.443149944445      5.032592317456
    8      1.943486126695      5.549080234770      5.089865619217
    8     -5.796974881913     -1.107920805092      5.072437603265
    8      3.834095898158      2.209339194610      5.088508717830
    8      0.098321904722     -4.508873887119      5.057173180078
    8     -3.841327531313      2.209713776684      5.087195044075
    8     -7.667963893779     -4.408236381132      5.081623801288
    8      7.663788206782      2.200737181203      5.095617982012
    8      5.698634706513      5.469213295276      5.000066074505
    8     -5.711959573501      5.513968987257      5.018059406932
  258      0.002678867416      0.020071412939      4.339928024870
  258     -1.910647031586      3.330471738856      4.337905087143
  258      3.835505781238      0.011012884384      4.343959776354
  258     -1.913028600569     -3.254236578173      4.428373063894
  258      1.966251500138     -3.306493355664      4.359405652786
  258      1.914345261413      3.307932951687      4.334979914315
  258     -3.842927145468      0.020822515057      4.347797220212
  258     -3.821398557010      6.642625519523      4.331635762902
  258      7.656714380492      0.013578821077      4.343372941958
  258      3.829300400834      6.567624470119      4.330421228646
  258      0.003780847977      6.651560550751      4.343266235244
  258      5.737905156282     -3.310610438982      4.344507249049
  258     -5.844458309254     -3.268215670527      4.313554334494
  258      5.752610514162      3.295937020474      4.342354030278
  258      0.012868699842     -6.704616613549      4.363557967312
  258     -5.742767407530      3.315867699055      4.347474511947
    8     -1.921240795146      1.159654526731      3.565153030482
    8      1.915165965762      1.143657431116      3.564074644616
    8      0.008450678972     -2.228093499297      3.627981323080
    8     -3.810196582739      4.418755848702      3.580039214889
    8      5.755185751400      1.106266474346      3.578870875774
    8     -2.010517445066     -5.488296254427      3.663372692348
    8      1.944861734393     -5.549502657214      3.568627300730
    8      3.807591065282      4.400508480608      3.568432800478
    8     -5.760586219471      1.112944732985      3.585701968585
    8      0.013032737262      4.439031509028      3.589862424390
    8      3.857413182781     -2.204176280813      3.584820028793
    8     -3.873604039032     -2.284707860467      3.632793932737
    8     -1.891749364332      7.749122536295      3.577006896750
    8      7.635731650026     -2.197120990801      3.571910201190
    8     -5.712330180409     -5.506984351462      3.594281985408
    8     -7.663648670026      4.395388492438      3.588658656691
    8     -0.003490556082     -0.005774339069      2.114929480427
    8     -1.906441721459      3.338751904697      2.094687471485
    8      3.834694318064      0.003163645631      2.099280937103
    8     -1.913303974041     -3.304616630822      2.097513580148
    8      1.924482642512     -3.313142250797      2.088292242683
    8      1.909054501934      3.325411194125      2.089368901412
    8     -3.838023829967     -0.019750199814      2.128128212760
    8     -3.820087942798      6.638879699255      2.099611865716
    8      7.668231435901      0.006383744427      2.098688283670
    8      3.837367755554      6.624374456021      2.109325169264
    8      0.019129583135      6.651273557407      2.117296177902
    8      5.747430119520     -3.320567900728      2.096799402263
    8     -5.785923174072     -3.305561816509      2.093909314064
    8      5.752219164834      3.317074941919      2.100413071288
    8     -0.031700180540     -6.641382156952      2.114478119035
    8     -5.747021228697      3.321965919261      2.104026742285
  258     -1.917496839753      1.110664113466      1.332817339916
  258      1.916763238066      1.107134289666      1.326083147264
  258     -0.003290588417     -2.218326968748      1.357239950698
  258     -3.832224972670      4.429672595418      1.332817728154
  258      5.750349385114      1.107583306216      1.325218126791
  258     -1.921639187264     -5.523643284084      1.370613471267
  258      1.914797801827     -5.534620672755      1.346146322424
  258      3.835240993007      4.419717223542      1.321499965934
  258     -5.756213784108      1.107398164003      1.333190625576
  258      0.003741326175      4.432441365782      1.330721115403
  258      3.830516445058     -2.211741187237      1.329342196485
  258     -3.832167107431     -2.216623056856      1.353454628432
  258      5.756463638350     -5.531297000535      1.330590778793
  258      7.654940773894     -2.204074980843      1.315472531447
  258     -5.753110554537     -5.533000713550      1.337128071620
  258     -0.001867988099     -8.860651268108      1.334628173514
    8     -0.002089095048      2.210129289100      0.592737520438
    8      1.913775197851     -1.102382262238      0.593436561069
    8     -1.922535545897     -1.098378562050      0.599695807326
    8     -1.907315011468      5.544620261897      0.591351963150
    8      5.749020335894     -1.102906890518      0.587861224071
    8     -3.841260268101     -4.428396293627      0.618141328054
    8      3.836537948795     -4.430098371003      0.593600419366
    8      1.919443148851      5.541732494453      0.590640731683
    8     -5.753615086349     -1.100991188517      0.594997769549
    8      3.835071980306      2.213450444244      0.588231541647
    8     -0.001858872095     -4.431374557915      0.608662752939
    8     -3.834328726468      2.206539962482      0.601842914457
    8      7.668589963681     -4.428609852588      0.590160830299
    8     -7.671226055601      2.216098035487      0.594604282533
    8     -1.918879241143     -7.750545097594      0.597199359877
    8      1.911399364368     -7.748014304536      0.603862807580
    8     -1.920080915781      1.109335906393     -0.943357265475
    8      1.916787808573      1.108070111936     -0.946847145154
    8     -0.004616554185     -2.217847985609     -0.928996808819
    8     -3.836875458635      4.428708730140     -0.935968641296
    8      5.753429615211      1.108298916366     -0.945516718153
    8     -1.922699549476     -5.529554672547     -0.918135604329
    8      1.914905266560     -5.536805189422     -0.936164173545
    8      3.835198597581      4.428663805687     -0.946063544458
    8     -5.753408055269      1.109610687471     -0.940038939788
    8      0.001837261442      4.428780199042     -0.942357737880
    8      3.832795040467     -2.213915548197     -0.942794734829
    8     -3.835249334580     -2.219364220385     -0.925975982799
    8      5.753487965851     -5.534327040273     -0.945483032758
    8      7.668545879050     -2.211601280489     -0.946841670364
    8     -5.750711044974     -5.532377836592     -0.936062135532
    8      0.000520585097     -8.858170345525     -0.938230127348
  258     -0.000497705684      2.214797139663     -1.680673886545
  258      1.911971396767     -1.110287995063     -1.677406326988
  258     -1.917472909410     -1.109886891133     -1.672737139515
  258     -1.917029924257      5.537823057075     -1.679796595374
  258      5.749610313383     -1.105939217829     -1.686111257972
  258     -3.832011104946     -4.428402889978     -1.671046567183
  258      3.832879751891     -4.429661444936     -1.677375078254
  258      1.918691635162      5.538651761669     -1.680789471114
  258     -5.749296104623     -1.107789370944     -1.677499063813
  258      3.835727625689      2.214152177701     -1.685105732879
  258     -0.003384225561     -4.428730189749     -1.668785352827
  258     -3.835786581743      2.214465882231     -1.679096642754
  258     -7.670548703755     -4.428903110174     -1.681371899308
  258     -7.671166096616      2.216209695011     -1.680824113147
  258     -1.916759427443     -7.743617375569     -1.672845944667
  258      1.917037418229     -7.748242977728     -1.675725149669
    8     -0.002129830056     -0.002352144826     -2.457250043576
    8     -1.919782546809      3.323771772318     -2.458817027461
    8      3.834351036885      0.000004680626     -2.461067603256
    8     -1.919745092388     -3.322717493862     -2.456014583159
    8      1.913967493166     -3.321895550799     -2.456988972956
    8      1.917086364705      3.323402857654     -2.460908250844
    8     -3.836621283354     -0.002009847701     -2.456328450038
    8      3.833746147021     -6.644621795527     -2.457660623513
    8     -7.670943009152      0.001275434151     -2.459627511541
    8     -3.833771983602     -6.639355686359     -2.456603718568
    8      0.001495553377      6.645069964397     -2.458625943472
    8      5.752278398905     -3.320671628935     -2.460400838192
    8     -5.750895966041     -3.320678058689     -2.457286862897
    8      5.754311810246      3.324232885533     -2.459172546639
    8     -0.003641428965     -6.641147452774     -2.454654837269
    8     -5.753155374546      3.323676958698     -2.458563022490
    8      0.000000000000      2.214571445248     -3.914846215896
    8      1.917875130079     -1.107285722624     -3.914846215896
    8     -1.917875130079     -1.107285722624     -3.914846215896
    8     -1.917875130080      5.536428613118     -3.914846215896
    8      5.753625390237     -1.107285722624     -3.914846215896
    8     -3.835750260157     -4.429142890494     -3.914846215896
    8      3.835750260157     -4.429142890494     -3.914846215896
    8      1.917875130080      5.536428613118     -3.914846215896
    8     -5.753625390237     -1.107285722624     -3.914846215896
    8      3.835750260159      2.214571445247     -3.914846215896
    8     -0.000000000001     -4.429142890492     -3.914846215896
    8     -3.835750260158      2.214571445246     -3.914846215896
    8     -7.671500520293     -4.429142890500     -3.914846215896
    8     -7.671500520300      2.214571445248     -3.914846215896
    8      5.753625390229      5.536428613098     -3.914846215896
    8      1.917875130071     -7.751000058346     -3.914846215896
  258      0.000000000000      0.000000000000     -4.697815459075
  258     -1.917875130080      3.321857167872     -4.697815459075
  258      3.835750260159     -0.000000000001     -4.697815459075
  258     -1.917875130079     -3.321857167871     -4.697815459075
  258      1.917875130079     -3.321857167871     -4.697815459075
  258      1.917875130080      3.321857167872     -4.697815459075
  258     -3.835750260159     -0.000000000001     -4.697815459075
  258     -3.835750260165      6.643714335750     -4.697815459075
  258      7.671500520294      0.000000000010     -4.697815459075
  258      3.835750260140      6.643714335750     -4.697815459075
  258      0.000000000000      6.643714335750     -4.697815459075
  258      5.753625390243     -3.321857167875     -4.697815459075
  258      9.589375650380     -3.321857167875     -4.697815459075
  258      5.753625390228      3.321857167862     -4.697815459075
  258     -7.671500520307      6.643714335750     -4.697815459075
  258     -5.753625390224      3.321857167861     -4.697815459075
    8     -1.917875130080      1.107285722623     -5.480784702254
    8      1.917875130079      1.107285722623     -5.480784702254
    8      0.000000000001     -2.214571445246     -5.480784702254
    8     -3.835750260160      4.429142890495     -5.480784702254
    8      5.753625390238      1.107285722622     -5.480784702254
    8     -1.917875130078     -5.536428613117     -5.480784702254
    8      1.917875130078     -5.536428613117     -5.480784702254
    8      3.835750260160      4.429142890495     -5.480784702254
    8     -5.753625390238      1.107285722622     -5.480784702254
    8      0.000000000000      4.429142890495     -5.480784702254
    8      3.835750260158     -2.214571445248     -5.480784702254
    8     -3.835750260158     -2.214571445248     -5.480784702254
    8      5.753625390243     -5.536428613123     -5.480784702254
    8     -7.671500520276     -2.214571445257     -5.480784702254
    8      1.917875130032      7.751000058380     -5.480784702254
    8      7.671500520293      4.429142890500     -5.480784702254
   14     -0.151472189866     -4.368116273682      6.879118955537
    8     -0.223623287718     -6.135524435555      6.701034896797
    8     -0.095128237186     -4.432503300366      8.578068539723
    8      1.351255389204     -3.451117578158      6.721784671654
    6     -0.676505992978     -7.173680013966      7.585150699077
    6      1.882398917075     -2.445231859991      7.593017451573
    6      1.002493282657     -4.997408664042      9.271238011785
    6      0.237463699061     -8.384569002353      7.464928668038
    6      3.396943610443     -2.373105433338      7.401597705870
    6      1.016042606988     -4.464944054310     10.695023197009
    1     -7.700376947415      4.151703955041      8.220223197163
    1      3.829268698321     -1.608316318565      8.062043733366
    1      1.834826028721     -4.914111110406     11.273409255006
    1      1.288612591656     -8.110619096396      7.578003766695
    1     -7.547719830270      4.432303331696      6.480790550920
    1     -0.742334548383     -6.778506004355      8.602889045471
    1     -1.677430724830     -7.475378170220      7.257668329593
    1      0.069302535287     -4.694915423659     11.196131655419
    1      1.139873267337     -3.375896207352     10.706369210016
    1      1.957648598384     -4.765124914676      8.766484656497
    1      0.938693800415     -6.100581906210      9.289984358866
    1      1.617349829324     -2.673880097497      8.635030046177
    1      1.418345855170     -1.486273500109      7.315851153611
    1      3.869602246010     -3.337765663699      7.617738651830
    1      3.664385674703     -2.105520523166      6.370383291109
    8     -1.512409672581     -3.519482487943      6.597520127311
    6     -4.240168272639     -4.370861419185      6.776878352703
    6     -3.724184562212     -5.636465846960      7.433605910633
    1     -2.686904914773     -5.761376252130      7.117024855768
    1     -3.740945707783     -3.492486543086      7.198493402333
    1     -5.339396815655     -4.279655772191      6.944507226701
    1      3.344910412620      6.775341152166      7.134136860214
    1     -3.751463670582     -5.576010604924      8.529650992045
    0    0
