   2   1   1 E -4.0957689781725E+04 DE-7.3E-06(  6)
  0.153430010406E+02  0.000000000000E+00  0.000000000000E+00
 -0.767150052032E+01  0.132874286715E+02  0.000000000000E+00
  0.000000000000E+00  0.000000000000E+00  0.500000000000E+03
    1
  0.100000000000E+01  0.000000000000E+00  0.000000000000E+00
  0.000000000000E+00  0.100000000000E+01  0.000000000000E+00
  0.000000000000E+00  0.000000000000E+00  0.100000000000E+01
  0.000000000000E+00  0.000000000000E+00  0.000000000000E+00
  225
    8      0.008918774268      2.218932641538      5.353861834147
    8      1.963631565787     -1.028354461468      5.309638308988
    8     -1.941023915773     -0.996703967353      5.293383199698
    8     -1.895365879039      5.548876748319      5.348424539137
    8      5.754627859870     -1.095441569084      5.373014649418
    8     -4.016399172377     -4.432245532426      5.686480155716
    8      3.891353644916     -4.429833644500      5.333820439664
    8      1.941910756969      5.536114265261      5.356968601617
    8     -5.806623173215     -1.102563548662      5.352403595550
    8      3.835208287992      2.207178061246      5.357753184090
    8      0.121673188520     -4.514276910170      5.393037593089
    8     -3.837318356078      2.206408462754      5.356637486222
    8     -7.672254770122     -4.404280127755      5.350901380441
    8      7.667082798578      2.197257247295      5.374499074626
    8      5.704107154949      5.447318589601      5.302115404396
    8     -5.723916791592      5.494425515968      5.324460941906
  258      0.008498299581      0.026394507546      4.606399968226
  258     -1.909962703745      3.329471235015      4.599316089539
  258      3.843131781872      0.014562989665      4.609096596530
  258     -1.902938820904     -3.231481626323      4.760037661245
  258      1.986857843940     -3.296294048840      4.671903704838
  258      1.913933713261      3.303743587666      4.596617283774
  258     -3.843015626570      0.023188795107      4.613968422406
  258     -3.819353836875      6.639280809673      4.598232780743
  258      7.657945839499      0.015440257122      4.616242721719
  258      3.829793900567      6.547834959579      4.593316741474
  258      0.003808082016      6.650009317870      4.602766884942
  258      5.742627325986     -3.309961553189      4.608666647824
  258     -5.856114475382     -3.260614988290      4.582119018929
  258      5.751606334321      3.285939087911      4.604296035038
  258      0.015244201167     -6.719812632086      4.669722372314
  258     -5.741210475592      3.307499287454      4.610238391979
    8     -1.917270633313      1.157212255385      3.800857153705
    8      1.916097064965      1.140317649067      3.800083854329
    8      0.013889120460     -2.223312602927      3.904128297527
    8     -3.811425009305      4.419947946162      3.818058930446
    8      5.758590889831      1.105761311095      3.814247406778
    8     -2.007552114051     -5.493180657799      3.939157887297
    8      1.951885058960     -5.554532678414      3.831670883234
    8      3.809736245831      4.397327604361      3.801824550408
    8     -5.756813259113      1.112134396443      3.821944226001
    8      0.010841006079      4.437006000983      3.824076392720
    8      3.862145962437     -2.205072430267      3.831302982798
    8     -3.866974495029     -2.274717449507      3.895790221068
    8     -1.895113244633      7.747214811426      3.814007881698
    8      7.637347506625     -2.196068745690      3.809587808709
    8     -5.717790999620     -5.513148692214      3.835446153826
    8     -7.662735970262      4.392726980296      3.833406778526
    8     -0.001425073903     -0.011319509762      2.332395908076
    8     -1.906390237915      3.337923008200      2.302119943461
    8      3.836232469562      0.002101925693      2.307104398353
    8     -1.908510310261     -3.303395039775      2.325257955662
    8      1.924812285529     -3.312807744455      2.320271758011
    8      1.908494202402      3.323732094665      2.293894062922
    8     -3.835414705997     -0.022302238207      2.342625627781
    8     -3.822094296906      6.638404317032      2.317017888284
    8      7.671122695839      0.006636773794      2.305846224903
    8      3.841829143849      6.622836571690      2.326885429454
    8      0.019195929601      6.650463646588      2.325550899979
    8      5.748578310337     -3.322316560531      2.304928685292
    8     -5.782038804584     -3.303734705754      2.314480071074
    8      5.753737666189      3.315971382412      2.307330712046
    8     -0.032381930884     -6.639827593935      2.349809778136
    8     -5.746080452590      3.320779757573      2.313244249979
  258     -1.916058075002      1.107384718750      1.514398220218
  258      1.918334415357      1.104613518906      1.504894289418
  258     -0.002405596158     -2.223726948206      1.553864906326
  258     -3.832832729309      4.429610771153      1.513607569007
  258      5.754588956489      1.106569202977      1.501796945985
  258     -1.918354161820     -5.519445615293      1.572129813249
  258      1.913669651492     -5.531813337324      1.544596035180
  258      3.837434049066      4.420420133336      1.497268987127
  258     -5.755680908059      1.105532174179      1.512226577124
  258      0.004743756919      4.430867754867      1.507986542695
  258      3.829165906327     -2.214950969787      1.513932486532
  258     -3.825141674165     -2.220844409276      1.546049850301
  258      5.755898868701     -5.531260581575      1.510403818257
  258      7.660187225941     -2.204447248226      1.493717359991
  258     -5.750438425559     -5.532108107100      1.521979968928
  258     -0.002352362251     -8.855337605818      1.520468337378
    8     -0.001942223764      2.205903844002      0.734801287870
    8      1.913280616686     -1.106105274163      0.741836311396
    8     -1.919692579040     -1.102195453305      0.750388454532
    8     -1.908836504490      5.545272793947      0.733592516126
    8      5.751843205633     -1.104442215975      0.729593558609
    8     -3.837639137773     -4.428005966833      0.773507442520
    8      3.832952292254     -4.430858854347      0.742615795750
    8      1.921224809467      5.543435015977      0.733475629660
    8     -5.749593831051     -1.102751068774      0.739372560518
    8      3.836671090800      2.213103992286      0.728333878049
    8     -0.001230516515     -4.432441801670      0.768780632530
    8     -3.833010877224      2.204803735506      0.744840177007
    8      7.671835211107     -4.428346834864      0.734132353668
    8     -7.669191520414      2.217582464310      0.735864423616
    8     -1.916385727699     -7.747899902598      0.746308852881
    8      1.909550426375     -7.743582409193      0.754512672513
    8     -1.919404605264      1.105962719560     -0.829060437939
    8      1.917508794118      1.105275515790     -0.832872354894
    8     -0.003968457769     -2.222111233917     -0.811184445556
    8     -3.837970739485      4.429238944288     -0.820072043286
    8      5.755282826431      1.107567802286     -0.833489161848
    8     -1.920495732265     -5.527618923057     -0.801267319092
    8      1.912673479411     -5.535190592298     -0.817491588184
    8      3.837177693361      4.429730947088     -0.831497681136
    8     -5.752201308352      1.108282443658     -0.827563823648
    8      0.002481422656      4.427590071694     -0.828997035443
    8      3.831831458791     -2.216133740549     -0.826764297757
    8     -3.831335287894     -2.222487707572     -0.810004624650
    8      5.753008937492     -5.533707923196     -0.830670497424
    8      7.671404296889     -2.212593470688     -0.831428155598
    8     -5.747272977848     -5.531275132778     -0.820472215566
    8      0.001164956640     -8.854669631368     -0.822942336568
  258     -0.000497086815      2.212696270176     -1.605275991805
  258      1.911562983711     -1.112645104202     -1.599040464422
  258     -1.916686719207     -1.112361606055     -1.593911698011
  258     -1.917970304504      5.537982463508     -1.603718664176
  258      5.750886082736     -1.106865831825     -1.610923359601
  258     -3.830109822497     -4.428230325799     -1.592286671851
  258      3.830758292633     -4.429569509858     -1.599793568415
  258      1.919487288286      5.539574667276     -1.604877714005
  258     -5.747295412969     -1.108733734961     -1.600410254486
  258      3.836575847968      2.213641399704     -1.610816576439
  258     -0.004004789094     -4.429238710619     -1.587572388863
  258     -3.835873890407      2.213516913242     -1.603219380272
  258     -7.669694498177     -4.428542850249     -1.605312692055
  258     -7.670434007421      2.217107955689     -1.605718512163
  258     -1.915692028437     -7.741979479187     -1.594231893354
  258      1.915385889984     -7.746088751527     -1.597119710373
    8     -0.001419667316     -0.004406079920     -2.399885681761
    8     -1.919756827257      3.323239703476     -2.402144239973
    8      3.835216664607     -0.001087259864     -2.404769822339
    8     -1.918433405715     -3.323123141377     -2.398403325470
    8      1.914128162559     -3.322343520860     -2.399247220818
    8      1.918190463406      3.323003336726     -2.404533298481
    8     -3.835653711156     -0.003526517585     -2.399415636658
    8      3.832921781393     -6.643832698639     -2.399966653505
    8     -7.669759469489      0.000506655324     -2.403852999003
    8     -3.832388590394     -6.639029276370     -2.398989139918
    8      0.002320455189      6.645519083424     -2.401692374286
    8      5.752875553389     -3.320671177808     -2.403483405390
    8     -5.749915796115     -3.320722232668     -2.400512588843
    8      5.755244406479      3.324887693009     -2.402443557050
    8     -0.003316120090     -6.640044001159     -2.396805315171
    8     -5.752889904743      3.324270556133     -2.401614052091
    8      0.000000000000      2.214571445248     -3.914846215896
    8      1.917875130079     -1.107285722624     -3.914846215896
    8     -1.917875130079     -1.107285722624     -3.914846215896
    8     -1.917875130080      5.536428613118     -3.914846215896
    8      5.753625390237     -1.107285722624     -3.914846215896
    8     -3.835750260157     -4.429142890494     -3.914846215896
    8      3.835750260157     -4.429142890494     -3.914846215896
    8      1.917875130080      5.536428613118     -3.914846215896
    8     -5.753625390237     -1.107285722624     -3.914846215896
    8      3.835750260159      2.214571445247     -3.914846215896
    8     -0.000000000001     -4.429142890492     -3.914846215896
    8     -3.835750260158      2.214571445246     -3.914846215896
    8     -7.671500520293     -4.429142890500     -3.914846215896
    8     -7.671500520300      2.214571445248     -3.914846215896
    8      5.753625390229      5.536428613098     -3.914846215896
    8      1.917875130071     -7.751000058346     -3.914846215896
  258      0.000000000000      0.000000000000     -4.697815459075
  258     -1.917875130080      3.321857167872     -4.697815459075
  258      3.835750260159     -0.000000000001     -4.697815459075
  258     -1.917875130079     -3.321857167871     -4.697815459075
  258      1.917875130079     -3.321857167871     -4.697815459075
  258      1.917875130080      3.321857167872     -4.697815459075
  258     -3.835750260159     -0.000000000001     -4.697815459075
  258     -3.835750260165      6.643714335750     -4.697815459075
  258      7.671500520294      0.000000000010     -4.697815459075
  258      3.835750260140      6.643714335750     -4.697815459075
  258      0.000000000000      6.643714335750     -4.697815459075
  258      5.753625390243     -3.321857167875     -4.697815459075
  258      9.589375650380     -3.321857167875     -4.697815459075
  258      5.753625390228      3.321857167862     -4.697815459075
  258     -7.671500520307      6.643714335750     -4.697815459075
  258     -5.753625390224      3.321857167861     -4.697815459075
    8     -1.917875130080      1.107285722623     -5.480784702254
    8      1.917875130079      1.107285722623     -5.480784702254
    8      0.000000000001     -2.214571445246     -5.480784702254
    8     -3.835750260160      4.429142890495     -5.480784702254
    8      5.753625390238      1.107285722622     -5.480784702254
    8     -1.917875130078     -5.536428613117     -5.480784702254
    8      1.917875130078     -5.536428613117     -5.480784702254
    8      3.835750260160      4.429142890495     -5.480784702254
    8     -5.753625390238      1.107285722622     -5.480784702254
    8      0.000000000000      4.429142890495     -5.480784702254
    8      3.835750260158     -2.214571445248     -5.480784702254
    8     -3.835750260158     -2.214571445248     -5.480784702254
    8      5.753625390243     -5.536428613123     -5.480784702254
    8     -7.671500520276     -2.214571445257     -5.480784702254
    8      1.917875130032      7.751000058380     -5.480784702254
    8      7.671500520293      4.429142890500     -5.480784702254
   14     -0.149299888846     -4.363785313792      7.191098373696
    8     -0.235956544103     -6.137902205411      7.049953127434
    8     -0.121299500279     -4.406022487242      8.903194754507
    8      1.337512107185     -3.404708645064      7.067315709947
    6     -0.725575172233     -7.094827194898      8.007090689321
    6      1.794503227438     -2.411541095663      7.999023363130
    6      0.962080961017     -4.948268929152      9.636827496379
    6      0.246758952736     -8.256348772942      8.143985181798
    6      3.313375006571     -2.416400727800      8.055712855480
    6      0.932876032999     -4.409583367574     11.059176307234
    1     -7.746734609829      4.362821376796      8.953322404105
    1      3.665497672859     -1.695423034833      8.805091152956
    1      1.748357382273     -4.843084808926     11.653931477996
    1      1.261946625102     -7.907902861459      8.357591678066
    1     -7.390930653460      4.445419815997      7.216309072088
    1     -0.909030386523     -6.586660386460      8.957903222227
    1     -1.683803494616     -7.473490046885      7.632219988668
    1     -0.017549624091     -4.656573281407     11.543859373443
    1      1.038952171284     -3.319166018437     11.073316078969
    1      1.928703034676     -4.705153339022      9.161765041513
    1      0.912993584131     -6.050645311598      9.666229779056
    1      1.358568862149     -2.604665288856      8.982803414711
    1      1.433887284783     -1.433853879868      7.652741596963
    1      3.696390419516     -3.407933348028      8.318691666757
    1      3.749633379120     -2.136544922884      7.088941692932
    8     -1.522868599400     -3.523656461618      6.905994498412
    6     -4.331090236395     -4.361493867728      7.080402880686
    6     -3.857000476577     -5.609510340936      7.805407730595
    1     -2.784477661424     -5.705934736132      7.646578390901
    1     -3.856261982273     -3.476733826555      7.521961735151
    1     -5.436396609163     -4.264159104325      7.197692333319
    1      3.291219701263      6.780169422352      7.437256384210
    1     -4.042999855549     -5.542849535219      8.883340535489
    0    0
