   2   1   1 E -4.0957807073161E+04 DE-3.8E-06(  4)
  0.153430010406E+02  0.000000000000E+00  0.000000000000E+00
 -0.767150052032E+01  0.132874286715E+02  0.000000000000E+00
  0.000000000000E+00  0.000000000000E+00  0.500000000000E+03
    1
  0.100000000000E+01  0.000000000000E+00  0.000000000000E+00
  0.000000000000E+00  0.100000000000E+01  0.000000000000E+00
  0.000000000000E+00  0.000000000000E+00  0.100000000000E+01
  0.000000000000E+00  0.000000000000E+00  0.000000000000E+00
  225
    8      0.006813381168      2.219287789027      5.083653469716
    8      1.935026448124     -1.028700789826      4.994579798713
    8     -1.947390273550     -1.008645960860      4.987358233619
    8     -1.893472159744      5.549389631328      5.077801341129
    8      5.752673181320     -1.096259520957      5.092811367210
    8     -3.987583784357     -4.419192499952      5.365450205232
    8      3.884203688245     -4.444621157646      5.029559910266
    8      1.944028109689      5.548855180128      5.088234115908
    8     -5.796830677548     -1.108487069321      5.071258660264
    8      3.834545085248      2.208653058747      5.087161338904
    8      0.098955595571     -4.509234791233      5.055747474395
    8     -3.841576900862      2.209323407251      5.085955154715
    8     -7.667436909651     -4.408669892667      5.080531970796
    8      7.663672972060      2.199543451147      5.093437812089
    8      5.698530140602      5.468665664082      4.996205441705
    8     -5.710397474743      5.513845931713      5.014444173076
  258      0.002845078853      0.019446394290      4.338910702632
  258     -1.910205724067      3.329974919496      4.336617759760
  258      3.835761778387      0.010717240028      4.342495945543
  258     -1.912552740499     -3.255357696547      4.427440246418
  258      1.967043359601     -3.307411714109      4.356256769682
  258      1.914536744887      3.307416996954      4.333618522362
  258     -3.842683325168      0.020298671985      4.346849030811
  258     -3.820742944329      6.641987693725      4.330005922954
  258      7.656902642209      0.013041939227      4.341876537847
  258      3.829610243669      6.567091290765      4.328192954101
  258      0.004199207815      6.651007972209      4.341971495783
  258      5.738238572981     -3.311118251108      4.343276325793
  258     -5.843999939201     -3.268606699313      4.312497977636
  258      5.752924188348      3.295243977386      4.340905581711
  258      0.013520653459     -6.705277785516      4.360270078128
  258     -5.742250263555      3.315211075460      4.346095554023
    8     -1.921153213832      1.159396265144      3.564259625167
    8      1.915424781032      1.143747542695      3.562850779826
    8      0.008630831357     -2.228554314152      3.626319270973
    8     -3.809407326068      4.417737399998      3.578550114920
    8      5.755172787751      1.105802002262      3.577379771064
    8     -2.010257042494     -5.489147003409      3.661686313080
    8      1.945266034283     -5.549750604828      3.566535817771
    8      3.807369972676      4.399715857485      3.566993319411
    8     -5.760301985697      1.112366679374      3.584417057892
    8      0.013463497466      4.438567602209      3.588648196126
    8      3.857869322143     -2.204565823731      3.583266563833
    8     -3.873387936423     -2.284326977146      3.631359881239
    8     -1.890859683900      7.748603333389      3.575598215129
    8      7.635817216523     -2.197580870018      3.570755380083
    8     -5.712139022701     -5.507586172086      3.592962712592
    8     -7.663111347786      4.394536827697      3.586934305311
    8     -0.003378423478     -0.005959716683      2.113713893456
    8     -1.906050317270      3.338286318148      2.093567228130
    8      3.834870665159      0.002796355437      2.098168201924
    8     -1.913236707386     -3.305059297668      2.096864721539
    8      1.924933862621     -3.313532223381      2.086105936726
    8      1.909196450233      3.325005743813      2.088118663571
    8     -3.837836382143     -0.019928602361      2.127101830069
    8     -3.819623082252      6.638326312227      2.097988722864
    8      7.668376553375      0.005953269991      2.097582241351
    8      3.837349580519      6.623699152312      2.107653885537
    8      0.019397132985      6.650770135502      2.115999248362
    8      5.747641170438     -3.320877987086      2.095705058580
    8     -5.785839363692     -3.305929962742      2.092761071101
    8      5.752439855998      3.316555449663      2.099139980136
    8     -0.031220016567     -6.641991668249      2.112194333809
    8     -5.746751298940      3.321363702320      2.102973750711
  258     -1.917315179814      1.110321931311      1.332121212772
  258      1.916855390313      1.106828794853      1.325277093646
  258     -0.003186801941     -2.218413559318      1.355998523303
  258     -3.831815262424      4.429186337923      1.331977016018
  258      5.750482799746      1.107243967054      1.324337607320
  258     -1.921565931844     -5.524048902844      1.369527813823
  258      1.915338052869     -5.535170772470      1.344461903524
  258      3.835314921106      4.419125121459      1.320501051141
  258     -5.755934422202      1.107012426458      1.332417859721
  258      0.003989787624      4.432066370575      1.329921974467
  258      3.831016030664     -2.211889566147      1.328126968840
  258     -3.832193536408     -2.216696270842      1.352713770560
  258      5.756828132921     -5.531691120502      1.329712721714
  258      7.655033472409     -2.204392874346      1.314623815053
  258     -5.752978286618     -5.533324465583      1.336291406604
  258     -0.001620959180     -8.861533010920      1.333326213863
    8     -0.001920048352      2.209878337623      0.592166750477
    8      1.914046106016     -1.102464011489      0.592864737616
    8     -1.922544205654     -1.098604008497      0.599281293751
    8     -1.907034065079      5.544197156264      0.590771444052
    8      5.749229090442     -1.103137911808      0.587243394029
    8     -3.841318425166     -4.428677611091      0.617887738111
    8      3.836984051510     -4.430387300728      0.592815700742
    8      1.919534214965      5.541336545449      0.590002391967
    8     -5.753604714555     -1.101194481400      0.594495418586
    8      3.835220963983      2.213048679815      0.587663749244
    8     -0.001775398206     -4.431590005282      0.608021469093
    8     -3.834139110407      2.206227654728      0.601299687596
    8      7.668637144116     -4.428894785755      0.589608435841
    8     -7.671044738404      2.215652479541      0.593971788278
    8     -1.918885267807     -7.751242653532      0.596496620332
    8      1.911753576922     -7.748683482212      0.603069156200
    8     -1.919936889933      1.109130223730     -0.943982500036
    8      1.916908432572      1.107902331175     -0.947544023858
    8     -0.004564937133     -2.217936809815     -0.929917031618
    8     -3.836591686904      4.428436749940     -0.936702558341
    8      5.753606482381      1.108090047305     -0.946207509082
    8     -1.922669453382     -5.529804191590     -0.919048220487
    8      1.915134531849     -5.537093461400     -0.937184738896
    8      3.835286807698      4.428341058286     -0.946861554039
    8     -5.753245729269      1.109381490114     -0.940718822038
    8      0.001944911036      4.428547718750     -0.943050881056
    8      3.833066686947     -2.214010297055     -0.943623064127
    8     -3.835198106404     -2.219511698222     -0.926743608347
    8      5.753678592740     -5.534615357040     -0.946243926334
    8      7.668693167517     -2.211777672347     -0.947569320078
    8     -5.750631550208     -5.532551372591     -0.936826595887
    8      0.000655507553     -8.858580013109     -0.939153595997
  258     -0.000453764469      2.214647161698     -1.680824552998
  258      1.912088332591     -1.110318962014     -1.677744759906
  258     -1.917506723768     -1.109953344432     -1.673024021380
  258     -1.916905962832      5.537618974505     -1.679951125763
  258      5.749738008397     -1.106037527875     -1.686395684015
  258     -3.832150706994     -4.428475323032     -1.671479858956
  258      3.833093371858     -4.429820978928     -1.677724899807
  258      1.918714114869      5.538460178148     -1.680967682499
  258     -5.749318671520     -1.107895881890     -1.677786474766
  258      3.835768533690      2.213952270634     -1.685322316631
  258     -0.003338894810     -4.428864163415     -1.669286709798
  258     -3.835688880804      2.214262160935     -1.679268855775
  258     -7.670491737615     -4.429064908344     -1.681565987293
  258     -7.671072522745      2.215898342943     -1.681122934416
  258     -1.916758897795     -7.744003748870     -1.673300557459
  258      1.917175222315     -7.748623198216     -1.676124806642
    8     -0.002076803098     -0.002426988372     -2.457391069949
    8     -1.919663186150      3.323584188519     -2.458938345986
    8      3.834525964556     -0.000092477885     -2.461205390868
    8     -1.919745173347     -3.322819530923     -2.456093929204
    8      1.914059735025     -3.322003136759     -2.457104627945
    8      1.917186906222      3.323229983289     -2.461036699236
    8     -3.836584154710     -0.002124743763     -2.456463311305
    8      3.833870051121     -6.644799911014     -2.457808128012
    8     -7.670812496337      0.001200430112     -2.459824113033
    8     -3.833714010406     -6.639520353378     -2.456720777102
    8      0.001588786272      6.644940582763     -2.458762454722
    8      5.752426530294     -3.320751250939     -2.460543259824
    8     -5.750870888760     -3.320751235669     -2.457425150406
    8      5.754433278563      3.323974134558     -2.459341565852
    8     -0.003542369823     -6.641311480019     -2.454845133844
    8     -5.753028240398      3.323452677322     -2.458697445918
    8      0.000000000000      2.214571445248     -3.914846215896
    8      1.917875130079     -1.107285722624     -3.914846215896
    8     -1.917875130079     -1.107285722624     -3.914846215896
    8     -1.917875130080      5.536428613118     -3.914846215896
    8      5.753625390237     -1.107285722624     -3.914846215896
    8     -3.835750260157     -4.429142890494     -3.914846215896
    8      3.835750260157     -4.429142890494     -3.914846215896
    8      1.917875130080      5.536428613118     -3.914846215896
    8     -5.753625390237     -1.107285722624     -3.914846215896
    8      3.835750260159      2.214571445247     -3.914846215896
    8     -0.000000000001     -4.429142890492     -3.914846215896
    8     -3.835750260158      2.214571445246     -3.914846215896
    8     -7.671500520293     -4.429142890500     -3.914846215896
    8     -7.671500520300      2.214571445248     -3.914846215896
    8      5.753625390229      5.536428613098     -3.914846215896
    8      1.917875130071     -7.751000058346     -3.914846215896
  258      0.000000000000      0.000000000000     -4.697815459075
  258     -1.917875130080      3.321857167872     -4.697815459075
  258      3.835750260159     -0.000000000001     -4.697815459075
  258     -1.917875130079     -3.321857167871     -4.697815459075
  258      1.917875130079     -3.321857167871     -4.697815459075
  258      1.917875130080      3.321857167872     -4.697815459075
  258     -3.835750260159     -0.000000000001     -4.697815459075
  258     -3.835750260165      6.643714335750     -4.697815459075
  258      7.671500520294      0.000000000010     -4.697815459075
  258      3.835750260140      6.643714335750     -4.697815459075
  258      0.000000000000      6.643714335750     -4.697815459075
  258      5.753625390243     -3.321857167875     -4.697815459075
  258      9.589375650380     -3.321857167875     -4.697815459075
  258      5.753625390228      3.321857167862     -4.697815459075
  258     -7.671500520307      6.643714335750     -4.697815459075
  258     -5.753625390224      3.321857167861     -4.697815459075
    8     -1.917875130080      1.107285722623     -5.480784702254
    8      1.917875130079      1.107285722623     -5.480784702254
    8      0.000000000001     -2.214571445246     -5.480784702254
    8     -3.835750260160      4.429142890495     -5.480784702254
    8      5.753625390238      1.107285722622     -5.480784702254
    8     -1.917875130078     -5.536428613117     -5.480784702254
    8      1.917875130078     -5.536428613117     -5.480784702254
    8      3.835750260160      4.429142890495     -5.480784702254
    8     -5.753625390238      1.107285722622     -5.480784702254
    8      0.000000000000      4.429142890495     -5.480784702254
    8      3.835750260158     -2.214571445248     -5.480784702254
    8     -3.835750260158     -2.214571445248     -5.480784702254
    8      5.753625390243     -5.536428613123     -5.480784702254
    8     -7.671500520276     -2.214571445257     -5.480784702254
    8      1.917875130032      7.751000058380     -5.480784702254
    8      7.671500520293      4.429142890500     -5.480784702254
   14     -0.148146582742     -4.367463226225      6.877862600434
    8     -0.238203596506     -6.136152304826      6.703803708909
    8     -0.088614523616     -4.432271705693      8.577617058042
    8      1.365003370474     -3.464198230388      6.723600164105
    6     -0.694834581294     -7.170057670139      7.590948746876
    6      1.895865218753     -2.453309609877      7.589746858657
    6      1.020453093498     -4.980799504900      9.267104546339
    6      0.201860405279     -8.396052294498      7.452163165834
    6      3.407415128772     -2.416583568470      7.444087117815
    6      1.028123153516     -4.453135610632     10.692608375494
    1     -7.731278878032      4.145122218642      8.212852443208
    1      3.833173154354     -1.660904509496      8.114977011524
    1      1.861067622961     -4.882550762526     11.265746008500
    1      1.263940856396     -8.140646844044      7.541895352301
    1     -7.614854103782      4.420564137710      6.468176632069
    1     -0.741811468820     -6.777227134175      8.612468182216
    1     -1.704157807536     -7.460645961351      7.274347094197
    1      0.090362337988     -4.708902973629     11.197783505642
    1      1.123700332492     -3.361480852185     10.706290701453
    1      1.970373728950     -4.730753918356      8.761335429639
    1      0.977029896339     -6.084798342395      9.282936304339
    1      1.598450061141     -2.654938406286      8.621153171946
    1      1.466180503822     -1.491346225571      7.287288941409
    1      3.849522035350     -3.390207487102      7.669268123946
    1      3.711187659606     -2.157374809442      6.428627868566
    8     -1.499653371254     -3.504769764393      6.593777399903
    6     -4.273837834232     -4.376551696308      6.763710329412
    6     -3.754043898389     -5.637711572005      7.425007564739
    1     -2.715311583163     -5.752780528879      7.121852390590
    1     -3.797760537175     -3.492422065827      7.197731737844
    1     -5.376759911617     -4.302302613958      6.905864190963
    1      3.329489326271      6.769218272464      7.118528522332
    1     -3.795123765185     -5.581329662646      8.516995243346
    0    0
