   2   1   1 E -4.0957807892100E+04 DE 2.5E-06(  3)
  0.153430010406E+02  0.000000000000E+00  0.000000000000E+00
 -0.767150052032E+01  0.132874286715E+02  0.000000000000E+00
  0.000000000000E+00  0.000000000000E+00  0.500000000000E+03
    1
  0.100000000000E+01  0.000000000000E+00  0.000000000000E+00
  0.000000000000E+00  0.100000000000E+01  0.000000000000E+00
  0.000000000000E+00  0.000000000000E+00  0.100000000000E+01
  0.000000000000E+00  0.000000000000E+00  0.000000000000E+00
  225
    8      0.007797740513      2.218929514868      5.082253126788
    8      1.933818803522     -1.025405259813      4.992362935094
    8     -1.943429803663     -1.016053843296      4.992538309006
    8     -1.892339442304      5.547689948075      5.076461298402
    8      5.757427500786     -1.094196339965      5.088940708090
    8     -3.992377596537     -4.409428647490      5.365132013422
    8      3.889291839518     -4.449863045460      5.024751533516
    8      1.944321372806      5.549423556490      5.089046840385
    8     -5.794865987126     -1.111572412555      5.073671620861
    8      3.839534352001      2.206670778381      5.089220595755
    8      0.105615244140     -4.515769877798      5.064936786268
    8     -3.845896056573      2.208022940489      5.087465776979
    8     -7.664038648738     -4.406219995608      5.081964299200
    8      7.661591055908      2.187923519195      5.086601322110
    8      5.694747401669      5.471283911320      4.992973195812
    8     -5.699461307759      5.513652737917      5.006159629091
  258      0.005444271839      0.015165342382      4.341095631592
  258     -1.908698509647      3.327944264318      4.335092213998
  258      3.837744796643      0.011444055691      4.339924834139
  258     -1.905889438459     -3.261847363943      4.438941456981
  258      1.972474400201     -3.308700730180      4.349555731154
  258      1.913832743362      3.306735682677      4.331896753479
  258     -3.840694017231      0.015649439742      4.346653775175
  258     -3.819500159358      6.639273234186      4.329228966657
  258      7.658180906002      0.012266736176      4.338677026285
  258      3.830462906651      6.566276317568      4.327263221236
  258      0.006075963267      6.650146064312      4.340918285503
  258      5.740855372401     -3.311769542044      4.342945972866
  258     -5.841080611274     -3.269142231286      4.313501400371
  258      5.751012923792      3.294726737170      4.341198167487
  258      0.016592334274     -6.704443415350      4.354863366387
  258     -5.741597593954      3.311700517016      4.346344870453
    8     -1.921412611320      1.155803170040      3.566644873599
    8      1.917962959906      1.146756431969      3.561896575808
    8      0.009061500238     -2.234154505477      3.628645172413
    8     -3.804117457718      4.411477765969      3.575107042076
    8      5.752159403408      1.106112194986      3.571487639098
    8     -2.005023879669     -5.487379710191      3.665661929429
    8      1.942564792901     -5.545952362659      3.564161036533
    8      3.803702167132      4.397541800366      3.566332645886
    8     -5.755996973204      1.109220138166      3.581354645074
    8      0.015003526972      4.438241972128      3.588026118672
    8      3.859556095131     -2.204659238972      3.584158161118
    8     -3.868760438149     -2.279768033681      3.630636100913
    8     -1.883685296779      7.746946860672      3.572806524764
    8      7.638350207330     -2.199910716490      3.568153980423
    8     -5.709798639298     -5.508499745032      3.593864582411
    8     -7.662878589972      4.393430655578      3.590652164078
    8     -0.002148778215     -0.008262481904      2.115548572653
    8     -1.902999833224      3.335252326284      2.092201969433
    8      3.834356989113      0.000343962965      2.096384661326
    8     -1.911929085933     -3.307737735182      2.107156701355
    8      1.927159409998     -3.312701233564      2.082217122968
    8      1.908739822298      3.324845190667      2.084663848251
    8     -3.835679093135     -0.019317795450      2.124918046931
    8     -3.820270743486      6.637324673478      2.098110422281
    8      7.669190495000      0.005323924545      2.094471206605
    8      3.840008410115      6.623606062563      2.106821359919
    8      0.022560366562      6.649521398940      2.113353904646
    8      5.747194054932     -3.321212023596      2.096152882337
    8     -5.782257422212     -3.308153658358      2.093023171860
    8      5.753709773385      3.318565561096      2.099283789190
    8     -0.029527816690     -6.644108676138      2.109851664360
    8     -5.747867714023      3.320273875326      2.105180090170
  258     -1.916077991291      1.108330081603      1.333074245034
  258      1.916419309824      1.105439560824      1.324986816952
  258     -0.003564429888     -2.219652021253      1.356670422865
  258     -3.831432148058      4.427725788287      1.332021449162
  258      5.751115553897      1.107366689499      1.322935975264
  258     -1.919851044170     -5.522762774434      1.370722696525
  258      1.918487410699     -5.536275346232      1.340404826043
  258      3.836362221391      4.418636949347      1.319899722924
  258     -5.754083187703      1.105748465894      1.331855349104
  258      0.005031855061      4.431516169848      1.329488207804
  258      3.833887530672     -2.211484334466      1.325313426379
  258     -3.828961416556     -2.218742553057      1.354942078915
  258      5.758192313697     -5.532509975209      1.329825652282
  258      7.657229977580     -2.205323461730      1.313979741805
  258     -5.750944592046     -5.533495171063      1.336085992915
  258     -0.001419546512     -8.863204096626      1.332703439117
    8     -0.001518283436      2.207956855116      0.590634496355
    8      1.914386319349     -1.102559857636      0.592653549179
    8     -1.920640866430     -1.102445749544      0.600192293708
    8     -1.906933781754      5.543272137434      0.590314989737
    8      5.750483562549     -1.104220137005      0.585913841816
    8     -3.838302683370     -4.429586862700      0.618411907688
    8      3.838382146104     -4.431602261795      0.591631100231
    8      1.920821022345      5.541790558374      0.588854064546
    8     -5.752006074593     -1.102772709118      0.594654724566
    8      3.836368581468      2.212297092282      0.587481486887
    8     -0.002931019010     -4.431987291634      0.609486592337
    8     -3.833179464278      2.206471159025      0.600096112069
    8      7.669169103034     -4.428989548483      0.589325392248
    8     -7.670035950883      2.216517102398      0.592697041211
    8     -1.918992972004     -7.752921989957      0.596777500649
    8      1.912976576573     -7.750144626346      0.602490278258
    8     -1.919096403476      1.107240316991     -0.942844454731
    8      1.917471873294      1.107318851290     -0.947704671076
    8     -0.003849117519     -2.218997353365     -0.929234072100
    8     -3.835569719843      4.428156012650     -0.937102945625
    8      5.754701385098      1.108053867553     -0.946688827852
    8     -1.921471493175     -5.530434789043     -0.917943954683
    8      1.915402320974     -5.537041923687     -0.936991986992
    8      3.835904623237      4.428209797984     -0.947197202359
    8     -5.752229518823      1.108694108374     -0.941142211915
    8      0.002503370520      4.428093285494     -0.943653515259
    8      3.833968336998     -2.214308777734     -0.944231596562
    8     -3.833005600625     -2.220672013803     -0.926395119385
    8      5.754626573834     -5.535323870239     -0.946441677679
    8      7.670345821546     -2.212243555856     -0.947654536086
    8     -5.749054807406     -5.532140584179     -0.936432999521
    8      0.001405157631     -8.857573297007     -0.939118413903
  258     -0.000864959273      2.214333098914     -1.680604832786
  258      1.911796830385     -1.110482967288     -1.678021458279
  258     -1.917487297080     -1.110444595416     -1.672882843966
  258     -1.916954696045      5.537092727459     -1.679578170654
  258      5.750490644987     -1.106070204364     -1.687185163643
  258     -3.832154003533     -4.428270726927     -1.672095309678
  258      3.833890477170     -4.430220529775     -1.678749426530
  258      1.918601859150      5.538529125148     -1.680735176205
  258     -5.748577973698     -1.108392544025     -1.677427308855
  258      3.835052461313      2.213914375251     -1.685334860901
  258     -0.003731023255     -4.429154844416     -1.670065163005
  258     -3.835233035864      2.213668756127     -1.679041947364
  258     -7.670178932028     -4.429658749350     -1.681499093196
  258     -7.670861605488      2.215390998802     -1.681549745053
  258     -1.916944893942     -7.744210750734     -1.673413446505
  258      1.917227502645     -7.749799037381     -1.676755075473
    8     -0.001665366756     -0.003250400029     -2.457037335678
    8     -1.919182980026      3.322618108721     -2.458427742976
    8      3.835477037438     -0.000312875568     -2.460433129903
    8     -1.918827309874     -3.323437617201     -2.455459113135
    8      1.914219286553     -3.322447743971     -2.456160017146
    8      1.918096424050      3.322798322754     -2.460519515750
    8     -3.835672604519     -0.002912213836     -2.455904373767
    8      3.833969373557     -6.644680720671     -2.457267785302
    8     -7.669795690173      0.001120331139     -2.459469971591
    8     -3.832855590299     -6.639364824547     -2.455792521533
    8      0.002537445472      6.645048489886     -2.458304801069
    8      5.753249170507     -3.320768726223     -2.459858132747
    8     -5.750008292651     -3.320915628024     -2.456651171598
    8      5.755276560493      3.323757421633     -2.458451918467
    8     -0.002945026178     -6.640959058432     -2.454701360756
    8     -5.752412513706      3.323407349370     -2.457884377787
    8      0.000000000000      2.214571445248     -3.914846215896
    8      1.917875130079     -1.107285722624     -3.914846215896
    8     -1.917875130079     -1.107285722624     -3.914846215896
    8     -1.917875130080      5.536428613118     -3.914846215896
    8      5.753625390237     -1.107285722624     -3.914846215896
    8     -3.835750260157     -4.429142890494     -3.914846215896
    8      3.835750260157     -4.429142890494     -3.914846215896
    8      1.917875130080      5.536428613118     -3.914846215896
    8     -5.753625390237     -1.107285722624     -3.914846215896
    8      3.835750260159      2.214571445247     -3.914846215896
    8     -0.000000000001     -4.429142890492     -3.914846215896
    8     -3.835750260158      2.214571445246     -3.914846215896
    8     -7.671500520293     -4.429142890500     -3.914846215896
    8     -7.671500520300      2.214571445248     -3.914846215896
    8      5.753625390229      5.536428613098     -3.914846215896
    8      1.917875130071     -7.751000058346     -3.914846215896
  258      0.000000000000      0.000000000000     -4.697815459075
  258     -1.917875130080      3.321857167872     -4.697815459075
  258      3.835750260159     -0.000000000001     -4.697815459075
  258     -1.917875130079     -3.321857167871     -4.697815459075
  258      1.917875130079     -3.321857167871     -4.697815459075
  258      1.917875130080      3.321857167872     -4.697815459075
  258     -3.835750260159     -0.000000000001     -4.697815459075
  258     -3.835750260165      6.643714335750     -4.697815459075
  258      7.671500520294      0.000000000010     -4.697815459075
  258      3.835750260140      6.643714335750     -4.697815459075
  258      0.000000000000      6.643714335750     -4.697815459075
  258      5.753625390243     -3.321857167875     -4.697815459075
  258      9.589375650380     -3.321857167875     -4.697815459075
  258      5.753625390228      3.321857167862     -4.697815459075
  258     -7.671500520307      6.643714335750     -4.697815459075
  258     -5.753625390224      3.321857167861     -4.697815459075
    8     -1.917875130080      1.107285722623     -5.480784702254
    8      1.917875130079      1.107285722623     -5.480784702254
    8      0.000000000001     -2.214571445246     -5.480784702254
    8     -3.835750260160      4.429142890495     -5.480784702254
    8      5.753625390238      1.107285722622     -5.480784702254
    8     -1.917875130078     -5.536428613117     -5.480784702254
    8      1.917875130078     -5.536428613117     -5.480784702254
    8      3.835750260160      4.429142890495     -5.480784702254
    8     -5.753625390238      1.107285722622     -5.480784702254
    8      0.000000000000      4.429142890495     -5.480784702254
    8      3.835750260158     -2.214571445248     -5.480784702254
    8     -3.835750260158     -2.214571445248     -5.480784702254
    8      5.753625390243     -5.536428613123     -5.480784702254
    8     -7.671500520276     -2.214571445257     -5.480784702254
    8      1.917875130032      7.751000058380     -5.480784702254
    8      7.671500520293      4.429142890500     -5.480784702254
   14     -0.124169784051     -4.378463633381      6.879184176078
    8     -0.186631038063     -6.158011185231      6.702688086407
    8     -0.011321611787     -4.466257899487      8.575968574679
    8      1.365227086820     -3.432455293704      6.705242068530
    6     -0.644932552584     -7.195925878279      7.584030458753
    6      1.910243872974     -2.435541028344      7.577135549862
    6      1.131651908232     -5.022244927714      9.203532146100
    6      0.183256634616     -8.455107990349      7.374237796598
    6      3.421911645389     -2.392543833422      7.402866129406
    6      1.204193153839     -4.531519578795     10.639502176179
    1     -7.782831388687      4.060612821666      8.097511961149
    1      3.863510199492     -1.643259472985      8.072360262222
    1      2.068234984319     -4.970584347270     11.156319023515
    1      1.254291521220     -8.259523214539      7.461294417290
    1     -7.663974746607      4.418867021689      6.375092036552
    1     -0.619685420576     -6.836346719179      8.615859444878
    1     -1.682948221193     -7.424952658359      7.323727303618
    1      0.296246454642     -4.808021352987     11.185797226928
    1      1.295436880792     -3.440307637047     10.679341691738
    1      2.056396842579     -4.753461790385      8.663516573784
    1      1.097147689917     -6.126161643115      9.193502222515
    1      1.631896775148     -2.656920787165      8.611451403519
    1      1.472257319840     -1.469386754681      7.296127489518
    1      3.871106703459     -3.368257863068      7.608390876618
    1      3.702548018836     -2.121402782909      6.380962098918
    8     -1.492246087568     -3.535640303696      6.616334399457
    6     -4.235032860947     -4.391591361736      6.773928660249
    6     -3.679219999152     -5.662515480028      7.389066533520
    1     -2.673570662969     -5.785605653653      6.991594666476
    1     -3.751266803957     -3.512402089237      7.210097122169
    1     -5.333305497474     -4.327729183020      6.947128836504
    1      3.372214862908      6.750318273920      7.131265337283
    1     -3.615043847138     -5.608695481963      8.478590118115
    0    0
