   2   1   1 E -4.0957807737643E+04 DE 2.6E-06(  7)
  0.153430010406E+02  0.000000000000E+00  0.000000000000E+00
 -0.767150052032E+01  0.132874286715E+02  0.000000000000E+00
  0.000000000000E+00  0.000000000000E+00  0.500000000000E+03
    1
  0.100000000000E+01  0.000000000000E+00  0.000000000000E+00
  0.000000000000E+00  0.100000000000E+01  0.000000000000E+00
  0.000000000000E+00  0.000000000000E+00  0.100000000000E+01
  0.000000000000E+00  0.000000000000E+00  0.000000000000E+00
  225
    8      0.007053162298      2.217493528506      5.082132307916
    8      1.933255345177     -1.029479967745      4.993597716663
    8     -1.946193614893     -1.015017496326      4.989167929745
    8     -1.891994407116      5.546993666329      5.075661783579
    8      5.755116105398     -1.096186438432      5.089807688355
    8     -3.989652519907     -4.409242930838      5.362011381156
    8      3.887735525795     -4.450352033562      5.024607653233
    8      1.944806757175      5.548784804517      5.087749024192
    8     -5.796015313396     -1.111839963960      5.071896088720
    8      3.837160459237      2.205438917921      5.087718192541
    8      0.102112524916     -4.513724342031      5.061606119451
    8     -3.845170110292      2.207127210767      5.085974847982
    8     -7.664519851781     -4.407701135407      5.080730665972
    8      7.661150504330      2.190900362919      5.087809395819
    8      5.696836437027      5.468905470056      4.990337674385
    8     -5.703166649574      5.513620380569      5.007027909168
  258      0.003942079596      0.014709167637      4.340998099262
  258     -1.908984087647      3.327550417364      4.334770318653
  258      3.836552086825      0.009734333854      4.340847389486
  258     -1.907572275377     -3.262295751056      4.435549225476
  258      1.970415493624     -3.310552381238      4.350485261871
  258      1.913912132267      3.305610276745      4.332043835910
  258     -3.841468051266      0.016135165455      4.346462015586
  258     -3.819691099071      6.639195829617      4.328750078182
  258      7.657298770886      0.010970893363      4.338763233797
  258      3.830347421647      6.566253472511      4.326402283574
  258      0.005834485344      6.649654703029      4.340626611297
  258      5.739773664671     -3.312638682026      4.342717218214
  258     -5.841722616166     -3.269762678783      4.311939142572
  258      5.751879188316      3.293553979069      4.340469295119
  258      0.015713261229     -6.705605816106      4.354549037233
  258     -5.741898579086      3.311832062423      4.345570138952
    8     -1.920959332376      1.156438967702      3.564973914039
    8      1.916489876782      1.144599471412      3.562145658167
    8      0.008154698941     -2.232962243224      3.627459230386
    8     -3.806048757113      4.412232022823      3.575782630481
    8      5.752954672844      1.104816423639      3.572844041882
    8     -2.007619518991     -5.489232291526      3.663772591097
    8      1.943684189118     -5.547754530186      3.564270289724
    8      3.804150568286      4.397283512671      3.566119091547
    8     -5.758189827467      1.109515904171      3.581576037730
    8      0.014830117411      4.437260444555      3.587719924283
    8      3.858919357350     -2.205743147763      3.583199137846
    8     -3.870086282472     -2.281738284535      3.629845185223
    8     -1.885805128367      7.746606271519      3.572943434154
    8      7.636964228572     -2.200022304508      3.568623825936
    8     -5.710583914504     -5.508685813317      3.592952601689
    8     -7.662460764749      4.392850262096      3.587502268335
    8     -0.002910039250     -0.008474086444      2.114735938290
    8     -1.904270988811      3.335941459399      2.092422605379
    8      3.834263627941      0.000417240503      2.097499862339
    8     -1.912110969079     -3.307949175520      2.103909922652
    8      1.926267435143     -3.314061745775      2.082878072353
    8      1.908902953111      3.323852246287      2.085740478028
    8     -3.836720748364     -0.020331368878      2.125949477616
    8     -3.819936409765      6.636667266271      2.096614907217
    8      7.668631599636      0.004396896973      2.095533374978
    8      3.838281811597      6.622724756945      2.105552816941
    8      0.021248295186      6.649182701704      2.113766182662
    8      5.747341185130     -3.321674179184      2.095661970839
    8     -5.783923417269     -3.307965638643      2.092394319116
    8      5.752943579367      3.316820548692      2.098613086173
    8     -0.030064983381     -6.643474156095      2.109326571196
    8     -5.747433303080      3.319586122556      2.104045551922
  258     -1.916457978180      1.108028652092      1.332738940569
  258      1.916193280692      1.104867575466      1.325303333162
  258     -0.003696216174     -2.219551151148      1.356098541881
  258     -3.831382161874      4.427539531070      1.331800122811
  258      5.750422094721      1.106557502628      1.323143398911
  258     -1.920712784994     -5.523516905823      1.370146361255
  258      1.917096601371     -5.536791443739      1.340728324255
  258      3.835659907621      4.417739636930      1.319749991902
  258     -5.754858252626      1.105505543087      1.331848003330
  258      0.004792862627      4.430931496612      1.329498784313
  258      3.832814118260     -2.212103830106      1.325974682635
  258     -3.830376062553     -2.218120246582      1.354141050335
  258      5.757719579979     -5.532950449282      1.329314479724
  258      7.656020889582     -2.205695264513      1.313709239432
  258     -5.751749683305     -5.533972721912      1.335736026262
  258     -0.001695355949     -8.863889470513      1.331934550823
    8     -0.001694045821      2.208129487471      0.591373602309
    8      1.914249516104     -1.103070661449      0.593339566613
    8     -1.921883496063     -1.101443967687      0.600344405958
    8     -1.906805646635      5.542858679351      0.590128078706
    8      5.749887951955     -1.104198843149      0.586218325641
    8     -3.840187770382     -4.429816590020      0.619286064462
    8      3.837802518258     -4.431527343986      0.591884061810
    8      1.920050742060      5.540918608159      0.589119042967
    8     -5.752791513328     -1.102598936096      0.594214170104
    8      3.835476882316      2.211603979598      0.587455680529
    8     -0.002625582046     -4.432147428612      0.608976678984
    8     -3.833546812797      2.205405324456      0.600356756295
    8      7.668805407556     -4.429524523858      0.589021260152
    8     -7.670637220917      2.215250935574      0.593062095664
    8     -1.919148200883     -7.753093345045      0.596762166578
    8      1.912287288162     -7.750521826248      0.602507875375
    8     -1.919198150527      1.107576605017     -0.943584212148
    8      1.917022465940      1.106902465811     -0.947794270358
    8     -0.004420409803     -2.218820800547     -0.930041098842
    8     -3.835868121613      4.427857737866     -0.937178536629
    8      5.754166654693      1.107702132645     -0.946795388503
    8     -1.922187703537     -5.530298044735     -0.918988035764
    8      1.915346585388     -5.537610708681     -0.937980404777
    8      3.835749013914      4.427801828827     -0.947410102090
    8     -5.752580576299      1.108634250291     -0.941297104775
    8      0.002239634886      4.427767647606     -0.943738152119
    8      3.833677172271     -2.214353711937     -0.944379913547
    8     -3.833642149055     -2.220751097858     -0.926872802853
    8      5.754107962030     -5.535560304130     -0.946912897542
    8      7.669705347971     -2.212494405890     -0.947986202128
    8     -5.749547132846     -5.532736512673     -0.937148087518
    8      0.000952705609     -8.858632320809     -0.939885454818
  258     -0.000801338121      2.214049931585     -1.680421522837
  258      1.911825089941     -1.110526208704     -1.678023469475
  258     -1.917632958657     -1.110558868582     -1.672794843260
  258     -1.916970400932      5.536903968164     -1.679586416423
  258      5.750043098279     -1.106321878231     -1.686994417022
  258     -3.832540224612     -4.428420165522     -1.672052937486
  258      3.833470758927     -4.430373545142     -1.678365369201
  258      1.918480234880      5.538227889036     -1.680603510192
  258     -5.749115671714     -1.108385634896     -1.677757285698
  258      3.835149027534      2.213490257321     -1.685292789863
  258     -0.003843985502     -4.429230045280     -1.670067203089
  258     -3.835440850176      2.213545509506     -1.678919958130
  258     -7.670408807434     -4.429758753875     -1.681484326553
  258     -7.671003889175      2.215015661250     -1.681486063489
  258     -1.917107966301     -7.744721088579     -1.673686543193
  258      1.917156024598     -7.749865451446     -1.676672640454
    8     -0.001855462174     -0.003187088708     -2.456888034777
    8     -1.919241781368      3.322655250691     -2.458485770357
    8      3.835203230268     -0.000496894214     -2.460540979423
    8     -1.919373565536     -3.323391962653     -2.455156632081
    8      1.914014668283     -3.322450772152     -2.456103152178
    8      1.917833005025      3.322651299478     -2.460433728457
    8     -3.835997183485     -0.002961569218     -2.455930135654
    8      3.833905794854     -6.645094932935     -2.457300335733
    8     -7.670019692082      0.001023241940     -2.459563743288
    8     -3.833142160156     -6.639630222859     -2.455671787693
    8      0.002223680425      6.644742830610     -2.458412283612
    8      5.753009093140     -3.320917132510     -2.459968729098
    8     -5.750335187616     -3.321051525864     -2.456754257039
    8      5.754988817754      3.323410809267     -2.458574105762
    8     -0.003264721550     -6.641240995093     -2.454459398810
    8     -5.752523012220      3.323035407264     -2.457966461943
    8      0.000000000000      2.214571445248     -3.914846215896
    8      1.917875130079     -1.107285722624     -3.914846215896
    8     -1.917875130079     -1.107285722624     -3.914846215896
    8     -1.917875130080      5.536428613118     -3.914846215896
    8      5.753625390237     -1.107285722624     -3.914846215896
    8     -3.835750260157     -4.429142890494     -3.914846215896
    8      3.835750260157     -4.429142890494     -3.914846215896
    8      1.917875130080      5.536428613118     -3.914846215896
    8     -5.753625390237     -1.107285722624     -3.914846215896
    8      3.835750260159      2.214571445247     -3.914846215896
    8     -0.000000000001     -4.429142890492     -3.914846215896
    8     -3.835750260158      2.214571445246     -3.914846215896
    8     -7.671500520293     -4.429142890500     -3.914846215896
    8     -7.671500520300      2.214571445248     -3.914846215896
    8      5.753625390229      5.536428613098     -3.914846215896
    8      1.917875130071     -7.751000058346     -3.914846215896
  258      0.000000000000      0.000000000000     -4.697815459075
  258     -1.917875130080      3.321857167872     -4.697815459075
  258      3.835750260159     -0.000000000001     -4.697815459075
  258     -1.917875130079     -3.321857167871     -4.697815459075
  258      1.917875130079     -3.321857167871     -4.697815459075
  258      1.917875130080      3.321857167872     -4.697815459075
  258     -3.835750260159     -0.000000000001     -4.697815459075
  258     -3.835750260165      6.643714335750     -4.697815459075
  258      7.671500520294      0.000000000010     -4.697815459075
  258      3.835750260140      6.643714335750     -4.697815459075
  258      0.000000000000      6.643714335750     -4.697815459075
  258      5.753625390243     -3.321857167875     -4.697815459075
  258      9.589375650380     -3.321857167875     -4.697815459075
  258      5.753625390228      3.321857167862     -4.697815459075
  258     -7.671500520307      6.643714335750     -4.697815459075
  258     -5.753625390224      3.321857167861     -4.697815459075
    8     -1.917875130080      1.107285722623     -5.480784702254
    8      1.917875130079      1.107285722623     -5.480784702254
    8      0.000000000001     -2.214571445246     -5.480784702254
    8     -3.835750260160      4.429142890495     -5.480784702254
    8      5.753625390238      1.107285722622     -5.480784702254
    8     -1.917875130078     -5.536428613117     -5.480784702254
    8      1.917875130078     -5.536428613117     -5.480784702254
    8      3.835750260160      4.429142890495     -5.480784702254
    8     -5.753625390238      1.107285722622     -5.480784702254
    8      0.000000000000      4.429142890495     -5.480784702254
    8      3.835750260158     -2.214571445248     -5.480784702254
    8     -3.835750260158     -2.214571445248     -5.480784702254
    8      5.753625390243     -5.536428613123     -5.480784702254
    8     -7.671500520276     -2.214571445257     -5.480784702254
    8      1.917875130032      7.751000058380     -5.480784702254
    8      7.671500520293      4.429142890500     -5.480784702254
   14     -0.128761341588     -4.376134818700      6.878190003826
    8     -0.199708440845     -6.152482301125      6.700195544294
    8     -0.033907769534     -4.457140684175      8.576691366117
    8      1.369933164192     -3.447609926347      6.706254219646
    6     -0.667207739646     -7.191352141644      7.576000805036
    6      1.910116265419     -2.440323800991      7.570283445809
    6      1.096517981449     -5.011496631924      9.226835951431
    6      0.172928460658     -8.449407982950      7.378990575563
    6      3.421476701105     -2.385269586627      7.393666710403
    6      1.150320396451     -4.502166962403     10.657897423855
    1     -7.785827672831      4.067839718716      8.107281987533
    1      3.856993562530     -1.640115625581      8.069893584106
    1      2.005071734927     -4.937235088049     11.193955593005
    1      1.243467455314     -8.243247522700      7.467191696567
    1     -7.672347646797      4.413584041132      6.380287669061
    1     -0.662950823434     -6.826582264610      8.608776306107
    1     -1.699968698717     -7.429417330338      7.293605168604
    1      0.232840345834     -4.768789831746     11.193719363737
    1      1.243655156010     -3.410623865663     10.685342645172
    1      2.030170711240     -4.755755130534      8.695787788030
    1      1.055292801601     -6.115301528713      9.231734978345
    1      1.636824412617     -2.658387668043      8.606846005593
    1      1.463689940172     -1.478891089385      7.285428376890
    1      3.879197121911     -3.359860268372      7.589440359802
    1      3.699741986375     -2.100933781054      6.375281268883
    8     -1.491384094510     -3.525477386333      6.611756656979
    6     -4.239254924933     -4.369531582871      6.768159920630
    6     -3.692151572645     -5.632255816508      7.404581242532
    1     -2.676761986094     -5.757347794832      7.024232917053
    1     -3.754610429350     -3.485892854585      7.194666742917
    1     -5.338408769247     -4.300218541894      6.935255069390
    1      3.360693739327      6.777227845667      7.144391039413
    1     -3.648997858609     -5.566469440331      8.498221162037
    0    0
