   2   1   1 E -4.0957800104980E+04 DE-9.6E-06(  8)
  0.153430010406E+02  0.000000000000E+00  0.000000000000E+00
 -0.767150052032E+01  0.132874286715E+02  0.000000000000E+00
  0.000000000000E+00  0.000000000000E+00  0.500000000000E+03
    1
  0.100000000000E+01  0.000000000000E+00  0.000000000000E+00
  0.000000000000E+00  0.100000000000E+01  0.000000000000E+00
  0.000000000000E+00  0.000000000000E+00  0.100000000000E+01
  0.000000000000E+00  0.000000000000E+00  0.000000000000E+00
  225
    8      0.009168983424      2.217189001907      5.091369206205
    8      1.951933855032     -1.034810446826      5.030721770547
    8     -1.938293255651     -1.012243822930      5.003624709701
    8     -1.894100164797      5.549394926373      5.086727437860
    8      5.756179628307     -1.097849058676      5.103841931836
    8     -4.077427692653     -4.473615989780      5.454137321074
    8      3.886484751718     -4.435397674732      5.054893171183
    8      1.943234438471      5.544737895771      5.096452677189
    8     -5.789846179555     -1.112381736619      5.078721075333
    8      3.837000055292      2.210034094039      5.093657312290
    8      0.110952447309     -4.512505899369      5.084711224844
    8     -3.834294914181      2.205898734906      5.090970852534
    8     -7.663230313834     -4.408815693214      5.084372350474
    8      7.670472410335      2.204000641879      5.106540771648
    8      5.708267854220      5.465905721540      5.030161080857
    8     -5.719964384396      5.506878948480      5.046246324679
  258      0.008754059775      0.018731632455      4.347344622440
  258     -1.909717249766      3.329081055998      4.341584369934
  258      3.839670484949      0.008507626335      4.350810068921
  258     -1.897763406086     -3.261246365316      4.448404408848
  258      1.968472522230     -3.303839255688      4.388045585664
  258      1.917288923509      3.307684470894      4.339335303605
  258     -3.837906577442      0.016589687975      4.351962634708
  258     -3.821970496226      6.642120195767      4.339345059457
  258      7.661022700020      0.012900885945      4.349479232737
  258      3.835650655648      6.566555404987      4.344421804501
  258      0.006601559573      6.650588812322      4.346806413573
  258      5.742233013139     -3.311468793480      4.348346888955
  258     -5.837993975828     -3.274603484864      4.320036789473
  258      5.754797332907      3.297553777611      4.346801659439
  258      0.013639081108     -6.702382488138      4.389281840697
  258     -5.742805533163      3.315170391364      4.351463747554
    8     -1.916034040378      1.153687988439      3.569935290021
    8      1.918122914520      1.137068950535      3.570914673394
    8      0.013749195342     -2.233052785729      3.645501813201
    8     -3.812194073096      4.421866085544      3.586539057485
    8      5.759914959182      1.105973774566      3.584026529101
    8     -1.998456317961     -5.486039886927      3.675499893345
    8      1.947548010489     -5.551110136376      3.583937113334
    8      3.814639521456      4.401343666765      3.574102927628
    8     -5.756275048084      1.111296895950      3.590906029446
    8      0.013952151960      4.438404847901      3.593853643131
    8      3.859229314016     -2.205708953648      3.594270600944
    8     -3.863648818646     -2.301070201458      3.649926052837
    8     -1.893065714145      7.748287746682      3.583116390196
    8      7.644956734872     -2.200126715454      3.577642923577
    8     -5.707089697706     -5.505990422290      3.599831491303
    8     -7.662993768001      4.398806558072      3.597007744038
    8      0.000844900553     -0.010883014108      2.123312529306
    8     -1.905680932779      3.338004907318      2.098790200513
    8      3.836790129187      0.001834274212      2.103658051635
    8     -1.905752255867     -3.307400349437      2.110804557666
    8      1.925181961775     -3.313125873443      2.105786088574
    8      1.911580626715      3.324907328162      2.093814733622
    8     -3.834506375184     -0.025013314196      2.133503086219
    8     -3.820790649419      6.639742149133      2.108520770814
    8      7.671708203267      0.005407768130      2.102253799299
    8      3.844063441196      6.626373521437      2.118478798730
    8      0.022500432445      6.651798242710      2.121989997953
    8      5.750357084504     -3.321615406644      2.101295313751
    8     -5.778112520755     -3.308301823959      2.102220913332
    8      5.754366910232      3.318606930106      2.105299731277
    8     -0.031226164212     -6.639316307192      2.132603384081
    8     -5.746030128965      3.322661235366      2.107943101499
  258     -1.914594777662      1.108149914145      1.335561669966
  258      1.919135748152      1.105596912636      1.329008316012
  258      0.000407804496     -2.222411972566      1.367596724857
  258     -3.832635789090      4.430221997710      1.335514664095
  258      5.752737542615      1.107495924961      1.328058916160
  258     -1.915601655957     -5.523906075678      1.381469540904
  258      1.914158496796     -5.532969109239      1.357600798617
  258      3.838876898252      4.421951821628      1.325785572177
  258     -5.754701602568      1.106435175085      1.335644410344
  258      0.005464391402      4.432086387428      1.332927319982
  258      3.829729058373     -2.214132104832      1.336301502324
  258     -3.824803074489     -2.222722814529      1.360662599632
  258      5.757035823208     -5.531602980940      1.333665075238
  258      7.659490923496     -2.205397564087      1.319218211895
  258     -5.748371341427     -5.534242850597      1.340773091131
  258     -0.000697177289     -8.855343752042      1.342128174626
    8     -0.000585528381      2.208055668007      0.593820074458
    8      1.914193103107     -1.105044593197      0.595717120447
    8     -1.918120722436     -1.102488095490      0.602006864415
    8     -1.906977783487      5.545357949516      0.592180611396
    8      5.750807181013     -1.104451520205      0.589948537059
    8     -3.835705031636     -4.429559956076      0.619380417453
    8      3.834977667631     -4.431019293677      0.596973757863
    8      1.922768246873      5.543347805863      0.592398576149
    8     -5.749238236904     -1.103992442003      0.596872414176
    8      3.836557995425      2.214239786151      0.589551410485
    8      0.001294961548     -4.432769522869      0.611836336356
    8     -3.832360115995      2.205545208995      0.602820583667
    8      7.672455655883     -4.429262975865      0.591832288443
    8     -7.669505618590      2.217815993147      0.595841948050
    8     -1.915010797676     -7.747768212043      0.599282303377
    8      1.911248197873     -7.744321241686      0.607007172902
    8     -1.918597512261      1.107731728328     -0.938709818662
    8      1.917687029612      1.107317025172     -0.942052388761
    8     -0.002908519249     -2.220154488364     -0.921531854014
    8     -3.837220108873      4.428921465064     -0.930983280964
    8      5.754066788858      1.108526749087     -0.941266246754
    8     -1.920130578271     -5.529176152142     -0.911408543057
    8      1.914643006790     -5.535818482143     -0.928793762390
    8      3.836784100074      4.430146412014     -0.940675714889
    8     -5.752345427247      1.109098582257     -0.936012731372
    8      0.003097561382      4.428613337591     -0.937830944733
    8      3.832489069177     -2.215191437612     -0.936849907016
    8     -3.831608991783     -2.221373864121     -0.919676424566
    8      5.754053975652     -5.533935937277     -0.940070070377
    8      7.670244895576     -2.212457985169     -0.941449441735
    8     -5.747837239319     -5.532572104692     -0.930495574750
    8      0.001567266347     -8.855633356207     -0.932266211042
  258      0.000631644522      2.214264994859     -1.680646608486
  258      1.912066646875     -1.111758241589     -1.676044587349
  258     -1.915015327653     -1.111852517710     -1.671214015390
  258     -1.916546789592      5.537808973296     -1.679841679753
  258      5.750240647298     -1.106709777176     -1.684978321008
  258     -3.828960539285     -4.429116012926     -1.669719792640
  258      3.832216603984     -4.430013835921     -1.675867621117
  258      1.920287187476      5.539144545330     -1.680742119859
  258     -5.746798339536     -1.108844465860     -1.676311514144
  258      3.836647612264      2.214754976189     -1.684618036533
  258     -0.002295717532     -4.429076228253     -1.666727153394
  258     -3.834740815203      2.214179781445     -1.678879581378
  258     -7.669029236831     -4.429336455314     -1.681065448041
  258     -7.670149762603      2.217891575906     -1.679889251156
  258     -1.915115755043     -7.741780333431     -1.671343352298
  258      1.917288267448     -7.746170087642     -1.674159653673
    8     -0.001472275090     -0.003422468090     -2.455612410762
    8     -1.919353235719      3.323812359652     -2.456843689339
    8      3.834387342497     -0.000354477102     -2.458894101992
    8     -1.918230823714     -3.323196138978     -2.455368852781
    8      1.914107536250     -3.322283971127     -2.455816999283
    8      1.917814899731      3.323687837602     -2.458911251808
    8     -3.835423075074     -0.003047158877     -2.454401611878
    8      3.833718006643     -6.644142966735     -2.455730290744
    8     -7.670438892831      0.000837305302     -2.457252498926
    8     -3.832517014512     -6.638959637849     -2.455407964142
    8      0.002265317961      6.645166794298     -2.456713361169
    8      5.752491504360     -3.320939463996     -2.458156176735
    8     -5.749724202945     -3.321229205088     -2.455535821648
    8      5.754839437726      3.325316648449     -2.457133811204
    8     -0.003082037465     -6.640686337550     -2.453915257473
    8     -5.752786687390      3.324495085772     -2.456607197997
    8      0.000000000000      2.214571445248     -3.914846215896
    8      1.917875130079     -1.107285722624     -3.914846215896
    8     -1.917875130079     -1.107285722624     -3.914846215896
    8     -1.917875130080      5.536428613118     -3.914846215896
    8      5.753625390237     -1.107285722624     -3.914846215896
    8     -3.835750260157     -4.429142890494     -3.914846215896
    8      3.835750260157     -4.429142890494     -3.914846215896
    8      1.917875130080      5.536428613118     -3.914846215896
    8     -5.753625390237     -1.107285722624     -3.914846215896
    8      3.835750260159      2.214571445247     -3.914846215896
    8     -0.000000000001     -4.429142890492     -3.914846215896
    8     -3.835750260158      2.214571445246     -3.914846215896
    8     -7.671500520293     -4.429142890500     -3.914846215896
    8     -7.671500520300      2.214571445248     -3.914846215896
    8      5.753625390229      5.536428613098     -3.914846215896
    8      1.917875130071     -7.751000058346     -3.914846215896
  258      0.000000000000      0.000000000000     -4.697815459075
  258     -1.917875130080      3.321857167872     -4.697815459075
  258      3.835750260159     -0.000000000001     -4.697815459075
  258     -1.917875130079     -3.321857167871     -4.697815459075
  258      1.917875130079     -3.321857167871     -4.697815459075
  258      1.917875130080      3.321857167872     -4.697815459075
  258     -3.835750260159     -0.000000000001     -4.697815459075
  258     -3.835750260165      6.643714335750     -4.697815459075
  258      7.671500520294      0.000000000010     -4.697815459075
  258      3.835750260140      6.643714335750     -4.697815459075
  258      0.000000000000      6.643714335750     -4.697815459075
  258      5.753625390243     -3.321857167875     -4.697815459075
  258      9.589375650380     -3.321857167875     -4.697815459075
  258      5.753625390228      3.321857167862     -4.697815459075
  258     -7.671500520307      6.643714335750     -4.697815459075
  258     -5.753625390224      3.321857167861     -4.697815459075
    8     -1.917875130080      1.107285722623     -5.480784702254
    8      1.917875130079      1.107285722623     -5.480784702254
    8      0.000000000001     -2.214571445246     -5.480784702254
    8     -3.835750260160      4.429142890495     -5.480784702254
    8      5.753625390238      1.107285722622     -5.480784702254
    8     -1.917875130078     -5.536428613117     -5.480784702254
    8      1.917875130078     -5.536428613117     -5.480784702254
    8      3.835750260160      4.429142890495     -5.480784702254
    8     -5.753625390238      1.107285722622     -5.480784702254
    8      0.000000000000      4.429142890495     -5.480784702254
    8      3.835750260158     -2.214571445248     -5.480784702254
    8     -3.835750260158     -2.214571445248     -5.480784702254
    8      5.753625390243     -5.536428613123     -5.480784702254
    8     -7.671500520276     -2.214571445257     -5.480784702254
    8      1.917875130032      7.751000058380     -5.480784702254
    8      7.671500520293      4.429142890500     -5.480784702254
   14     -0.168710259802     -4.356064446969      6.918465869759
    8     -0.237602079754     -6.116103494821      6.749998813418
    8     -0.142498577849     -4.402332023412      8.613053470564
    8      1.324994397954     -3.435792516263      6.772327644253
    6     -0.693504034065     -7.132317218001      7.654503695315
    6      1.820983727529     -2.408482937901      7.639740447283
    6      0.939484730188     -4.928577137672      9.352402752634
    6      0.282535324211     -8.301143140871      7.645299443571
    6      3.341729720078     -2.378506167139      7.537300010480
    6      0.885452516672     -4.392033432008     10.774293075995
    1     -7.679424753373      4.250662654569      8.409091552282
    1      3.753685495536     -1.628584891473      8.227838331395
    1      1.698439356199     -4.819700057020     11.376591270126
    1      1.306648901500     -7.969803331447      7.843694718380
    1     -7.394951281791      4.486265676829      6.664919689650
    1     -0.837526045182     -6.694606045333      8.648167151176
    1     -1.658235090971     -7.486088321622      7.274779842112
    1     -0.067278089879     -4.650471680371     11.249145748338
    1      0.980464247448     -3.300367535466     10.793790720309
    1      1.906202800447     -4.665466106657      8.886727263234
    1      0.905964380579     -6.033018822574      9.374739546126
    1      1.482487635571     -2.594642952623      8.666523238745
    1      1.401203200990     -1.452629835650      7.297893981175
    1      3.767764241485     -3.355892050717      7.788442063550
    1      3.672797291171     -2.124346006650      6.519480444479
    8     -1.532094680402     -3.511180522296      6.630476484050
    6     -4.338608908215     -4.427073333121      6.855628939568
    6     -3.805618402940     -5.655900082924      7.578529679902
    1     -2.742555781314     -5.751178322393      7.362975035759
    1     -3.878703072368     -3.520525575748      7.261889926573
    1     -5.442057314574     -4.377480009159      7.007559257388
    1      3.331731202920      6.717107805739      7.265427725230
    1     -3.934211309879     -5.562565479939      8.665376067667
    0    0
