   2   1   1 E -4.0957807905028E+04 DE 7.3E-07(  6)
  0.153430010406E+02  0.000000000000E+00  0.000000000000E+00
 -0.767150052032E+01  0.132874286715E+02  0.000000000000E+00
  0.000000000000E+00  0.000000000000E+00  0.500000000000E+03
    1
  0.100000000000E+01  0.000000000000E+00  0.000000000000E+00
  0.000000000000E+00  0.100000000000E+01  0.000000000000E+00
  0.000000000000E+00  0.000000000000E+00  0.100000000000E+01
  0.000000000000E+00  0.000000000000E+00  0.000000000000E+00
  225
    8      0.007861417877      2.218793595106      5.082099025638
    8      1.934171210093     -1.024944188217      4.992063239414
    8     -1.943210313933     -1.016430137207      4.993052844323
    8     -1.892405430984      5.547561253277      5.076774906360
    8      5.757457649327     -1.094439848207      5.089039890377
    8     -3.991945376506     -4.408186910721      5.364505255160
    8      3.888869257321     -4.449516386431      5.025161207235
    8      1.944140851938      5.548860920601      5.088564796788
    8     -5.794780912281     -1.111426973382      5.073493168762
    8      3.839578415433      2.206921538992      5.089301643765
    8      0.106114830280     -4.516249110074      5.064189624699
    8     -3.845338841871      2.208140653719      5.087545206724
    8     -7.664294838764     -4.406573166008      5.082086198989
    8      7.662336071508      2.187847650079      5.086647548478
    8      5.694443857959      5.471006794559      4.993599831224
    8     -5.699359375149      5.513232204345      5.005690034883
  258      0.005451081879      0.015333758732      4.340733874779
  258     -1.908739036933      3.327801926447      4.335129368424
  258      3.837813983533      0.011259669839      4.339980941607
  258     -1.906377618137     -3.261666390261      4.438556031366
  258      1.972313083609     -3.308451622353      4.349946194967
  258      1.913847458519      3.306629329093      4.331756287893
  258     -3.840627646265      0.015661945349      4.346477573469
  258     -3.819477873047      6.639258534657      4.329133256344
  258      7.658221879360      0.012314329345      4.338845663585
  258      3.830485736668      6.565985748008      4.326507512703
  258      0.005956974736      6.649937125582      4.340826773310
  258      5.740759129283     -3.311838826312      4.342879454734
  258     -5.841288203013     -3.269230940890      4.313688425221
  258      5.751091233325      3.294547359927      4.341035589253
  258      0.016344663382     -6.704811027239      4.354834098273
  258     -5.741275487571      3.311730372711      4.346067383640
    8     -1.921537556786      1.155392605929      3.566779520965
    8      1.918123505796      1.146713592370      3.561855994475
    8      0.009241104667     -2.234301840213      3.628780490729
    8     -3.803856761538      4.411545574780      3.574826210811
    8      5.752196963058      1.105984174808      3.571839141913
    8     -2.004807275308     -5.487662531236      3.665183032358
    8      1.942716585881     -5.546479289863      3.563861683074
    8      3.804196305615      4.397272589233      3.565958124142
    8     -5.755656099548      1.108996470460      3.581351154204
    8      0.014798851261      4.438169953670      3.587850386639
    8      3.859482791384     -2.204712844418      3.584303708477
    8     -3.868952787847     -2.280075605022      3.631091840703
    8     -1.883933936462      7.746931838548      3.572985373489
    8      7.638359947693     -2.199896346052      3.568163372276
    8     -5.710146947340     -5.508669446956      3.593482812559
    8     -7.663068118151      4.393122612199      3.590690900412
    8     -0.002068291015     -0.008259884699      2.115546616987
    8     -1.902806905168      3.334828840732      2.092054520453
    8      3.834387771922      0.000283787205      2.096232324400
    8     -1.912254857522     -3.307481858516      2.106617923814
    8      1.927139382913     -3.312595202491      2.082129737487
    8      1.908668995125      3.324745171706      2.084569911979
    8     -3.835423189289     -0.019593613271      2.124692404569
    8     -3.820129049136      6.637323640021      2.098047340336
    8      7.669161691115      0.005468919234      2.094426190672
    8      3.840091563090      6.623566037382      2.106538078848
    8      0.022488862257      6.649464989515      2.113170314015
    8      5.747160463930     -3.321264848149      2.096064470350
    8     -5.782193686060     -3.308161691368      2.093010213818
    8      5.753830326668      3.318258708029      2.099078397431
    8     -0.029655846334     -6.644664269053      2.109526750378
    8     -5.747795112767      3.320305100100      2.104847713184
  258     -1.916085410558      1.108288339053      1.332966050687
  258      1.916607866941      1.105476193166      1.324887228629
  258     -0.003517173596     -2.219721099491      1.356689409838
  258     -3.831326182449      4.427627773578      1.331772834272
  258      5.751234272842      1.107232859443      1.322933756007
  258     -1.919850613798     -5.522997258022      1.370496920307
  258      1.918497426557     -5.536195719935      1.340580779424
  258      3.836298635099      4.418460392580      1.319536893691
  258     -5.754058864600      1.105627075492      1.331738828960
  258      0.004957890030      4.431405519943      1.329336944842
  258      3.833802498175     -2.211504451835      1.325454326611
  258     -3.829123596796     -2.218850071668      1.354833701867
  258      5.758157200417     -5.532532280885      1.329675725723
  258      7.657212993079     -2.205303140068      1.314046436200
  258     -5.751167477745     -5.533473979489      1.335977815611
  258     -0.001319660538     -8.863253961191      1.332590573300
    8     -0.001420594018      2.207731989625      0.590516793334
    8      1.914278753264     -1.102466281384      0.592525679741
    8     -1.920478144902     -1.102384215681      0.600070746309
    8     -1.906957699167      5.543196373745      0.590342274386
    8      5.750420592407     -1.104276059998      0.586041241631
    8     -3.838246755581     -4.429496818147      0.617988676246
    8      3.838425388773     -4.431660685559      0.591524796879
    8      1.920981333190      5.541728522396      0.588743168684
    8     -5.752123171314     -1.102780027036      0.594822329769
    8      3.836495295491      2.212277063445      0.587485100630
    8     -0.002995613186     -4.432023021547      0.609616608654
    8     -3.833200680857      2.206473943980      0.600138261379
    8      7.669154777093     -4.428969380782      0.589433872473
    8     -7.669969743299      2.216429818493      0.592540418930
    8     -1.919035744904     -7.753029906756      0.596324263206
    8      1.913176105827     -7.750194015321      0.602237295804
    8     -1.919242031151      1.107153269257     -0.942893473633
    8      1.917603239446      1.107394630654     -0.947811086186
    8     -0.003807608253     -2.219080135372     -0.929281370674
    8     -3.835498951044      4.428076945175     -0.937299529671
    8      5.754686140713      1.107908915135     -0.946779146355
    8     -1.921413885916     -5.530500826221     -0.918216007955
    8      1.915226193394     -5.536974346766     -0.937056860020
    8      3.835749173417      4.428031129909     -0.947423702553
    8     -5.752223337464      1.108548216901     -0.941205682391
    8      0.002501510521      4.428047746653     -0.943678225335
    8      3.833872569631     -2.214356659784     -0.944250502970
    8     -3.833285485556     -2.220478022764     -0.926516193400
    8      5.754689248708     -5.535356657647     -0.946451589675
    8      7.670240535740     -2.212220951613     -0.947704402192
    8     -5.749242851254     -5.532091844405     -0.936486316242
    8      0.001421109186     -8.857711912818     -0.939256557399
  258     -0.000770711697      2.214243238504     -1.680701152724
  258      1.911824264209     -1.110546905155     -1.677970729167
  258     -1.917442831616     -1.110466245161     -1.672902247063
  258     -1.916898833017      5.537096408233     -1.679667402895
  258      5.750529569148     -1.106074445210     -1.687156078516
  258     -3.832108259168     -4.428324298856     -1.672152285580
  258      3.833910083750     -4.430190781951     -1.678790576942
  258      1.918676192791      5.538451445924     -1.680887202281
  258     -5.748563792252     -1.108444817417     -1.677488967678
  258      3.835176557683      2.213806649420     -1.685423915705
  258     -0.003630370471     -4.429125068740     -1.670031000112
  258     -3.835191562257      2.213598751422     -1.679180975493
  258     -7.670145615629     -4.429613958197     -1.681536981311
  258     -7.670809366900      2.215397814523     -1.681608292118
  258     -1.916831482940     -7.744256508968     -1.673550781314
  258      1.917244052061     -7.749777021021     -1.676795779253
    8     -0.001708318783     -0.003221053843     -2.457059552484
    8     -1.919176697896      3.322587009227     -2.458433081084
    8      3.835425937889     -0.000335853093     -2.460544404944
    8     -1.918894201082     -3.323417005164     -2.455525290382
    8      1.914240054056     -3.322461890750     -2.456347968417
    8      1.917977761955      3.322759797391     -2.460643002352
    8     -3.835736719109     -0.002853864269     -2.455997985654
    8      3.833986513601     -6.644665448166     -2.457299280092
    8     -7.669885453867      0.001062389480     -2.459573158538
    8     -3.832941420067     -6.639392514335     -2.456000107240
    8      0.002473297436      6.645025546485     -2.458333622325
    8      5.753182727854     -3.320825562430     -2.459911733933
    8     -5.750089062553     -3.320917134165     -2.456780025066
    8      5.755286002083      3.323707015965     -2.458614691627
    8     -0.002921907606     -6.641026612646     -2.454884736481
    8     -5.752455324116      3.323341463488     -2.457971383433
    8      0.000000000000      2.214571445248     -3.914846215896
    8      1.917875130079     -1.107285722624     -3.914846215896
    8     -1.917875130079     -1.107285722624     -3.914846215896
    8     -1.917875130080      5.536428613118     -3.914846215896
    8      5.753625390237     -1.107285722624     -3.914846215896
    8     -3.835750260157     -4.429142890494     -3.914846215896
    8      3.835750260157     -4.429142890494     -3.914846215896
    8      1.917875130080      5.536428613118     -3.914846215896
    8     -5.753625390237     -1.107285722624     -3.914846215896
    8      3.835750260159      2.214571445247     -3.914846215896
    8     -0.000000000001     -4.429142890492     -3.914846215896
    8     -3.835750260158      2.214571445246     -3.914846215896
    8     -7.671500520293     -4.429142890500     -3.914846215896
    8     -7.671500520300      2.214571445248     -3.914846215896
    8      5.753625390229      5.536428613098     -3.914846215896
    8      1.917875130071     -7.751000058346     -3.914846215896
  258      0.000000000000      0.000000000000     -4.697815459075
  258     -1.917875130080      3.321857167872     -4.697815459075
  258      3.835750260159     -0.000000000001     -4.697815459075
  258     -1.917875130079     -3.321857167871     -4.697815459075
  258      1.917875130079     -3.321857167871     -4.697815459075
  258      1.917875130080      3.321857167872     -4.697815459075
  258     -3.835750260159     -0.000000000001     -4.697815459075
  258     -3.835750260165      6.643714335750     -4.697815459075
  258      7.671500520294      0.000000000010     -4.697815459075
  258      3.835750260140      6.643714335750     -4.697815459075
  258      0.000000000000      6.643714335750     -4.697815459075
  258      5.753625390243     -3.321857167875     -4.697815459075
  258      9.589375650380     -3.321857167875     -4.697815459075
  258      5.753625390228      3.321857167862     -4.697815459075
  258     -7.671500520307      6.643714335750     -4.697815459075
  258     -5.753625390224      3.321857167861     -4.697815459075
    8     -1.917875130080      1.107285722623     -5.480784702254
    8      1.917875130079      1.107285722623     -5.480784702254
    8      0.000000000001     -2.214571445246     -5.480784702254
    8     -3.835750260160      4.429142890495     -5.480784702254
    8      5.753625390238      1.107285722622     -5.480784702254
    8     -1.917875130078     -5.536428613117     -5.480784702254
    8      1.917875130078     -5.536428613117     -5.480784702254
    8      3.835750260160      4.429142890495     -5.480784702254
    8     -5.753625390238      1.107285722622     -5.480784702254
    8      0.000000000000      4.429142890495     -5.480784702254
    8      3.835750260158     -2.214571445248     -5.480784702254
    8     -3.835750260158     -2.214571445248     -5.480784702254
    8      5.753625390243     -5.536428613123     -5.480784702254
    8     -7.671500520276     -2.214571445257     -5.480784702254
    8      1.917875130032      7.751000058380     -5.480784702254
    8      7.671500520293      4.429142890500     -5.480784702254
   14     -0.124226274090     -4.379511228718      6.878267192332
    8     -0.191685113748     -6.158917295903      6.701100064517
    8     -0.008218678193     -4.468433321317      8.575130332163
    8      1.365102456327     -3.432756239643      6.703360623883
    6     -0.649190736390     -7.196294992693      7.583392362332
    6      1.911495479606     -2.436999954711      7.576084953692
    6      1.135969391611     -5.026964486324      9.198462857041
    6      0.180394564737     -8.454927834411      7.375140644095
    6      3.423872822771     -2.395206651697      7.401096053224
    6      1.211506939162     -4.541316019275     10.636073429146
    1     -7.783345910527      4.064424601951      8.102136002582
    1      3.865647431722     -1.650181921704      8.074602288073
    1      2.076939204902     -4.981322119798     11.149433313621
    1      1.252452131200     -8.258346503088      7.458447777737
    1     -7.669383999855      4.414313778364      6.378212689827
    1     -0.624973728388     -6.835356991842      8.614920938666
    1     -1.686500592420     -7.426957756655      7.322301828478
    1      0.304979012657     -4.820544559573     11.183223291321
    1      1.302130503552     -3.450292637261     10.679508061123
    1      2.059521627781     -4.755767867016      8.657873014259
    1      1.101542205323     -6.130666082381      9.183906254106
    1      1.633225245881     -2.659273691970      8.610806107310
    1      1.473588842916     -1.470275325991      7.296104142343
    1      3.872828358996     -3.372334078371      7.601848694915
    1      3.705252023381     -2.119165794162      6.380661221331
    8     -1.490808786467     -3.535083909409      6.616242887595
    6     -4.235790592274     -4.390363879261      6.772931057711
    6     -3.680333094942     -5.661552956283      7.387196650069
    1     -2.675986404933     -5.789177997870      6.983480325653
    1     -3.750968687174     -3.512030347423      7.208995095645
    1     -5.334063001595     -4.325399146090      6.946370208984
    1      3.366120003248      6.753084268618      7.133189368865
    1     -3.609086524969     -5.606209094862      8.478014581276
    0    0
