   2   1   1 E -4.0957807723096E+04 DE 2.1E-06(  3)
  0.153430010406E+02  0.000000000000E+00  0.000000000000E+00
 -0.767150052032E+01  0.132874286715E+02  0.000000000000E+00
  0.000000000000E+00  0.000000000000E+00  0.500000000000E+03
    1
  0.100000000000E+01  0.000000000000E+00  0.000000000000E+00
  0.000000000000E+00  0.100000000000E+01  0.000000000000E+00
  0.000000000000E+00  0.000000000000E+00  0.100000000000E+01
  0.000000000000E+00  0.000000000000E+00  0.000000000000E+00
  225
    8      0.008072443834      2.218094175699      5.081445634961
    8      1.935423560332     -1.024072779698      4.990323211949
    8     -1.942176392709     -1.018177702677      4.994077237905
    8     -1.892750910178      5.547318337695      5.077407002512
    8      5.757841233563     -1.095322030557      5.089159421343
    8     -3.994363144625     -4.408438519797      5.364448325138
    8      3.887973717505     -4.449453561444      5.025324763740
    8      1.943946277319      5.547653289336      5.087661001234
    8     -5.794194822309     -1.111636475142      5.073126861347
    8      3.839347801095      2.207635777314      5.089448663395
    8      0.108744725034     -4.517573039826      5.065487064181
    8     -3.844675449593      2.208269073329      5.087993365769
    8     -7.664398578672     -4.407391926822      5.082776179259
    8      7.663898373088      2.187129366227      5.085955023377
    8      5.693290967087      5.469887564630      4.996370378971
    8     -5.699260812980      5.512140985876      5.005133281677
  258      0.005714584993      0.015269547722      4.340219533536
  258     -1.909065810357      3.327478140861      4.335372971201
  258      3.838105022299      0.011041781268      4.339771863413
  258     -1.906042808307     -3.261510340397      4.439632567577
  258      1.972740628391     -3.308025739233      4.349786261450
  258      1.913847675063      3.306411853351      4.331535068535
  258     -3.840336124455      0.015456694085      4.346186478897
  258     -3.819571824788      6.639049168976      4.328943055746
  258      7.658506936665      0.012115719017      4.339177934183
  258      3.830291438543      6.565392315418      4.325908334827
  258      0.005647845515      6.649571220866      4.340882329784
  258      5.741161292195     -3.312241291163      4.342717694239
  258     -5.840595065387     -3.269947704189      4.314668750671
  258      5.750541947213      3.294311822708      4.340649272251
  258      0.015621670931     -6.706030388396      4.356254396175
  258     -5.741179338402      3.311440204115      4.345924827870
    8     -1.922040220297      1.153918478537      3.567521401048
    8      1.918630897053      1.146911434700      3.561366685438
    8      0.009679428002     -2.235366488950      3.629312478449
    8     -3.803339424289      4.411112896048      3.574462907834
    8      5.752011909930      1.105818359673      3.572492762177
    8     -2.003594547248     -5.488333980389      3.665748028102
    8      1.943119669668     -5.547726074208      3.563362875227
    8      3.804947255831      4.397267787134      3.565092621401
    8     -5.754574352889      1.108482706630      3.581288841342
    8      0.013926089007      4.438107770910      3.587733961862
    8      3.860121169065     -2.205060820663      3.584219452420
    8     -3.868053775060     -2.280604531888      3.632004520298
    8     -1.884285049521      7.746625798116      3.573305835640
    8      7.638873411941     -2.200325745819      3.568266263748
    8     -5.710548797943     -5.509303387911      3.593779992819
    8     -7.664153998745      4.392873557502      3.591336750442
    8     -0.001983948019     -0.008625320133      2.115874473703
    8     -1.902463937290      3.333568294934      2.092053568449
    8      3.834574813003     -0.000046560230      2.095790136946
    8     -1.912531105367     -3.307309989227      2.107073931966
    8      1.927321061979     -3.312622269215      2.081493176408
    8      1.908379640621      3.324742429151      2.084604938389
    8     -3.834845541390     -0.020639458725      2.124391253197
    8     -3.819989395113      6.637096567621      2.098010270518
    8      7.669085249884      0.005619155517      2.094738668717
    8      3.840422640470      6.624034924260      2.106732636745
    8      0.022369676012      6.649299105117      2.113007488831
    8      5.747368104030     -3.321637778320      2.095970449955
    8     -5.781380866406     -3.308543819135      2.093437217503
    8      5.754039889832      3.317872571443      2.098773619923
    8     -0.029908838238     -6.645819403465      2.109682067483
    8     -5.748222137396      3.320471242232      2.104428035855
  258     -1.916157966004      1.108007416648      1.332906006161
  258      1.916911884668      1.105373355814      1.324670124623
  258     -0.003530353203     -2.220150082382      1.356862669065
  258     -3.831283327323      4.427363274814      1.331600493184
  258      5.751500532084      1.106960792373      1.322981402882
  258     -1.919631165901     -5.523285037775      1.370978566966
  258      1.918420370760     -5.536398176665      1.341207343549
  258      3.836153006089      4.418212938406      1.319062487039
  258     -5.754109968943      1.105319026497      1.331722690029
  258      0.004763110011      4.431139402538      1.329389737701
  258      3.833906896533     -2.211713695371      1.325685643984
  258     -3.829290893808     -2.219333308650      1.355057920739
  258      5.758178314324     -5.532771453114      1.329535456806
  258      7.657482590912     -2.205528797001      1.314422289932
  258     -5.751455882202     -5.533556440014      1.336223374637
  258     -0.001365100813     -8.863261145980      1.332879686905
    8     -0.001248590454      2.207051599864      0.590220650248
    8      1.913970599179     -1.102369073867      0.592217354066
    8     -1.919963310550     -1.102642148678      0.599868143084
    8     -1.907108118897      5.542778474049      0.590746020416
    8      5.750487413203     -1.104570430510      0.586267324664
    8     -3.837840844517     -4.429598230265      0.617578125247
    8      3.838649965836     -4.432097640559      0.591324723242
    8      1.921439428251      5.541705939368      0.589047010554
    8     -5.752445432629     -1.102966667377      0.595314971647
    8      3.836710499169      2.212220173671      0.587578202375
    8     -0.003377048099     -4.432271607341      0.610418592501
    8     -3.833529437223      2.206342003736      0.600569144863
    8      7.669444142990     -4.428926442526      0.589810863198
    8     -7.669940423716      2.216099847799      0.592356393319
    8     -1.919323034314     -7.752943882866      0.596145788917
    8      1.913498596398     -7.750387085474      0.602026278394
    8     -1.919706325305      1.106968871372     -0.942748356991
    8      1.917979571634      1.107545270954     -0.948021638992
    8     -0.003708901379     -2.219668929337     -0.929422957298
    8     -3.835288798488      4.427870032426     -0.937559094823
    8      5.754620860978      1.107556670252     -0.946671975272
    8     -1.921107687677     -5.530671706394     -0.918497186315
    8      1.914695884826     -5.536996186371     -0.936949554857
    8      3.835497683996      4.427750887805     -0.947676109701
    8     -5.752147064254      1.108117379840     -0.940923603736
    8      0.002476061350      4.428038311753     -0.943392468753
    8      3.833744441467     -2.214533553923     -0.944228474200
    8     -3.833728291888     -2.220206357663     -0.926453132818
    8      5.754941319109     -5.535631001436     -0.946252152150
    8      7.670214699104     -2.212388874862     -0.947556307945
    8     -5.749534918332     -5.532135558560     -0.936292662474
    8      0.001309208748     -8.857848379435     -0.939219283639
  258     -0.000591221636      2.214066044032     -1.680708420909
  258      1.911920137294     -1.110756445100     -1.677828823293
  258     -1.917340304127     -1.110723036398     -1.672741628448
  258     -1.916748362213      5.536986630323     -1.679703316889
  258      5.750692029203     -1.106226327923     -1.686971989207
  258     -3.831944829234     -4.428558250366     -1.671959179312
  258      3.833988731864     -4.430263125833     -1.678649050563
  258      1.918796629438      5.538404775178     -1.680901097851
  258     -5.748434294070     -1.108673090914     -1.677423282412
  258      3.835435851213      2.213526144236     -1.685524011308
  258     -0.003457791389     -4.429243637978     -1.669773699251
  258     -3.835067770833      2.213416204474     -1.679196609699
  258     -7.669949021983     -4.429642006166     -1.681472942497
  258     -7.670641958981      2.215370332468     -1.681469016022
  258     -1.916593364495     -7.744297963170     -1.673531338385
  258      1.917262875311     -7.749704570643     -1.676552133605
    8     -0.001814495945     -0.003245140639     -2.456832424098
    8     -1.919088229520      3.322484997498     -2.458271687419
    8      3.835448159180     -0.000493549588     -2.460613315278
    8     -1.919123203243     -3.323432547797     -2.455324599693
    8      1.914327798752     -3.322592870863     -2.456538861821
    8      1.917710239276      3.322763208076     -2.460723028784
    8     -3.835879748949     -0.002830605764     -2.456109059825
    8      3.833967093127     -6.644651861917     -2.457073517722
    8     -7.669949849757      0.000924201924     -2.459571861636
    8     -3.833153387985     -6.639399984456     -2.455849841293
    8      0.002376796623      6.644922706136     -2.458282799160
    8      5.753134732895     -3.321005739856     -2.459822462407
    8     -5.750203830722     -3.321032911414     -2.456801867339
    8      5.755287245465      3.323552222350     -2.458600391934
    8     -0.002904778579     -6.641227178369     -2.455013753861
    8     -5.752556918768      3.323081906497     -2.457783764905
    8      0.000000000000      2.214571445248     -3.914846215896
    8      1.917875130079     -1.107285722624     -3.914846215896
    8     -1.917875130079     -1.107285722624     -3.914846215896
    8     -1.917875130080      5.536428613118     -3.914846215896
    8      5.753625390237     -1.107285722624     -3.914846215896
    8     -3.835750260157     -4.429142890494     -3.914846215896
    8      3.835750260157     -4.429142890494     -3.914846215896
    8      1.917875130080      5.536428613118     -3.914846215896
    8     -5.753625390237     -1.107285722624     -3.914846215896
    8      3.835750260159      2.214571445247     -3.914846215896
    8     -0.000000000001     -4.429142890492     -3.914846215896
    8     -3.835750260158      2.214571445246     -3.914846215896
    8     -7.671500520293     -4.429142890500     -3.914846215896
    8     -7.671500520300      2.214571445248     -3.914846215896
    8      5.753625390229      5.536428613098     -3.914846215896
    8      1.917875130071     -7.751000058346     -3.914846215896
  258      0.000000000000      0.000000000000     -4.697815459075
  258     -1.917875130080      3.321857167872     -4.697815459075
  258      3.835750260159     -0.000000000001     -4.697815459075
  258     -1.917875130079     -3.321857167871     -4.697815459075
  258      1.917875130079     -3.321857167871     -4.697815459075
  258      1.917875130080      3.321857167872     -4.697815459075
  258     -3.835750260159     -0.000000000001     -4.697815459075
  258     -3.835750260165      6.643714335750     -4.697815459075
  258      7.671500520294      0.000000000010     -4.697815459075
  258      3.835750260140      6.643714335750     -4.697815459075
  258      0.000000000000      6.643714335750     -4.697815459075
  258      5.753625390243     -3.321857167875     -4.697815459075
  258      9.589375650380     -3.321857167875     -4.697815459075
  258      5.753625390228      3.321857167862     -4.697815459075
  258     -7.671500520307      6.643714335750     -4.697815459075
  258     -5.753625390224      3.321857167861     -4.697815459075
    8     -1.917875130080      1.107285722623     -5.480784702254
    8      1.917875130079      1.107285722623     -5.480784702254
    8      0.000000000001     -2.214571445246     -5.480784702254
    8     -3.835750260160      4.429142890495     -5.480784702254
    8      5.753625390238      1.107285722622     -5.480784702254
    8     -1.917875130078     -5.536428613117     -5.480784702254
    8      1.917875130078     -5.536428613117     -5.480784702254
    8      3.835750260160      4.429142890495     -5.480784702254
    8     -5.753625390238      1.107285722622     -5.480784702254
    8      0.000000000000      4.429142890495     -5.480784702254
    8      3.835750260158     -2.214571445248     -5.480784702254
    8     -3.835750260158     -2.214571445248     -5.480784702254
    8      5.753625390243     -5.536428613123     -5.480784702254
    8     -7.671500520276     -2.214571445257     -5.480784702254
    8      1.917875130032      7.751000058380     -5.480784702254
    8      7.671500520293      4.429142890500     -5.480784702254
   14     -0.121923446781     -4.378044104697      6.877838932568
    8     -0.190211569137     -6.157863623799      6.701568082653
    8      0.007657607521     -4.469401537370      8.573613530551
    8      1.360045169632     -3.418781455610      6.697820778552
    6     -0.642738701321     -7.193342329059      7.588124468122
    6      1.909261816169     -2.427741586839      7.573283332200
    6      1.158962505348     -5.030549656046      9.182448082320
    6      0.195462113148     -8.447658857431      7.388417132519
    6      3.421869297729     -2.392287355163      7.401115156558
    6      1.238456317888     -4.567386085390     10.626959976017
    1     -7.759101878772      4.076066051959      8.123778378976
    1      3.866042565963     -1.651102061981      8.077383198798
    1      2.110558411698     -5.008614064886     11.128144363174
    1      1.266161545456     -8.241735601425      7.465467890252
    1     -7.653543024958      4.412278088087      6.394617569138
    1     -0.622158954569     -6.826293107035      8.617493880687
    1     -1.678353138811     -7.431471307817      7.326388929074
    1      0.337583280504     -4.862510924505     11.175250599773
    1      1.320670006932     -3.476283567859     10.686716873303
    1      2.077897867895     -4.744089617986      8.642027077890
    1      1.131771910843     -6.134310112735      9.149547232990
    1      1.628160224818     -2.651429535837      8.606921547357
    1      1.476040107076     -1.458390275565      7.294931469749
    1      3.865908260140     -3.372029211180      7.599777684747
    1      3.706359206697     -2.115320056849      6.381720737278
    8     -1.492611731578     -3.539947368778      6.618942230258
    6     -4.235294309656     -4.397806288083      6.773499353090
    6     -3.680325227661     -5.672716997600      7.381811227724
    1     -2.678892230676     -5.804002946900      6.972905077726
    1     -3.749645582931     -3.521720014675      7.213181683824
    1     -5.333309327614     -4.333482654670      6.948465706934
    1      3.362272136148      6.743980393137      7.131217404261
    1     -3.602251769200     -5.619565897256      8.471633007832
    0    0
