   2   1   1 E -4.0957807900192E+04 DE-7.4E-06(  4)
  0.153430010406E+02  0.000000000000E+00  0.000000000000E+00
 -0.767150052032E+01  0.132874286715E+02  0.000000000000E+00
  0.000000000000E+00  0.000000000000E+00  0.500000000000E+03
    1
  0.100000000000E+01  0.000000000000E+00  0.000000000000E+00
  0.000000000000E+00  0.100000000000E+01  0.000000000000E+00
  0.000000000000E+00  0.000000000000E+00  0.100000000000E+01
  0.000000000000E+00  0.000000000000E+00  0.000000000000E+00
  225
    8      0.007874275808      2.218931854309      5.082025489852
    8      1.934062153964     -1.025131987683      4.992167267701
    8     -1.943200319889     -1.016178212904      4.992632603167
    8     -1.892350624925      5.547664533727      5.076453470816
    8      5.757573604657     -1.094218287462      5.088801080318
    8     -3.992462516811     -4.408360648953      5.364284047932
    8      3.889225112105     -4.449687670224      5.024800438066
    8      1.944268725692      5.549279980745      5.088767583640
    8     -5.794701090380     -1.111519118611      5.073465788006
    8      3.839668859166      2.206805509317      5.089147492761
    8      0.105930523176     -4.515963456684      5.064487951626
    8     -3.845651051542      2.208061141153      5.087351002326
    8     -7.664040862928     -4.406289466603      5.081854727427
    8      7.661938696269      2.187834126662      5.086476138863
    8      5.694696346839      5.471329064370      4.993354677313
    8     -5.699334880617      5.513480284516      5.005987893286
  258      0.005534458629      0.015255765285      4.340769979887
  258     -1.908679503197      3.327893464143      4.334930107782
  258      3.837851960313      0.011415750646      4.339755899243
  258     -1.905971704916     -3.261772169797      4.438692619334
  258      1.972495555068     -3.308516325557      4.349550560939
  258      1.913864765529      3.306750207784      4.331670077415
  258     -3.840591613643      0.015617963025      4.346385406366
  258     -3.819476731882      6.639264569580      4.329060389834
  258      7.658286582319      0.012335609365      4.338558712698
  258      3.830556269112      6.566246834061      4.326891644658
  258      0.006078654629      6.650086855582      4.340705005163
  258      5.740895849224     -3.311765683076      4.342741548292
  258     -5.841031054465     -3.269143318880      4.313384809995
  258      5.751058469713      3.294734445726      4.341037171276
  258      0.016569667716     -6.704461511414      4.354849986526
  258     -5.741450712634      3.311700898692      4.346126065515
    8     -1.921426199816      1.155621474191      3.566570923976
    8      1.918098435740      1.146778677783      3.561741314989
    8      0.009211259239     -2.234234557007      3.628574882618
    8     -3.803960095761      4.411493011053      3.574860070395
    8      5.752201147081      1.106120277530      3.571438613240
    8     -2.004776867302     -5.487407706549      3.665400903586
    8      1.942599132715     -5.546074974714      3.563942155375
    8      3.803928533284      4.397484039604      3.566102160563
    8     -5.755762588204      1.109131747289      3.581200625747
    8      0.014968760241      4.438248703935      3.587820734960
    8      3.859573019679     -2.204641657146      3.584109023470
    8     -3.868753407324     -2.279862487097      3.630658216322
    8     -1.883685339262      7.746939499377      3.572713393649
    8      7.638482135939     -2.199899772479      3.567978833169
    8     -5.709828728150     -5.508539422232      3.593541434400
    8     -7.662938157566      4.393369942693      3.590715303276
    8     -0.002056893632     -0.008258500140      2.115459104263
    8     -1.902873016847      3.335079601301      2.092028240328
    8      3.834398190665      0.000318274549      2.096183196023
    8     -1.912010950881     -3.307640048421      2.106957790536
    8      1.927204261684     -3.312602279375      2.082103194910
    8      1.908742325183      3.324845709735      2.084486053907
    8     -3.835530257809     -0.019389644146      2.124680414938
    8     -3.820223335169      6.637344724770      2.098055763327
    8      7.669238474333      0.005408252359      2.094300150901
    8      3.840158804975      6.623633590289      2.106683157602
    8      0.022619478548      6.649512541388      2.113163306394
    8      5.747208809781     -3.321217312192      2.096022077305
    8     -5.782124482098     -3.308163299930      2.092917918375
    8      5.753807215249      3.318535582067      2.099153315403
    8     -0.029535243792     -6.644322874734      2.109754690919
    8     -5.747839707538      3.320307621750      2.105001035393
  258     -1.916042910217      1.108319356307      1.332936344346
  258      1.916514991476      1.105473447749      1.324834604740
  258     -0.003519080928     -2.219681957551      1.356603482338
  258     -3.831391792989      4.427693348453      1.331840209221
  258      5.751210220311      1.107351809975      1.322836449062
  258     -1.919785648001     -5.522829114244      1.370594382195
  258      1.918550196875     -5.536226846168      1.340384161585
  258      3.836404843461      4.418627605148      1.319698149145
  258     -5.754027415325      1.105713083389      1.331711858005
  258      0.005036963992      4.431493451033      1.329326466570
  258      3.833904770609     -2.211476855823      1.325251203315
  258     -3.828925024799     -2.218823503532      1.354831718660
  258      5.758211764384     -5.532509130054      1.329683142483
  258      7.657305997302     -2.205298545676      1.313906407280
  258     -5.750947248235     -5.533482827281      1.335942746036
  258     -0.001357211516     -8.863171086214      1.332632471153
    8     -0.001461330572      2.207869890112      0.590483345383
    8      1.914369650535     -1.102514290925      0.592495848214
    8     -1.920514321667     -1.102469359706      0.600045335863
    8     -1.906932786219      5.543260461381      0.590238219375
    8      5.750506497782     -1.104243770827      0.585871074129
    8     -3.838185335623     -4.429560006172      0.618121442947
    8      3.838420754834     -4.431633113660      0.591502644816
    8      1.920934451454      5.541805287016      0.588720129391
    8     -5.751987525036     -1.102789759014      0.594640485597
    8      3.836464932906      2.212326242759      0.587412996886
    8     -0.002930446210     -4.432004689272      0.609444978789
    8     -3.833152218440      2.206507988318      0.600014458538
    8      7.669211176713     -4.428970177437      0.589280590922
    8     -7.669970619950      2.216544520414      0.592558669234
    8     -1.918974972411     -7.752947138524      0.596546424403
    8      1.913077903924     -7.750135155276      0.602329438103
    8     -1.919127521794      1.107193977013     -0.942869693617
    8      1.917543168591      1.107362306792     -0.947767535841
    8     -0.003801385800     -2.219033899853     -0.929244141117
    8     -3.835532922003      4.428134023267     -0.937194345641
    8      5.754728202010      1.108022316813     -0.946745340478
    8     -1.921414242924     -5.530470930556     -0.918024649408
    8      1.915354668326     -5.537000232441     -0.936999936531
    8      3.835872358268      4.428169616294     -0.947290266483
    8     -5.752207480262      1.108646953315     -0.941193068811
    8      0.002527335312      4.428083631371     -0.943692954950
    8      3.833955085933     -2.214329637062     -0.944259103495
    8     -3.833057321661     -2.220613088113     -0.926447656896
    8      5.754675942141     -5.535327008608     -0.946458448376
    8      7.670346283536     -2.212226906955     -0.947688898531
    8     -5.749079259776     -5.532109171766     -0.936458647577
    8      0.001438957703     -8.857575866002     -0.939158126745
  258     -0.000824411176      2.214311432549     -1.680688346336
  258      1.911808361977     -1.110508210528     -1.678041784779
  258     -1.917449603883     -1.110454885216     -1.672932227047
  258     -1.916928910398      5.537095092896     -1.679653286365
  258      5.750529868768     -1.106065122991     -1.687215430604
  258     -3.832105171635     -4.428289638187     -1.672160268757
  258      3.833914140950     -4.430208877645     -1.678817223630
  258      1.918648006138      5.538509725551     -1.680838221756
  258     -5.748538172852     -1.108414317555     -1.677471413487
  258      3.835101116831      2.213901620561     -1.685401664134
  258     -0.003682456873     -4.429143377320     -1.670093507198
  258     -3.835203222203      2.213648444307     -1.679135655823
  258     -7.670146287058     -4.429641696104     -1.681556753990
  258     -7.670828767200      2.215417721246     -1.681606798982
  258     -1.916890123329     -7.744203751247     -1.673487381610
  258      1.917242556274     -7.749785362455     -1.676810483030
    8     -0.001667365564     -0.003243305956     -2.457073769707
    8     -1.919173278953      3.322606019266     -2.458443692105
    8      3.835472880145     -0.000311719861     -2.460482343789
    8     -1.918820514987     -3.323436464727     -2.455528142203
    8      1.914239426661     -3.322456551050     -2.456253685211
    8      1.918072947126      3.322791761788     -2.460579183658
    8     -3.835674836509     -0.002893493003     -2.455955121099
    8      3.833982673694     -6.644661965646     -2.457298794582
    8     -7.669814042064      0.001104644654     -2.459513476001
    8     -3.832864822551     -6.639367454073     -2.455900016191
    8      0.002535747668      6.645048720418     -2.458331017814
    8      5.753239570888     -3.320785930452     -2.459887439232
    8     -5.750015495717     -3.320916263236     -2.456712845567
    8      5.755296320401      3.323758381827     -2.458520207622
    8     -0.002919512780     -6.640975332394     -2.454807316448
    8     -5.752419445625      3.323402019873     -2.457929371290
    8      0.000000000000      2.214571445248     -3.914846215896
    8      1.917875130079     -1.107285722624     -3.914846215896
    8     -1.917875130079     -1.107285722624     -3.914846215896
    8     -1.917875130080      5.536428613118     -3.914846215896
    8      5.753625390237     -1.107285722624     -3.914846215896
    8     -3.835750260157     -4.429142890494     -3.914846215896
    8      3.835750260157     -4.429142890494     -3.914846215896
    8      1.917875130080      5.536428613118     -3.914846215896
    8     -5.753625390237     -1.107285722624     -3.914846215896
    8      3.835750260159      2.214571445247     -3.914846215896
    8     -0.000000000001     -4.429142890492     -3.914846215896
    8     -3.835750260158      2.214571445246     -3.914846215896
    8     -7.671500520293     -4.429142890500     -3.914846215896
    8     -7.671500520300      2.214571445248     -3.914846215896
    8      5.753625390229      5.536428613098     -3.914846215896
    8      1.917875130071     -7.751000058346     -3.914846215896
  258      0.000000000000      0.000000000000     -4.697815459075
  258     -1.917875130080      3.321857167872     -4.697815459075
  258      3.835750260159     -0.000000000001     -4.697815459075
  258     -1.917875130079     -3.321857167871     -4.697815459075
  258      1.917875130079     -3.321857167871     -4.697815459075
  258      1.917875130080      3.321857167872     -4.697815459075
  258     -3.835750260159     -0.000000000001     -4.697815459075
  258     -3.835750260165      6.643714335750     -4.697815459075
  258      7.671500520294      0.000000000010     -4.697815459075
  258      3.835750260140      6.643714335750     -4.697815459075
  258      0.000000000000      6.643714335750     -4.697815459075
  258      5.753625390243     -3.321857167875     -4.697815459075
  258      9.589375650380     -3.321857167875     -4.697815459075
  258      5.753625390228      3.321857167862     -4.697815459075
  258     -7.671500520307      6.643714335750     -4.697815459075
  258     -5.753625390224      3.321857167861     -4.697815459075
    8     -1.917875130080      1.107285722623     -5.480784702254
    8      1.917875130079      1.107285722623     -5.480784702254
    8      0.000000000001     -2.214571445246     -5.480784702254
    8     -3.835750260160      4.429142890495     -5.480784702254
    8      5.753625390238      1.107285722622     -5.480784702254
    8     -1.917875130078     -5.536428613117     -5.480784702254
    8      1.917875130078     -5.536428613117     -5.480784702254
    8      3.835750260160      4.429142890495     -5.480784702254
    8     -5.753625390238      1.107285722622     -5.480784702254
    8      0.000000000000      4.429142890495     -5.480784702254
    8      3.835750260158     -2.214571445248     -5.480784702254
    8     -3.835750260158     -2.214571445248     -5.480784702254
    8      5.753625390243     -5.536428613123     -5.480784702254
    8     -7.671500520276     -2.214571445257     -5.480784702254
    8      1.917875130032      7.751000058380     -5.480784702254
    8      7.671500520293      4.429142890500     -5.480784702254
   14     -0.123993983124     -4.379166913146      6.878411572015
    8     -0.189568587143     -6.158357758216      6.700300254232
    8     -0.009406411667     -4.468175272259      8.574979966591
    8      1.365647497477     -3.433466939547      6.704582629417
    6     -0.648240831615     -7.195743349124      7.581868249016
    6      1.911483100640     -2.437796911171      7.577440219700
    6      1.133347845353     -5.027892177873      9.199645144553
    6      0.179873816333     -8.454766227642      7.373319017955
    6      3.423461281108     -2.395503065074      7.402686769335
    6      1.209054574499     -4.540486155336     10.636572312236
    1     -7.785457222002      4.063507716223      8.098843285342
    1      3.865354419809     -1.649151173292      8.074819493655
    1      2.073277688611     -4.981954258199     11.150846492471
    1      1.251438069197     -8.259113982069      7.458384511065
    1     -7.668711507856      4.416710502527      6.375616795671
    1     -0.623199594034     -6.835492939655      8.613245841632
    1     -1.686111317686     -7.424550948143      7.321505462527
    1      0.301721692711     -4.816909983006     11.183602033360
    1      1.302016901537     -3.449612549223     10.678858281191
    1      2.057735741835     -4.759607627613      8.659192821744
    1      1.096772502779     -6.131572620975      9.186746744303
    1      1.633117703535     -2.660265337458      8.611768316643
    1      1.473613881214     -1.471136581034      7.297495768809
    1      3.872445692979     -3.372210339199      7.604834329654
    1      3.704246906262     -2.120926464010      6.381678796334
    8     -1.490803156073     -3.534798423840      6.616402686022
    6     -4.235201232824     -4.389133283603      6.772825906890
    6     -3.680447389488     -5.660110510387      7.387816784974
    1     -2.675648158198     -5.785636463230      6.988004942831
    1     -3.750634066903     -3.510384688707      7.208769979312
    1     -5.333408850300     -4.324321462162      6.945745026484
    1      3.368570879294      6.753554152732      7.131979603015
    1     -3.613615442908     -5.604929592201      8.477385487005
    0    0
