   2   1   1 E -4.0957807864820E+04 DE-8.7E-07(  6)
  0.153430010406E+02  0.000000000000E+00  0.000000000000E+00
 -0.767150052032E+01  0.132874286715E+02  0.000000000000E+00
  0.000000000000E+00  0.000000000000E+00  0.500000000000E+03
    1
  0.100000000000E+01  0.000000000000E+00  0.000000000000E+00
  0.000000000000E+00  0.100000000000E+01  0.000000000000E+00
  0.000000000000E+00  0.000000000000E+00  0.100000000000E+01
  0.000000000000E+00  0.000000000000E+00  0.000000000000E+00
  225
    8      0.007243987370      2.218546384509      5.082415070075
    8      1.932862520228     -1.026580650574      4.992114458903
    8     -1.944792284607     -1.015169045934      4.990940685694
    8     -1.892439712736      5.547702718242      5.076362345786
    8      5.756000258378     -1.094586191721      5.089386728747
    8     -3.992657001909     -4.408744018230      5.364389889141
    8      3.888436456002     -4.449762341084      5.024779492022
    8      1.944217778354      5.549589068297      5.089038302023
    8     -5.795740058910     -1.111418658942      5.073358126243
    8      3.838237334748      2.206342866223      5.088727392952
    8      0.103737170880     -4.514656912092      5.063548952623
    8     -3.846061136177      2.207891679885      5.087187986923
    8     -7.664711758356     -4.406412804299      5.081699364976
    8      7.660814817933      2.189363329317      5.087362814504
    8      5.695255207569      5.470814652873      4.991854093849
    8     -5.701166247309      5.514165570639      5.006764807699
  258      0.004544868708      0.015209572229      4.341092291196
  258     -1.909012889217      3.328069977120      4.335296778807
  258      3.836832902682      0.011279435933      4.340260947150
  258     -1.906887427644     -3.261554012171      4.437404351403
  258      1.971478923348     -3.309180177146      4.349649546894
  258      1.913620383533      3.306510412200      4.332306428264
  258     -3.841275836967      0.016098879780      4.346921103753
  258     -3.819793708468      6.639532487141      4.329407242458
  258      7.657477152733      0.011967245006      4.338981692516
  258      3.829855974529      6.566639282947      4.327616729708
  258      0.005681046515      6.650286982243      4.341221700417
  258      5.740101620420     -3.311729200633      4.343157213388
  258     -5.841880843890     -3.269034619256      4.313038129210
  258      5.751014192484      3.294508673453      4.341316021772
  258      0.016135490087     -6.704537971550      4.354776755174
  258     -5.742052607658      3.311993913460      4.346512213782
    8     -1.921432790736      1.156452199174      3.566118642198
    8      1.917016006379      1.146204010267      3.561985303867
    8      0.008378230297     -2.233251213332      3.627871617771
    8     -3.805177006269      4.411971856279      3.575811389474
    8      5.752128716068      1.105888110035      3.572159003549
    8     -2.006546984637     -5.487699011404      3.665190689005
    8      1.942757174096     -5.546215361711      3.564477323249
    8      3.803362308256      4.397751734208      3.566691974939
    8     -5.757261165027      1.109657769669      3.581762280596
    8      0.014738744371      4.438084955382      3.588284948016
    8      3.859052021829     -2.204728308293      3.583749399150
    8     -3.869594172402     -2.280056368725      3.630139841758
    8     -1.884728617405      7.747099055390      3.573086954176
    8      7.637289233804     -2.199681425633      3.568507029194
    8     -5.710547241911     -5.508362423198      3.593889510923
    8     -7.662890147954      4.393530180848      3.589628912939
    8     -0.002737344333     -0.008086781233      2.115161859060
    8     -1.903778640241      3.335871439876      2.092456677057
    8      3.834102487915      0.000662884593      2.096897918022
    8     -1.912165407238     -3.307624011902      2.105855231062
    8      1.926637000594     -3.313111695541      2.082420921219
    8      1.908610546302      3.324675516134      2.085223015560
    8     -3.836418985077     -0.019405181522      2.125469683407
    8     -3.820354057211      6.637262357539      2.097611471909
    8      7.668727042360      0.005107265432      2.095046702715
    8      3.838939023643      6.623476949564      2.106497460054
    8      0.021749747375      6.649579584702      2.113698885656
    8      5.747005577524     -3.321170739828      2.096089243702
    8     -5.783345879396     -3.307849214632      2.092751240284
    8      5.753147691722      3.318151704637      2.099195376588
    8     -0.029869043558     -6.643466861878      2.109682902250
    8     -5.747897934677      3.320179912735      2.104985783279
  258     -1.916423199761      1.108414145538      1.333001405691
  258      1.916073125320      1.105378324635      1.325163999847
  258     -0.003840958752     -2.219362573827      1.356321149351
  258     -3.831594848637      4.427857814695      1.332139394861
  258      5.750578508905      1.107260642542      1.323107782398
  258     -1.920441282105     -5.522739925123      1.370470046537
  258      1.917776471297     -5.536345958905      1.340479738428
  258      3.835863531711      4.418472044914      1.320043718872
  258     -5.754589644458      1.105865242780      1.331994224373
  258      0.004751211780      4.431484171964      1.329636633210
  258      3.833307108166     -2.211533537234      1.325535706999
  258     -3.829754430318     -2.218221650725      1.354598451839
  258      5.757811056091     -5.532502515699      1.329775421754
  258      7.656481298633     -2.205311704326      1.313910303438
  258     -5.751514634090     -5.533514326063      1.336044456233
  258     -0.001730029280     -8.863339530311      1.332493753486
    8     -0.001780387033      2.208261515458      0.591015472941
    8      1.914218676442     -1.102641079584      0.592952418746
    8     -1.921378121673     -1.101880189742      0.600265747737
    8     -1.907027442244      5.543260737230      0.590349705686
    8      5.750067395108     -1.104047190676      0.586043995153
    8     -3.839289588350     -4.429537209799      0.618935646623
    8      3.837999993345     -4.431398724979      0.591842518776
    8      1.920222552715      5.541562532829      0.589090518130
    8     -5.752490418422     -1.102532793285      0.594465484836
    8      3.835787318085      2.212146396704      0.587527404886
    8     -0.002955679679     -4.431851950361      0.609242969509
    8     -3.833476533213      2.206177427912      0.600288143623
    8      7.668785918085     -4.429063703408      0.589229255042
    8     -7.670471378159      2.216147224977      0.593016537741
    8     -1.919219353279     -7.752799084369      0.597014792231
    8      1.912500030394     -7.750153270985      0.602691144989
    8     -1.919212281491      1.107532280273     -0.943220128740
    8      1.917148537627      1.107224474929     -0.947799872385
    8     -0.004206899029     -2.218780149487     -0.929683967243
    8     -3.835802367488      4.428165795822     -0.937137445693
    8      5.754374883383      1.108048749245     -0.946753598752
    8     -1.921904169574     -5.530246608377     -0.918370264338
    8      1.915351281820     -5.537207896472     -0.937447064836
    8      3.835772676924      4.428193283986     -0.947281394680
    8     -5.752476476868      1.108817910305     -0.941233291865
    8      0.002268932289      4.428085823066     -0.943749850921
    8      3.833782513194     -2.214206231632     -0.944372159699
    8     -3.833313836575     -2.220636206350     -0.926654786146
    8      5.754279254290     -5.535317752728     -0.946699253463
    8      7.669994590683     -2.212255648401     -0.947853729364
    8     -5.749348863418     -5.532307867252     -0.936795539697
    8      0.001117208096     -8.857868852993     -0.939432963435
  258     -0.000959402952      2.214326412421     -1.680544353572
  258      1.911733528342     -1.110395059591     -1.678102468421
  258     -1.917669778338     -1.110391144441     -1.672911563535
  258     -1.917057512892      5.537094513883     -1.679582778993
  258      5.750200835277     -1.106101705918     -1.687156251789
  258     -3.832427362644     -4.428223229770     -1.672090248586
  258      3.833644673607     -4.430212296391     -1.678609941222
  258      1.918412648112      5.538511526552     -1.680657162196
  258     -5.748893940194     -1.108289991526     -1.677579666839
  258      3.834963525989      2.213828752637     -1.685324759889
  258     -0.003900478750     -4.429119005483     -1.670125208682
  258     -3.835409541270      2.213709695167     -1.678973029834
  258     -7.670389264099     -4.429642223207     -1.681516593024
  258     -7.671019046280      2.215285145126     -1.681517058109
  258     -1.917131699790     -7.744320106824     -1.673491730929
  258      1.917120335192     -7.749760530497     -1.676723959793
    8     -0.001780886340     -0.003183903195     -2.457038890194
    8     -1.919272391543      3.322699944298     -2.458513058117
    8      3.835322554513     -0.000334794222     -2.460494055112
    8     -1.919094566976     -3.323350801800     -2.455360573765
    8      1.914072127388     -3.322372859704     -2.456119186355
    8      1.917964212863      3.322803169184     -2.460505825646
    8     -3.835849788039     -0.002887943868     -2.455939318400
    8      3.833882573840     -6.644799553059     -2.457311355345
    8     -7.669916110820      0.001145134229     -2.459519041732
    8     -3.833021697416     -6.639402809506     -2.455686735004
    8      0.002358075598      6.644985680686     -2.458386745885
    8      5.753109563041     -3.320748602612     -2.459944679850
    8     -5.750185417367     -3.320904922837     -2.456696762821
    8      5.755087088638      3.323678261914     -2.458476819964
    8     -0.003143474345     -6.640987715440     -2.454541625219
    8     -5.752491919827      3.323327740452     -2.457922685188
    8      0.000000000000      2.214571445248     -3.914846215896
    8      1.917875130079     -1.107285722624     -3.914846215896
    8     -1.917875130079     -1.107285722624     -3.914846215896
    8     -1.917875130080      5.536428613118     -3.914846215896
    8      5.753625390237     -1.107285722624     -3.914846215896
    8     -3.835750260157     -4.429142890494     -3.914846215896
    8      3.835750260157     -4.429142890494     -3.914846215896
    8      1.917875130080      5.536428613118     -3.914846215896
    8     -5.753625390237     -1.107285722624     -3.914846215896
    8      3.835750260159      2.214571445247     -3.914846215896
    8     -0.000000000001     -4.429142890492     -3.914846215896
    8     -3.835750260158      2.214571445246     -3.914846215896
    8     -7.671500520293     -4.429142890500     -3.914846215896
    8     -7.671500520300      2.214571445248     -3.914846215896
    8      5.753625390229      5.536428613098     -3.914846215896
    8      1.917875130071     -7.751000058346     -3.914846215896
  258      0.000000000000      0.000000000000     -4.697815459075
  258     -1.917875130080      3.321857167872     -4.697815459075
  258      3.835750260159     -0.000000000001     -4.697815459075
  258     -1.917875130079     -3.321857167871     -4.697815459075
  258      1.917875130079     -3.321857167871     -4.697815459075
  258      1.917875130080      3.321857167872     -4.697815459075
  258     -3.835750260159     -0.000000000001     -4.697815459075
  258     -3.835750260165      6.643714335750     -4.697815459075
  258      7.671500520294      0.000000000010     -4.697815459075
  258      3.835750260140      6.643714335750     -4.697815459075
  258      0.000000000000      6.643714335750     -4.697815459075
  258      5.753625390243     -3.321857167875     -4.697815459075
  258      9.589375650380     -3.321857167875     -4.697815459075
  258      5.753625390228      3.321857167862     -4.697815459075
  258     -7.671500520307      6.643714335750     -4.697815459075
  258     -5.753625390224      3.321857167861     -4.697815459075
    8     -1.917875130080      1.107285722623     -5.480784702254
    8      1.917875130079      1.107285722623     -5.480784702254
    8      0.000000000001     -2.214571445246     -5.480784702254
    8     -3.835750260160      4.429142890495     -5.480784702254
    8      5.753625390238      1.107285722622     -5.480784702254
    8     -1.917875130078     -5.536428613117     -5.480784702254
    8      1.917875130078     -5.536428613117     -5.480784702254
    8      3.835750260160      4.429142890495     -5.480784702254
    8     -5.753625390238      1.107285722622     -5.480784702254
    8      0.000000000000      4.429142890495     -5.480784702254
    8      3.835750260158     -2.214571445248     -5.480784702254
    8     -3.835750260158     -2.214571445248     -5.480784702254
    8      5.753625390243     -5.536428613123     -5.480784702254
    8     -7.671500520276     -2.214571445257     -5.480784702254
    8      1.917875130032      7.751000058380     -5.480784702254
    8      7.671500520293      4.429142890500     -5.480784702254
   14     -0.126302115447     -4.378643922069      6.878664177958
    8     -0.192482064469     -6.157347074077      6.700822301569
    8     -0.022614196799     -4.464500717822      8.576233125266
    8      1.368052677747     -3.441034702475      6.708134625212
    6     -0.653619161982     -7.195451202923      7.580864328888
    6      1.910262985730     -2.440570237809      7.578012953560
    6      1.113645923130     -5.020886124566      9.215390981229
    6      0.181663565391     -8.450681145918      7.380633571422
    6      3.422008280320     -2.391751461945      7.400861896683
    6      1.179438389622     -4.517487941149     10.648018723931
    1     -7.775583881186      4.073349063457      8.114276693812
    1      3.860902923921     -1.641702189506      8.070468148631
    1      2.039045578570     -4.953783223364     11.174760990739
    1      1.253138461516     -8.247441201883      7.457699452095
    1     -7.668970234994      4.410262958001      6.387833458350
    1     -0.639539860304     -6.832828427272      8.611604073811
    1     -1.687784406832     -7.430913891309      7.311939417566
    1      0.266918379068     -4.786563101582     11.190821434074
    1      1.272986579690     -3.426169506198     10.678552715050
    1      2.043197804895     -4.761670507224      8.678614184633
    1      1.073386791649     -6.124791195073      9.214925173250
    1      1.635034049071     -2.661120767972      8.613447390405
    1      1.467426455603     -1.476855127759      7.296305547581
    1      3.876176702755     -3.365706905503      7.604443874488
    1      3.700515875950     -2.118529305570      6.379386257550
    8     -1.491091135708     -3.530929834237      6.614011476267
    6     -4.239863992275     -4.387396249270      6.772271471090
    6     -3.684113752360     -5.656055718828      7.392438262849
    1     -2.674856323500     -5.778859214961      6.998057399242
    1     -3.757393030080     -3.506637553414      7.206155876702
    1     -5.338526789672     -4.323077336021      6.944472153255
    1      3.367569598040      6.756387298837      7.132663038984
    1     -3.624400112831     -5.599850406528      8.484931544901
    0    0
