   2   1   1 E -4.0955882110667E+04 DE 2.7E-07(  8)
  0.153430010406E+02  0.000000000000E+00  0.000000000000E+00
  0.000000000000E+00  0.153430010406E+02  0.000000000000E+00
  0.000000000000E+00  0.000000000000E+00  0.500000000000E+03
    1
  0.100000000000E+01  0.000000000000E+00  0.000000000000E+00
  0.000000000000E+00  0.100000000000E+01  0.000000000000E+00
  0.000000000000E+00  0.000000000000E+00  0.100000000000E+01
  0.000000000000E+00  0.000000000000E+00  0.000000000000E+00
  225
    8      2.016609373344      2.232277863730      4.079953707179
    8     -2.255302875163     -1.168879828161      3.981958859014
    8      1.591238692251     -1.468335880585      4.085459864188
    8     -1.706920111715      2.627533419408      3.985297264022
    8      1.818087560377      6.520812898814      3.938389913435
    8     -1.681520144223     -5.005111724515      3.971090744431
    8      2.051312589234     -5.273406972975      4.075543902995
    8     -1.972119802440      6.445965961307      3.969675088277
    8      6.038347497807      1.696000613578      4.134455254702
    8     -6.040018153787     -1.262775942205      3.985828173528
    8      5.423877541998     -1.415463165811      4.080817861509
    8     -5.442681698972      2.394688870999      4.083837450876
    8      4.327436675484      4.077229011813      4.357462484333
    8     -5.372324147402     -4.893838762333      3.957159329753
    8      6.833519174300     -4.085603952001      3.952467625303
    8     -5.753215554873      6.255241505179      4.077927913483
  258      0.012758710179      1.943994965463      3.075439897962
  258     -0.061002532077     -1.900442152927      3.071309756827
  258     -0.055214012727      5.799827942679      3.019985025113
  258     -0.017999609691     -5.726469623366      3.043270349853
  258      3.851424766431      2.027440912825      3.116544780577
  258     -3.902319942110     -1.891217734675      3.069764600648
  258      3.790445579298     -1.881641851796      3.089246999519
  258     -3.777887746857      1.915569641569      3.084140579056
  258      3.666016139102      5.814179478878      3.045600230656
  258     -3.762819930255     -5.680387109369      3.029688640134
  258      3.704930388448     -5.783679672387      3.019457427357
  258     -3.776012842414      5.780798070585      3.040081309135
  258      7.718343638072      1.868971413259      3.090009242162
  258      7.597096562729     -1.964180832584      3.121734131643
  258      7.843226654458      5.817800323115      3.028526076741
  258      7.811143640796     -5.580760585115      3.036926927462
    8      1.887217384038      1.914713657707      1.597856196760
    8     -1.887340552425     -1.967178083846      1.602247036620
    8      1.916960175242     -1.937059089468      1.611553917929
    8     -1.926546678903      1.865685877522      1.589583934425
    8      1.849524623522      5.708659837391      1.601946330003
    8     -1.916585321162     -5.809821320326      1.593164544885
    8      1.868327691574     -5.801091870934      1.618864861220
    8     -1.912628236743      5.697274095560      1.591413264942
    8      5.750723201434      1.990151774682      1.643863241196
    8     -5.668738293746     -1.960902841758      1.590525352742
    8      5.705171132419     -1.957711992062      1.624571734977
    8     -5.771540644163      1.874635900976      1.614781924017
    8      5.766237155332      5.789176318598      1.923738788524
    8     -5.688502908760     -5.793933876306      1.612863412351
    8      5.744921848554     -5.751494987322      1.839443492036
    8     -5.722160971179      5.723925207994      1.624721945369
    8     -0.017390610191     -0.010305867140      1.953033806232
    8      0.011948198501      3.844581219438      1.949321672868
    8      0.030348218397     -3.852716152631      1.917016415138
    8     -0.044295952644      7.650727568283      1.902886006936
    8      3.813389965441      0.037111373211      1.973548455586
    8     -3.862749146635     -0.011632463965      1.906563049469
    8      3.786247583292      3.884194659093      1.823982192922
    8     -3.761066490943     -3.841047948444      1.870002296777
    8      3.803942907528     -3.865892097537      1.964468449840
    8     -3.819192487431      3.828538122068      1.953880476880
    8      3.734204947949      7.674978976160      1.771726679205
    8     -3.829203224474      7.646480761713      1.944882730016
    8      7.620383893040     -0.027319370063      1.902500205188
    8      7.721942372391      3.866686141350      2.043521377126
    8      7.772090692508     -3.791762902185      1.672224196672
    8      7.722695081824      7.687372129627      1.951904023442
  258      1.916387140200      0.009993272051      0.470325011136
  258     -1.927700478027     -0.017356419552      0.449980491071
  258      1.912845057531      3.819887650899      0.424367020134
  258     -1.910679897920     -3.828576435400      0.426646082321
  258      1.909942863688     -3.819415931608      0.444410215518
  258     -1.913004863886      3.805474643453      0.435916460754
  258      1.887651982267      7.663481101293      0.396865844553
  258     -1.922754350014      7.667163044900      0.414126792971
  258      5.743017743992      0.011534747429      0.487888638338
  258     -5.766536632077     -0.022859341812      0.458711780374
  258      5.750530533300      3.864885981158      0.503356043464
  258     -5.729126767528     -3.816033633772      0.401189732832
  258      5.756121054447     -3.829969276073      0.471009771646
  258     -5.734934960453      3.804249568305      0.457271087113
  258      5.755410921885      7.692094347898      0.524040553486
  258     -5.729393283242      7.692590821411      0.428297135670
    8      0.002268352516      0.001044586429     -0.761503051728
    8     -0.011377766741      3.827715418120     -0.775581448238
    8      0.008683791946     -3.833655949942     -0.780923663025
    8     -0.017355784870      7.665158045781     -0.792963772412
    8      3.839924466670      0.003648607612     -0.750596695812
    8     -3.843608720248     -0.003939644361     -0.777615232913
    8      3.858925384948      3.847394067370     -0.791667118534
    8     -3.814936100857     -3.834885934236     -0.808221619419
    8      3.837700345929     -3.839322160633     -0.758655101778
    8     -3.837529630019      3.826125632931     -0.758898286863
    8      3.850235518136      7.671517294684     -0.797981624951
    8     -3.831806967388      7.669921157818     -0.775327972752
    8      7.652962259947      0.008256636455     -0.768893222459
    8      7.670486317292      3.847276987072     -0.722167626994
    8      7.653323228272     -3.847703731445     -0.849853598201
    8      7.663019516097      7.671069876844     -0.740879324970
    8      1.923135790558      1.915816982567     -0.967993258847
    8     -1.915873164904     -1.916846094846     -0.965966326412
    8      1.919488915724     -1.917944847191     -0.954860455602
    8     -1.919944024640      1.909151823404     -0.968231148802
    8      1.916500620273      5.754102363386     -0.969862194305
    8     -1.913950579491     -5.762079079900     -0.969503969696
    8      1.916077713833     -5.759458745303     -0.956483645177
    8     -1.924009274789      5.741007914090     -0.966453002369
    8      5.755883318075      1.935953118487     -0.925386171495
    8     -5.761619601284     -1.915091619400     -0.974748675285
    8      5.746899253426     -1.915218329625     -0.937470780573
    8     -5.756301903238      1.923259406570     -0.952867762184
    8      5.762177136002      5.774919721887     -0.816376699207
    8     -5.748974685263     -5.769702960467     -0.967053861131
    8      5.750180320292     -5.773025099420     -0.847727835239
    8     -5.752375516007      5.749627084607     -0.946691565441
  258      0.001021754321      1.907463645404     -2.170998860504
  258      0.005285134416     -1.911443500968     -2.168464624673
  258     -0.005001888821      5.743777521234     -2.181883461820
  258      0.000837539125     -5.747270635885     -2.180369509092
  258      3.846884953538      1.920901193216     -2.157719508903
  258     -3.835408084951     -1.911259548768     -2.178392098237
  258      3.839467149133     -1.912876414571     -2.157292275964
  258     -3.840357996981      1.907388592899     -2.168100010821
  258      3.848193971701      5.755811737517     -2.154149527446
  258     -3.832334562790     -5.749817583743     -2.183911393471
  258      3.842719383669     -5.754941881406     -2.154551486853
  258     -3.840015175801      5.744307344403     -2.171622737010
  258      7.662857016018      1.916030640588     -2.151493203058
  258      7.657962599397     -1.916801161536     -2.165696685374
  258      7.668982334408      5.756113312144     -2.142039275437
  258      7.663094822628     -5.748825617174     -2.157862271163
    8      1.915625769116      1.918185382797     -3.620037308206
    8     -1.916223210602     -1.917063704877     -3.619856806067
    8      1.916562000693     -1.917861352628     -3.613644725239
    8     -1.918070408244      1.917438636878     -3.619445140713
    8      1.919090327803      5.754214955689     -3.617505005553
    8     -1.916706465690     -5.753808775751     -3.621612662119
    8      1.919954431265     -5.754238918514     -3.612527042238
    8     -1.919477669972      5.753051684153     -3.617983541452
    8      5.755559534122      1.921007474205     -3.607509376272
    8     -5.749255282043     -1.917346709522     -3.626677217828
    8      5.748654196408     -1.919151535410     -3.614667153184
    8     -5.753242711030      1.919185262371     -3.612307528805
    8      5.759250594955      5.755384366079     -3.565760851606
    8     -5.753963193091     -5.755349667913     -3.618687663535
    8      5.751454347037     -5.756889509956     -3.581375597048
    8     -5.758722392650      5.753753062343     -3.603439859934
    8      0.000000000000      0.000000000000     -3.390356274875
    8      0.000000000000      3.835750260159     -3.390356274875
    8      0.000000000000     -3.835750260159     -3.390356274875
    8      0.000000000000      7.671500520300     -3.390356274875
    8      3.835750260161      0.000000000000     -3.390356274875
    8     -3.835750260161      0.000000000000     -3.390356274875
    8      3.835750260161      3.835750260159     -3.390356274875
    8     -3.835750260161     -3.835750260159     -3.390356274875
    8      3.835750260161     -3.835750260159     -3.390356274875
    8     -3.835750260161      3.835750260159     -3.390356274875
    8      3.835750260161      7.671500520300     -3.390356274875
    8     -3.835750260161      7.671500520300     -3.390356274875
    8      7.671500520300      0.000000000000     -3.390356274875
    8      7.671500520300      3.835750260159     -3.390356274875
    8      7.671500520300     -3.835750260159     -3.390356274875
    8      7.671500520300      7.671500520300     -3.390356274875
  258      1.917875130081      0.000000000000     -4.746498784825
  258     -1.917875130081      0.000000000000     -4.746498784825
  258      1.917875130081      3.835750260159     -4.746498784825
  258     -1.917875130081     -3.835750260159     -4.746498784825
  258      1.917875130081     -3.835750260159     -4.746498784825
  258     -1.917875130081      3.835750260159     -4.746498784825
  258      1.917875130081      7.671500520300     -4.746498784825
  258     -1.917875130081      7.671500520300     -4.746498784825
  258      5.753625390240      0.000000000000     -4.746498784825
  258     -5.753625390240      0.000000000000     -4.746498784825
  258      5.753625390240      3.835750260159     -4.746498784825
  258     -5.753625390240     -3.835750260159     -4.746498784825
  258      5.753625390240     -3.835750260159     -4.746498784825
  258     -5.753625390240      3.835750260159     -4.746498784825
  258      5.753625390240      7.671500520300     -4.746498784825
  258     -5.753625390240      7.671500520300     -4.746498784825
    8      0.000000000000      0.000000000000     -6.100000000000
    8      0.000000000000      3.835750260159     -6.100000000000
    8      0.000000000000     -3.835750260159     -6.100000000000
    8      0.000000000000      7.671500520300     -6.100000000000
    8      3.835750260161      0.000000000000     -6.100000000000
    8     -3.835750260161      0.000000000000     -6.100000000000
    8      3.835750260161      3.835750260159     -6.100000000000
    8     -3.835750260161     -3.835750260159     -6.100000000000
    8      3.835750260161     -3.835750260159     -6.100000000000
    8     -3.835750260161      3.835750260159     -6.100000000000
    8      3.835750260161      7.671500520300     -6.100000000000
    8     -3.835750260161      7.671500520300     -6.100000000000
    8      7.671500520300      0.000000000000     -6.100000000000
    8      7.671500520300      3.835750260159     -6.100000000000
    8      7.671500520300     -3.835750260159     -6.100000000000
    8      7.671500520300      7.671500520300     -6.100000000000
   14      5.961318672711      7.543794557505      5.330221364177
    8      7.406413948389      8.336716337472      5.022081289559
    8      6.473837096828      5.957346238128      5.319828582001
    8      5.280867121648      8.061929036112      6.718784889774
    6      8.451709122556      8.601865589767      6.021849527979
    6      4.165654199913      8.992719428514      6.566019904988
    6      7.259011262866      5.262604437822      6.324534924909
    6      8.281035833139      9.994342126627      6.586391504744
    6      4.614424041295     10.369112612767      6.078174399599
    6      7.693347722034      3.928632336250      5.745549818017
    1      9.085190073249     10.191373002250      7.305515082182
    1      3.731884535213     10.928730662719      5.738428515186
    1      8.030514891621      3.250494440891      6.533941522572
    1      7.317754169015     10.073816870144      7.098668927429
    1      8.326554620734     10.741357319679      5.794533111883
    1      8.388632164176      7.834608861467      6.800681663668
    1      9.389943487695      8.473268909621      5.475877287786
    1      8.557867860637      4.034907788407      5.074199282200
    1      6.846423582404      3.453711317483      5.239161822672
    1      6.629669379445      5.144028728799      7.213647795651
    1      8.137292835695      5.868844394814      6.572847073568
    1      3.691283424163      9.055465572646      7.549546544335
    1      3.430945152358      8.565410050311      5.867008904433
    1      5.114922370921     10.949133512924      6.856658136086
    1      5.341800604413     10.319129992269      5.253111856124
    8      5.027344427501      7.709689616488      4.056042483997
    6      4.121085288965      3.885794942533      5.746058108433
    6      3.260859687922      5.003805808087      6.311447927558
    1      2.300127616630      5.036466697132      5.790623006852
    1      3.616972027574      2.916835263600      5.903973422834
    1      5.091788087876      3.836689724336      6.255873263114
    1      3.743270479454      5.976689639976      6.152572045028
    1      3.090357708923      4.885040836094      7.387534971528
    0    0
