   2   1   1 E -4.0955882115776E+04 DE-1.2E-07(  9)
  0.153430010406E+02  0.000000000000E+00  0.000000000000E+00
  0.000000000000E+00  0.153430010406E+02  0.000000000000E+00
  0.000000000000E+00  0.000000000000E+00  0.500000000000E+03
    1
  0.100000000000E+01  0.000000000000E+00  0.000000000000E+00
  0.000000000000E+00  0.100000000000E+01  0.000000000000E+00
  0.000000000000E+00  0.000000000000E+00  0.100000000000E+01
  0.000000000000E+00  0.000000000000E+00  0.000000000000E+00
  225
    8      2.016501357666      2.232794946414      4.079987846104
    8     -2.255991622875     -1.167946210494      3.981898939987
    8      1.589877800367     -1.467156154304      4.085486002956
    8     -1.706863644165      2.627639305928      3.985344792953
    8      1.818104142203      6.520437993734      3.938550855697
    8     -1.681726562784     -5.004674684993      3.971329794832
    8      2.051131610507     -5.273624867385      4.075799901194
    8     -1.972000348549      6.445305111695      3.970083603589
    8      6.038949196452      1.697084514995      4.134975730465
    8     -6.039848375448     -1.262856620805      3.985824902818
    8      5.421776754615     -1.415117379352      4.081084758353
    8     -5.442423547150      2.394982663081      4.083977912105
    8      4.327555164010      4.076953056762      4.357221950943
    8     -5.372748448908     -4.895194942985      3.957237599682
    8      6.838323543000     -4.082574484228      3.954910551066
    8     -5.753299740534      6.254925751969      4.078114768076
  258      0.012848503935      1.943982524061      3.075558622550
  258     -0.061580115297     -1.900264315327      3.071388292983
  258     -0.055140869440      5.799654680906      3.020006936811
  258     -0.018349285739     -5.726355312559      3.043319842833
  258      3.851488387147      2.027287534377      3.116532333392
  258     -3.902638310424     -1.891032872940      3.069779274939
  258      3.790229566333     -1.881622260401      3.089485408883
  258     -3.777794287233      1.915523019916      3.084316350423
  258      3.666067279173      5.813970254377      3.045621083335
  258     -3.762782967349     -5.680533849599      3.029429703801
  258      3.704347261402     -5.783824625354      3.019310179550
  258     -3.775989381404      5.780623797837      3.040248222954
  258      7.718566928491      1.869027532010      3.090017182976
  258      7.597166737918     -1.964109290382      3.122304647386
  258      7.843216273949      5.817762832702      3.028386090908
  258      7.811776539148     -5.581207748424      3.037046773347
    8      1.887394761244      1.914650748782      1.597958651295
    8     -1.887470700914     -1.967127914828      1.602295425333
    8      1.916626649064     -1.937088973709      1.611643872362
    8     -1.926646377748      1.865670315931      1.589628185942
    8      1.849624958312      5.708594538805      1.601995051658
    8     -1.916496591102     -5.809740565118      1.593219140749
    8      1.867999655878     -5.801161761229      1.618994338254
    8     -1.912628460706      5.697260190928      1.591575188553
    8      5.750779395398      1.990176977008      1.643983256411
    8     -5.668934457775     -1.960958409283      1.590732117291
    8      5.705280845480     -1.957761835698      1.625168985614
    8     -5.771629216218      1.874635071001      1.614936203395
    8      5.766311754891      5.789270702851      1.923926164830
    8     -5.688522296108     -5.794127911322      1.612998833566
    8      5.745306490197     -5.751025319960      1.840111645560
    8     -5.722043883000      5.724023665877      1.624852130142
    8     -0.017566385933     -0.010207729059      1.953021352448
    8      0.012029652582      3.844505077801      1.949272002070
    8      0.030162562707     -3.852762273767      1.917003923857
    8     -0.044367111021      7.650700013551      1.903028855179
    8      3.813466566880      0.037273124964      1.973529893963
    8     -3.863065918101     -0.011575611075      1.906660986240
    8      3.786365306640      3.884236946429      1.824005401909
    8     -3.761328531632     -3.841087231691      1.869760083333
    8      3.803906849686     -3.866308650959      1.964552573091
    8     -3.819243531844      3.828574327644      1.953935363434
    8      3.734215493169      7.674926281487      1.771775873539
    8     -3.829084494540      7.646412083736      1.945026038927
    8      7.620494749258     -0.026924768763      1.902470229441
    8      7.722055350910      3.866868398237      2.043434166958
    8      7.772369782135     -3.792865255654      1.671928739110
    8      7.722679916317      7.687634847055      1.951897463783
  258      1.916366311575      0.009979853479      0.470371369313
  258     -1.927801501924     -0.017274624615      0.449963857230
  258      1.912884956251      3.819871595322      0.424368811835
  258     -1.910732504616     -3.828517845326      0.426591773874
  258      1.909822994726     -3.819410150228      0.444442901940
  258     -1.913010144575      3.805532272863      0.435953637340
  258      1.887681663639      7.663442625204      0.396890223250
  258     -1.922727591279      7.666994970299      0.414217187546
  258      5.743119411302      0.011526154719      0.488131327630
  258     -5.766688117303     -0.022751115794      0.458770097832
  258      5.750592534397      3.864897791459      0.503431883905
  258     -5.729011665487     -3.815910482410      0.400879545043
  258      5.756172395181     -3.829824300162      0.471212647881
  258     -5.734861019850      3.804243126863      0.457372424939
  258      5.755413777380      7.692249758540      0.524164180869
  258     -5.729365174011      7.692556478306      0.428362224335
    8      0.002142582538      0.001079270625     -0.761469016294
    8     -0.011366547289      3.827681080828     -0.775587922471
    8      0.008610969154     -3.833684456846     -0.780909816767
    8     -0.017394054205      7.665140228323     -0.792862603542
    8      3.839940758175      0.003667588085     -0.750412777966
    8     -3.843696304805     -0.003883431722     -0.777593443034
    8      3.858975558715      3.847394601552     -0.791642767185
    8     -3.814938146290     -3.834845835017     -0.808411384134
    8      3.837709309312     -3.839318295929     -0.758655924930
    8     -3.837514819157      3.826103345438     -0.758909898881
    8      3.850259442043      7.671541577284     -0.797955164099
    8     -3.831800340227      7.669846473707     -0.775292857878
    8      7.652942446765      0.008367635818     -0.768793838374
    8      7.670555812018      3.847351331543     -0.722147422952
    8      7.653360141966     -3.847611848416     -0.849879545003
    8      7.663051567431      7.671006906878     -0.740768921052
    8      1.923196698335      1.915882726896     -0.967953096875
    8     -1.915949522547     -1.916824808620     -0.965942500837
    8      1.919468338640     -1.918042844113     -0.954821802799
    8     -1.919963176049      1.909244197554     -0.968198496905
    8      1.916510114434      5.754138363494     -0.969808144373
    8     -1.914027559641     -5.762152513084     -0.969452164627
    8      1.916029379101     -5.759511518995     -0.956354936027
    8     -1.923999135284      5.740896540212     -0.966355736850
    8      5.755963503837      1.936069926662     -0.925212921967
    8     -5.761755171091     -1.915073240179     -0.974715674562
    8      5.746990569953     -1.915225190706     -0.937299784608
    8     -5.756314927456      1.923323705573     -0.952707269796
    8      5.762244918114      5.774974579661     -0.816155933654
    8     -5.748961566219     -5.769699583148     -0.966968282433
    8      5.750309719518     -5.773081334954     -0.847587125499
    8     -5.752321793120      5.749621865698     -0.946496410981
  258      0.001023409682      1.907455009978     -2.170996138222
  258      0.005246685917     -1.911450673481     -2.168481124467
  258     -0.005014139051      5.743747416725     -2.181847997016
  258      0.000785782961     -5.747300302319     -2.180320654006
  258      3.846955275938      1.920863972914     -2.157616056648
  258     -3.835457570444     -1.911205650651     -2.178454738951
  258      3.839457851782     -1.912877514244     -2.157239004634
  258     -3.840359647390      1.907393824679     -2.168076976339
  258      3.848264129831      5.755787916092     -2.154073434609
  258     -3.832306643752     -5.749860075356     -2.183917603418
  258      3.842726871240     -5.754885117500     -2.154529846398
  258     -3.839993942240      5.744299620967     -2.171565333342
  258      7.662858489089      1.916061106676     -2.151455081413
  258      7.657906201609     -1.916765132591     -2.165708511716
  258      7.669012965822      5.756122864791     -2.141931276226
  258      7.663141070129     -5.748780816638     -2.157846483596
    8      1.915467526429      1.918194779412     -3.620019976409
    8     -1.916223184469     -1.917052676106     -3.619792743430
    8      1.916570765867     -1.917879009408     -3.613577251086
    8     -1.918070451177      1.917454491794     -3.619343609484
    8      1.919016170918      5.754199282473     -3.617484124890
    8     -1.916693568287     -5.753845595257     -3.621488886830
    8      1.920009844683     -5.754245638999     -3.612375465936
    8     -1.919481085486      5.753066764560     -3.617801053081
    8      5.755582180115      1.921041967747     -3.607308884242
    8     -5.749244317139     -1.917306100866     -3.626576415390
    8      5.748589385183     -1.919162068229     -3.614524376302
    8     -5.753262925866      1.919215379729     -3.612131471482
    8      5.759265747219      5.755387249824     -3.565491700045
    8     -5.753992034030     -5.755373411764     -3.618507216334
    8      5.751438073870     -5.756861974665     -3.581372298510
    8     -5.758773106959      5.753763941789     -3.603217527513
    8      0.000000000000      0.000000000000     -3.390356274875
    8      0.000000000000      3.835750260159     -3.390356274875
    8      0.000000000000     -3.835750260159     -3.390356274875
    8      0.000000000000      7.671500520300     -3.390356274875
    8      3.835750260161      0.000000000000     -3.390356274875
    8     -3.835750260161      0.000000000000     -3.390356274875
    8      3.835750260161      3.835750260159     -3.390356274875
    8     -3.835750260161     -3.835750260159     -3.390356274875
    8      3.835750260161     -3.835750260159     -3.390356274875
    8     -3.835750260161      3.835750260159     -3.390356274875
    8      3.835750260161      7.671500520300     -3.390356274875
    8     -3.835750260161      7.671500520300     -3.390356274875
    8      7.671500520300      0.000000000000     -3.390356274875
    8      7.671500520300      3.835750260159     -3.390356274875
    8      7.671500520300     -3.835750260159     -3.390356274875
    8      7.671500520300      7.671500520300     -3.390356274875
  258      1.917875130081      0.000000000000     -4.746498784825
  258     -1.917875130081      0.000000000000     -4.746498784825
  258      1.917875130081      3.835750260159     -4.746498784825
  258     -1.917875130081     -3.835750260159     -4.746498784825
  258      1.917875130081     -3.835750260159     -4.746498784825
  258     -1.917875130081      3.835750260159     -4.746498784825
  258      1.917875130081      7.671500520300     -4.746498784825
  258     -1.917875130081      7.671500520300     -4.746498784825
  258      5.753625390240      0.000000000000     -4.746498784825
  258     -5.753625390240      0.000000000000     -4.746498784825
  258      5.753625390240      3.835750260159     -4.746498784825
  258     -5.753625390240     -3.835750260159     -4.746498784825
  258      5.753625390240     -3.835750260159     -4.746498784825
  258     -5.753625390240      3.835750260159     -4.746498784825
  258      5.753625390240      7.671500520300     -4.746498784825
  258     -5.753625390240      7.671500520300     -4.746498784825
    8      0.000000000000      0.000000000000     -6.100000000000
    8      0.000000000000      3.835750260159     -6.100000000000
    8      0.000000000000     -3.835750260159     -6.100000000000
    8      0.000000000000      7.671500520300     -6.100000000000
    8      3.835750260161      0.000000000000     -6.100000000000
    8     -3.835750260161      0.000000000000     -6.100000000000
    8      3.835750260161      3.835750260159     -6.100000000000
    8     -3.835750260161     -3.835750260159     -6.100000000000
    8      3.835750260161     -3.835750260159     -6.100000000000
    8     -3.835750260161      3.835750260159     -6.100000000000
    8      3.835750260161      7.671500520300     -6.100000000000
    8     -3.835750260161      7.671500520300     -6.100000000000
    8      7.671500520300      0.000000000000     -6.100000000000
    8      7.671500520300      3.835750260159     -6.100000000000
    8      7.671500520300     -3.835750260159     -6.100000000000
    8      7.671500520300      7.671500520300     -6.100000000000
   14      5.960943960573      7.543360503140      5.332810363514
    8      7.406549347509      8.335503104913      5.024901411664
    8      6.472213906585      5.956638174483      5.321686200942
    8      5.281153968848      8.062105325711      6.721347331120
    6      8.452066478280      8.600599323722      6.024591171487
    6      4.166380732620      8.993234272118      6.568007733142
    6      7.258092651482      5.260812199435      6.325097481904
    6      8.281888889020      9.993436132603      6.588352188161
    6      4.615611757056     10.368554246016      6.077267170266
    6      7.692553405661      3.927741311734      5.743933146129
    1      9.086221368227     10.190597219204      7.307078765071
    1      3.733209259450     10.928502725778      5.737927952558
    1      8.029232381439      3.248092542724      6.531119476072
    1      7.318813420893     10.073339310133      7.100795268778
    1      8.327327436508     10.740062039990      5.796219561234
    1      8.388697855998      7.833709441821      6.803561184802
    1      9.390088673603      8.471460759322      5.478533042693
    1      8.557005798695      4.035205738827      5.072826705478
    1      6.845652541226      3.454004049771      5.236575241236
    1      6.629200173742      5.141148198081      7.214238767904
    1      8.136229073691      5.867015323502      6.573668873449
    1      3.692772894064      9.057847217245      7.551656933496
    1      3.430988543605      8.565396942186      5.870146102057
    1      5.117880439438     10.949601687651      6.853719540085
    1      5.341503265540     10.316243818275      5.251152692620
    8      5.027042085521      7.711384397116      4.058964341487
    6      4.121047374208      3.885087599246      5.745775209736
    6      3.261724601418      5.003737426548      6.311302395929
    1      2.301195668576      5.037325097872      5.790295546770
    1      3.616145186545      2.916561708140      5.903215308181
    1      5.091652103824      3.834881339792      6.255553126875
    1      3.745137424426      5.976059255586      6.152458031290
    1      3.090821306629      4.885259266354      7.387266617106
    0    0
