   2   1   1 E -4.0955882088337E+04 DE-4.7E-09(  7)
  0.153430010406E+02  0.000000000000E+00  0.000000000000E+00
  0.000000000000E+00  0.153430010406E+02  0.000000000000E+00
  0.000000000000E+00  0.000000000000E+00  0.500000000000E+03
    1
  0.100000000000E+01  0.000000000000E+00  0.000000000000E+00
  0.000000000000E+00  0.100000000000E+01  0.000000000000E+00
  0.000000000000E+00  0.000000000000E+00  0.100000000000E+01
  0.000000000000E+00  0.000000000000E+00  0.000000000000E+00
  225
    8      2.017147420105      2.231922947290      4.079600110779
    8     -2.253632442331     -1.169837457411      3.981958797672
    8      1.593537740363     -1.470562409795      4.084775940909
    8     -1.706695973921      2.627629990809      3.984960349380
    8      1.818189909976      6.521496562353      3.937614800745
    8     -1.681302137047     -5.005704591970      3.970557538046
    8      2.051789697452     -5.273077111540      4.075056374043
    8     -1.972281944104      6.446995580485      3.968684327670
    8      6.038621457035      1.694872598339      4.134197796628
    8     -6.039299580146     -1.260423501831      3.985956832467
    8      5.429843644164     -1.418943453882      4.077954572605
    8     -5.442955175286      2.394636861697      4.083398678844
    8      4.326869695466      4.077905018499      4.357513753597
    8     -5.373040003975     -4.892732663817      3.957365053518
    8      6.823478265952     -4.096674999990      3.953152051600
    8     -5.753077103754      6.255778747427      4.077113051025
  258      0.012972421873      1.944156649276      3.075060358850
  258     -0.059865025688     -1.900794277525      3.070995030995
  258     -0.055239947285      5.800153557060      3.019641637256
  258     -0.017460717487     -5.726606249538      3.043035024171
  258      3.851728391000      2.027910746635      3.116211388087
  258     -3.901536764614     -1.890771421993      3.069841915390
  258      3.792170060735     -1.881582899155      3.088331772498
  258     -3.777806796609      1.915913175348      3.083545658654
  258      3.665916749684      5.814346720123      3.045082218965
  258     -3.763004649093     -5.680221688522      3.030024973324
  258      3.705733368825     -5.783697310340      3.019382396426
  258     -3.775976027388      5.781037414729      3.039458120700
  258      7.718508208745      1.869311713174      3.089511286656
  258      7.597226225968     -1.961680823055      3.120706666716
  258      7.843484605534      5.817537280778      3.028016467038
  258      7.809563368348     -5.582057783211      3.035874119257
    8      1.887226567767      1.914952408162      1.597416209990
    8     -1.886966852108     -1.967197912268      1.602114077183
    8      1.917711693438     -1.937066323333      1.611435786241
    8     -1.926226135230      1.865867041132      1.589244300695
    8      1.849404894053      5.708811379249      1.601493393377
    8     -1.916679113023     -5.809840455874      1.593021485770
    8      1.868897669787     -5.801031059629      1.618486422767
    8     -1.912557746397      5.697382263199      1.590893854665
    8      5.750817912517      1.990356165312      1.643178532392
    8     -5.668479028598     -1.960247329565      1.590066211601
    8      5.705345339755     -1.957247677491      1.623295264555
    8     -5.771240084360      1.875043550570      1.614006749048
    8      5.766256725956      5.788863941156      1.922925353296
    8     -5.688788594818     -5.793510733761      1.612535526005
    8      5.744526109535     -5.752305904632      1.838576384405
    8     -5.722167576013      5.723806351212      1.624002754245
    8     -0.016846599670     -0.010377740808      1.952819713929
    8      0.011966001985      3.844805815946      1.949103710764
    8      0.030716428413     -3.852661751895      1.916862753277
    8     -0.044166376455      7.650790167259      1.902444887598
    8      3.813757371742      0.037172891653      1.973086229241
    8     -3.862041266041     -0.011346169474      1.906074246010
    8      3.786140769478      3.884205859543      1.823558104845
    8     -3.760865647960     -3.840884843476      1.870513824157
    8      3.804059330061     -3.865448082383      1.963930887451
    8     -3.818947666279      3.828649965186      1.953400481298
    8      3.734204627072      7.674987109813      1.771243297782
    8     -3.829258082116      7.646615173377      1.944381406834
    8      7.620411938225     -0.026798957395      1.901790853248
    8      7.721967481046      3.866476030058      2.043146567036
    8      7.771148618033     -3.790074853452      1.672659303298
    8      7.723015369864      7.686584651881      1.951025859291
  258      1.916648509448      0.010100277978      0.470062322508
  258     -1.927383003218     -0.017334670717      0.449839015396
  258      1.912878500129      3.819939271467      0.424129341892
  258     -1.910551757425     -3.828545667831      0.426670729575
  258      1.910199283586     -3.819339012793      0.444183521251
  258     -1.912872164705      3.805413028138      0.435656830079
  258      1.887604122987      7.663497741293      0.396535903117
  258     -1.922739491130      7.667448035435      0.413791092388
  258      5.742972571339      0.011767893987      0.487184681549
  258     -5.766212369013     -0.022650645627      0.458332029182
  258      5.750497409278      3.864871926638      0.502885849522
  258     -5.729541220811     -3.815957222284      0.401555533375
  258      5.756051324660     -3.830034940034      0.470559593312
  258     -5.734921489866      3.804343553330      0.456753062409
  258      5.755537860241      7.691743794836      0.523537490577
  258     -5.729404049294      7.692608414147      0.427819462209
    8      0.002581378473      0.001025720002     -0.761667503665
    8     -0.011293946964      3.827784879456     -0.775729056255
    8      0.008853721445     -3.833542201591     -0.781045155968
    8     -0.017265530081      7.665217626762     -0.793284523928
    8      3.839973225542      0.003683116553     -0.751113965760
    8     -3.843384993645     -0.003929135246     -0.777827116289
    8      3.858886501578      3.847422959291     -0.791964309396
    8     -3.814938878153     -3.834843625506     -0.808012117512
    8      3.837786319595     -3.839270364133     -0.758831896256
    8     -3.837492876865      3.826209830787     -0.759128966826
    8      3.850220091444      7.671480303095     -0.798166556463
    8     -3.831778844640      7.670112136766     -0.775571602955
    8      7.652995599861      0.008272719295     -0.769379646011
    8      7.670427192553      3.847205985161     -0.722546964316
    8      7.653129562393     -3.847703656560     -0.849961454800
    8      7.663010191669      7.671117885983     -0.741324853854
    8      1.923121773053      1.915743011144     -0.968216972273
    8     -1.915670645078     -1.916792447846     -0.966050026515
    8      1.919622705426     -1.917736844507     -0.955033345466
    8     -1.919810140980      1.909062468104     -0.968393204060
    8      1.916511533048      5.754073200982     -0.970131430536
    8     -1.913821329947     -5.761947369048     -0.969625716182
    8      1.916190708010     -5.759370388350     -0.956842907225
    8     -1.923956911119      5.741230393770     -0.966752328560
    8      5.755738046573      1.935861248108     -0.925902229016
    8     -5.761412453631     -1.914926859613     -0.974861737275
    8      5.746789689853     -1.915103611509     -0.937831660611
    8     -5.756187833685      1.923269123426     -0.953356190057
    8      5.762073925592      5.774887827917     -0.816970723243
    8     -5.749114065066     -5.769741135461     -0.967224759708
    8      5.749966983239     -5.772986603156     -0.847958341990
    8     -5.752376652492      5.749699389858     -0.947274895468
  258      0.001093424318      1.907487408397     -2.171065142891
  258      0.005402357371     -1.911373894429     -2.168492159458
  258     -0.004922211127      5.743842504774     -2.182041926153
  258      0.000950489008     -5.747219176136     -2.180530149750
  258      3.846822347165      1.920963318231     -2.157987455085
  258     -3.835297745709     -1.911243087203     -2.178358429617
  258      3.839535724432     -1.912811838628     -2.157445249617
  258     -3.840318891402      1.907421024144     -2.168232038613
  258      3.848105645972      5.755860844526     -2.154391424055
  258     -3.832383888736     -5.749759285547     -2.183972779922
  258      3.842724662142     -5.755019358989     -2.154662215342
  258     -3.840039284440      5.744359887777     -2.171855496798
  258      7.662866612666      1.916033796663     -2.151715387257
  258      7.658027184072     -1.916748411350     -2.165785176488
  258      7.668959297942      5.756117844158     -2.142379848660
  258      7.662975220856     -5.748902978050     -2.157946401865
    8      1.915907945505      1.918154909576     -3.620120308782
    8     -1.916201956049     -1.917069907221     -3.619992187227
    8      1.916583434055     -1.917811289099     -3.613801838255
    8     -1.918052451107      1.917414000994     -3.619661011715
    8      1.919219891147      5.754268910273     -3.617584271473
    8     -1.916719736925     -5.753723448306     -3.621856072981
    8      1.919897781316     -5.754210790133     -3.612819784529
    8     -1.919449365586      5.753050946915     -3.618334480093
    8      5.755505068970      1.920945877609     -3.607905447526
    8     -5.749263082637     -1.917396080644     -3.626901968937
    8      5.748752726222     -1.919082554271     -3.614952024556
    8     -5.753206663249      1.919142998750     -3.612665383788
    8      5.759202139699      5.755383939119     -3.566251884407
    8     -5.753952334444     -5.755292591362     -3.619020808738
    8      5.751466062796     -5.756953006722     -3.581417267473
    8     -5.758643195542      5.753754830856     -3.603879686333
    8      0.000000000000      0.000000000000     -3.390356274875
    8      0.000000000000      3.835750260159     -3.390356274875
    8      0.000000000000     -3.835750260159     -3.390356274875
    8      0.000000000000      7.671500520300     -3.390356274875
    8      3.835750260161      0.000000000000     -3.390356274875
    8     -3.835750260161      0.000000000000     -3.390356274875
    8      3.835750260161      3.835750260159     -3.390356274875
    8     -3.835750260161     -3.835750260159     -3.390356274875
    8      3.835750260161     -3.835750260159     -3.390356274875
    8     -3.835750260161      3.835750260159     -3.390356274875
    8      3.835750260161      7.671500520300     -3.390356274875
    8     -3.835750260161      7.671500520300     -3.390356274875
    8      7.671500520300      0.000000000000     -3.390356274875
    8      7.671500520300      3.835750260159     -3.390356274875
    8      7.671500520300     -3.835750260159     -3.390356274875
    8      7.671500520300      7.671500520300     -3.390356274875
  258      1.917875130081      0.000000000000     -4.746498784825
  258     -1.917875130081      0.000000000000     -4.746498784825
  258      1.917875130081      3.835750260159     -4.746498784825
  258     -1.917875130081     -3.835750260159     -4.746498784825
  258      1.917875130081     -3.835750260159     -4.746498784825
  258     -1.917875130081      3.835750260159     -4.746498784825
  258      1.917875130081      7.671500520300     -4.746498784825
  258     -1.917875130081      7.671500520300     -4.746498784825
  258      5.753625390240      0.000000000000     -4.746498784825
  258     -5.753625390240      0.000000000000     -4.746498784825
  258      5.753625390240      3.835750260159     -4.746498784825
  258     -5.753625390240     -3.835750260159     -4.746498784825
  258      5.753625390240     -3.835750260159     -4.746498784825
  258     -5.753625390240      3.835750260159     -4.746498784825
  258      5.753625390240      7.671500520300     -4.746498784825
  258     -5.753625390240      7.671500520300     -4.746498784825
    8      0.000000000000      0.000000000000     -6.100000000000
    8      0.000000000000      3.835750260159     -6.100000000000
    8      0.000000000000     -3.835750260159     -6.100000000000
    8      0.000000000000      7.671500520300     -6.100000000000
    8      3.835750260161      0.000000000000     -6.100000000000
    8     -3.835750260161      0.000000000000     -6.100000000000
    8      3.835750260161      3.835750260159     -6.100000000000
    8     -3.835750260161     -3.835750260159     -6.100000000000
    8      3.835750260161     -3.835750260159     -6.100000000000
    8     -3.835750260161      3.835750260159     -6.100000000000
    8      3.835750260161      7.671500520300     -6.100000000000
    8     -3.835750260161      7.671500520300     -6.100000000000
    8      7.671500520300      0.000000000000     -6.100000000000
    8      7.671500520300      3.835750260159     -6.100000000000
    8      7.671500520300     -3.835750260159     -6.100000000000
    8      7.671500520300      7.671500520300     -6.100000000000
   14      5.960652354537      7.543062115751      5.331049569592
    8      7.406649545997      8.335434855995      5.023529684205
    8      6.472655493955      5.955774111876      5.321698716484
    8      5.278893334981      8.061971161053      6.719300930940
    6      8.450729360580      8.602019810741      6.024384102722
    6      4.163160183178      8.992688151823      6.565847505059
    6      7.259410208335      5.261918789848      6.326100586291
    6      8.279645670190      9.995689003182      6.587635366634
    6      4.611572952706     10.371504803330      6.082452950247
    6      7.694056623968      3.926694415724      5.748283484911
    1      9.082721115205     10.193502203085      7.308487086881
    1      3.728348362060     10.931687279214      5.744342080837
    1      8.034622811707      3.250685977700      6.537827991154
    1      7.315002338017     10.076302977359      7.098007472932
    1      8.327044643761     10.742297984349      5.794960341109
    1      8.386638557280      7.835110260584      6.804087604013
    1      9.390036359640      8.472513745465      5.479632193891
    1      8.556962074532      4.032427871071      5.074030666851
    1      6.846367231897      3.448946085140      5.244786540282
    1      6.630973116163      5.144012633980      7.216638359566
    1      8.137921320765      5.869229322822      6.572966773292
    1      3.685757029325      9.052159855552      7.548692463719
    1      3.430074749381      8.566012477359      5.864233324030
    1      5.110865475470     10.948602178788      6.864748051212
    1      5.339436010862     10.326439865918      5.256875635776
    8      5.026888725277      7.708695742876      4.055927172537
    6      4.120205113272      3.887086208845      5.746293537549
    6      3.257145615631      5.003616570196      6.312250219146
    1      2.295594100455      5.034025193901      5.792079140950
    1      3.618115659983      2.916655753270      5.904688639408
    1      5.091281009826      3.840135707827      6.256626154513
    1      3.736573723942      5.978456714874      6.153713822828
    1      3.087688485850      4.883840105758      7.388844756099
    0    0
