   2   1   1 E -4.0955882105256E+04 DE 9.8E-08( 11)
  0.153430010406E+02  0.000000000000E+00  0.000000000000E+00
  0.000000000000E+00  0.153430010406E+02  0.000000000000E+00
  0.000000000000E+00  0.000000000000E+00  0.500000000000E+03
    1
  0.100000000000E+01  0.000000000000E+00  0.000000000000E+00
  0.000000000000E+00  0.100000000000E+01  0.000000000000E+00
  0.000000000000E+00  0.000000000000E+00  0.100000000000E+01
  0.000000000000E+00  0.000000000000E+00  0.000000000000E+00
  225
    8      2.016822819974      2.232126099477      4.079841976462
    8     -2.254569534680     -1.169465657311      3.981949627233
    8      1.592396689412     -1.469382031220      4.085186138878
    8     -1.706872115224      2.627576850273      3.985178407049
    8      1.818162239901      6.521107473464      3.938060447131
    8     -1.681362600210     -5.005268456512      3.970786795888
    8      2.051604775658     -5.273150838808      4.075318433687
    8     -1.972184713783      6.446551519749      3.969249501602
    8      6.038384609312      1.695387364564      4.134459010317
    8     -6.039897253535     -1.262160737534      3.985869499968
    8      5.426636335146     -1.416862977160      4.079731757560
    8     -5.442905956006      2.394657651271      4.083629108434
    8      4.327202491040      4.077355515846      4.357101666986
    8     -5.372423586542     -4.892470136958      3.956837445904
    8      6.828956614275     -4.088597626477      3.950140028518
    8     -5.753171395770      6.255604799880      4.077700056767
  258      0.012807538724      1.944095061436      3.075295054770
  258     -0.060446796873     -1.900595443427      3.071165633996
  258     -0.055224316929      5.800012404032      3.019866900796
  258     -0.017693496316     -5.726472513280      3.043176479833
  258      3.851508556325      2.027753651921      3.116484578986
  258     -3.901958290513     -1.891153139274      3.069743121362
  258      3.791134522744     -1.881614000235      3.088863796702
  258     -3.777905499405      1.915729914050      3.083918091194
  258      3.665977733259      5.814239840149      3.045331685282
  258     -3.762894305515     -5.680068347332      3.029807224106
  258      3.705433102507     -5.783543753109      3.019442062901
  258     -3.776012513297      5.780999178208      3.039881283609
  258      7.718376510316      1.869141357476      3.089983392898
  258      7.597105421131     -1.963573499119      3.121165089759
  258      7.843299590709      5.817827318310      3.028484695286
  258      7.810418470817     -5.580420530604      3.036227100476
    8      1.887181550119      1.914854807182      1.597691018097
    8     -1.887166249913     -1.967173004542      1.602171927074
    8      1.917317547200     -1.937023203268      1.611496946080
    8     -1.926421449220      1.865776225638      1.589471021921
    8      1.849457594730      5.708749238615      1.601745242395
    8     -1.916615601909     -5.809800396617      1.593095252806
    8      1.868640804710     -5.801007794234      1.618699075703
    8     -1.912610667369      5.697361766606      1.591212903738
    8      5.750744546531      1.990247009663      1.643661509701
    8     -5.668607821034     -1.960674696391      1.590274206720
    8      5.705226496457     -1.957556741590      1.623951519395
    8     -5.771423018785      1.874803708850      1.614530260332
    8      5.766227070547      5.789082390187      1.923408622387
    8     -5.688580021217     -5.793608788699      1.612615359659
    8      5.744722229057     -5.751706572103      1.838830449851
    8     -5.722210132392      5.723936867013      1.624500890302
    8     -0.017153888633     -0.010327153597      1.952959854688
    8      0.011924337895      3.844708247268      1.949258715629
    8      0.030550249962     -3.852644426600      1.916946717739
    8     -0.044219395321      7.650796029321      1.902702936047
    8      3.813509095076      0.037135721044      1.973419041773
    8     -3.862438556699     -0.011549983426      1.906365911707
    8      3.786174948378      3.884213175106      1.823802588680
    8     -3.760897669043     -3.840914469407      1.870167176482
    8      3.804008191197     -3.865572594808      1.964222350900
    8     -3.819107506256      3.828609181155      1.953732050605
    8      3.734205263245      7.675058422112      1.771500807652
    8     -3.829264927513      7.646645785487      1.944691353725
    8      7.620363000928     -0.027297083371      1.902346083467
    8      7.721919902522      3.866625107397      2.043500179458
    8      7.771672332825     -3.790773964664      1.672232913023
    8      7.722793202280      7.687223950881      1.951625667178
  258      1.916486335141      0.010060752428      0.470228811843
  258     -1.927565045435     -0.017350797634      0.449933092329
  258      1.912845082703      3.819937677850      0.424279487471
  258     -1.910603703953     -3.828548157377      0.426651693977
  258      1.910072438835     -3.819353394111      0.444314122920
  258     -1.912963850358      3.805463327486      0.435831875011
  258      1.887634276884      7.663524081485      0.396724245663
  258     -1.922753255673      7.667344689669      0.413989838996
  258      5.742969652561      0.011621929354      0.487599284475
  258     -5.766387496520     -0.022817906810      0.458569665959
  258      5.750501183514      3.864908648608      0.503202757058
  258     -5.729296806267     -3.815998666347      0.401329692976
  258      5.756087505672     -3.829983616816      0.470728981313
  258     -5.734954793538      3.804320386124      0.457107061448
  258      5.755463513520      7.692008097909      0.523800057153
  258     -5.729407423668      7.692686871451      0.428106185122
    8      0.002412891457      0.001048546729     -0.761569091504
    8     -0.011352873407      3.827764674793     -0.775628102564
    8      0.008769750548     -3.833587605807     -0.780974643679
    8     -0.017312947051      7.665204160559     -0.793105984942
    8      3.839943353343      0.003674134644     -0.750822969146
    8     -3.843511881421     -0.003937040752     -0.777696295923
    8      3.858902109124      3.847421560844     -0.791776934747
    8     -3.814924599247     -3.834860419444     -0.808125670651
    8      3.837728051163     -3.839277643650     -0.758732120417
    8     -3.837528501652      3.826181474411     -0.758957946438
    8      3.850234806078      7.671527073254     -0.798083676843
    8     -3.831798810330      7.670035648726     -0.775423993036
    8      7.652974170594      0.008242067155     -0.769079751640
    8      7.670444911772      3.847253840410     -0.722275069275
    8      7.653238592463     -3.847693079751     -0.849942290070
    8      7.663010034179      7.671144087538     -0.741080424891
    8      1.923114979742      1.915790691850     -0.968076650435
    8     -1.915774542026     -1.916816269973     -0.966011795951
    8      1.919542814543     -1.917827487159     -0.954933003997
    8     -1.919898160664      1.909111742363     -0.968286906213
    8      1.916502189816      5.754100879840     -0.969981456308
    8     -1.913876184995     -5.761992228963     -0.969566478005
    8      1.916137078279     -5.759390354654     -0.956650685884
    8     -1.923996679361      5.741134269977     -0.966571509500
    8      5.755815785937      1.935906180260     -0.925579838966
    8     -5.761509231176     -1.915029381132     -0.974821647297
    8      5.746822891723     -1.915164184166     -0.937658376431
    8     -5.756264498622      1.923262013426     -0.953050570742
    8      5.762123861468      5.774914758290     -0.816625959999
    8     -5.749019602444     -5.769682461382     -0.967172545634
    8      5.750076820622     -5.772954887125     -0.847884731858
    8     -5.752397444380      5.749680121279     -0.946916849598
  258      0.001046365481      1.907482795746     -2.171020731328
  258      0.005338386018     -1.911406514219     -2.168473004925
  258     -0.004968964272      5.743818014768     -2.181950228843
  258      0.000894465889     -5.747235406020     -2.180442800538
  258      3.846847210327      1.920940580385     -2.157834474532
  258     -3.835353066038     -1.911260152641     -2.178374062531
  258      3.839491574776     -1.912843313872     -2.157364567295
  258     -3.840347918803      1.907406215270     -2.168146736113
  258      3.848148883970      5.755847703585     -2.154257830835
  258     -3.832353916366     -5.749774469553     -2.183942626470
  258      3.842722690142     -5.754969633291     -2.154610493491
  258     -3.840032352290      5.744341540298     -2.171713348738
  258      7.662857390213      1.916030444796     -2.151569923393
  258      7.657993922055     -1.916786916405     -2.165741601085
  258      7.668965953069      5.756128764803     -2.142178458485
  258      7.663042130102     -5.748844617152     -2.157918151253
    8      1.915767861713      1.918174624722     -3.620072723074
    8     -1.916213886623     -1.917064961395     -3.619924270341
    8      1.916567667316     -1.917833967699     -3.613718939611
    8     -1.918066070601      1.917428427878     -3.619547252230
    8      1.919157634364      5.754242273255     -3.617544273679
    8     -1.916711855358     -5.753765043875     -3.621733760886
    8      1.919920419070     -5.754222992601     -3.612671344973
    8     -1.919468320968      5.753051413606     -3.618152724220
    8      5.755534193880      1.920978943743     -3.607695409443
    8     -5.749261202218     -1.917372962201     -3.626789525540
    8      5.748701598624     -1.919120060911     -3.614807881511
    8     -5.753227292122      1.919164509940     -3.612474006669
    8      5.759230581140      5.755387431742     -3.566002810694
    8     -5.753951685607     -5.755317153871     -3.618861677047
    8      5.751461259087     -5.756913669662     -3.581402239847
    8     -5.758682598188      5.753755561029     -3.603647877039
    8      0.000000000000      0.000000000000     -3.390356274875
    8      0.000000000000      3.835750260159     -3.390356274875
    8      0.000000000000     -3.835750260159     -3.390356274875
    8      0.000000000000      7.671500520300     -3.390356274875
    8      3.835750260161      0.000000000000     -3.390356274875
    8     -3.835750260161      0.000000000000     -3.390356274875
    8      3.835750260161      3.835750260159     -3.390356274875
    8     -3.835750260161     -3.835750260159     -3.390356274875
    8      3.835750260161     -3.835750260159     -3.390356274875
    8     -3.835750260161      3.835750260159     -3.390356274875
    8      3.835750260161      7.671500520300     -3.390356274875
    8     -3.835750260161      7.671500520300     -3.390356274875
    8      7.671500520300      0.000000000000     -3.390356274875
    8      7.671500520300      3.835750260159     -3.390356274875
    8      7.671500520300     -3.835750260159     -3.390356274875
    8      7.671500520300      7.671500520300     -3.390356274875
  258      1.917875130081      0.000000000000     -4.746498784825
  258     -1.917875130081      0.000000000000     -4.746498784825
  258      1.917875130081      3.835750260159     -4.746498784825
  258     -1.917875130081     -3.835750260159     -4.746498784825
  258      1.917875130081     -3.835750260159     -4.746498784825
  258     -1.917875130081      3.835750260159     -4.746498784825
  258      1.917875130081      7.671500520300     -4.746498784825
  258     -1.917875130081      7.671500520300     -4.746498784825
  258      5.753625390240      0.000000000000     -4.746498784825
  258     -5.753625390240      0.000000000000     -4.746498784825
  258      5.753625390240      3.835750260159     -4.746498784825
  258     -5.753625390240     -3.835750260159     -4.746498784825
  258      5.753625390240     -3.835750260159     -4.746498784825
  258     -5.753625390240      3.835750260159     -4.746498784825
  258      5.753625390240      7.671500520300     -4.746498784825
  258     -5.753625390240      7.671500520300     -4.746498784825
    8      0.000000000000      0.000000000000     -6.100000000000
    8      0.000000000000      3.835750260159     -6.100000000000
    8      0.000000000000     -3.835750260159     -6.100000000000
    8      0.000000000000      7.671500520300     -6.100000000000
    8      3.835750260161      0.000000000000     -6.100000000000
    8     -3.835750260161      0.000000000000     -6.100000000000
    8      3.835750260161      3.835750260159     -6.100000000000
    8     -3.835750260161     -3.835750260159     -6.100000000000
    8      3.835750260161     -3.835750260159     -6.100000000000
    8     -3.835750260161      3.835750260159     -6.100000000000
    8      3.835750260161      7.671500520300     -6.100000000000
    8     -3.835750260161      7.671500520300     -6.100000000000
    8      7.671500520300      0.000000000000     -6.100000000000
    8      7.671500520300      3.835750260159     -6.100000000000
    8      7.671500520300     -3.835750260159     -6.100000000000
    8      7.671500520300      7.671500520300     -6.100000000000
   14      5.960923041854      7.542718976147      5.331814050933
    8      7.406416170208      8.335027710791      5.023466403107
    8      6.472994866000      5.955924525245      5.321606539539
    8      5.280043383865      8.061243159740      6.720219887151
    6      8.451251574657      8.601419321409      6.023401020158
    6      4.165264818736      8.992734251664      6.566953566125
    6      7.258962803736      5.261552567075      6.325998916233
    6      8.280268915889      9.994604586338      6.586701492487
    6      4.615170287107     10.369987056204      6.081984751248
    6      7.693617803921      3.927326258207      5.747165837629
    1      9.084159206999     10.192476338988      7.306210705620
    1      3.733092927356     10.930216236901      5.741591369243
    1      8.032152594307      3.249963195623      6.535974734441
    1      7.316545431771     10.074611833604      7.098413101500
    1      8.326162492603     10.740983031046      5.794043976784
    1      8.388002460286      7.834679988516      6.802986453106
    1      9.389854980345      8.472365569153      5.477812413613
    1      8.557565490737      4.033707131690      5.074772657204
    1      6.846525930582      3.451242754334      5.241700416864
    1      6.630022725823      5.142949312669      7.215695779081
    1      8.137238478187      5.868336604780      6.573845287373
    1      3.688876096431      9.053869001866      7.549846910475
    1      3.431499961566      8.566516689047      5.866066231126
    1      5.114024487330     10.948353299407      6.863134320173
    1      5.344143519498     10.321996899223      5.257892239958
    8      5.026869913268      7.708549501998      4.057434757426
    6      4.120521965125      3.886077440913      5.745656544831
    6      3.259555709715      5.003840476446      6.311095026226
    1      2.298794587531      5.036315783398      5.790001950007
    1      3.616823029220      2.916692495341      5.903618192395
    1      5.091283702361      3.837534208702      6.255851429141
    1      3.741443614714      5.977283499345      6.152880818121
    1      3.088859053884      4.884426139086      7.387272796891
    0    0
