   2   1   1 E -4.0955882119937E+04 DE-1.2E-08(  9)
  0.153430010406E+02  0.000000000000E+00  0.000000000000E+00
  0.000000000000E+00  0.153430010406E+02  0.000000000000E+00
  0.000000000000E+00  0.000000000000E+00  0.500000000000E+03
    1
  0.100000000000E+01  0.000000000000E+00  0.000000000000E+00
  0.000000000000E+00  0.100000000000E+01  0.000000000000E+00
  0.000000000000E+00  0.000000000000E+00  0.100000000000E+01
  0.000000000000E+00  0.000000000000E+00  0.000000000000E+00
  225
    8      2.016440197943      2.233898959489      4.079789842362
    8     -2.256652338833     -1.166374846902      3.981692603435
    8      1.588254800244     -1.465489060063      4.085040226800
    8     -1.706633076761      2.627827919222      3.985197459239
    8      1.818193011483      6.519947195914      3.938619557787
    8     -1.682071022340     -5.003710674627      3.971385542351
    8      2.050751262589     -5.273816975449      4.076223776681
    8     -1.971873467595      6.444346385076      3.970551455280
    8      6.039678720684      1.697216802019      4.135285264453
    8     -6.039006430034     -1.262477713358      3.985916265988
    8      5.419426551817     -1.415121555548      4.081311586584
    8     -5.441977494012      2.395303590243      4.083993390649
    8      4.327726570267      4.076775005646      4.356925102440
    8     -5.373926498509     -4.896725233257      3.957315074862
    8      6.844529089441     -4.078105217703      3.956750344325
    8     -5.753483544719      6.254413380013      4.078473201939
  258      0.013121953003      1.943929951153      3.075604241908
  258     -0.062158144609     -1.900107958714      3.071335052389
  258     -0.055042326721      5.799441728225      3.020004259078
  258     -0.018901276067     -5.726118186083      3.043312902873
  258      3.851630585454      2.027198621384      3.116379476100
  258     -3.902848381865     -1.890641287532      3.069791643589
  258      3.790085690559     -1.881453499571      3.089620785453
  258     -3.777494965122      1.915394374680      3.084430019239
  258      3.666121247807      5.813642397225      3.045617083158
  258     -3.762777630093     -5.680401864889      3.029070478965
  258      3.703313205022     -5.784133935364      3.019159811957
  258     -3.775977280515      5.780348920595      3.040502255858
  258      7.718845810132      1.868814380945      3.089925766684
  258      7.597607488102     -1.963775119210      3.122827565555
  258      7.843276613335      5.817628511568      3.028276163889
  258      7.812289341513     -5.581509128995      3.036686278208
    8      1.887778563246      1.914596369648      1.597961262100
    8     -1.887536730083     -1.967116678381      1.602311020336
    8      1.916212821632     -1.937182579890      1.611678543270
    8     -1.926769715486      1.865664876501      1.589539735351
    8      1.849778543345      5.708524973156      1.601969161275
    8     -1.916314661264     -5.809575156656      1.593297300096
    8      1.867490032315     -5.801315893139      1.619146137285
    8     -1.912666819083      5.697296798634      1.591752448703
    8      5.750824908109      1.990150049628      1.644010201025
    8     -5.669315987582     -1.961026546759      1.590872051507
    8      5.705629645488     -1.957908550722      1.625884625154
    8     -5.771726401611      1.874725656939      1.615025937105
    8      5.766440696104      5.789421535145      1.924303743068
    8     -5.688708360632     -5.794193981574      1.613212018057
    8      5.746042574744     -5.750039339776      1.841455187377
    8     -5.721888932375      5.724215571882      1.625023160586
    8     -0.017707480422     -0.010027938346      1.952727570155
    8      0.012164644473      3.844397337561      1.949047278765
    8      0.029988880222     -3.852870170337      1.916804345149
    8     -0.044508747773      7.650644158092      1.903200303350
    8      3.813639494167      0.037628767635      1.973189176447
    8     -3.863435681915     -0.011477762836      1.906506425554
    8      3.786510908513      3.884305338429      1.823938510665
    8     -3.761784983213     -3.841118035993      1.869490385154
    8      3.803790731468     -3.866904787350      1.964524246422
    8     -3.819285705720      3.828628589376      1.953882840752
    8      3.734254555987      7.674847820382      1.771760919317
    8     -3.828876550805      7.646425321131      1.945243309791
    8      7.620715357755     -0.026310349603      1.902035168119
    8      7.722147524899      3.867033817450      2.043297793426
    8      7.772359676855     -3.794478707478      1.671175556316
    8      7.722774430605      7.688077693369      1.951783890119
  258      1.916384756432      0.009960005319      0.470312088932
  258     -1.927858857880     -0.017134825550      0.449819368207
  258      1.912939447936      3.819819816471      0.424299806929
  258     -1.910752077641     -3.828388748924      0.426479047791
  258      1.909664086549     -3.819331361880      0.444405549571
  258     -1.912987742638      3.805559745046      0.435960379304
  258      1.887681189761      7.663343753063      0.396815981024
  258     -1.922689231327      7.666764393997      0.414293663147
  258      5.743228311437      0.011414363707      0.488310317254
  258     -5.766855288939     -0.022607603542      0.458677964740
  258      5.750646764081      3.864845935110      0.503499071088
  258     -5.729003896376     -3.815628982310      0.400378833391
  258      5.756214106646     -3.829537924334      0.471470590387
  258     -5.734745172873      3.804207549352      0.457457064650
  258      5.755492954283      7.692527379137      0.524375571692
  258     -5.729325918030      7.692544539453      0.428361007196
    8      0.002035819454      0.001121468229     -0.761527081012
    8     -0.011305754958      3.827617882824     -0.775658007579
    8      0.008544280011     -3.833701091367     -0.780984375629
    8     -0.017458943626      7.665110688323     -0.792785487707
    8      3.839967002405      0.003661391114     -0.750320188732
    8     -3.843776346440     -0.003823081993     -0.777678416610
    8      3.859047839234      3.847400072602     -0.791711157464
    8     -3.814906579547     -3.834784882282     -0.808730931678
    8      3.837742407863     -3.839316182237     -0.758717405525
    8     -3.837507652056      3.826060866757     -0.759015796255
    8      3.850309044215      7.671594237863     -0.797921664456
    8     -3.831773957922      7.669773837592     -0.775304602655
    8      7.652853416076      0.008499153549     -0.768856904862
    8      7.670621040635      3.847432687701     -0.722208085122
    8      7.653250032574     -3.847430921956     -0.850061242107
    8      7.663088822351      7.670906110275     -0.740656708777
    8      1.923290806122      1.915954734903     -0.967967870151
    8     -1.915986553417     -1.916775116230     -0.965945470048
    8      1.919466221953     -1.918156591967     -0.954844195887
    8     -1.919968016444      1.909357787378     -0.968193217102
    8      1.916516394062      5.754193301381     -0.969779525497
    8     -1.914131543445     -5.762268592366     -0.969358026378
    8      1.915978090274     -5.759608750186     -0.956217803941
    8     -1.923976795250      5.740748733238     -0.966231190830
    8      5.756006626130      1.936204015224     -0.925047531645
    8     -5.761919205903     -1.915015080978     -0.974716260982
    8      5.747044403196     -1.915243196545     -0.937090416309
    8     -5.756324020957      1.923398600193     -0.952542208824
    8      5.762308208760      5.775101821850     -0.815784133737
    8     -5.749028983898     -5.769750150824     -0.966787165491
    8      5.750446529276     -5.773204021558     -0.847249730940
    8     -5.752249474574      5.749626536281     -0.946255913043
  258      0.001060060089      1.907431152425     -2.171020233385
  258      0.005227402870     -1.911431000150     -2.168544680280
  258     -0.004995995909      5.743704611812     -2.181842661754
  258      0.000736251484     -5.747353963188     -2.180286842645
  258      3.847067957642      1.920779555148     -2.157520967636
  258     -3.835482147758     -1.911095903049     -2.178580874113
  258      3.839452918918     -1.912861953005     -2.157187882932
  258     -3.840367177080      1.907400411215     -2.168082407592
  258      3.848373162979      5.755767338377     -2.153988376903
  258     -3.832261484017     -5.749947239956     -2.183940184030
  258      3.842735960926     -5.754805765060     -2.154484094528
  258     -3.839988075769      5.744302061869     -2.171539387148
  258      7.662834100704      1.916086152237     -2.151472546179
  258      7.657784037100     -1.916697047079     -2.165803137572
  258      7.669047300476      5.756146345379     -2.141811784706
  258      7.663153258081     -5.748727614535     -2.157803981104
    8      1.915281753921      1.918185253586     -3.620043147365
    8     -1.916202622653     -1.917039175562     -3.619743638956
    8      1.916603158864     -1.917888726786     -3.613529218572
    8     -1.918072145622      1.917465386327     -3.619259883726
    8      1.918931418780      5.754201845718     -3.617483821191
    8     -1.916666181228     -5.753873109488     -3.621358648479
    8      1.920105055808     -5.754243568546     -3.612191463394
    8     -1.919476643562      5.753097249646     -3.617595659004
    8      5.755581408835      1.921058112844     -3.607085398494
    8     -5.749222594941     -1.917267832016     -3.626497058140
    8      5.748480415994     -1.919148580982     -3.614361786943
    8     -5.753305984983      1.919238002735     -3.611937847961
    8      5.759253247330      5.755386165724     -3.565136403851
    8     -5.754068700190     -5.755391432274     -3.618283018166
    8      5.751392827778     -5.756846424317     -3.581355062817
    8     -5.758855618053      5.753783596518     -3.602955093221
    8      0.000000000000      0.000000000000     -3.390356274875
    8      0.000000000000      3.835750260159     -3.390356274875
    8      0.000000000000     -3.835750260159     -3.390356274875
    8      0.000000000000      7.671500520300     -3.390356274875
    8      3.835750260161      0.000000000000     -3.390356274875
    8     -3.835750260161      0.000000000000     -3.390356274875
    8      3.835750260161      3.835750260159     -3.390356274875
    8     -3.835750260161     -3.835750260159     -3.390356274875
    8      3.835750260161     -3.835750260159     -3.390356274875
    8     -3.835750260161      3.835750260159     -3.390356274875
    8      3.835750260161      7.671500520300     -3.390356274875
    8     -3.835750260161      7.671500520300     -3.390356274875
    8      7.671500520300      0.000000000000     -3.390356274875
    8      7.671500520300      3.835750260159     -3.390356274875
    8      7.671500520300     -3.835750260159     -3.390356274875
    8      7.671500520300      7.671500520300     -3.390356274875
  258      1.917875130081      0.000000000000     -4.746498784825
  258     -1.917875130081      0.000000000000     -4.746498784825
  258      1.917875130081      3.835750260159     -4.746498784825
  258     -1.917875130081     -3.835750260159     -4.746498784825
  258      1.917875130081     -3.835750260159     -4.746498784825
  258     -1.917875130081      3.835750260159     -4.746498784825
  258      1.917875130081      7.671500520300     -4.746498784825
  258     -1.917875130081      7.671500520300     -4.746498784825
  258      5.753625390240      0.000000000000     -4.746498784825
  258     -5.753625390240      0.000000000000     -4.746498784825
  258      5.753625390240      3.835750260159     -4.746498784825
  258     -5.753625390240     -3.835750260159     -4.746498784825
  258      5.753625390240     -3.835750260159     -4.746498784825
  258     -5.753625390240      3.835750260159     -4.746498784825
  258      5.753625390240      7.671500520300     -4.746498784825
  258     -5.753625390240      7.671500520300     -4.746498784825
    8      0.000000000000      0.000000000000     -6.100000000000
    8      0.000000000000      3.835750260159     -6.100000000000
    8      0.000000000000     -3.835750260159     -6.100000000000
    8      0.000000000000      7.671500520300     -6.100000000000
    8      3.835750260161      0.000000000000     -6.100000000000
    8     -3.835750260161      0.000000000000     -6.100000000000
    8      3.835750260161      3.835750260159     -6.100000000000
    8     -3.835750260161     -3.835750260159     -6.100000000000
    8      3.835750260161     -3.835750260159     -6.100000000000
    8     -3.835750260161      3.835750260159     -6.100000000000
    8      3.835750260161      7.671500520300     -6.100000000000
    8     -3.835750260161      7.671500520300     -6.100000000000
    8      7.671500520300      0.000000000000     -6.100000000000
    8      7.671500520300      3.835750260159     -6.100000000000
    8      7.671500520300     -3.835750260159     -6.100000000000
    8      7.671500520300      7.671500520300     -6.100000000000
   14      5.960928049931      7.542950017099      5.330247715764
    8      7.406170836446      8.336362417344      5.022501990377
    8      6.473432530788      5.956749204729      5.319937369445
    8      5.280921114383      8.062097311582      6.718905945790
    6      8.452447998611      8.600297115905      6.022161417007
    6      4.167235161866      8.994564542674      6.565438756914
    6      7.258076936407      5.260885495000      6.324406246294
    6      8.282661168495      9.992573922029      6.588084091333
    6      4.618230987824     10.369962450711      6.075341353395
    6      7.692650583062      3.927414153213      5.743471041289
    1      9.087522211734     10.188838746596      7.306679856755
    1      3.736568102288     10.930851091471      5.735332204080
    1      8.026918488680      3.246750028735      6.531031373121
    1      7.319788950071     10.071710788831      7.101294265904
    1      8.327380892062     10.740423154272      5.796959692939
    1      8.389346757585      7.832100881105      6.799953491293
    1      9.390211601927      8.471760738447      5.475312921426
    1      8.558286634530      4.034580204426      5.073665604827
    1      6.845910394601      3.454996827210      5.234238645628
    1      6.628006451668      5.141731295242      7.212952200817
    1      8.136055184845      5.867174985253      6.573882041337
    1      3.692856338837      9.059059869078      7.548865131323
    1      3.431665718904      8.567943711472      5.866945261101
    1      5.120237837522     10.950344043784      6.852676570740
    1      5.344805527379     10.317499193516      5.249703134605
    8      5.026539722922      7.710036344202      4.056311307470
    6      4.121357385516      3.884656264156      5.745581910341
    6      3.262575537675      5.003948418865      6.311493748671
    1      2.301971964839      5.038222009938      5.790481306756
    1      3.615894339201      2.916262627663      5.902775666478
    1      5.092073463374      3.833641915508      6.255484492713
    1      3.746550895134      5.976117150079      6.152708156172
    1      3.091554098620      4.885628941172      7.387560006520
    0    0
