   2   1   1 E -4.0955882099493E+04 DE-5.7E-07(  8)
  0.153430010406E+02  0.000000000000E+00  0.000000000000E+00
  0.000000000000E+00  0.153430010406E+02  0.000000000000E+00
  0.000000000000E+00  0.000000000000E+00  0.500000000000E+03
    1
  0.100000000000E+01  0.000000000000E+00  0.000000000000E+00
  0.000000000000E+00  0.100000000000E+01  0.000000000000E+00
  0.000000000000E+00  0.000000000000E+00  0.100000000000E+01
  0.000000000000E+00  0.000000000000E+00  0.000000000000E+00
  225
    8      2.017038712333      2.232005947461      4.079684086268
    8     -2.253920221136     -1.169757042750      3.981957500706
    8      1.593222816643     -1.470202753073      4.084914322461
    8     -1.706764716770      2.627621834069      3.985036830924
    8      1.818181427062      6.521339077355      3.937753344305
    8     -1.681295846378     -5.005531247392      3.970623772283
    8      2.051802376705     -5.273055113674      4.075184953013
    8     -1.972246223965      6.446887587524      3.968871318864
    8      6.038548569243      1.695038958315      4.134357131896
    8     -6.039530115740     -1.261066302244      3.985938299587
    8      5.428901742095     -1.418266190870      4.078557295877
    8     -5.442976582044      2.394667457346      4.083466000178
    8      4.326867959002      4.077503609980      4.357042610441
    8     -5.372796316418     -4.892410630781      3.957107725138
    8      6.825130533234     -4.093659609384      3.951497669948
    8     -5.753114645570      6.255737928356      4.077370290698
  258      0.012909284397      1.944151940739      3.075139988680
  258     -0.060027571626     -1.900726103272      3.071054535782
  258     -0.055235037365      5.800113276328      3.019721337069
  258     -0.017501057394     -5.726544834086      3.043106535893
  258      3.851644621048      2.027908664247      3.116320345573
  258     -3.901659246064     -1.890919544895      3.069805543921
  258      3.791842418344     -1.881579432881      3.088517587236
  258     -3.777854498335      1.915867004471      3.083679329911
  258      3.665916847673      5.814259636381      3.045132193945
  258     -3.762964690256     -5.680102973903      3.029964352142
  258      3.705720129483     -5.783608198216      3.019467539757
  258     -3.775989793189      5.781046877594      3.039626463846
  258      7.718463386435      1.869283596370      3.089737927835
  258      7.597180878694     -1.962386664323      3.120832500206
  258      7.843412841937      5.817652490084      3.028254010282
  258      7.809824533053     -5.581310020374      3.035940832912
    8      1.887200791781      1.914936181632      1.597507025519
    8     -1.887023450947     -1.967184385168      1.602135123020
    8      1.917601160012     -1.937039374809      1.611467148498
    8     -1.926292298092      1.865843986537      1.589327934136
    8      1.849409994253      5.708799162163      1.601563148704
    8     -1.916649223118     -5.809817228301      1.593056687230
    8      1.868857317970     -5.801007687401      1.618588906560
    8     -1.912578987759      5.697388729836      1.591006837316
    8      5.750788851821      1.990329427951      1.643363010169
    8     -5.668514569530     -1.960392992347      1.590127486919
    8      5.705309264991     -1.957352961103      1.623498238364
    8     -5.771300848531      1.874971971774      1.614204051286
    8      5.766239586709      5.788926240280      1.923094299818
    8     -5.688711444601     -5.793503545577      1.612549540935
    8      5.744595022086     -5.752085554540      1.838632078940
    8     -5.722196848203      5.723861540524      1.624206979473
    8     -0.016941299125     -0.010355369114      1.952871867898
    8      0.011940934325      3.844783645170      1.949156717155
    8      0.030684640641     -3.852641000027      1.916903536556
    8     -0.044171454133      7.650804867258      1.902540481930
    8      3.813672412149      0.037170334527      1.973216496736
    8     -3.862165746469     -0.011417069752      1.906175847660
    8      3.786131914567      3.884206273549      1.823612865863
    8     -3.760852318082     -3.840875096962      1.870400637440
    8      3.804061416624     -3.865455532188      1.964050094211
    8     -3.819002995869      3.828645584713      1.953527469976
    8      3.734216598442      7.675032049517      1.771352565000
    8     -3.829268517725      7.646654476395      1.944500903103
    8      7.620389755169     -0.026997239989      1.902021028241
    8      7.721944371246      3.866534179679      2.043317419113
    8      7.771310689704     -3.790230263152      1.672493503009
    8      7.722939537964      7.686828913624      1.951269308131
  258      1.916595707309      0.010096665003      0.470123769123
  258     -1.927440155093     -0.017338371360      0.449876251745
  258      1.912860692875      3.819948325021      0.424175032136
  258     -1.910558828729     -3.828540592435      0.426672577919
  258      1.910172207661     -3.819333443576      0.444242974454
  258     -1.912906138478      3.805434474480      0.435722395692
  258      1.887618429432      7.663515890370      0.396607541653
  258     -1.922742804638      7.667432657104      0.413864217156
  258      5.742965412562      0.011722372282      0.487328049092
  258     -5.766264905387     -0.022712336768      0.458420275513
  258      5.750491835727      3.864889973970      0.503004402722
  258     -5.729461380683     -3.815968182546      0.401489325370
  258      5.756067839157     -3.830013709153      0.470607990082
  258     -5.734938775861      3.804345559589      0.456891898536
  258      5.755517092626      7.691837581110      0.523631590740
  258     -5.729406469661      7.692655494936      0.427928486118
    8      0.002531736359      0.001036750729     -0.761632399003
    8     -0.011317009777      3.827784746299     -0.775693174875
    8      0.008834868304     -3.833551224907     -0.781013042243
    8     -0.017276532825      7.665222337439     -0.793223058326
    8      3.839964680793      0.003684527631     -0.751018802185
    8     -3.843424987311     -0.003930990376     -0.777779173482
    8      3.858888979428      3.847427343215     -0.791902406793
    8     -3.814929600349     -3.834846392999     -0.808040261686
    8      3.837770354447     -3.839266393512     -0.758786642013
    8     -3.837508941436      3.826207668724     -0.759059391095
    8      3.850229041174      7.671502100713     -0.798135362615
    8     -3.831785463099      7.670097792928     -0.775514759058
    8      7.652988186788      0.008259484420     -0.769272735894
    8      7.670428392323      3.847223756615     -0.722437842244
    8      7.653163957657     -3.847696871799     -0.849957143223
    8      7.663009313003      7.671137790700     -0.741238217015
    8      1.923114900073      1.915760699683     -0.968170814134
    8     -1.915698677537     -1.916797318543     -0.966035728553
    8      1.919599597122     -1.917758185099     -0.954994275862
    8     -1.919841495256      1.909078729892     -0.968353958293
    8      1.916507291381      5.754085934289     -0.970085624006
    8     -1.913831436696     -5.761952184766     -0.969601749012
    8      1.916182236614     -5.759365853375     -0.956770299852
    8     -1.923971943951      5.741209491364     -0.966688870076
    8      5.755762142510      1.935875316964     -0.925789701710
    8     -5.761437445693     -1.914960506065     -0.974849511917
    8      5.746794260294     -1.915121196343     -0.937776602079
    8     -5.756214808076      1.923268763528     -0.953246972016
    8      5.762086593678      5.774897118534     -0.816853896413
    8     -5.749080211393     -5.769713594148     -0.967210838510
    8      5.750002160653     -5.772962621639     -0.847933441593
    8     -5.752388955799      5.749699492487     -0.947145356672
  258      0.001076874927      1.907488976027     -2.171049000594
  258      0.005384395821     -1.911381662002     -2.168481760344
  258     -0.004937174323      5.743838728401     -2.182012025389
  258      0.000936980767     -5.747220101331     -2.180498004303
  258      3.846827890531      1.920960376087     -2.157938293303
  258     -3.835312647193     -1.911249672182     -2.178359799217
  258      3.839522333840     -1.912819380167     -2.157416470841
  258     -3.840330116394      1.907418024313     -2.168200327148
  258      3.848117249032      5.755860013656     -2.154348673873
  258     -3.832373097787     -5.749759275920     -2.183960420830
  258      3.842726583934     -5.755001822284     -2.154640816110
  258     -3.840039120296      5.744357688719     -2.171804856449
  258      7.662862685594      1.916033144328     -2.151661377455
  258      7.658017769302     -1.916761920788     -2.165769369495
  258      7.668959386759      5.756124273628     -2.142309282850
  258      7.662996510354     -5.748881158480     -2.157936297360
    8      1.915869340941      1.918161750343     -3.620105762684
    8     -1.916204950345     -1.917067984795     -3.619971850836
    8      1.916578549623     -1.917816764250     -3.613775455289
    8     -1.918057968459      1.917418709383     -3.619627160877
    8      1.919203345129      5.754262047711     -3.617573374911
    8     -1.916716006371     -5.753734217774     -3.621819761237
    8      1.919903782138     -5.754213064583     -3.612774108708
    8     -1.919456410570      5.753051679994     -3.618281028750
    8      5.755513730614      1.920955890289     -3.607842303143
    8     -5.749262992672     -1.917390099117     -3.626869257294
    8      5.748738077501     -1.919093505855     -3.614908928732
    8     -5.753213306997      1.919149319271     -3.612606882869
    8      5.759211177809      5.755385771748     -3.566179455552
    8     -5.753950370712     -5.755298149994     -3.618976364580
    8      5.751465250076     -5.756939812316     -3.581410821806
    8     -5.758654299477      5.753755732165     -3.603808957143
    8      0.000000000000      0.000000000000     -3.390356274875
    8      0.000000000000      3.835750260159     -3.390356274875
    8      0.000000000000     -3.835750260159     -3.390356274875
    8      0.000000000000      7.671500520300     -3.390356274875
    8      3.835750260161      0.000000000000     -3.390356274875
    8     -3.835750260161      0.000000000000     -3.390356274875
    8      3.835750260161      3.835750260159     -3.390356274875
    8     -3.835750260161     -3.835750260159     -3.390356274875
    8      3.835750260161     -3.835750260159     -3.390356274875
    8     -3.835750260161      3.835750260159     -3.390356274875
    8      3.835750260161      7.671500520300     -3.390356274875
    8     -3.835750260161      7.671500520300     -3.390356274875
    8      7.671500520300      0.000000000000     -3.390356274875
    8      7.671500520300      3.835750260159     -3.390356274875
    8      7.671500520300     -3.835750260159     -3.390356274875
    8      7.671500520300      7.671500520300     -3.390356274875
  258      1.917875130081      0.000000000000     -4.746498784825
  258     -1.917875130081      0.000000000000     -4.746498784825
  258      1.917875130081      3.835750260159     -4.746498784825
  258     -1.917875130081     -3.835750260159     -4.746498784825
  258      1.917875130081     -3.835750260159     -4.746498784825
  258     -1.917875130081      3.835750260159     -4.746498784825
  258      1.917875130081      7.671500520300     -4.746498784825
  258     -1.917875130081      7.671500520300     -4.746498784825
  258      5.753625390240      0.000000000000     -4.746498784825
  258     -5.753625390240      0.000000000000     -4.746498784825
  258      5.753625390240      3.835750260159     -4.746498784825
  258     -5.753625390240     -3.835750260159     -4.746498784825
  258      5.753625390240     -3.835750260159     -4.746498784825
  258     -5.753625390240      3.835750260159     -4.746498784825
  258      5.753625390240      7.671500520300     -4.746498784825
  258     -5.753625390240      7.671500520300     -4.746498784825
    8      0.000000000000      0.000000000000     -6.100000000000
    8      0.000000000000      3.835750260159     -6.100000000000
    8      0.000000000000     -3.835750260159     -6.100000000000
    8      0.000000000000      7.671500520300     -6.100000000000
    8      3.835750260161      0.000000000000     -6.100000000000
    8     -3.835750260161      0.000000000000     -6.100000000000
    8      3.835750260161      3.835750260159     -6.100000000000
    8     -3.835750260161     -3.835750260159     -6.100000000000
    8      3.835750260161     -3.835750260159     -6.100000000000
    8     -3.835750260161      3.835750260159     -6.100000000000
    8      3.835750260161      7.671500520300     -6.100000000000
    8     -3.835750260161      7.671500520300     -6.100000000000
    8      7.671500520300      0.000000000000     -6.100000000000
    8      7.671500520300      3.835750260159     -6.100000000000
    8      7.671500520300     -3.835750260159     -6.100000000000
    8      7.671500520300      7.671500520300     -6.100000000000
   14      5.961151106864      7.543236438988      5.330864338522
    8      7.407089000394      8.335370581708      5.023094276216
    8      6.472814623063      5.956003277836      5.320323248932
    8      5.280100462766      8.061503991196      6.719556065393
    6      8.451447208332      8.601705157995      6.023650975076
    6      4.164257380788      8.992063327956      6.566768113328
    6      7.259408312793      5.261406773367      6.324247960207
    6      8.280477123158      9.995145801915      6.587097100236
    6      4.612072425538     10.369373787053      6.079088157130
    6      7.693973884955      3.926786256782      5.745385077827
    1      9.083949917212     10.192911786543      7.307391033239
    1      3.728449762210     10.928962700111      5.741239296177
    1      8.034622920318      3.250227029096      6.534291105663
    1      7.316220365584     10.075493101364      7.098086046012
    1      8.327220238665     10.741749953584      5.794482129225
    1      8.387621722613      7.834755818890      6.803227255727
    1      9.390499385197      8.472374998943      5.478567011668
    1      8.556679246660      4.033166200071      5.071105918839
    1      6.846246992502      3.449461750443      5.241759656418
    1      6.630932617297      5.142838540753      7.214556760320
    1      8.137890868286      5.868395507809      6.571651379209
    1      3.689256625386      9.053966087028      7.550527280754
    1      3.429462404119      8.564114861528      5.867810002482
    1      5.113061829720     10.948351220212      6.858783510531
    1      5.338300719430     10.321697613634      5.252299980045
    8      5.027056192510      7.709911683829      4.056282320432
    6      4.120503515740      3.886500550053      5.745752787148
    6      3.258864906803      5.003833235543      6.311858312801
    1      2.297551003958      5.035619222284      5.791456654548
    1      3.617487135267      2.916622990268      5.904074402776
    1      5.091677498192      3.838547072023      6.255601053663
    1      3.739677145048      5.977965828970      6.153598942061
    1      3.089018526264      4.884028757705      7.388306333748
    0    0
