   2   1   1 E -4.0955882122531E+04 DE-4.5E-08(  8)
  0.153430010406E+02  0.000000000000E+00  0.000000000000E+00
  0.000000000000E+00  0.153430010406E+02  0.000000000000E+00
  0.000000000000E+00  0.000000000000E+00  0.500000000000E+03
    1
  0.100000000000E+01  0.000000000000E+00  0.000000000000E+00
  0.000000000000E+00  0.100000000000E+01  0.000000000000E+00
  0.000000000000E+00  0.000000000000E+00  0.100000000000E+01
  0.000000000000E+00  0.000000000000E+00  0.000000000000E+00
  225
    8      2.016373755682      2.234556594830      4.079403391615
    8     -2.256642333672     -1.165336076102      3.981387664685
    8      1.588131874074     -1.464357392140      4.084791063690
    8     -1.706460898210      2.627949357179      3.984929163400
    8      1.818283388894      6.519902205972      3.938499375881
    8     -1.682147553320     -5.003255186410      3.971044878852
    8      2.050438283514     -5.273645684127      4.076380277403
    8     -1.971909678005      6.444000856724      3.970536377911
    8      6.039518888012      1.695941484440      4.134668279519
    8     -6.037996319207     -1.261692961162      3.985792340269
    8      5.419396715718     -1.415368724068      4.081817907551
    8     -5.441743770870      2.395233300612      4.083763551043
    8      4.328084892721      4.076735372910      4.357147280952
    8     -5.374096582494     -4.897214024586      3.957735670475
    8      6.846630191693     -4.077073150065      3.957422914159
    8     -5.753504714574      6.254006757770      4.078558690495
  258      0.013228838165      1.943754184566      3.075530768454
  258     -0.062125577478     -1.900087314071      3.071301995659
  258     -0.055045057926      5.799380840376      3.020034898561
  258     -0.019048376775     -5.726132553888      3.043165806427
  258      3.851600403263      2.027092062132      3.116201276159
  258     -3.902736408314     -1.890413999673      3.069803305084
  258      3.790062890160     -1.881437616862      3.089393211281
  258     -3.777273445531      1.915233504984      3.084336013326
  258      3.666156035928      5.813563042910      3.045573723846
  258     -3.762717015459     -5.680195427265      3.029048981463
  258      3.702747181467     -5.784506564027      3.019209689864
  258     -3.775957899840      5.780248432384      3.040496174531
  258      7.718900916184      1.868702649802      3.089767432695
  258      7.598296882766     -1.963975021273      3.122447362652
  258      7.843501900711      5.817486668411      3.028199539928
  258      7.812524013970     -5.581186315301      3.036512908272
    8      1.887975205495      1.914458290857      1.597847097749
    8     -1.887502915407     -1.967265731538      1.602357543445
    8      1.916171863285     -1.937342864095      1.611650008743
    8     -1.926903436999      1.865639205479      1.589392107920
    8      1.849795789329      5.708512692344      1.601855898118
    8     -1.916190082105     -5.809614279414      1.593333189632
    8      1.867309473545     -5.801509593962      1.619191683203
    8     -1.912712482563      5.697342358241      1.591713979674
    8      5.750749233089      1.990084360315      1.643935025799
    8     -5.669781786313     -1.961203779997      1.590838096255
    8      5.705963973802     -1.958124797512      1.626018654081
    8     -5.771717443953      1.874857638946      1.614883982097
    8      5.766544956708      5.789451307083      1.924430745692
    8     -5.688613378669     -5.794025234603      1.613365064478
    8      5.746448392597     -5.749566140580      1.842924922628
    8     -5.721758937600      5.724294405413      1.624979183671
    8     -0.017754436503     -0.009967984006      1.952283572559
    8      0.012185430513      3.844283207636      1.948808195423
    8      0.030070903280     -3.852973428011      1.916583090633
    8     -0.044585742879      7.650514565721      1.903265336204
    8      3.813655414583      0.037596071292      1.972711576550
    8     -3.863542072289     -0.011520764716      1.905968333255
    8      3.786524098473      3.884191097036      1.823791938008
    8     -3.761999155738     -3.841185506630      1.869656456945
    8      3.803587586678     -3.867053426037      1.964379797638
    8     -3.819233156914      3.828596627674      1.953672527002
    8      3.734283477955      7.674836322269      1.771514482157
    8     -3.828695472625      7.646494130253      1.945339376123
    8      7.620790332513     -0.026290335276      1.901521575940
    8      7.722115209724      3.866945231992      2.043077031652
    8      7.771915273641     -3.794773991737      1.670578056135
    8      7.723090810277      7.688020212702      1.951650390341
  258      1.916362728334      0.009871392335      0.470210414815
  258     -1.927806425855     -0.017129287681      0.449693666136
  258      1.912902466765      3.819701336154      0.424231264861
  258     -1.910729516467     -3.828360292952      0.426444609105
  258      1.909633653717     -3.819269560064      0.444355964187
  258     -1.912948625030      3.805455440626      0.435953590839
  258      1.887600935133      7.663209143265      0.396661647825
  258     -1.922696793288      7.666676591975      0.414268450859
  258      5.743155805081      0.011193621346      0.488205450120
  258     -5.766812195392     -0.022659994699      0.458467526875
  258      5.750662951544      3.864743724694      0.503434370438
  258     -5.729115617470     -3.815502208876      0.400296581476
  258      5.756145581720     -3.829487540868      0.471615164365
  258     -5.734672017703      3.804136975411      0.457380497548
  258      5.755612748125      7.692566247358      0.524595867158
  258     -5.729216004828      7.692524261535      0.428260568028
    8      0.002098280578      0.001066948463     -0.761669457362
    8     -0.011256711830      3.827561408679     -0.775742837643
    8      0.008537716067     -3.833707976468     -0.781120723404
    8     -0.017520208191      7.665074912824     -0.792841516748
    8      3.839955184573      0.003579530823     -0.750558792821
    8     -3.843725130774     -0.003890923727     -0.777842998260
    8      3.859062387008      3.847407673831     -0.791869867120
    8     -3.814807043853     -3.834821936413     -0.808811665783
    8      3.837708432671     -3.839410004133     -0.758786427786
    8     -3.837497271036      3.826010340428     -0.759168890402
    8      3.850339041722      7.671596526118     -0.797888460688
    8     -3.831695066070      7.669774803016     -0.775381346703
    8      7.652743630544      0.008456475416     -0.769130132458
    8      7.670598202338      3.847417365231     -0.722381563632
    8      7.653029409777     -3.847386515482     -0.850355503889
    8      7.663080378768      7.670826180995     -0.740675486873
    8      1.923264663521      1.915890294783     -0.968030695782
    8     -1.915918586290     -1.916782933898     -0.965927292913
    8      1.919460112730     -1.918174950701     -0.954900460261
    8     -1.919958382342      1.909312888784     -0.968222731607
    8      1.916490913481      5.754186914420     -0.969817777544
    8     -1.914160132803     -5.762309013027     -0.969258382090
    8      1.915973488559     -5.759698616435     -0.956196634188
    8     -1.923957881976      5.740713027722     -0.966207729546
    8      5.755920045238      1.936194893174     -0.925073349346
    8     -5.761838985017     -1.914983967971     -0.974693122564
    8      5.746907861447     -1.915257693475     -0.936985156264
    8     -5.756305392165      1.923353754491     -0.952573636060
    8      5.762259464148      5.775214527835     -0.815601544000
    8     -5.749109167879     -5.769853858567     -0.966600551872
    8      5.750394530505     -5.773406941173     -0.846738977576
    8     -5.752208257714      5.749602326746     -0.946250023838
  258      0.001095925706      1.907412939192     -2.171049193677
  258      0.005252223373     -1.911414950076     -2.168589521969
  258     -0.004955009923      5.743674723689     -2.181902641960
  258      0.000744112047     -5.747382670836     -2.180296244021
  258      3.847102375050      1.920732416803     -2.157562464196
  258     -3.835400956903     -1.911064143162     -2.178616631764
  258      3.839451695669     -1.912876947407     -2.157190720867
  258     -3.840376174884      1.907414642845     -2.168122225521
  258      3.848428289361      5.755782522159     -2.153983102440
  258     -3.832232034155     -5.749991923959     -2.183917311127
  258      3.842728406412     -5.754824069499     -2.154373186717
  258     -3.840001035714      5.744287115481     -2.171596849136
  258      7.662809890155      1.916087100863     -2.151542639415
  258      7.657720801583     -1.916702311481     -2.165902452925
  258      7.669048823477      5.756157561960     -2.141818903937
  258      7.663091331046     -5.748752376456     -2.157706276340
    8      1.915309390525      1.918154729335     -3.620116552040
    8     -1.916179949409     -1.917053459873     -3.619790833615
    8      1.916621589649     -1.917881019057     -3.613597170834
    8     -1.918081526482      1.917449510850     -3.619357728517
    8      1.918936399338      5.754231669628     -3.617521033419
    8     -1.916659891312     -5.753837534390     -3.621389647257
    8      1.920124136809     -5.754227749088     -3.612195516225
    8     -1.919467981283      5.753101131092     -3.617658201201
    8      5.755535106696      1.921016188383     -3.607148381301
    8     -5.749203000845     -1.917307294920     -3.626576612455
    8      5.748456074126     -1.919123781286     -3.614379543736
    8     -5.753324374104      1.919213007691     -3.612000055960
    8      5.759202250864      5.755364866620     -3.565129332155
    8     -5.754130493934     -5.755372837922     -3.618276455139
    8      5.751359755685     -5.756882191664     -3.581257117829
    8     -5.758865558903      5.753779682147     -3.602996276749
    8      0.000000000000      0.000000000000     -3.390356274875
    8      0.000000000000      3.835750260159     -3.390356274875
    8      0.000000000000     -3.835750260159     -3.390356274875
    8      0.000000000000      7.671500520300     -3.390356274875
    8      3.835750260161      0.000000000000     -3.390356274875
    8     -3.835750260161      0.000000000000     -3.390356274875
    8      3.835750260161      3.835750260159     -3.390356274875
    8     -3.835750260161     -3.835750260159     -3.390356274875
    8      3.835750260161     -3.835750260159     -3.390356274875
    8     -3.835750260161      3.835750260159     -3.390356274875
    8      3.835750260161      7.671500520300     -3.390356274875
    8     -3.835750260161      7.671500520300     -3.390356274875
    8      7.671500520300      0.000000000000     -3.390356274875
    8      7.671500520300      3.835750260159     -3.390356274875
    8      7.671500520300     -3.835750260159     -3.390356274875
    8      7.671500520300      7.671500520300     -3.390356274875
  258      1.917875130081      0.000000000000     -4.746498784825
  258     -1.917875130081      0.000000000000     -4.746498784825
  258      1.917875130081      3.835750260159     -4.746498784825
  258     -1.917875130081     -3.835750260159     -4.746498784825
  258      1.917875130081     -3.835750260159     -4.746498784825
  258     -1.917875130081      3.835750260159     -4.746498784825
  258      1.917875130081      7.671500520300     -4.746498784825
  258     -1.917875130081      7.671500520300     -4.746498784825
  258      5.753625390240      0.000000000000     -4.746498784825
  258     -5.753625390240      0.000000000000     -4.746498784825
  258      5.753625390240      3.835750260159     -4.746498784825
  258     -5.753625390240     -3.835750260159     -4.746498784825
  258      5.753625390240     -3.835750260159     -4.746498784825
  258     -5.753625390240      3.835750260159     -4.746498784825
  258      5.753625390240      7.671500520300     -4.746498784825
  258     -5.753625390240      7.671500520300     -4.746498784825
    8      0.000000000000      0.000000000000     -6.100000000000
    8      0.000000000000      3.835750260159     -6.100000000000
    8      0.000000000000     -3.835750260159     -6.100000000000
    8      0.000000000000      7.671500520300     -6.100000000000
    8      3.835750260161      0.000000000000     -6.100000000000
    8     -3.835750260161      0.000000000000     -6.100000000000
    8      3.835750260161      3.835750260159     -6.100000000000
    8     -3.835750260161     -3.835750260159     -6.100000000000
    8      3.835750260161     -3.835750260159     -6.100000000000
    8     -3.835750260161      3.835750260159     -6.100000000000
    8      3.835750260161      7.671500520300     -6.100000000000
    8     -3.835750260161      7.671500520300     -6.100000000000
    8      7.671500520300      0.000000000000     -6.100000000000
    8      7.671500520300      3.835750260159     -6.100000000000
    8      7.671500520300     -3.835750260159     -6.100000000000
    8      7.671500520300      7.671500520300     -6.100000000000
   14      5.961044610409      7.543345280828      5.330469722215
    8      7.406204078128      8.336605269970      5.022346758829
    8      6.473367928893      5.957005320083      5.320372453360
    8      5.281074523715      8.062669897677      6.719242021412
    6      8.452354707179      8.599775976871      6.022417407056
    6      4.167800025988      8.995486483192      6.565286764803
    6      7.257770297198      5.260616769787      6.324702627991
    6      8.283026314122      9.991845434401      6.588836615593
    6      4.619134232741     10.370454054397      6.074253533819
    6      7.692096063505      3.927392851712      5.743260849882
    1      9.088152558643     10.187742230645      7.307454471239
    1      3.737323276397     10.931467919245      5.734436182159
    1      8.025708639653      3.245873815685      6.530475632809
    1      7.320208295945     10.071090302090      7.102384263925
    1      8.327715949864     10.739789488236      5.797685483047
    1      8.388753242942      7.831263775422      6.800100382103
    1      9.390263549361      8.470877943769      5.475773375975
    1      8.558320744730      4.034554243808      5.074043075126
    1      6.845277811748      3.455685067861      5.233251776421
    1      6.627538375922      5.140915457298      7.213222278970
    1      8.135903729188      5.866634433742      6.574628665010
    1      3.693762207777      9.061044632881      7.548985322568
    1      3.431648383749      8.568415764276      5.867504253452
    1      5.121720796567     10.950873775502      6.851318747815
    1      5.345565942167     10.317806982328      5.248372147678
    8      5.026193765307      7.709559069474      4.056725816541
    6      4.121406365788      3.884592023009      5.745719306565
    6      3.262946524204      5.003985479248      6.311772318865
    1      2.302179446645      5.038489261085      5.790890990180
    1      3.615474852024      2.916295862376      5.902844585425
    1      5.092127572418      3.833116411346      6.255714164862
    1      3.746983448646      5.976220668795      6.153135038266
    1      3.092165870967      4.885390193666      7.387962268333
    0    0
