   2   1   1 E -4.0955882121534E+04 DE-5.6E-08(  8)
  0.153430010406E+02  0.000000000000E+00  0.000000000000E+00
  0.000000000000E+00  0.153430010406E+02  0.000000000000E+00
  0.000000000000E+00  0.000000000000E+00  0.500000000000E+03
    1
  0.100000000000E+01  0.000000000000E+00  0.000000000000E+00
  0.000000000000E+00  0.100000000000E+01  0.000000000000E+00
  0.000000000000E+00  0.000000000000E+00  0.100000000000E+01
  0.000000000000E+00  0.000000000000E+00  0.000000000000E+00
  225
    8      2.016397648823      2.234221851822      4.079556183685
    8     -2.256638825766     -1.165869291839      3.981547432682
    8      1.588206038624     -1.464906533237      4.084947836180
    8     -1.706535922672      2.627875110246      3.985027954531
    8      1.818221169273      6.519931182180      3.938532627899
    8     -1.682110297878     -5.003485650114      3.971176778711
    8      2.050577641078     -5.273787986086      4.076303189488
    8     -1.971911336123      6.444171884110      3.970523068327
    8      6.039589879317      1.696444099126      4.134929119481
    8     -6.038454653370     -1.262124718806      3.985888521459
    8      5.419342481854     -1.415099842825      4.081730292084
    8     -5.441845286053      2.395238374401      4.083834992629
    8      4.327914659863      4.076776879662      4.357068455083
    8     -5.374045311433     -4.896954435708      3.957537782374
    8      6.845490049948     -4.077740939694      3.957219145866
    8     -5.753492641777      6.254190533816      4.078502308569
  258      0.013180520794      1.943827696595      3.075535641890
  258     -0.062128530277     -1.900107559336      3.071323366234
  258     -0.055056364853      5.799417016646      3.020007234111
  258     -0.018985499974     -5.726144900829      3.043227215756
  258      3.851591484193      2.027133881443      3.116259608246
  258     -3.902767762151     -1.890539521457      3.069791941350
  258      3.790013203625     -1.881433462386      3.089515067821
  258     -3.777360223433      1.915300665085      3.084353719697
  258      3.666125326159      5.813601557379      3.045572149806
  258     -3.762738243536     -5.680277117042      3.029056735447
  258      3.702998553562     -5.784377267159      3.019190136470
  258     -3.775971536210      5.780287028167      3.040491612394
  258      7.718879060489      1.868724589583      3.089835941218
  258      7.598002984421     -1.963948501925      3.122585732780
  258      7.843414059141      5.817513053661      3.028226215553
  258      7.812376412424     -5.581344248888      3.036597645999
    8      1.887874720360      1.914520162357      1.597875745185
    8     -1.887507174309     -1.967199101855      1.602322130405
    8      1.916194217487     -1.937273554789      1.611635265910
    8     -1.926831894173      1.865649749913      1.589439000756
    8      1.849774671699      5.708515861867      1.601888401689
    8     -1.916245720670     -5.809595781560      1.593310965844
    8      1.867395571855     -5.801428009552      1.619162699145
    8     -1.912698902159      5.697321929359      1.591722337160
    8      5.750782985885      1.990086371353      1.643958065587
    8     -5.669527658690     -1.961125585037      1.590820814586
    8      5.705811125465     -1.958049680833      1.625927739141
    8     -5.771710538998      1.874793200128      1.614940179254
    8      5.766504709138      5.789413719541      1.924354169173
    8     -5.688676481613     -5.794095589714      1.613303774552
    8      5.746262580141     -5.749791276873      1.842222865028
    8     -5.721817182291      5.724246507879      1.624987921376
    8     -0.017727678789     -0.009992893404      1.952481004389
    8      0.012169853102      3.844334368047      1.948905317557
    8      0.030038905436     -3.852946108178      1.916684595591
    8     -0.044559121228      7.650575653077      1.903217108339
    8      3.813625200313      0.037614909337      1.972919320681
    8     -3.863474107442     -0.011502984823      1.906215491533
    8      3.786507315852      3.884231499716      1.823836420966
    8     -3.761889310420     -3.841169608579      1.869582844092
    8      3.803686062829     -3.867005479128      1.964461080209
    8     -3.819254000956      3.828607673633      1.953755836293
    8      3.734250388775      7.674830086299      1.771608306846
    8     -3.828778092934      7.646465416833      1.945286812089
    8      7.620763808589     -0.026322765974      1.901740766743
    8      7.722134354803      3.866965872554      2.043178413811
    8      7.772123700103     -3.794659092198      1.670849551971
    8      7.722945953318      7.688040947183      1.951715499631
  258      1.916372695514      0.009906523174      0.470242632650
  258     -1.927825913910     -0.017132167023      0.449740527294
  258      1.912915488423      3.819749120541      0.424245446675
  258     -1.910731244053     -3.828377321360      0.426458716706
  258      1.909650725458     -3.819300566532      0.444373618750
  258     -1.912967162542      3.805496931281      0.435944090512
  258      1.887632613935      7.663269059363      0.396722514789
  258     -1.922692353253      7.666717584954      0.414272542203
  258      5.743185418618      0.011274596525      0.488235467456
  258     -5.766825458249     -0.022648394478      0.458550819598
  258      5.750651959203      3.864776303509      0.503453328695
  258     -5.729071881075     -3.815559115258      0.400338016101
  258      5.756187358280     -3.829506385174      0.471549002012
  258     -5.734703573023      3.804164178579      0.457406366304
  258      5.755556117549      7.692537160707      0.524482209887
  258     -5.729267092103      7.692527169459      0.428301414611
    8      0.002072360846      0.001090248164     -0.761609621106
    8     -0.011279062764      3.827582717313     -0.775710881803
    8      0.008548746380     -3.833705276562     -0.781061757503
    8     -0.017491851959      7.665088627216     -0.792822800143
    8      3.839957995854      0.003606867778     -0.750453757111
    8     -3.843745709485     -0.003862071695     -0.777771959049
    8      3.859054246057      3.847394421049     -0.791807467934
    8     -3.814848955172     -3.834806168975     -0.808775913603
    8      3.837728674338     -3.839366155533     -0.758746036127
    8     -3.837504196022      3.826030529721     -0.759104191333
    8      3.850322238197      7.671591929275     -0.797906754982
    8     -3.831729830529      7.669772954044     -0.775349882849
    8      7.652793410863      0.008466107175     -0.769014328844
    8      7.670609250336      3.847414373886     -0.722306944825
    8      7.653126204289     -3.847408792367     -0.850210747491
    8      7.663087167752      7.670858868965     -0.740669037586
    8      1.923277348937      1.915914562327     -0.968012056757
    8     -1.915943999310     -1.916778874169     -0.965941957042
    8      1.919465118408     -1.918166657221     -0.954880142228
    8     -1.919963139149      1.909332524731     -0.968215319131
    8      1.916501404879      5.754186195853     -0.969811307539
    8     -1.914143304921     -5.762296555288     -0.969307336251
    8      1.915976761511     -5.759659234299     -0.956212343971
    8     -1.923966524098      5.740728453890     -0.966222886928
    8      5.755954753465      1.936184875326     -0.925075395051
    8     -5.761876453307     -1.915000694797     -0.974712038563
    8      5.746970039970     -1.915259084287     -0.937046261225
    8     -5.756312430106      1.923370917613     -0.952566546806
    8      5.762281940138      5.775151884727     -0.815701327831
    8     -5.749074723723     -5.769814238610     -0.966684094064
    8      5.750418527562     -5.773310919486     -0.846992381486
    8     -5.752226687884      5.749609211040     -0.946261624095
  258      0.001080967836      1.907417681651     -2.171039227386
  258      0.005243710333     -1.911420805135     -2.168570942564
  258     -0.004971640854      5.743688192966     -2.181879125866
  258      0.000743365568     -5.747372508309     -2.180296178649
  258      3.847085443406      1.920747134201     -2.157550250211
  258     -3.835435308907     -1.911077663123     -2.178602012645
  258      3.839452383181     -1.912869066785     -2.157189105069
  258     -3.840372656229      1.907404250116     -2.168107692131
  258      3.848398667749      5.755772219965     -2.153993397126
  258     -3.832243834400     -5.749976828347     -2.183929608445
  258      3.842731173385     -5.754816956942     -2.154427181224
  258     -3.839997634522      5.744295041518     -2.171575984640
  258      7.662819375321      1.916079879686     -2.151519144455
  258      7.657748289023     -1.916699448914     -2.165860543978
  258      7.669048510988      5.756148514652     -2.141822725189
  258      7.663118523389     -5.748744345776     -2.157752327751
    8      1.915299122387      1.918164950035     -3.620085873524
    8     -1.916187415718     -1.917047102531     -3.619771942868
    8      1.916614798652     -1.917883814686     -3.613566354256
    8     -1.918077224280      1.917455076747     -3.619314524739
    8      1.918935990610      5.754218510232     -3.617507005317
    8     -1.916660235190     -5.753853503238     -3.621380217597
    8      1.920117297397     -5.754235397139     -3.612196094445
    8     -1.919470984402      5.753099223174     -3.617632167184
    8      5.755554768510      1.921031610200     -3.607123371420
    8     -5.749210867955     -1.917290854450     -3.626543638394
    8      5.748464075640     -1.919133360127     -3.614374672817
    8     -5.753317430831      1.919221664081     -3.611974232432
    8      5.759223648721      5.755373505885     -3.565136696688
    8     -5.754102562312     -5.755380996540     -3.618283526250
    8      5.751372990323     -5.756868799118     -3.581310226454
    8     -5.758862386542      5.753780941794     -3.602981451264
    8      0.000000000000      0.000000000000     -3.390356274875
    8      0.000000000000      3.835750260159     -3.390356274875
    8      0.000000000000     -3.835750260159     -3.390356274875
    8      0.000000000000      7.671500520300     -3.390356274875
    8      3.835750260161      0.000000000000     -3.390356274875
    8     -3.835750260161      0.000000000000     -3.390356274875
    8      3.835750260161      3.835750260159     -3.390356274875
    8     -3.835750260161     -3.835750260159     -3.390356274875
    8      3.835750260161     -3.835750260159     -3.390356274875
    8     -3.835750260161      3.835750260159     -3.390356274875
    8      3.835750260161      7.671500520300     -3.390356274875
    8     -3.835750260161      7.671500520300     -3.390356274875
    8      7.671500520300      0.000000000000     -3.390356274875
    8      7.671500520300      3.835750260159     -3.390356274875
    8      7.671500520300     -3.835750260159     -3.390356274875
    8      7.671500520300      7.671500520300     -3.390356274875
  258      1.917875130081      0.000000000000     -4.746498784825
  258     -1.917875130081      0.000000000000     -4.746498784825
  258      1.917875130081      3.835750260159     -4.746498784825
  258     -1.917875130081     -3.835750260159     -4.746498784825
  258      1.917875130081     -3.835750260159     -4.746498784825
  258     -1.917875130081      3.835750260159     -4.746498784825
  258      1.917875130081      7.671500520300     -4.746498784825
  258     -1.917875130081      7.671500520300     -4.746498784825
  258      5.753625390240      0.000000000000     -4.746498784825
  258     -5.753625390240      0.000000000000     -4.746498784825
  258      5.753625390240      3.835750260159     -4.746498784825
  258     -5.753625390240     -3.835750260159     -4.746498784825
  258      5.753625390240     -3.835750260159     -4.746498784825
  258     -5.753625390240      3.835750260159     -4.746498784825
  258      5.753625390240      7.671500520300     -4.746498784825
  258     -5.753625390240      7.671500520300     -4.746498784825
    8      0.000000000000      0.000000000000     -6.100000000000
    8      0.000000000000      3.835750260159     -6.100000000000
    8      0.000000000000     -3.835750260159     -6.100000000000
    8      0.000000000000      7.671500520300     -6.100000000000
    8      3.835750260161      0.000000000000     -6.100000000000
    8     -3.835750260161      0.000000000000     -6.100000000000
    8      3.835750260161      3.835750260159     -6.100000000000
    8     -3.835750260161     -3.835750260159     -6.100000000000
    8      3.835750260161     -3.835750260159     -6.100000000000
    8     -3.835750260161      3.835750260159     -6.100000000000
    8      3.835750260161      7.671500520300     -6.100000000000
    8     -3.835750260161      7.671500520300     -6.100000000000
    8      7.671500520300      0.000000000000     -6.100000000000
    8      7.671500520300      3.835750260159     -6.100000000000
    8      7.671500520300     -3.835750260159     -6.100000000000
    8      7.671500520300      7.671500520300     -6.100000000000
   14      5.961042166223      7.543327951359      5.330376943758
    8      7.406259870336      8.336551768436      5.022302302576
    8      6.473239101332      5.956955397662      5.320074786692
    8      5.281113733855      8.062560513060      6.719121068359
    6      8.452449896775      8.600116110366      6.022164143566
    6      4.167612297714      8.995107981289      6.565242309042
    6      7.257854987482      5.260703653710      6.324364959433
    6      8.282827187462      9.992276772742      6.588302289798
    6      4.618833606199     10.370343578036      6.074874766458
    6      7.692293619235      3.927398046774      5.743090953662
    1      9.087865194055     10.188450742144      7.306887310772
    1      3.737110911038     10.931276974837      5.734808778655
    1      8.026349628211      3.246263961050      6.530429493134
    1      7.319976171455     10.071426359492      7.101742384679
    1      8.327429427144     10.740113291658      5.797066148328
    1      8.389092776642      7.831764934387      6.799955601070
    1      9.390308802031      8.471378288395      5.475422032144
    1      8.558172167291      4.034619781973      5.073486063964
    1      6.845462502115      3.455305199206      5.233540423519
    1      6.627773033651      5.141161036112      7.212974278454
    1      8.135952157171      5.866837907109      6.574060886884
    1      3.693188442985      9.060034723593      7.548744826891
    1      3.431918367694      8.568216693683      5.866908764419
    1      5.120957229344     10.950666493802      6.852278485997
    1      5.345556808643     10.317932293908      5.249271166814
    8      5.026308048322      7.710155297500      4.056654637083
    6      4.121353812904      3.884611888554      5.745659584998
    6      3.262782594969      5.003972704637      6.311652381819
    1      2.302075440175      5.038396365840      5.790703179311
    1      3.615606054795      2.916260847434      5.902803581715
    1      5.092110965772      3.833318716145      6.255557138766
    1      3.746808213363      5.976188236003      6.152955212946
    1      3.091912168569      4.885477687499      7.387807210410
    0    0
