   2   1   1 E -4.0955882117697E+04 DE-1.8E-08( 10)
  0.153430010406E+02  0.000000000000E+00  0.000000000000E+00
  0.000000000000E+00  0.153430010406E+02  0.000000000000E+00
  0.000000000000E+00  0.000000000000E+00  0.500000000000E+03
    1
  0.100000000000E+01  0.000000000000E+00  0.000000000000E+00
  0.000000000000E+00  0.100000000000E+01  0.000000000000E+00
  0.000000000000E+00  0.000000000000E+00  0.100000000000E+01
  0.000000000000E+00  0.000000000000E+00  0.000000000000E+00
  225
    8      2.016456630432      2.233687341181      4.079927928407
    8     -2.256627749307     -1.166675892739      3.981764377960
    8      1.588372452130     -1.465821232651      4.085184994585
    8     -1.706706970921      2.627821884812      3.985303759350
    8      1.818201023320      6.519983524339      3.938653459130
    8     -1.682016506463     -5.003885813039      3.971466072013
    8      2.050881270615     -5.273798928049      4.076144623801
    8     -1.971861608993      6.444515509096      3.970524001541
    8      6.039867828974      1.697839916251      4.135679672425
    8     -6.039344508364     -1.262595735533      3.985909690299
    8      5.420081665561     -1.415558586625      4.080853255114
    8     -5.442120147269      2.395352752434      4.084037625359
    8      4.327703938288      4.076736261160      4.356769464024
    8     -5.373732896049     -4.896461300356      3.957208681740
    8      6.843639652215     -4.078556877474      3.956392045055
    8     -5.753461545347      6.254573021014      4.078432467943
  258      0.013066075963      1.943984591390      3.075657946978
  258     -0.062147182633     -1.900117283479      3.071381827537
  258     -0.055034455308      5.799471216160      3.020012393204
  258     -0.018803354719     -5.726136060538      3.043345893253
  258      3.851646451152      2.027240384885      3.116479106878
  258     -3.902887888756     -1.890696108372      3.069801028131
  258      3.790313323317     -1.881544383394      3.089608331387
  258     -3.777605673186      1.915473434248      3.084462328739
  258      3.666141596816      5.813667691121      3.045608800472
  258     -3.762796669841     -5.680450653072      3.029108808037
  258      3.703547184355     -5.784022206538      3.019136786217
  258     -3.775976630375      5.780423315272      3.040481669426
  258      7.718908846806      1.869027802952      3.090030507692
  258      7.597374427865     -1.963705778464      3.122862985248
  258      7.843225384442      5.817720122610      3.028298995531
  258      7.812240451554     -5.581482669521      3.036735257795
    8      1.887713311775      1.914629618327      1.598015927060
    8     -1.887555651889     -1.967082592955      1.602325084276
    8      1.916278662457     -1.937151412852      1.611742659104
    8     -1.926747879649      1.865682066947      1.589604496045
    8      1.849770658138      5.708535063317      1.601996452348
    8     -1.916358026966     -5.809582510401      1.593292335239
    8      1.867586885577     -5.801262516774      1.619126341386
    8     -1.912646807130      5.697295865219      1.591749379135
    8      5.750859889991      1.990221711774      1.644061689247
    8     -5.669243646802     -1.960967249104      1.590901845322
    8      5.705557694647     -1.957834940538      1.625793388726
    8     -5.771721674820      1.874728745696      1.615047001528
    8      5.766417909650      5.789415720393      1.924220131126
    8     -5.688682508572     -5.794201541637      1.613145644976
    8      5.745892435022     -5.750221432770      1.841058956784
    8     -5.721922740900      5.724213018539      1.625018611323
    8     -0.017695391969     -0.010059683792      1.952871514751
    8      0.012150813401      3.844437607100      1.949131235010
    8      0.029987072249     -3.852824310373      1.916884875058
    8     -0.044468453743      7.650675175156      1.903184687069
    8      3.813677292452      0.037588291850      1.973333216382
    8     -3.863406862848     -0.011466540048      1.906626300260
    8      3.786513416616      3.884328593000      1.823984450792
    8     -3.761713019416     -3.841082019174      1.869493062470
    8      3.803844316306     -3.866831170584      1.964518091897
    8     -3.819293672464      3.828655338339      1.953934866009
    8      3.734259812222      7.674870924628      1.771796628133
    8     -3.828929459052      7.646426801394      1.945209029642
    8      7.620676160703     -0.026318282521      1.902231734908
    8      7.722171914332      3.867094770568      2.043355482066
    8      7.772431820675     -3.794200586541      1.671351935030
    8      7.722713853739      7.688060722439      1.951807610383
  258      1.916397917062      0.009983390632      0.470364808824
  258     -1.927871408664     -0.017143508539      0.449877894400
  258      1.912947887459      3.819855562022      0.424336351590
  258     -1.910764555681     -3.828399773607      0.426506179391
  258      1.909688912995     -3.819350347295      0.444427722219
  258     -1.912996599218      3.805589963788      0.435976124594
  258      1.887702266282      7.663379678312      0.396852199494
  258     -1.922692229538      7.666811207715      0.414297626207
  258      5.743237622197      0.011494444151      0.488336407302
  258     -5.766851825233     -0.022585607734      0.458744575952
  258      5.750652968519      3.864897664679      0.503515180782
  258     -5.728983578628     -3.815670719585      0.400446247524
  258      5.756216470632     -3.829579652381      0.471407975237
  258     -5.734765758556      3.804249113806      0.457471023654
  258      5.755467512520      7.692498763658      0.524311021824
  258     -5.729345659517      7.692568692652      0.428380007444
    8      0.002033936481      0.001129320565     -0.761477102955
    8     -0.011320692839      3.827641235961     -0.775625539676
    8      0.008544745769     -3.833693960537     -0.780939691134
    8     -0.017441074097      7.665125477241     -0.792778374298
    8      3.839975460137      0.003690148253     -0.750278813431
    8     -3.843781478865     -0.003809240872     -0.777631496403
    8      3.859042978342      3.847409016917     -0.791665383555
    8     -3.814931237398     -3.834777031518     -0.808677095540
    8      3.837742512646     -3.839298915677     -0.758706757744
    8     -3.837507455794      3.826085992018     -0.758971460411
    8      3.850303047791      7.671592354791     -0.797935952758
    8     -3.831790330104      7.669790278751     -0.775286008975
    8      7.652884659998      0.008514528102     -0.768787134607
    8      7.670623173365      3.847446981229     -0.722166120754
    8      7.653304537725     -3.847450331294     -0.850001168831
    8      7.663086156043      7.670940701946     -0.740669931818
    8      1.923287184932      1.915963599971     -0.967941566561
    8     -1.916001185139     -1.916775738437     -0.965935023121
    8      1.919469170621     -1.918139612429     -0.954818892186
    8     -1.919969612811      1.909359881361     -0.968177290548
    8      1.916523158402      5.754194066232     -0.969770320940
    8     -1.914118227737     -5.762239706751     -0.969380233868
    8      1.915984183913     -5.759577617977     -0.956234907229
    8     -1.923980928844      5.740777885885     -0.966244251621
    8      5.756027403571      1.936214979351     -0.925037025483
    8     -5.761918144611     -1.915016952741     -0.974707567772
    8      5.747063848142     -1.915228463076     -0.937121294817
    8     -5.756325044862      1.923412989392     -0.952544090936
    8      5.762311710273      5.775080359321     -0.815853334695
    8     -5.749004386754     -5.769711398200     -0.966844277846
    8      5.750442490868     -5.773155596595     -0.847366563547
    8     -5.752261018154      5.749643482543     -0.946274919884
  258      0.001049477025      1.907442163524     -2.171005460874
  258      0.005222430342     -1.911435795194     -2.168522751891
  258     -0.005005477552      5.743716649130     -2.181829129715
  258      0.000737752675     -5.747339069519     -2.180284498852
  258      3.847053036113      1.920805917775     -2.157514449176
  258     -3.835496827900     -1.911111495403     -2.178556242783
  258      3.839455402146     -1.912860818001     -2.157192002382
  258     -3.840364714067      1.907405150529     -2.168069709269
  258      3.848356865676      5.755771508050     -2.153994218299
  258     -3.832273009496     -5.749922311431     -2.183939406591
  258      3.842737895615     -5.754809244830     -2.154508296419
  258     -3.839983886917      5.744307724883     -2.171526983496
  258      7.662844738686      1.916096362462     -2.151447960689
  258      7.657808812475     -1.916700758385     -2.165772471576
  258      7.669045119688      5.756149436680     -2.141818915480
  258      7.663164383732     -5.748723901324     -2.157827247005
    8      1.915296488119      1.918194777767     -3.620023673105
    8     -1.916211543450     -1.917037304021     -3.619735987591
    8      1.916595159727     -1.917888897972     -3.613520637586
    8     -1.918070398245      1.917469513817     -3.619249091018
    8      1.918938565016      5.754196793274     -3.617474524470
    8     -1.916672702445     -5.753875503829     -3.621362361760
    8      1.920089454346     -5.754245243706     -3.612209418586
    8     -1.919479245722      5.753094070202     -3.617604706964
    8      5.755591865555      1.921069177769     -3.607094008553
    8     -5.749229024093     -1.917262998598     -3.626489179333
    8      5.748499407953     -1.919154347077     -3.614374845514
    8     -5.753296234163      1.919244209037     -3.611945416265
    8      5.759265812170      5.755391713989     -3.565174990970
    8     -5.754048809268     -5.755390855034     -3.618306704075
    8      5.751405151731     -5.756839256219     -3.581369299344
    8     -5.758842689399      5.753784230435     -3.602973059247
    8      0.000000000000      0.000000000000     -3.390356274875
    8      0.000000000000      3.835750260159     -3.390356274875
    8      0.000000000000     -3.835750260159     -3.390356274875
    8      0.000000000000      7.671500520300     -3.390356274875
    8      3.835750260161      0.000000000000     -3.390356274875
    8     -3.835750260161      0.000000000000     -3.390356274875
    8      3.835750260161      3.835750260159     -3.390356274875
    8     -3.835750260161     -3.835750260159     -3.390356274875
    8      3.835750260161     -3.835750260159     -3.390356274875
    8     -3.835750260161      3.835750260159     -3.390356274875
    8      3.835750260161      7.671500520300     -3.390356274875
    8     -3.835750260161      7.671500520300     -3.390356274875
    8      7.671500520300      0.000000000000     -3.390356274875
    8      7.671500520300      3.835750260159     -3.390356274875
    8      7.671500520300     -3.835750260159     -3.390356274875
    8      7.671500520300      7.671500520300     -3.390356274875
  258      1.917875130081      0.000000000000     -4.746498784825
  258     -1.917875130081      0.000000000000     -4.746498784825
  258      1.917875130081      3.835750260159     -4.746498784825
  258     -1.917875130081     -3.835750260159     -4.746498784825
  258      1.917875130081     -3.835750260159     -4.746498784825
  258     -1.917875130081      3.835750260159     -4.746498784825
  258      1.917875130081      7.671500520300     -4.746498784825
  258     -1.917875130081      7.671500520300     -4.746498784825
  258      5.753625390240      0.000000000000     -4.746498784825
  258     -5.753625390240      0.000000000000     -4.746498784825
  258      5.753625390240      3.835750260159     -4.746498784825
  258     -5.753625390240     -3.835750260159     -4.746498784825
  258      5.753625390240     -3.835750260159     -4.746498784825
  258     -5.753625390240      3.835750260159     -4.746498784825
  258      5.753625390240      7.671500520300     -4.746498784825
  258     -5.753625390240      7.671500520300     -4.746498784825
    8      0.000000000000      0.000000000000     -6.100000000000
    8      0.000000000000      3.835750260159     -6.100000000000
    8      0.000000000000     -3.835750260159     -6.100000000000
    8      0.000000000000      7.671500520300     -6.100000000000
    8      3.835750260161      0.000000000000     -6.100000000000
    8     -3.835750260161      0.000000000000     -6.100000000000
    8      3.835750260161      3.835750260159     -6.100000000000
    8     -3.835750260161     -3.835750260159     -6.100000000000
    8      3.835750260161     -3.835750260159     -6.100000000000
    8     -3.835750260161      3.835750260159     -6.100000000000
    8      3.835750260161      7.671500520300     -6.100000000000
    8     -3.835750260161      7.671500520300     -6.100000000000
    8      7.671500520300      0.000000000000     -6.100000000000
    8      7.671500520300      3.835750260159     -6.100000000000
    8      7.671500520300     -3.835750260159     -6.100000000000
    8      7.671500520300      7.671500520300     -6.100000000000
   14      5.960800858489      7.542768897443      5.330079312073
    8      7.406036806156      8.336152045173      5.022414486285
    8      6.473313082785      5.956557170599      5.319554832588
    8      5.280800141007      8.061834477847      6.718625087229
    6      8.452320897297      8.600477036595      6.021893136206
    6      4.166996383148      8.994156790415      6.565087642890
    6      7.258159344730      5.260845576748      6.323923644857
    6      8.282300280112      9.992826942271      6.587500261010
    6      4.617925219363     10.369826142533      6.075859939880
    6      7.692716601177      3.927240958565      5.743245249788
    1      9.087044103420     10.189278976138      7.306066933847
    1      3.736380643762     10.930754736367      5.735778581591
    1      8.027355101935      3.247017164034      6.530957342427
    1      7.319428479837     10.071919862844      7.100590740783
    1      8.327030912464     10.740568102599      5.796327503360
    1      8.389509812393      7.832462185260      6.799784295536
    1      9.390001294674      8.472113321437      5.474942916164
    1      8.558071953342      4.034279795466      5.073141380695
    1      6.845975775763      3.454470426365      5.234485423902
    1      6.628275493998      5.141967625663      7.212555317301
    1      8.136145810664      5.867151687144      6.573117317615
    1      3.692141895706      9.058062932558      7.548235941908
    1      3.431933962632      8.567794169593      5.865970520951
    1      5.119539613207     10.949958535126      6.853543784517
    1      5.344761344791     10.317727846362      5.250490748355
    8      5.026578584919      7.710466621428      4.056177559475
    6      4.121346557305      3.884635921076      5.745405560201
    6      3.262458709222      5.003866493314      6.311214147110
    1      2.301941155603      5.038063417422      5.790126945880
    1      3.616032615840      2.916228331009      5.902609682943
    1      5.092027611742      3.833782166370      6.255286653573
    1      3.746410925439      5.976003764185      6.152421506736
    1      3.091320392546      4.885598652741      7.387215488690
    0    0
